59.546684 155.162476 -15.222938 -179.798230 -45.768398 179.911036
59.537098 155.162697 -15.223046 -179.797996 -45.768654 179.910932
59.527510 155.162918 -15.223153 -179.797760 -45.768909 179.910828
59.517923 155.163138 -15.223258 -179.797525 -45.769161 179.910724
59.508335 155.163358 -15.223363 -179.797291 -45.769410 179.910620
59.498748 155.163578 -15.223468 -179.797056 -45.769658 179.910516
59.489160 155.163798 -15.223572 -179.796823 -45.769902 179.910413
59.479572 155.164017 -15.223675 -179.796590 -45.770145 179.910311
59.469983 155.164236 -15.223779 -179.796357 -45.770384 179.910208
59.460395 155.164454 -15.223881 -179.796125 -45.770623 179.910105
59.450805 155.164673 -15.223981 -179.795892 -45.770858 179.910002
59.441216 155.164891 -15.224083 -179.795661 -45.771091 179.909899
59.431626 155.165109 -15.224182 -179.795430 -45.771322 179.909798
59.422036 155.165326 -15.224282 -179.795199 -45.771550 179.909696
59.412446 155.165543 -15.224381 -179.794969 -45.771776 179.909594
59.402856 155.165760 -15.224479 -179.794738 -45.772000 179.909492
59.393265 155.165977 -15.224577 -179.794510 -45.772221 179.909391
59.383674 155.166193 -15.224674 -179.794279 -45.772441 179.909290
59.374082 155.166409 -15.224770 -179.794052 -45.772657 179.909189
59.364491 155.166625 -15.224866 -179.793823 -45.772872 179.909088
59.354900 155.166841 -15.224961 -179.793595 -45.773085 179.908986
59.345308 155.167056 -15.225056 -179.793367 -45.773294 179.908887
59.335715 155.167271 -15.225149 -179.793140 -45.773502 179.908786
59.326123 155.167486 -15.225243 -179.792914 -45.773707 179.908686
59.316530 155.167700 -15.225335 -179.792689 -45.773911 179.908586
59.306937 155.167914 -15.225427 -179.792463 -45.774112 179.908487
59.297345 155.168128 -15.225518 -179.792237 -45.774310 179.908387
59.287751 155.168341 -15.225610 -179.792011 -45.774507 179.908287
59.278157 155.168554 -15.225700 -179.791787 -45.774701 179.908188
59.268563 155.168767 -15.225789 -179.791562 -45.774893 179.908089
59.258969 155.168979 -15.225878 -179.791340 -45.775083 179.907990
59.249375 155.169192 -15.225967 -179.791115 -45.775270 179.907891
59.239780 155.169403 -15.226054 -179.790892 -45.775456 179.907793
59.230186 155.169615 -15.226142 -179.790671 -45.775638 179.907696
59.220591 155.169826 -15.226228 -179.790448 -45.775820 179.907597
59.210996 155.170038 -15.226314 -179.790227 -45.775999 179.907498
59.201400 155.170249 -15.226399 -179.790005 -45.776175 179.907401
59.191805 155.170459 -15.226484 -179.789785 -45.776349 179.907304
59.182208 155.170669 -15.226567 -179.789564 -45.776521 179.907206
59.172612 155.170879 -15.226652 -179.789344 -45.776691 179.907109
59.163016 155.171089 -15.226734 -179.789124 -45.776860 179.907011
59.153420 155.171298 -15.226816 -179.788905 -45.777025 179.906915
59.143824 155.171507 -15.226898 -179.788687 -45.777188 179.906818
59.134226 155.171715 -15.226979 -179.788468 -45.777349 179.906722
59.124629 155.171925 -15.227059 -179.788250 -45.777509 179.906625
59.115032 155.172133 -15.227140 -179.788033 -45.777666 179.906530
59.105434 155.172340 -15.227218 -179.787815 -45.777821 179.906434
59.095837 155.172548 -15.227298 -179.787598 -45.777974 179.906338
59.086239 155.172755 -15.227375 -179.787383 -45.778124 179.906242
59.076641 155.172961 -15.227453 -179.787167 -45.778273 179.906148
59.067043 155.173168 -15.227530 -179.786952 -45.778419 179.906052
59.057445 155.173375 -15.227607 -179.786736 -45.778563 179.905957
59.047845 155.173581 -15.227682 -179.786522 -45.778706 179.905862
59.038247 155.173786 -15.227757 -179.786308 -45.778845 179.905768
59.028648 155.173991 -15.227832 -179.786094 -45.778984 179.905673
59.019049 155.174196 -15.227906 -179.785879 -45.779120 179.905578
59.009450 155.174401 -15.227980 -179.785667 -45.779253 179.905485
58.999849 155.174606 -15.228052 -179.785454 -45.779385 179.905390
58.990250 155.174810 -15.228125 -179.785243 -45.779514 179.905298
58.980651 155.175014 -15.228197 -179.785030 -45.779642 179.905203
58.971050 155.175217 -15.228268 -179.784819 -45.779768 179.905110
58.961450 155.175420 -15.228338 -179.784609 -45.779891 179.905018
58.951849 155.175623 -15.228409 -179.784398 -45.780012 179.904924
58.942249 155.175826 -15.228478 -179.784188 -45.780132 179.904832
58.932647 155.176029 -15.228547 -179.783978 -45.780248 179.904740
58.923047 155.176230 -15.228615 -179.783768 -45.780364 179.904646
58.913446 155.176432 -15.228682 -179.783560 -45.780476 179.904555
58.903844 155.176633 -15.228750 -179.783352 -45.780587 179.904463
58.894243 155.176835 -15.228816 -179.783144 -45.780697 179.904370
58.884641 155.177036 -15.228883 -179.782937 -45.780803 179.904279
58.875039 155.177236 -15.228948 -179.782730 -45.780908 179.904188
58.865437 155.177436 -15.229013 -179.782523 -45.781010 179.904096
58.855835 155.177635 -15.229077 -179.782316 -45.781111 179.904005
58.846232 155.177836 -15.229141 -179.782111 -45.781210 179.903915
58.836630 155.178035 -15.229204 -179.781905 -45.781306 179.903824
58.827026 155.178234 -15.229266 -179.781700 -45.781401 179.903733
58.817424 155.178432 -15.229328 -179.781496 -45.781493 179.903643
58.807820 155.178631 -15.229390 -179.781291 -45.781583 179.903552
58.798217 155.178829 -15.229450 -179.781088 -45.781672 179.903464
58.788613 155.179026 -15.229511 -179.780884 -45.781758 179.903373
58.779010 155.179223 -15.229570 -179.780682 -45.781842 179.903284
58.769407 155.179421 -15.229630 -179.780479 -45.781925 179.903194
58.759802 155.179618 -15.229688 -179.780277 -45.782005 179.903105
58.750198 155.179814 -15.229746 -179.780074 -45.782083 179.903016
58.740593 155.180010 -15.229804 -179.779873 -45.782159 179.902926
58.730989 155.180206 -15.229862 -179.779672 -45.782233 179.902838
58.721384 155.180402 -15.229918 -179.779473 -45.782306 179.902750
58.711780 155.180597 -15.229973 -179.779273 -45.782376 179.902662
58.702174 155.180791 -15.230028 -179.779073 -45.782444 179.902574
58.692569 155.180987 -15.230082 -179.778874 -45.782511 179.902486
58.682963 155.181180 -15.230137 -179.778674 -45.782574 179.902398
58.673358 155.181374 -15.230191 -179.778476 -45.782637 179.902311
58.663752 155.181569 -15.230244 -179.778278 -45.782696 179.902223
58.654146 155.181762 -15.230296 -179.778081 -45.782755 179.902136
58.644540 155.181954 -15.230348 -179.777885 -45.782811 179.902049
58.634934 155.182148 -15.230399 -179.777688 -45.782865 179.901962
58.625327 155.182340 -15.230450 -179.777492 -45.782918 179.901876
58.615721 155.182532 -15.230500 -179.777296 -45.782968 179.901790
58.606114 155.182723 -15.230550 -179.777100 -45.783016 179.901703
58.596507 155.182915 -15.230599 -179.776906 -45.783062 179.901617
58.586900 155.183106 -15.230648 -179.776711 -45.783106 179.901531
58.577293 155.183296 -15.230696 -179.776517 -45.783149 179.901446
58.567685 155.183488 -15.230743 -179.776323 -45.783190 179.901360
58.558078 155.183677 -15.230790 -179.776130 -45.783227 179.901275
58.548469 155.183867 -15.230837 -179.775937 -45.783264 179.901190
58.538862 155.184057 -15.230882 -179.775745 -45.783299 179.901105
58.529253 155.184246 -15.230927 -179.775553 -45.783331 179.901020
58.519645 155.184435 -15.230972 -179.775362 -45.783362 179.900936
58.510036 155.184624 -15.231016 -179.775170 -45.783390 179.900851
58.500428 155.184812 -15.231060 -179.774979 -45.783417 179.900767
58.490820 155.184999 -15.231103 -179.774790 -45.783442 179.900683
58.481210 155.185188 -15.231145 -179.774599 -45.783464 179.900600
58.471602 155.185375 -15.231188 -179.774409 -45.783485 179.900516
58.461992 155.185561 -15.231229 -179.774222 -45.783505 179.900433
58.452383 155.185749 -15.231270 -179.774032 -45.783521 179.900350
58.442773 155.185935 -15.231310 -179.773844 -45.783537 179.900267
58.433164 155.186120 -15.231350 -179.773656 -45.783550 179.900184
58.423553 155.186307 -15.231388 -179.773470 -45.783561 179.900101
58.413944 155.186492 -15.231428 -179.773282 -45.783570 179.900018
58.404334 155.186677 -15.231466 -179.773096 -45.783577 179.899937
58.394723 155.186862 -15.231504 -179.772911 -45.783583 179.899855
58.385113 155.187046 -15.231541 -179.772724 -45.783587 179.899773
58.375501 155.187231 -15.231578 -179.772539 -45.783588 179.899691
58.365891 155.187414 -15.231613 -179.772354 -45.783588 179.899609
58.356280 155.187598 -15.231649 -179.772171 -45.783586 179.899529
58.346669 155.187781 -15.231684 -179.771986 -45.783581 179.899447
58.337058 155.187963 -15.231719 -179.771802 -45.783576 179.899366
58.327446 155.188146 -15.231752 -179.771620 -45.783568 179.899286
58.317834 155.188328 -15.231785 -179.771437 -45.783558 179.899205
58.308223 155.188511 -15.231819 -179.771255 -45.783546 179.899125
58.298610 155.188692 -15.231851 -179.771073 -45.783532 179.899044
58.288998 155.188872 -15.231882 -179.770892 -45.783517 179.898965
58.279387 155.189054 -15.231913 -179.770712 -45.783500 179.898886
58.269773 155.189234 -15.231944 -179.770531 -45.783480 179.898806
58.260161 155.189415 -15.231975 -179.770350 -45.783460 179.898726
58.250549 155.189594 -15.232004 -179.770171 -45.783437 179.898648
58.240936 155.189774 -15.232033 -179.769992 -45.783412 179.898568
58.231323 155.189953 -15.232062 -179.769813 -45.783385 179.898489
58.221710 155.190133 -15.232090 -179.769635 -45.783357 179.898411
58.212097 155.190311 -15.232118 -179.769456 -45.783326 179.898332
58.202484 155.190489 -15.232145 -179.769280 -45.783294 179.898254
58.192869 155.190667 -15.232170 -179.769102 -45.783260 179.898176
58.183256 155.190844 -15.232196 -179.768926 -45.783224 179.898098
58.173642 155.191022 -15.232222 -179.768750 -45.783186 179.898020
58.164028 155.191199 -15.232247 -179.768574 -45.783147 179.897943
58.154413 155.191376 -15.232271 -179.768399 -45.783105 179.897866
58.144799 155.191552 -15.232295 -179.768224 -45.783062 179.897789
58.135185 155.191728 -15.232319 -179.768049 -45.783016 179.897712
58.125571 155.191903 -15.232342 -179.767875 -45.782969 179.897635
58.115956 155.192079 -15.232364 -179.767701 -45.782921 179.897558
58.106340 155.192254 -15.232385 -179.767528 -45.782869 179.897482
58.096725 155.192428 -15.232407 -179.767356 -45.782817 179.897407
58.087110 155.192603 -15.232427 -179.767183 -45.782763 179.897330
58.077495 155.192777 -15.232447 -179.767011 -45.782706 179.897254
58.067880 155.192951 -15.232468 -179.766839 -45.782649 179.897178
58.058264 155.193124 -15.232487 -179.766669 -45.782589 179.897104
58.048649 155.193297 -15.232505 -179.766499 -45.782527 179.897028
58.039033 155.193470 -15.232523 -179.766328 -45.782464 179.896954
58.029417 155.193642 -15.232541 -179.766158 -45.782399 179.896878
58.019801 155.193814 -15.232558 -179.765989 -45.782331 179.896804
58.010184 155.193986 -15.232574 -179.765820 -45.782263 179.896730
58.000568 155.194157 -15.232591 -179.765651 -45.782193 179.896655
57.990951 155.194328 -15.232606 -179.765484 -45.782119 179.896582
57.981335 155.194499 -15.232621 -179.765316 -45.782046 179.896507
57.971718 155.194669 -15.232636 -179.765149 -45.781970 179.896434
57.962101 155.194839 -15.232650 -179.764983 -45.781891 179.896361
57.952483 155.195009 -15.232663 -179.764817 -45.781812 179.896288
57.942866 155.195178 -15.232677 -179.764651 -45.781731 179.896215
57.933249 155.195348 -15.232689 -179.764485 -45.781647 179.896141
57.923631 155.195516 -15.232700 -179.764320 -45.781563 179.896069
57.914013 155.195685 -15.232712 -179.764156 -45.781476 179.895997
57.904395 155.195852 -15.232723 -179.763991 -45.781387 179.895924
57.894777 155.196020 -15.232734 -179.763828 -45.781297 179.895852
57.885159 155.196187 -15.232743 -179.763664 -45.781206 179.895780
57.875541 155.196355 -15.232754 -179.763502 -45.781111 179.895708
57.865923 155.196521 -15.232762 -179.763339 -45.781016 179.895637
57.856304 155.196688 -15.232771 -179.763178 -45.780919 179.895566
57.846685 155.196854 -15.232779 -179.763016 -45.780819 179.895495
57.837066 155.197019 -15.232786 -179.762854 -45.780719 179.895423
57.827448 155.197185 -15.232793 -179.762694 -45.780617 179.895353
57.817829 155.197349 -15.232799 -179.762534 -45.780512 179.895283
57.808209 155.197514 -15.232806 -179.762374 -45.780406 179.895212
57.798590 155.197678 -15.232811 -179.762215 -45.780299 179.895142
57.788971 155.197842 -15.232816 -179.762057 -45.780188 179.895072
57.779351 155.198006 -15.232821 -179.761898 -45.780077 179.895003
57.769731 155.198169 -15.232824 -179.761739 -45.779965 179.894933
57.760112 155.198332 -15.232828 -179.761582 -45.779849 179.894864
57.750492 155.198495 -15.232831 -179.761425 -45.779733 179.894794
57.740872 155.198657 -15.232833 -179.761268 -45.779615 179.894725
57.731252 155.198819 -15.232836 -179.761112 -45.779495 179.894656
57.721631 155.198980 -15.232837 -179.760956 -45.779374 179.894588
57.712011 155.199142 -15.232837 -179.760800 -45.779251 179.894520
57.702390 155.199303 -15.232838 -179.760646 -45.779125 179.894452
57.692770 155.199463 -15.232838 -179.760490 -45.778999 179.894383
57.683149 155.199624 -15.232838 -179.760337 -45.778871 179.894315
57.673528 155.199784 -15.232837 -179.760183 -45.778740 179.894247
57.663907 155.199943 -15.232836 -179.760030 -45.778608 179.894180
57.654286 155.200103 -15.232834 -179.759877 -45.778475 179.894113
57.644665 155.200262 -15.232831 -179.759725 -45.778340 179.894046
57.635043 155.200420 -15.232828 -179.759573 -45.778203 179.893980
57.625421 155.200578 -15.232824 -179.759422 -45.778064 179.893913
57.615800 155.200736 -15.232821 -179.759270 -45.777924 179.893846
57.606178 155.200893 -15.232816 -179.759119 -45.777782 179.893780
57.596556 155.201051 -15.232812 -179.758969 -45.777638 179.893714
57.586934 155.201208 -15.232806 -179.758819 -45.777493 179.893648
57.577311 155.201364 -15.232800 -179.758671 -45.777346 179.893583
57.567689 155.201520 -15.232794 -179.758522 -45.777197 179.893518
57.558067 155.201676 -15.232787 -179.758374 -45.777047 179.893452
57.548445 155.201831 -15.232780 -179.758225 -45.776895 179.893387
57.538822 155.201986 -15.232772 -179.758077 -45.776741 179.893321
57.529199 155.202142 -15.232764 -179.757930 -45.776586 179.893257
57.519576 155.202295 -15.232755 -179.757784 -45.776429 179.893193
57.509953 155.202450 -15.232746 -179.757637 -45.776270 179.893128
57.500330 155.202604 -15.232737 -179.757492 -45.776110 179.893064
57.490707 155.202757 -15.232726 -179.757346 -45.775949 179.893000
57.481084 155.202910 -15.232715 -179.757202 -45.775784 179.892938
57.471460 155.203063 -15.232704 -179.757057 -45.775619 179.892873
57.461837 155.203215 -15.232692 -179.756913 -45.775453 179.892810
57.452213 155.203366 -15.232681 -179.756770 -45.775284 179.892747
57.442589 155.203518 -15.232668 -179.756626 -45.775114 179.892683
57.432965 155.203670 -15.232656 -179.756483 -45.774942 179.892621
57.423341 155.203821 -15.232641 -179.756341 -45.774768 179.892558
57.413717 155.203971 -15.232627 -179.756199 -45.774594 179.892496
57.404093 155.204121 -15.232613 -179.756058 -45.774417 179.892435
57.394469 155.204271 -15.232598 -179.755917 -45.774239 179.892372
57.384844 155.204421 -15.232583 -179.755776 -45.774059 179.892310
57.375219 155.204570 -15.232567 -179.755636 -45.773878 179.892248
57.365594 155.204719 -15.232551 -179.755497 -45.773695 179.892187
57.355970 155.204868 -15.232534 -179.755357 -45.773509 179.892126
57.346345 155.205016 -15.232516 -179.755219 -45.773323 179.892065
57.336720 155.205163 -15.232499 -179.755080 -45.773136 179.892004
57.327095 155.205311 -15.232481 -179.754942 -45.772946 179.891943
57.317470 155.205458 -15.232463 -179.754805 -45.772755 179.891884
57.307845 155.205605 -15.232443 -179.754669 -45.772562 179.891824
57.298219 155.205751 -15.232423 -179.754532 -45.772368 179.891763
57.288593 155.205897 -15.232403 -179.754395 -45.772172 179.891704
57.278968 155.206043 -15.232383 -179.754260 -45.771974 179.891644
57.269342 155.206188 -15.232362 -179.754124 -45.771776 179.891584
57.259716 155.206333 -15.232341 -179.753991 -45.771574 179.891526
57.250091 155.206478 -15.232319 -179.753855 -45.771372 179.891466
57.240464 155.206622 -15.232296 -179.753721 -45.771169 179.891407
57.230838 155.206766 -15.232274 -179.753587 -45.770964 179.891349
57.221211 155.206909 -15.232250 -179.753455 -45.770756 179.891291
57.211585 155.207053 -15.232226 -179.753323 -45.770548 179.891232
57.201959 155.207195 -15.232202 -179.753190 -45.770338 179.891175
57.192333 155.207337 -15.232177 -179.753059 -45.770127 179.891117
57.182705 155.207480 -15.232153 -179.752927 -45.769913 179.891058
57.173079 155.207622 -15.232127 -179.752797 -45.769698 179.891002
57.163452 155.207763 -15.232101 -179.752667 -45.769482 179.890944
57.153825 155.207905 -15.232074 -179.752537 -45.769264 179.890888
57.144198 155.208044 -15.232047 -179.752408 -45.769045 179.890831
57.134571 155.208185 -15.232020 -179.752278 -45.768824 179.890774
57.124944 155.208325 -15.231992 -179.752150 -45.768602 179.890718
57.115316 155.208465 -15.231964 -179.752022 -45.768377 179.890662
57.105689 155.208604 -15.231935 -179.751894 -45.768152 179.890606
57.096061 155.208743 -15.231906 -179.751766 -45.767925 179.890550
57.086434 155.208882 -15.231876 -179.751639 -45.767696 179.890494
57.076806 155.209019 -15.231846 -179.751513 -45.767466 179.890439
57.067178 155.209157 -15.231816 -179.751388 -45.767234 179.890383
57.057550 155.209295 -15.231784 -179.751261 -45.767002 179.890328
57.047921 155.209432 -15.231753 -179.751137 -45.766766 179.890274
57.038293 155.209569 -15.231721 -179.751012 -45.766530 179.890219
57.028666 155.209706 -15.231688 -179.750889 -45.766293 179.890164
57.019037 155.209842 -15.231655 -179.750765 -45.766054 179.890111
57.009408 155.209978 -15.231623 -179.750641 -45.765812 179.890056
56.999780 155.210113 -15.231588 -179.750518 -45.765570 179.890002
56.990151 155.210247 -15.231554 -179.750396 -45.765327 179.889949
56.980522 155.210382 -15.231520 -179.750273 -45.765082 179.889894
56.970894 155.210516 -15.231485 -179.750153 -45.764834 179.889842
56.961264 155.210650 -15.231449 -179.750032 -45.764586 179.889788
56.951636 155.210784 -15.231414 -179.749911 -45.764337 179.889736
56.942006 155.210917 -15.231378 -179.749790 -45.764085 179.889683
56.932378 155.211050 -15.231341 -179.749671 -45.763833 179.889630
56.922749 155.211183 -15.231303 -179.749552 -45.763579 179.889578
56.913119 155.211315 -15.231265 -179.749433 -45.763323 179.889526
56.903489 155.211446 -15.231228 -179.749315 -45.763065 179.889474
56.893860 155.211578 -15.231189 -179.749197 -45.762807 179.889423
56.884230 155.211709 -15.231150 -179.749079 -45.762547 179.889371
56.874600 155.211839 -15.231110 -179.748963 -45.762286 179.889320
56.864971 155.211969 -15.231071 -179.748846 -45.762022 179.889269
56.855341 155.212100 -15.231030 -179.748730 -45.761758 179.889218
56.845711 155.212228 -15.230989 -179.748614 -45.761492 179.889168
56.836081 155.212358 -15.230948 -179.748499 -45.761225 179.889117
56.826451 155.212487 -15.230907 -179.748384 -45.760956 179.889066
56.816821 155.212615 -15.230864 -179.748271 -45.760686 179.889017
56.807191 155.212743 -15.230822 -179.748156 -45.760414 179.888967
56.797560 155.212871 -15.230780 -179.748042 -45.760141 179.888917
56.787930 155.212998 -15.230736 -179.747930 -45.759866 179.888868
56.778299 155.213125 -15.230692 -179.747817 -45.759590 179.888818
56.768668 155.213252 -15.230648 -179.747705 -45.759313 179.888769
56.759038 155.213378 -15.230604 -179.747594 -45.759034 179.888721
56.749407 155.213504 -15.230558 -179.747482 -45.758753 179.888672
56.739776 155.213629 -15.230512 -179.747372 -45.758472 179.888623
56.730145 155.213755 -15.230467 -179.747261 -45.758189 179.888575
56.720514 155.213879 -15.230421 -179.747152 -45.757904 179.888527
56.710883 155.214004 -15.230374 -179.747042 -45.757618 179.888479
56.701252 155.214128 -15.230327 -179.746933 -45.757330 179.888431
56.691620 155.214251 -15.230279 -179.746825 -45.757042 179.888384
56.681990 155.214375 -15.230231 -179.746717 -45.756752 179.888337
56.672357 155.214498 -15.230183 -179.746610 -45.756460 179.888290
56.662726 155.214620 -15.230133 -179.746502 -45.756167 179.888243
56.653094 155.214742 -15.230085 -179.746396 -45.755872 179.888197
56.643463 155.214864 -15.230034 -179.746290 -45.755577 179.888150
56.633831 155.214986 -15.229984 -179.746184 -45.755280 179.888103
56.624200 155.215107 -15.229934 -179.746077 -45.754980 179.888057
56.614567 155.215227 -15.229883 -179.745973 -45.754680 179.888011
56.604935 155.215347 -15.229832 -179.745868 -45.754379 179.887965
56.595304 155.215467 -15.229779 -179.745765 -45.754077 179.887920
56.585671 155.215587 -15.229728 -179.745662 -45.753772 179.887875
56.576039 155.215706 -15.229675 -179.745558 -45.753466 179.887830
56.566407 155.215826 -15.229623 -179.745455 -45.753159 179.887785
56.556775 155.215944 -15.229568 -179.745353 -45.752851 179.887740
56.547142 155.216062 -15.229515 -179.745252 -45.752542 179.887696
56.537510 155.216180 -15.229460 -179.745150 -45.752230 179.887651
56.527877 155.216297 -15.229406 -179.745049 -45.751918 179.887607
56.518245 155.216414 -15.229351 -179.744949 -45.751604 179.887564
56.508612 155.216531 -15.229295 -179.744849 -45.751289 179.887520
56.498979 155.216647 -15.229239 -179.744750 -45.750972 179.887477
56.489346 155.216763 -15.229183 -179.744651 -45.750654 179.887434
56.479714 155.216878 -15.229126 -179.744552 -45.750335 179.887391
56.470080 155.216993 -15.229069 -179.744455 -45.750015 179.887348
56.460448 155.217109 -15.229012 -179.744357 -45.749693 179.887305
56.450814 155.217222 -15.228954 -179.744260 -45.749369 179.887263
56.441182 155.217337 -15.228895 -179.744162 -45.749045 179.887220
56.431548 155.217450 -15.228836 -179.744067 -45.748719 179.887179
56.421915 155.217563 -15.228777 -179.743971 -45.748392 179.887137
56.412282 155.217676 -15.228717 -179.743875 -45.748064 179.887095
56.402648 155.217788 -15.228658 -179.743780 -45.747733 179.887053
56.393015 155.217900 -15.228597 -179.743686 -45.747402 179.887012
56.383381 155.218013 -15.228536 -179.743591 -45.747070 179.886970
56.373748 155.218123 -15.228475 -179.743498 -45.746736 179.886931
56.364114 155.218235 -15.228413 -179.743405 -45.746400 179.886890
56.354481 155.218345 -15.228350 -179.743312 -45.746064 179.886849
56.344847 155.218455 -15.228288 -179.743220 -45.745726 179.886809
56.335213 155.218565 -15.228225 -179.743129 -45.745387 179.886770
56.325579 155.218674 -15.228163 -179.743037 -45.745047 179.886729
56.315945 155.218783 -15.228099 -179.742947 -45.744704 179.886690
56.306311 155.218892 -15.228035 -179.742855 -45.744362 179.886650
56.296676 155.219001 -15.227971 -179.742765 -45.744017 179.886611
56.287043 155.219109 -15.227905 -179.742677 -45.743672 179.886572
56.277408 155.219216 -15.227840 -179.742588 -45.743325 179.886533
56.267774 155.219323 -15.227774 -179.742499 -45.742976 179.886494
56.258140 155.219431 -15.227709 -179.742411 -45.742627 179.886456
56.248505 155.219537 -15.227643 -179.742323 -45.742276 179.886418
56.238871 155.219643 -15.227576 -179.742236 -45.741925 179.886380
56.229236 155.219748 -15.227508 -179.742149 -45.741571 179.886342
56.219602 155.219853 -15.227441 -179.742063 -45.741216 179.886305
56.209967 155.219958 -15.227373 -179.741977 -45.740860 179.886267
56.200332 155.220063 -15.227304 -179.741892 -45.740503 179.886230
56.190698 155.220167 -15.227236 -179.741807 -45.740145 179.886193
56.181062 155.220271 -15.227166 -179.741723 -45.739786 179.886157
56.171428 155.220374 -15.227097 -179.741639 -45.739425 179.886120
56.161793 155.220476 -15.227027 -179.741554 -45.739062 179.886083
56.152158 155.220580 -15.226957 -179.741471 -45.738699 179.886047
56.142523 155.220682 -15.226886 -179.741389 -45.738334 179.886011
56.132888 155.220783 -15.226815 -179.741307 -45.737969 179.885976
56.123253 155.220884 -15.226743 -179.741226 -45.737602 179.885940
56.113618 155.220986 -15.226671 -179.741144 -45.737232 179.885905
56.103982 155.221087 -15.226599 -179.741063 -45.736863 179.885869
56.094348 155.221187 -15.226526 -179.740983 -45.736492 179.885834
56.084712 155.221286 -15.226454 -179.740903 -45.736120 179.885800
56.075077 155.221386 -15.226380 -179.740823 -45.735747 179.885764
56.065442 155.221485 -15.226307 -179.740745 -45.735372 179.885731
56.055806 155.221584 -15.226233 -179.740666 -45.734996 179.885696
56.046170 155.221682 -15.226158 -179.740588 -45.734619 179.885663
56.036535 155.221780 -15.226083 -179.740510 -45.734241 179.885629
56.026900 155.221878 -15.226008 -179.740433 -45.733862 179.885596
56.017263 155.221975 -15.225932 -179.740356 -45.733481 179.885562
56.007628 155.222072 -15.225856 -179.740279 -45.733099 179.885528
55.997993 155.222168 -15.225779 -179.740204 -45.732716 179.885496
55.988356 155.222264 -15.225702 -179.740130 -45.732331 179.885464
55.978720 155.222359 -15.225626 -179.740054 -45.731946 179.885431
55.969085 155.222455 -15.225548 -179.739980 -45.731560 179.885398
55.959449 155.222550 -15.225470 -179.739906 -45.731172 179.885367
55.949813 155.222644 -15.225392 -179.739832 -45.730782 179.885334
55.940177 155.222738 -15.225313 -179.739759 -45.730392 179.885303
55.930541 155.222832 -15.225234 -179.739686 -45.730000 179.885271
55.920904 155.222925 -15.225154 -179.739615 -45.729608 179.885240
55.911268 155.223018 -15.225074 -179.739542 -45.729214 179.885209
55.901633 155.223111 -15.224994 -179.739471 -45.728819 179.885178
55.891996 155.223202 -15.224914 -179.739401 -45.728422 179.885147
55.882360 155.223294 -15.224832 -179.739330 -45.728025 179.885117
55.872724 155.223386 -15.224752 -179.739260 -45.727627 179.885087
55.863087 155.223476 -15.224670 -179.739192 -45.727227 179.885057
55.853451 155.223567 -15.224588 -179.739122 -45.726826 179.885026
55.843814 155.223657 -15.224505 -179.739054 -45.726425 179.884997
55.834178 155.223747 -15.224422 -179.738987 -45.726021 179.884968
55.824542 155.223836 -15.224340 -179.738919 -45.725616 179.884938
55.814905 155.223925 -15.224256 -179.738852 -45.725211 179.884910
55.805268 155.224014 -15.224172 -179.738785 -45.724804 179.884881
55.795632 155.224101 -15.224088 -179.738719 -45.724397 179.884852
55.785995 155.224190 -15.224003 -179.738654 -45.723988 179.884824
55.776359 155.224277 -15.223918 -179.738589 -45.723578 179.884796
55.766722 155.224363 -15.223833 -179.738523 -45.723166 179.884768
55.757085 155.224451 -15.223748 -179.738459 -45.722754 179.884739
55.747448 155.224536 -15.223662 -179.738395 -45.722340 179.884712
55.737811 155.224623 -15.223575 -179.738333 -45.721926 179.884685
55.728175 155.224708 -15.223489 -179.738269 -45.721510 179.884657
55.718538 155.224792 -15.223402 -179.738206 -45.721093 179.884630
55.708901 155.224878 -15.223314 -179.738145 -45.720675 179.884604
55.699264 155.224961 -15.223227 -179.738083 -45.720255 179.884577
55.689627 155.225046 -15.223138 -179.738021 -45.719835 179.884550
55.679990 155.225129 -15.223049 -179.737962 -45.719414 179.884525
55.670353 155.225211 -15.222960 -179.737901 -45.718992 179.884499
55.660716 155.225295 -15.222872 -179.737841 -45.718568 179.884472
55.651079 155.225376 -15.222782 -179.737783 -45.718144 179.884447
55.641441 155.225459 -15.222692 -179.737723 -45.717718 179.884421
55.631804 155.225540 -15.222602 -179.737665 -45.717290 179.884396
55.622167 155.225621 -15.222511 -179.737607 -45.716862 179.884371
55.612530 155.225702 -15.222420 -179.737550 -45.716433 179.884347
55.602893 155.225781 -15.222329 -179.737494 -45.716003 179.884323
55.593256 155.225862 -15.222237 -179.737437 -45.715572 179.884298
55.583618 155.225941 -15.222145 -179.737382 -45.715140 179.884275
55.573981 155.226020 -15.222052 -179.737326 -45.714707 179.884251
55.564344 155.226099 -15.221959 -179.737271 -45.714272 179.884226
55.554707 155.226177 -15.221866 -179.737216 -45.713836 179.884203
55.545069 155.226255 -15.221774 -179.737162 -45.713399 179.884179
55.535432 155.226333 -15.221679 -179.737108 -45.712962 179.884156
55.525794 155.226409 -15.221585 -179.737056 -45.712523 179.884134
55.516157 155.226485 -15.221491 -179.737002 -45.712083 179.884111
55.506519 155.226562 -15.221396 -179.736950 -45.711642 179.884088
55.496882 155.226638 -15.221301 -179.736899 -45.711200 179.884066
55.487244 155.226713 -15.221205 -179.736848 -45.710757 179.884045
55.477606 155.226788 -15.221109 -179.736797 -45.710312 179.884023
55.467969 155.226863 -15.221014 -179.736746 -45.709867 179.884001
55.458331 155.226937 -15.220917 -179.736696 -45.709421 179.883980
55.448694 155.227011 -15.220820 -179.736647 -45.708974 179.883958
55.439056 155.227084 -15.220723 -179.736598 -45.708526 179.883937
55.429418 155.227157 -15.220625 -179.736550 -45.708077 179.883916
55.419780 155.227229 -15.220527 -179.736501 -45.707626 179.883897
55.410144 155.227302 -15.220429 -179.736453 -45.707175 179.883876
55.400506 155.227374 -15.220330 -179.736407 -45.706723 179.883856
55.390867 155.227445 -15.220231 -179.736359 -45.706268 179.883835
55.381230 155.227517 -15.220132 -179.736314 -45.705814 179.883816
55.371592 155.227587 -15.220032 -179.736267 -45.705358 179.883796
55.361955 155.227657 -15.219933 -179.736222 -45.704902 179.883776
55.352316 155.227726 -15.219832 -179.736177 -45.704445 179.883757
55.342679 155.227796 -15.219732 -179.736133 -45.703986 179.883738
55.333041 155.227865 -15.219631 -179.736090 -45.703527 179.883720
55.323404 155.227934 -15.219530 -179.736046 -45.703066 179.883702
55.313765 155.228001 -15.219428 -179.736004 -45.702604 179.883684
55.304127 155.228069 -15.219326 -179.735960 -45.702142 179.883665
55.294489 155.228137 -15.219224 -179.735919 -45.701677 179.883647
55.284851 155.228203 -15.219122 -179.735877 -45.701213 179.883629
55.275213 155.228269 -15.219019 -179.735836 -45.700747 179.883612
55.265576 155.228336 -15.218915 -179.735795 -45.700281 179.883595
55.255938 155.228402 -15.218812 -179.735755 -45.699813 179.883577
55.246300 155.228466 -15.218708 -179.735715 -45.699345 179.883560
55.236663 155.228532 -15.218604 -179.735676 -45.698875 179.883543
55.227024 155.228597 -15.218499 -179.735638 -45.698405 179.883527
55.217387 155.228660 -15.218395 -179.735599 -45.697933 179.883511
55.207748 155.228724 -15.218289 -179.735561 -45.697461 179.883495
55.198111 155.228787 -15.218184 -179.735525 -45.696988 179.883479
55.188473 155.228850 -15.218078 -179.735488 -45.696512 179.883464
55.178834 155.228912 -15.217971 -179.735452 -45.696037 179.883449
55.169196 155.228974 -15.217865 -179.735415 -45.695561 179.883433
55.159558 155.229036 -15.217759 -179.735380 -45.695083 179.883418
55.149920 155.229096 -15.217652 -179.735345 -45.694605 179.883403
55.140282 155.229157 -15.217544 -179.735310 -45.694126 179.883389
55.130644 155.229217 -15.217436 -179.735277 -45.693646 179.883375
55.121006 155.229277 -15.217328 -179.735243 -45.693165 179.883360
55.111368 155.229337 -15.217220 -179.735210 -45.692683 179.883347
55.101730 155.229396 -15.217111 -179.735178 -45.692200 179.883333
55.092092 155.229455 -15.217002 -179.735144 -45.691716 179.883318
55.082454 155.229513 -15.216893 -179.735113 -45.691231 179.883306
55.072815 155.229572 -15.216783 -179.735081 -45.690744 179.883292
55.063178 155.229628 -15.216673 -179.735051 -45.690258 179.883279
55.053540 155.229686 -15.216563 -179.735020 -45.689770 179.883267
55.043901 155.229742 -15.216453 -179.734991 -45.689281 179.883254
55.034263 155.229798 -15.216341 -179.734962 -45.688792 179.883242
55.024625 155.229854 -15.216230 -179.734932 -45.688301 179.883230
55.014987 155.229909 -15.216119 -179.734905 -45.687810 179.883218
55.005349 155.229964 -15.216007 -179.734877 -45.687318 179.883207
54.995711 155.230019 -15.215895 -179.734849 -45.686825 179.883195
54.986073 155.230073 -15.215782 -179.734821 -45.686330 179.883183
54.976436 155.230126 -15.215670 -179.734795 -45.685836 179.883173
54.966797 155.230180 -15.215557 -179.734769 -45.685340 179.883161
54.957159 155.230232 -15.215443 -179.734744 -45.684843 179.883152
54.947521 155.230285 -15.215330 -179.734719 -45.684345 179.883141
54.937883 155.230337 -15.215216 -179.734694 -45.683846 179.883130
