-43.685400 156.407040 17.037277 27.181472 41.653302 18.845203
-43.675802 156.407028 17.037483 27.181034 41.653400 18.844914
-43.666206 156.407016 17.037688 27.180593 41.653497 18.844622
-43.656608 156.407005 17.037895 27.180153 41.653595 18.844330
-43.647011 156.406993 17.038101 27.179710 41.653692 18.844038
-43.637414 156.406981 17.038308 27.179267 41.653790 18.843745
-43.627817 156.406970 17.038515 27.178824 41.653888 18.843451
-43.618221 156.406957 17.038722 27.178380 41.653987 18.843157
-43.608623 156.406945 17.038930 27.177936 41.654085 18.842864
-43.599026 156.406933 17.039138 27.177490 41.654184 18.842569
-43.589430 156.406922 17.039347 27.177045 41.654283 18.842273
-43.579832 156.406910 17.039556 27.176598 41.654382 18.841978
-43.570236 156.406898 17.039765 27.176150 41.654480 18.841682
-43.560639 156.406886 17.039974 27.175702 41.654580 18.841385
-43.551042 156.406874 17.040184 27.175253 41.654679 18.841088
-43.541446 156.406862 17.040395 27.174804 41.654779 18.840791
-43.531849 156.406850 17.040605 27.174354 41.654878 18.840493
-43.522252 156.406838 17.040816 27.173903 41.654978 18.840194
-43.512655 156.406826 17.041027 27.173451 41.655079 18.839895
-43.503058 156.406814 17.041239 27.172999 41.655178 18.839596
-43.493462 156.406802 17.041450 27.172546 41.655279 18.839296
-43.483866 156.406790 17.041662 27.172091 41.655379 18.838995
-43.474270 156.406777 17.041874 27.171636 41.655480 18.838694
-43.464673 156.406766 17.042088 27.171181 41.655580 18.838393
-43.455076 156.406753 17.042301 27.170726 41.655681 18.838091
-43.445480 156.406741 17.042514 27.170268 41.655782 18.837788
-43.435883 156.406729 17.042728 27.169811 41.655884 18.837486
-43.426286 156.406716 17.042942 27.169352 41.655985 18.837182
-43.416691 156.406704 17.043156 27.168894 41.656087 18.836879
-43.407094 156.406692 17.043371 27.168434 41.656188 18.836574
-43.397498 156.406679 17.043586 27.167974 41.656290 18.836270
-43.387902 156.406667 17.043802 27.167513 41.656392 18.835964
-43.378305 156.406654 17.044017 27.167052 41.656494 18.835659
-43.368709 156.406642 17.044234 27.166590 41.656596 18.835353
-43.359113 156.406629 17.044450 27.166126 41.656699 18.835046
-43.349516 156.406617 17.044667 27.165662 41.656802 18.834739
-43.339921 156.406605 17.044884 27.165197 41.656905 18.834431
-43.330324 156.406592 17.045102 27.164732 41.657007 18.834123
-43.320728 156.406580 17.045319 27.164266 41.657111 18.833814
-43.311132 156.406567 17.045537 27.163800 41.657214 18.833505
-43.301536 156.406554 17.045756 27.163333 41.657317 18.833196
-43.291941 156.406542 17.045975 27.162865 41.657421 18.832886
-43.282344 156.406530 17.046194 27.162396 41.657524 18.832576
-43.272748 156.406517 17.046413 27.161927 41.657628 18.832265
-43.263152 156.406504 17.046633 27.161457 41.657732 18.831954
-43.253556 156.406491 17.046853 27.160986 41.657836 18.831641
-43.243960 156.406478 17.047073 27.160514 41.657940 18.831329
-43.234364 156.406466 17.047294 27.160042 41.658045 18.831016
-43.224769 156.406453 17.047514 27.159569 41.658150 18.830703
-43.215173 156.406441 17.047736 27.159095 41.658255 18.830390
-43.205578 156.406428 17.047958 27.158621 41.658359 18.830075
-43.195982 156.406415 17.048179 27.158146 41.658465 18.829761
-43.186385 156.406402 17.048402 27.157671 41.658570 18.829446
-43.176790 156.406389 17.048624 27.157194 41.658675 18.829130
-43.167194 156.406377 17.048848 27.156718 41.658781 18.828814
-43.157598 156.406364 17.049071 27.156240 41.658887 18.828498
-43.148003 156.406351 17.049295 27.155761 41.658992 18.828180
-43.138408 156.406338 17.049518 27.155281 41.659098 18.827863
-43.128812 156.406325 17.049742 27.154802 41.659204 18.827545
-43.119216 156.406312 17.049967 27.154322 41.659311 18.827227
-43.109621 156.406300 17.050192 27.153840 41.659417 18.826907
-43.100025 156.406286 17.050417 27.153359 41.659524 18.826588
-43.090430 156.406273 17.050642 27.152876 41.659631 18.826268
-43.080835 156.406260 17.050868 27.152393 41.659737 18.825948
-43.071239 156.406247 17.051094 27.151908 41.659844 18.825627
-43.061643 156.406235 17.051321 27.151424 41.659952 18.825307
-43.052049 156.406221 17.051548 27.150939 41.660059 18.824985
-43.042453 156.406208 17.051776 27.150453 41.660166 18.824663
-43.032858 156.406195 17.052002 27.149966 41.660274 18.824339
-43.023262 156.406181 17.052230 27.149478 41.660382 18.824016
-43.013667 156.406168 17.052459 27.148990 41.660489 18.823692
-43.004072 156.406155 17.052687 27.148502 41.660598 18.823369
-42.994476 156.406142 17.052916 27.148012 41.660706 18.823044
-42.984882 156.406128 17.053145 27.147522 41.660815 18.822719
-42.975286 156.406116 17.053374 27.147031 41.660923 18.822394
-42.965691 156.406102 17.053604 27.146540 41.661031 18.822069
-42.956096 156.406089 17.053834 27.146048 41.661140 18.821742
-42.946501 156.406075 17.054064 27.145555 41.661249 18.821415
-42.936906 156.406062 17.054295 27.145062 41.661358 18.821088
-42.927311 156.406049 17.054525 27.144567 41.661468 18.820760
-42.917715 156.406036 17.054757 27.144073 41.661577 18.820432
-42.908121 156.406022 17.054988 27.143578 41.661686 18.820105
-42.898526 156.406009 17.055220 27.143082 41.661795 18.819775
-42.888931 156.405995 17.055451 27.142585 41.661906 18.819446
-42.879337 156.405982 17.055684 27.142088 41.662016 18.819116
-42.869741 156.405968 17.055917 27.141589 41.662126 18.818786
-42.860146 156.405954 17.056150 27.141091 41.662236 18.818454
-42.850551 156.405941 17.056383 27.140592 41.662346 18.818124
-42.840956 156.405927 17.056616 27.140091 41.662456 18.817792
-42.831362 156.405914 17.056851 27.139592 41.662568 18.817461
-42.821767 156.405900 17.057084 27.139091 41.662678 18.817128
-42.812172 156.405886 17.057319 27.138589 41.662789 18.816795
-42.802578 156.405873 17.057553 27.138086 41.662900 18.816462
-42.792983 156.405859 17.057789 27.137584 41.663011 18.816129
-42.783388 156.405846 17.058024 27.137080 41.663122 18.815794
-42.773793 156.405832 17.058260 27.136576 41.663234 18.815460
-42.764199 156.405818 17.058496 27.136071 41.663346 18.815125
-42.754605 156.405804 17.058732 27.135566 41.663457 18.814789
-42.745010 156.405791 17.058968 27.135060 41.663569 18.814454
-42.735415 156.405777 17.059205 27.134552 41.663680 18.814117
-42.725820 156.405763 17.059443 27.134045 41.663793 18.813780
-42.716227 156.405750 17.059680 27.133537 41.663905 18.813444
-42.706632 156.405735 17.059917 27.133028 41.664017 18.813106
-42.697037 156.405721 17.060155 27.132520 41.664130 18.812768
-42.687443 156.405708 17.060393 27.132010 41.664243 18.812430
-42.677848 156.405694 17.060632 27.131499 41.664355 18.812091
-42.668254 156.405680 17.060871 27.130988 41.664468 18.811752
-42.658660 156.405666 17.061110 27.130477 41.664581 18.811413
-42.649065 156.405652 17.061348 27.129966 41.664694 18.811073
-42.639471 156.405639 17.061588 27.129453 41.664807 18.810733
-42.629876 156.405624 17.061828 27.128939 41.664921 18.810392
-42.620283 156.405610 17.062068 27.128425 41.665035 18.810051
-42.610688 156.405596 17.062309 27.127911 41.665148 18.809710
-42.601094 156.405582 17.062549 27.127396 41.665262 18.809368
-42.591499 156.405569 17.062791 27.126880 41.665376 18.809026
-42.581906 156.405554 17.063031 27.126364 41.665489 18.808683
-42.572312 156.405540 17.063272 27.125847 41.665604 18.808340
-42.562717 156.405526 17.063515 27.125330 41.665718 18.807996
-42.553123 156.405512 17.063757 27.124813 41.665832 18.807653
-42.543529 156.405498 17.063999 27.124294 41.665948 18.807308
-42.533935 156.405484 17.064241 27.123775 41.666062 18.806964
-42.524341 156.405470 17.064484 27.123256 41.666177 18.806619
-42.514747 156.405455 17.064728 27.122735 41.666291 18.806274
-42.505153 156.405441 17.064971 27.122215 41.666406 18.805928
-42.495558 156.405427 17.065214 27.121693 41.666521 18.805582
-42.485964 156.405412 17.065458 27.121171 41.666636 18.805236
-42.476371 156.405398 17.065702 27.120649 41.666752 18.804889
-42.466777 156.405384 17.065946 27.120126 41.666867 18.804541
-42.457183 156.405370 17.066191 27.119603 41.666982 18.804195
-42.447589 156.405356 17.066436 27.119079 41.667099 18.803846
-42.437995 156.405341 17.066681 27.118553 41.667215 18.803497
-42.428402 156.405327 17.066926 27.118029 41.667330 18.803149
-42.418808 156.405312 17.067172 27.117503 41.667447 18.802800
-42.409214 156.405298 17.067418 27.116977 41.667563 18.802451
-42.399620 156.405283 17.067664 27.116450 41.667679 18.802100
-42.390026 156.405269 17.067910 27.115923 41.667796 18.801751
-42.380432 156.405254 17.068157 27.115395 41.667912 18.801400
-42.370838 156.405240 17.068404 27.114867 41.668028 18.801049
-42.361245 156.405226 17.068651 27.114337 41.668145 18.800698
-42.351651 156.405211 17.068898 27.113808 41.668262 18.800346
-42.342057 156.405196 17.069145 27.113279 41.668379 18.799994
-42.332463 156.405182 17.069393 27.112748 41.668496 18.799642
-42.322870 156.405168 17.069641 27.112218 41.668613 18.799290
-42.313277 156.405153 17.069889 27.111686 41.668731 18.798937
-42.303683 156.405138 17.070138 27.111154 41.668848 18.798583
-42.294089 156.405124 17.070387 27.110622 41.668965 18.798229
-42.284496 156.405109 17.070636 27.110088 41.669083 18.797876
-42.274902 156.405095 17.070885 27.109555 41.669201 18.797521
-42.265308 156.405080 17.071135 27.109021 41.669319 18.797166
-42.255715 156.405066 17.071385 27.108486 41.669437 18.796810
-42.246121 156.405052 17.071635 27.107951 41.669555 18.796456
-42.236528 156.405037 17.071884 27.107416 41.669673 18.796100
-42.226935 156.405022 17.072135 27.106880 41.669791 18.795744
-42.217341 156.405007 17.072385 27.106344 41.669909 18.795388
-42.207748 156.404992 17.072637 27.105807 41.670028 18.795031
-42.198154 156.404977 17.072888 27.105269 41.670147 18.794673
-42.188561 156.404963 17.073139 27.104732 41.670265 18.794316
-42.178967 156.404948 17.073390 27.104193 41.670384 18.793959
-42.169375 156.404933 17.073642 27.103654 41.670503 18.793600
-42.159781 156.404918 17.073894 27.103115 41.670622 18.793242
-42.150188 156.404904 17.074146 27.102574 41.670742 18.792883
-42.140594 156.404889 17.074399 27.102034 41.670860 18.792525
-42.131001 156.404874 17.074652 27.101493 41.670980 18.792165
-42.121407 156.404859 17.074904 27.100953 41.671099 18.791805
-42.111814 156.404844 17.075157 27.100410 41.671219 18.791445
-42.102221 156.404829 17.075411 27.099868 41.671339 18.791085
-42.092628 156.404814 17.075664 27.099326 41.671458 18.790725
-42.083035 156.404800 17.075918 27.098782 41.671578 18.790363
-42.073442 156.404785 17.076172 27.098239 41.671698 18.790002
-42.063849 156.404770 17.076426 27.097695 41.671818 18.789641
-42.054255 156.404755 17.076681 27.097150 41.671938 18.789279
-42.044662 156.404739 17.076935 27.096605 41.672058 18.788917
-42.035069 156.404725 17.077190 27.096059 41.672179 18.788554
-42.025476 156.404710 17.077445 27.095514 41.672299 18.788191
-42.015883 156.404695 17.077700 27.094967 41.672420 18.787828
-42.006289 156.404679 17.077955 27.094421 41.672540 18.787465
-41.996697 156.404664 17.078211 27.093873 41.672661 18.787101
-41.987104 156.404650 17.078467 27.093326 41.672782 18.786737
-41.977511 156.404635 17.078723 27.092777 41.672902 18.786372
-41.967918 156.404619 17.078980 27.092229 41.673024 18.786008
-41.958325 156.404604 17.079236 27.091680 41.673145 18.785643
-41.948732 156.404590 17.079493 27.091131 41.673265 18.785278
-41.939139 156.404574 17.079749 27.090581 41.673387 18.784912
-41.929546 156.404559 17.080007 27.090031 41.673508 18.784546
-41.919953 156.404544 17.080264 27.089480 41.673630 18.784181
-41.910361 156.404529 17.080521 27.088928 41.673751 18.783814
-41.900768 156.404514 17.080779 27.088377 41.673873 18.783448
-41.891175 156.404498 17.081037 27.087826 41.673994 18.783081
-41.881582 156.404484 17.081295 27.087274 41.674117 18.782714
-41.871989 156.404468 17.081553 27.086721 41.674238 18.782346
-41.862396 156.404453 17.081811 27.086167 41.674360 18.781978
-41.852803 156.404437 17.082070 27.085613 41.674482 18.781610
-41.843210 156.404422 17.082329 27.085059 41.674604 18.781241
-41.833617 156.404407 17.082587 27.084505 41.674727 18.780873
-41.824025 156.404391 17.082847 27.083950 41.674849 18.780504
-41.814432 156.404377 17.083106 27.083395 41.674971 18.780135
-41.804839 156.404361 17.083366 27.082840 41.675094 18.779766
-41.795247 156.404345 17.083626 27.082283 41.675216 18.779396
-41.785654 156.404331 17.083886 27.081727 41.675339 18.779026
-41.776062 156.404315 17.084146 27.081170 41.675462 18.778656
-41.766469 156.404300 17.084406 27.080613 41.675585 18.778285
-41.756876 156.404285 17.084667 27.080055 41.675707 18.777914
-41.747284 156.404269 17.084928 27.079497 41.675831 18.777544
-41.737691 156.404254 17.085188 27.078939 41.675953 18.777173
-41.728098 156.404238 17.085449 27.078380 41.676076 18.776801
-41.718506 156.404223 17.085710 27.077821 41.676199 18.776429
-41.708913 156.404208 17.085972 27.077262 41.676323 18.776058
-41.699320 156.404192 17.086233 27.076702 41.676447 18.775685
-41.689728 156.404177 17.086495 27.076141 41.676570 18.775312
-41.680135 156.404161 17.086757 27.075581 41.676693 18.774940
-41.670542 156.404145 17.087019 27.075019 41.676817 18.774566
-41.660950 156.404130 17.087281 27.074458 41.676941 18.774193
-41.651358 156.404115 17.087543 27.073896 41.677065 18.773819
-41.641766 156.404100 17.087806 27.073335 41.677189 18.773446
-41.632173 156.404084 17.088069 27.072772 41.677312 18.773071
-41.622581 156.404067 17.088332 27.072209 41.677436 18.772696
-41.612988 156.404053 17.088594 27.071646 41.677560 18.772322
-41.603396 156.404037 17.088858 27.071083 41.677684 18.771947
-41.593803 156.404022 17.089122 27.070518 41.677808 18.771572
-41.584211 156.404006 17.089386 27.069954 41.677933 18.771197
-41.574618 156.403991 17.089649 27.069390 41.678058 18.770822
-41.565026 156.403974 17.089912 27.068825 41.678182 18.770446
-41.555434 156.403959 17.090176 27.068259 41.678307 18.770070
-41.545841 156.403943 17.090441 27.067694 41.678431 18.769693
-41.536249 156.403928 17.090705 27.067128 41.678556 18.769317
-41.526656 156.403912 17.090970 27.066561 41.678681 18.768940
-41.517064 156.403896 17.091234 27.065996 41.678805 18.768564
-41.507472 156.403881 17.091500 27.065429 41.678930 18.768187
-41.497879 156.403865 17.091764 27.064861 41.679055 18.767810
-41.488287 156.403850 17.092029 27.064294 41.679180 18.767433
-41.478695 156.403833 17.092295 27.063726 41.679305 18.767054
-41.469102 156.403818 17.092560 27.063158 41.679431 18.766676
-41.459510 156.403802 17.092825 27.062589 41.679556 18.766297
-41.449918 156.403787 17.093092 27.062020 41.679680 18.765919
-41.440326 156.403771 17.093357 27.061451 41.679806 18.765541
-41.430734 156.403755 17.093623 27.060881 41.679931 18.765162
-41.421142 156.403739 17.093889 27.060311 41.680057 18.764782
-41.411550 156.403724 17.094156 27.059741 41.680182 18.764404
-41.401958 156.403708 17.094422 27.059171 41.680308 18.764023
-41.392366 156.403692 17.094689 27.058600 41.680434 18.763644
-41.382773 156.403677 17.094956 27.058029 41.680560 18.763264
-41.373181 156.403660 17.095222 27.057457 41.680686 18.762884
-41.363589 156.403645 17.095489 27.056885 41.680811 18.762503
-41.353997 156.403629 17.095756 27.056313 41.680937 18.762123
-41.344405 156.403613 17.096024 27.055741 41.681063 18.761743
-41.334813 156.403597 17.096291 27.055169 41.681189 18.761361
-41.325220 156.403581 17.096559 27.054596 41.681316 18.760980
-41.315628 156.403565 17.096826 27.054023 41.681442 18.760599
-41.306036 156.403550 17.097094 27.053449 41.681567 18.760217
-41.296444 156.403534 17.097362 27.052876 41.681694 18.759836
-41.286852 156.403518 17.097631 27.052302 41.681821 18.759454
-41.277260 156.403502 17.097899 27.051728 41.681947 18.759072
-41.267668 156.403486 17.098167 27.051154 41.682073 18.758689
-41.258076 156.403470 17.098435 27.050578 41.682200 18.758307
-41.248484 156.403455 17.098704 27.050003 41.682326 18.757924
-41.238892 156.403438 17.098973 27.049429 41.682453 18.757542
-41.229300 156.403423 17.099242 27.048853 41.682579 18.757159
-41.219708 156.403406 17.099510 27.048277 41.682706 18.756775
-41.210116 156.403391 17.099780 27.047700 41.682834 18.756391
-41.200524 156.403375 17.100049 27.047124 41.682960 18.756008
-41.190932 156.403358 17.100318 27.046547 41.683087 18.755624
-41.181340 156.403343 17.100588 27.045971 41.683214 18.755242
-41.171748 156.403326 17.100857 27.045393 41.683340 18.754856
-41.162156 156.403311 17.101127 27.044815 41.683468 18.754472
-41.152564 156.403295 17.101397 27.044238 41.683595 18.754088
-41.142972 156.403278 17.101667 27.043659 41.683722 18.753703
-41.133381 156.403263 17.101937 27.043082 41.683849 18.753318
-41.123789 156.403247 17.102207 27.042504 41.683977 18.752934
-41.114197 156.403230 17.102477 27.041925 41.684104 18.752549
-41.104605 156.403215 17.102748 27.041346 41.684231 18.752163
-41.095013 156.403198 17.103018 27.040767 41.684359 18.751779
-41.085421 156.403182 17.103289 27.040187 41.684486 18.751392
-41.075829 156.403167 17.103559 27.039608 41.684614 18.751006
-41.066238 156.403150 17.103831 27.039028 41.684741 18.750621
-41.056646 156.403134 17.104101 27.038448 41.684869 18.750235
-41.047054 156.403118 17.104372 27.037867 41.684997 18.749848
-41.037462 156.403102 17.104644 27.037287 41.685124 18.749462
-41.027870 156.403086 17.104914 27.036706 41.685252 18.749076
-41.018279 156.403070 17.105185 27.036125 41.685380 18.748689
-41.008687 156.403053 17.105458 27.035544 41.685508 18.748302
-40.999095 156.403038 17.105729 27.034963 41.685635 18.747915
-40.989503 156.403022 17.106000 27.034381 41.685764 18.747528
-40.979911 156.403005 17.106273 27.033799 41.685891 18.747141
-40.970320 156.402989 17.106544 27.033217 41.686020 18.746753
-40.960728 156.402973 17.106816 27.032635 41.686147 18.746365
-40.951136 156.402956 17.107088 27.032053 41.686276 18.745978
-40.941545 156.402940 17.107361 27.031470 41.686403 18.745590
-40.931953 156.402925 17.107633 27.030888 41.686532 18.745202
-40.922361 156.402909 17.107905 27.030304 41.686660 18.744814
-40.912769 156.402892 17.108177 27.029720 41.686789 18.744426
-40.903178 156.402876 17.108449 27.029137 41.686916 18.744037
-40.893586 156.402860 17.108722 27.028554 41.687045 18.743649
-40.883994 156.402843 17.108995 27.027969 41.687173 18.743260
-40.874403 156.402827 17.109268 27.027386 41.687302 18.742871
-40.864811 156.402811 17.109541 27.026802 41.687430 18.742483
-40.855219 156.402795 17.109813 27.026217 41.687559 18.742094
-40.845628 156.402779 17.110086 27.025632 41.687687 18.741705
-40.836036 156.402763 17.110359 27.025048 41.687815 18.741315
-40.826444 156.402747 17.110633 27.024464 41.687944 18.740926
-40.816853 156.402730 17.110906 27.023878 41.688072 18.740537
-40.807261 156.402714 17.111179 27.023292 41.688202 18.740146
-40.797670 156.402698 17.111452 27.022707 41.688330 18.739757
-40.788078 156.402681 17.111726 27.022122 41.688459 18.739368
-40.778486 156.402665 17.112000 27.021536 41.688588 18.738978
-40.768895 156.402649 17.112273 27.020950 41.688716 18.738587
-40.759303 156.402633 17.112547 27.020364 41.688846 18.738197
-40.749712 156.402616 17.112821 27.019777 41.688974 18.737807
-40.740120 156.402600 17.113095 27.019191 41.689104 18.737416
-40.730528 156.402584 17.113369 27.018605 41.689232 18.737026
-40.720937 156.402568 17.113643 27.018018 41.689361 18.736636
-40.711345 156.402551 17.113916 27.017431 41.689490 18.736244
-40.701754 156.402535 17.114190 27.016845 41.689619 18.735854
-40.692162 156.402519 17.114465 27.016257 41.689748 18.735463
-40.682571 156.402502 17.114739 27.015669 41.689877 18.735072
-40.672979 156.402485 17.115014 27.015082 41.690006 18.734681
-40.663388 156.402469 17.115288 27.014494 41.690135 18.734290
-40.653796 156.402453 17.115563 27.013907 41.690265 18.733898
-40.644205 156.402437 17.115838 27.013319 41.690393 18.733507
-40.634613 156.402420 17.116111 27.012731 41.690522 18.733116
-40.625022 156.402404 17.116386 27.012143 41.690652 18.732724
-40.615430 156.402388 17.116661 27.011555 41.690781 18.732333
-40.605839 156.402372 17.116936 27.010966 41.690910 18.731941
-40.596247 156.402355 17.117210 27.010377 41.691040 18.731548
-40.586656 156.402339 17.117485 27.009790 41.691169 18.731157
-40.577064 156.402322 17.117760 27.009201 41.691298 18.730766
-40.567472 156.402306 17.118036 27.008612 41.691428 18.730373
-40.557880 156.402290 17.118310 27.008023 41.691557 18.729981
-40.548289 156.402273 17.118585 27.007434 41.691686 18.729589
-40.538697 156.402257 17.118861 27.006844 41.691817 18.729196
-40.529106 156.402241 17.119136 27.006255 41.691946 18.728804
-40.519514 156.402225 17.119411 27.005666 41.692075 18.728412
-40.509923 156.402207 17.119687 27.005076 41.692204 18.728019
-40.500331 156.402191 17.119962 27.004487 41.692334 18.727627
-40.490740 156.402175 17.120237 27.003897 41.692463 18.727234
-40.481149 156.402159 17.120513 27.003306 41.692593 18.726841
-40.471557 156.402143 17.120788 27.002716 41.692722 18.726448
-40.461966 156.402126 17.121063 27.002128 41.692852 18.726056
-40.452374 156.402109 17.121339 27.001537 41.692981 18.725663
-40.442783 156.402093 17.121615 27.000947 41.693111 18.725270
-40.433191 156.402077 17.121890 27.000357 41.693241 18.724878
-40.423600 156.402060 17.122166 26.999767 41.693371 18.724484
-40.414008 156.402043 17.122442 26.999175 41.693500 18.724090
-40.404417 156.402027 17.122718 26.998585 41.693630 18.723698
-40.394826 156.402011 17.122994 26.997995 41.693760 18.723304
-40.385234 156.401995 17.123269 26.997403 41.693889 18.722911
-40.375643 156.401978 17.123545 26.996813 41.694019 18.722518
-40.366051 156.401961 17.123822 26.996223 41.694148 18.722124
-40.356460 156.401945 17.124097 26.995631 41.694279 18.721731
-40.346869 156.401929 17.124373 26.995041 41.694408 18.721338
-40.337277 156.401913 17.124649 26.994449 41.694538 18.720944
-40.327686 156.401896 17.124925 26.993858 41.694667 18.720550
-40.318094 156.401879 17.125202 26.993267 41.694797 18.720157
-40.308503 156.401863 17.125477 26.992676 41.694927 18.719763
-40.298912 156.401847 17.125754 26.992085 41.695057 18.719369
-40.289320 156.401830 17.126029 26.991493 41.695187 18.718975
-40.279729 156.401813 17.126306 26.990901 41.695316 18.718581
-40.270137 156.401797 17.126581 26.990310 41.695447 18.718188
-40.260546 156.401781 17.126858 26.989719 41.695576 18.717793
-40.250955 156.401765 17.127135 26.989128 41.695706 18.717400
-40.241363 156.401748 17.127410 26.988535 41.695836 18.717006
-40.231771 156.401731 17.127687 26.987944 41.695965 18.716611
-40.222180 156.401715 17.127963 26.987352 41.696096 18.716218
-40.212588 156.401699 17.128240 26.986761 41.696225 18.715824
-40.202997 156.401682 17.128515 26.986169 41.696355 18.715430
-40.193405 156.401666 17.128792 26.985577 41.696485 18.715036
-40.183814 156.401649 17.129068 26.984986 41.696615 18.714643
-40.174223 156.401632 17.129345 26.984395 41.696745 18.714248
-40.164631 156.401616 17.129621 26.983803 41.696874 18.713855
-40.155040 156.401600 17.129897 26.983210 41.697004 18.713460
-40.145449 156.401584 17.130173 26.982618 41.697134 18.713066
-40.135857 156.401567 17.130450 26.982027 41.697264 18.712672
-40.126266 156.401550 17.130726 26.981435 41.697394 18.712278
-40.116674 156.401534 17.131003 26.980843 41.697524 18.711883
-40.107083 156.401518 17.131279 26.980251 41.697653 18.711489
-40.097492 156.401501 17.131556 26.979659 41.697783 18.711095
-40.087900 156.401485 17.131832 26.979067 41.697914 18.710701
-40.078309 156.401468 17.132108 26.978475 41.698043 18.710307
-40.068718 156.401451 17.132385 26.977883 41.698173 18.709912
-40.059126 156.401435 17.132661 26.977292 41.698303 18.709519
-40.049535 156.401419 17.132937 26.976699 41.698433 18.709124
-40.039943 156.401402 17.133214 26.976107 41.698563 18.708730
-40.030352 156.401385 17.133491 26.975516 41.698692 18.708336
-40.020761 156.401369 17.133767 26.974924 41.698822 18.707942
-40.011169 156.401353 17.134044 26.974331 41.698952 18.707547
-40.001578 156.401336 17.134320 26.973740 41.699082 18.707153
-39.991987 156.401320 17.134596 26.973148 41.699212 18.706760
-39.982395 156.401303 17.134872 26.972556 41.699341 18.706365
-39.972804 156.401287 17.135149 26.971963 41.699471 18.705971
-39.963212 156.401270 17.135425 26.971372 41.699601 18.705577
-39.953620 156.401254 17.135702 26.970780 41.699731 18.705182
-39.944029 156.401238 17.135978 26.970189 41.699861 18.704789
-39.934437 156.401222 17.136254 26.969597 41.699990 18.704395
-39.924846 156.401204 17.136531 26.969005 41.700120 18.704000
-39.915254 156.401188 17.136807 26.968414 41.700249 18.703607
-39.905663 156.401172 17.137084 26.967822 41.700380 18.703213
-39.896072 156.401155 17.137359 26.967230 41.700509 18.702819
-39.886480 156.401139 17.137636 26.966639 41.700639 18.702425
-39.876889 156.401122 17.137912 26.966047 41.700768 18.702031
-39.867297 156.401106 17.138188 26.965456 41.700899 18.701637
-39.857706 156.401089 17.138464 26.964864 41.701028 18.701243
-39.848115 156.401073 17.138740 26.964272 41.701158 18.700849
-39.838523 156.401057 17.139017 26.963681 41.701287 18.700455
-39.828932 156.401040 17.139293 26.963090 41.701417 18.700062
-39.819340 156.401023 17.139569 26.962499 41.701547 18.699668
-39.809749 156.401007 17.139845 26.961907 41.701676 18.699274
-39.800158 156.400991 17.140121 26.961317 41.701805 18.698881
-39.790566 156.400975 17.140397 26.960725 41.701935 18.698487
-39.780975 156.400957 17.140673 26.960133 41.702065 18.698092
-39.771383 156.400941 17.140949 26.959543 41.702195 18.697700
-39.761792 156.400925 17.141224 26.958952 41.702324 18.697307
-39.752200 156.400909 17.141501 26.958361 41.702453 18.696912
-39.742609 156.400892 17.141776 26.957771 41.702583 18.696519
-39.733018 156.400875 17.142052 26.957180 41.702712 18.696126
-39.723426 156.400859 17.142328 26.956588 41.702842 18.695732
-39.713835 156.400843 17.142604 26.955998 41.702971 18.695339
-39.704243 156.400827 17.142879 26.955408 41.703101 18.694946
-39.694652 156.400809 17.143155 26.954817 41.703230 18.694553
-39.685060 156.400793 17.143430 26.954227 41.703359 18.694159
-39.675469 156.400777 17.143706 26.953638 41.703488 18.693767
-39.665877 156.400761 17.143982 26.953047 41.703618 18.693374
-39.656286 156.400744 17.144257 26.952457 41.703747 18.692981
-39.646694 156.400727 17.144533 26.951866 41.703876 18.692588
-39.637103 156.400711 17.144808 26.951278 41.704006 18.692196
-39.627510 156.400695 17.145083 26.950687 41.704135 18.691802
-39.617919 156.400679 17.145359 26.950098 41.704264 18.691410
-39.608328 156.400663 17.145634 26.949509 41.704393 18.691018
-39.598737 156.400645 17.145910 26.948918 41.704523 18.690625
-39.589145 156.400629 17.146184 26.948329 41.704652 18.690232
-39.579553 156.400613 17.146459 26.947740 41.704780 18.689840
-39.569961 156.400597 17.146735 26.947151 41.704910 18.689448
-39.560370 156.400580 17.147010 26.946562 41.705039 18.689055
-39.550778 156.400564 17.147285 26.945973 41.705168 18.688663
-39.541187 156.400547 17.147559 26.945385 41.705297 18.688272
-39.531595 156.400531 17.147834 26.944796 41.705426 18.687880
-39.522004 156.400514 17.148109 26.944208 41.705554 18.687487
-39.512412 156.400498 17.148384 26.943618 41.705683 18.687095
-39.502821 156.400482 17.148659 26.943031 41.705812 18.686704
-39.493229 156.400466 17.148934 26.942443 41.705941 18.686313
-39.483638 156.400450 17.149209 26.941855 41.706069 18.685921
-39.474046 156.400433 17.149482 26.941267 41.706198 18.685530
-39.464455 156.400417 17.149757 26.940679 41.706327 18.685138
-39.454863 156.400400 17.150031 26.940092 41.706456 18.684746
-39.445271 156.400384 17.150306 26.939504 41.706585 18.684355
-39.435680 156.400367 17.150580 26.938917 41.706713 18.683965
-39.426088 156.400351 17.150854 26.938329 41.706842 18.683574
-39.416497 156.400335 17.151128 26.937742 41.706970 18.683182
-39.406905 156.400318 17.151402 26.937156 41.707098 18.682792
-39.397313 156.400302 17.151675 26.936568 41.707228 18.682401
-39.387722 156.400286 17.151949 26.935981 41.707356 18.682010
-39.378130 156.400270 17.152224 26.935396 41.707483 18.681621
-39.368538 156.400253 17.152497 26.934809 41.707612 18.681229
-39.358947 156.400237 17.152772 26.934223 41.707740 18.680839
-39.349355 156.400221 17.153044 26.933637 41.707869 18.680449
-39.339763 156.400205 17.153318 26.933051 41.707997 18.680059
-39.330172 156.400188 17.153592 26.932465 41.708125 18.679668
-39.320580 156.400172 17.153865 26.931880 41.708254 18.679279
-39.310988 156.400156 17.154139 26.931295 41.708381 18.678889
-39.301397 156.400140 17.154412 26.930709 41.708510 18.678500
-39.291805 156.400123 17.154685 26.930124 41.708638 18.678110
-39.282213 156.400107 17.154958 26.929540 41.708766 18.677721
-39.272622 156.400091 17.155231 26.928955 41.708894 18.677331
-39.263030 156.400074 17.155503 26.928371 41.709022 18.676943
-39.253438 156.400058 17.155776 26.927786 41.709149 18.676554
-39.243847 156.400042 17.156050 26.927201 41.709277 18.676163
-39.234255 156.400025 17.156322 26.926618 41.709405 18.675775
-39.224663 156.400009 17.156595 26.926034 41.709532 18.675387
-39.215071 156.399993 17.156867 26.925450 41.709661 18.674998
-39.205479 156.399977 17.157139 26.924867 41.709788 18.674610
-39.195888 156.399960 17.157412 26.924283 41.709916 18.674221
-39.186296 156.399944 17.157684 26.923700 41.710043 18.673833
-39.176704 156.399928 17.157956 26.923118 41.710171 18.673445
-39.167112 156.399912 17.158228 26.922535 41.710298 18.673057
-39.157521 156.399896 17.158500 26.921952 41.710426 18.672669
-39.147929 156.399880 17.158772 26.921370 41.710553 18.672282
-39.138337 156.399863 17.159043 26.920788 41.710681 18.671893
-39.128745 156.399847 17.159316 26.920206 41.710808 18.671506
-39.119153 156.399831 17.159587 26.919625 41.710935 18.671119
-39.109561 156.399814 17.159859 26.919043 41.711062 18.670732
-39.099969 156.399799 17.160130 26.918462 41.711190 18.670345
-39.090378 156.399783 17.160401 26.917881 41.711317 18.669958
