32.908719 155.989699 74.119013 33.136611 61.808360 24.303431
32.907352 155.989862 74.115828 33.146141 61.816773 24.311597
32.905985 155.990026 74.112645 33.155676 61.825185 24.319768
32.904618 155.990189 74.109463 33.165218 61.833596 24.327945
32.903249 155.990353 74.106282 33.174767 61.842006 24.336128
32.901881 155.990516 74.103102 33.184323 61.850415 24.344318
32.900513 155.990680 74.099923 33.193886 61.858824 24.352515
32.899145 155.990843 74.096745 33.203456 61.867231 24.360717
32.897776 155.991006 74.093567 33.213031 61.875637 24.368925
32.896407 155.991169 74.090391 33.222614 61.884042 24.377139
32.895038 155.991332 74.087216 33.232203 61.892446 24.385359
32.893667 155.991496 74.084041 33.241799 61.900850 24.393585
32.892297 155.991659 74.080868 33.251401 61.909252 24.401818
32.890927 155.991822 74.077696 33.261009 61.917654 24.410056
32.889556 155.991985 74.074525 33.270625 61.926054 24.418302
32.888185 155.992148 74.071355 33.280247 61.934454 24.426552
32.886814 155.992311 74.068186 33.289875 61.942853 24.434809
32.885442 155.992474 74.065018 33.299514 61.951251 24.443075
32.884070 155.992637 74.061850 33.309154 61.959648 24.451343
32.882698 155.992800 74.058684 33.318804 61.968043 24.459619
32.881325 155.992963 74.055520 33.328460 61.976438 24.467901
32.879952 155.993126 74.052355 33.338123 61.984833 24.476190
32.878579 155.993289 74.049192 33.347791 61.993225 24.484484
32.877206 155.993451 74.046030 33.357469 62.001617 24.492785
32.875832 155.993614 74.042868 33.367150 62.010009 24.501091
32.874457 155.993776 74.039708 33.376840 62.018399 24.509403
32.873083 155.993940 74.036548 33.386538 62.026789 24.517724
32.871709 155.994102 74.033391 33.396239 62.035177 24.526048
32.870334 155.994265 74.030233 33.405948 62.043564 24.534379
32.868959 155.994427 74.027077 33.415667 62.051950 24.542719
32.867583 155.994589 74.023921 33.425388 62.060336 24.551061
32.866206 155.994752 74.020767 33.435118 62.068721 24.559412
32.864830 155.994915 74.017614 33.444855 62.077103 24.567769
32.863454 155.995077 74.014462 33.454598 62.085487 24.576132
32.862077 155.995239 74.011310 33.464348 62.093868 24.584500
32.860700 155.995402 74.008160 33.474107 62.102249 24.592877
32.859323 155.995564 74.005009 33.483869 62.110629 24.601257
32.857945 155.995726 74.001862 33.493639 62.119007 24.609645
32.856567 155.995888 73.998714 33.503418 62.127385 24.618040
32.855188 155.996051 73.995567 33.513201 62.135763 24.626440
32.853810 155.996213 73.992423 33.522991 62.144138 24.634846
32.852431 155.996374 73.989277 33.532789 62.152513 24.643258
32.851052 155.996537 73.986134 33.542593 62.160887 24.651677
32.849672 155.996699 73.982991 33.552404 62.169260 24.660102
32.848292 155.996861 73.979849 33.562222 62.177632 24.668533
32.846912 155.997023 73.976709 33.572046 62.186004 24.676971
32.845532 155.997185 73.973569 33.581877 62.194374 24.685415
32.844151 155.997347 73.970430 33.591715 62.202742 24.693865
32.842770 155.997509 73.967293 33.601561 62.211111 24.702322
32.841388 155.997671 73.964156 33.611413 62.219478 24.710786
32.840007 155.997832 73.961020 33.621271 62.227845 24.719255
32.838625 155.997994 73.957886 33.631136 62.236210 24.727730
32.837243 155.998157 73.954751 33.641009 62.244575 24.736212
32.835860 155.998318 73.951619 33.650887 62.252937 24.744700
32.834478 155.998479 73.948487 33.660774 62.261299 24.753195
32.833094 155.998642 73.945356 33.670666 62.269661 24.761695
32.831710 155.998803 73.942226 33.680565 62.278022 24.770202
32.830327 155.998965 73.939097 33.690471 62.286381 24.778715
32.828943 155.999126 73.935969 33.700385 62.294740 24.787234
32.827559 155.999288 73.932842 33.710305 62.303097 24.795761
32.826174 155.999449 73.929715 33.720231 62.311454 24.804293
32.824788 155.999610 73.926591 33.730164 62.319810 24.812831
32.823403 155.999772 73.923467 33.740105 62.328165 24.821376
32.822018 155.999934 73.920343 33.750052 62.336518 24.829927
32.820632 156.000094 73.917220 33.760007 62.344871 24.838485
32.819246 156.000256 73.914099 33.769969 62.353222 24.847050
32.817860 156.000417 73.910979 33.779936 62.361573 24.855620
32.816472 156.000578 73.907860 33.789911 62.369924 24.864197
32.815085 156.000740 73.904741 33.799893 62.378272 24.872781
32.813698 156.000901 73.901623 33.809880 62.386620 24.881369
32.812310 156.001062 73.898507 33.819876 62.394967 24.889966
32.810922 156.001224 73.895391 33.829878 62.403313 24.898567
32.809533 156.001385 73.892277 33.839887 62.411658 24.907176
32.808145 156.001546 73.889163 33.849903 62.420001 24.915791
32.806756 156.001706 73.886051 33.859927 62.428345 24.924413
32.805367 156.001867 73.882939 33.869956 62.436687 24.933039
32.803978 156.002029 73.879828 33.879994 62.445027 24.941674
32.802588 156.002189 73.876718 33.890037 62.453367 24.950314
32.801197 156.002350 73.873609 33.900086 62.461706 24.958960
32.799807 156.002511 73.870501 33.910144 62.470045 24.967614
32.798417 156.002672 73.867395 33.920209 62.478381 24.976275
32.797026 156.002833 73.864288 33.930280 62.486717 24.984940
32.795635 156.002993 73.861183 33.940358 62.495052 24.993613
32.794242 156.003154 73.858078 33.950444 62.503387 25.002293
32.792850 156.003315 73.854975 33.960534 62.511720 25.010977
32.791458 156.003476 73.851873 33.970634 62.520051 25.019669
32.790066 156.003636 73.848772 33.980740 62.528383 25.028368
32.788673 156.003797 73.845672 33.990853 62.536713 25.037072
32.787281 156.003957 73.842571 34.000971 62.545042 25.045782
32.785886 156.004118 73.839473 34.011099 62.553371 25.054501
32.784493 156.004278 73.836376 34.021231 62.561697 25.063224
32.783099 156.004439 73.833279 34.031371 62.570023 25.071954
32.781705 156.004599 73.830183 34.041520 62.578349 25.080691
32.780311 156.004759 73.827089 34.051674 62.586673 25.089435
32.778915 156.004920 73.823994 34.061836 62.594996 25.098184
32.777520 156.005080 73.820901 34.072003 62.603318 25.106940
32.776125 156.005240 73.817810 34.082178 62.611639 25.115702
32.774729 156.005401 73.814719 34.092361 62.619960 25.124473
32.773333 156.005561 73.811629 34.102551 62.628278 25.133248
32.771936 156.005721 73.808539 34.112747 62.636597 25.142031
32.770539 156.005882 73.805452 34.122950 62.644914 25.150819
32.769143 156.006042 73.802364 34.133160 62.653230 25.159614
32.767745 156.006202 73.799277 34.143378 62.661545 25.168416
32.766348 156.006362 73.796192 34.153601 62.669859 25.177224
32.764950 156.006522 73.793107 34.163832 62.678173 25.186038
32.763551 156.006682 73.790024 34.174070 62.686484 25.194859
32.762153 156.006842 73.786942 34.184316 62.694796 25.203688
32.760754 156.007002 73.783859 34.194567 62.703106 25.212521
32.759356 156.007162 73.780779 34.204828 62.711415 25.221363
32.757956 156.007322 73.777699 34.215094 62.719723 25.230209
32.756556 156.007481 73.774620 34.225367 62.728030 25.239063
32.755156 156.007641 73.771542 34.235646 62.736336 25.247922
32.753756 156.007801 73.768465 34.245935 62.744641 25.256790
32.752356 156.007960 73.765389 34.256229 62.752945 25.265663
32.750955 156.008120 73.762314 34.266529 62.761249 25.274542
32.749553 156.008281 73.759239 34.276838 62.769551 25.283429
32.748152 156.008440 73.756166 34.287154 62.777852 25.292322
32.746750 156.008599 73.753093 34.297477 62.786152 25.301222
32.745348 156.008759 73.750022 34.307806 62.794451 25.310128
32.743946 156.008919 73.746951 34.318141 62.802749 25.319040
32.742544 156.009078 73.743881 34.328485 62.811046 25.327959
32.741140 156.009238 73.740812 34.338836 62.819342 25.336885
32.739737 156.009397 73.737744 34.349193 62.827637 25.345817
32.738334 156.009557 73.734678 34.359559 62.835931 25.354756
32.736930 156.009716 73.731611 34.369930 62.844224 25.363701
32.735526 156.009876 73.728546 34.380308 62.852516 25.372653
32.734121 156.010034 73.725482 34.390694 62.860807 25.381612
32.732716 156.010194 73.722418 34.401087 62.869096 25.390577
32.731312 156.010354 73.719356 34.411489 62.877385 25.399549
32.729906 156.010513 73.716295 34.421896 62.885674 25.408527
32.728501 156.010671 73.713234 34.432309 62.893960 25.417511
32.727094 156.010831 73.710174 34.442732 62.902246 25.426504
32.725688 156.010990 73.707115 34.453159 62.910531 25.435501
32.724282 156.011149 73.704058 34.463594 62.918815 25.444505
32.722875 156.011308 73.701000 34.474037 62.927098 25.453517
32.721469 156.011467 73.697945 34.484487 62.935379 25.462535
32.720060 156.011626 73.694890 34.494945 62.943660 25.471561
32.718653 156.011785 73.691836 34.505408 62.951939 25.480591
32.717245 156.011945 73.688782 34.515879 62.960218 25.489629
32.715837 156.012103 73.685729 34.526358 62.968496 25.498675
32.714429 156.012262 73.682678 34.536842 62.976772 25.507725
32.713020 156.012421 73.679627 34.547335 62.985048 25.516783
32.711610 156.012580 73.676577 34.557835 62.993323 25.525847
32.710201 156.012738 73.673528 34.568341 63.001596 25.534918
32.708791 156.012898 73.670481 34.578857 63.009868 25.543997
32.707382 156.013056 73.667434 34.589377 63.018139 25.553081
32.705971 156.013215 73.664388 34.599905 63.026410 25.562173
32.704560 156.013373 73.661342 34.610440 63.034680 25.571269
32.703149 156.013532 73.658298 34.620983 63.042947 25.580374
32.701738 156.013690 73.655255 34.631533 63.051215 25.589485
32.700327 156.013849 73.652212 34.642089 63.059481 25.598602
32.698915 156.014008 73.649170 34.652652 63.067746 25.607726
32.697502 156.014166 73.646129 34.663225 63.076011 25.616859
32.696090 156.014324 73.643090 34.673803 63.084273 25.625996
32.694678 156.014483 73.640051 34.684389 63.092536 25.635141
32.693265 156.014642 73.637012 34.694981 63.100797 25.644292
32.691852 156.014800 73.633976 34.705581 63.109056 25.653451
32.690437 156.014958 73.630939 34.716189 63.117316 25.662616
32.689024 156.015117 73.627903 34.726801 63.125573 25.671786
32.687610 156.015275 73.624869 34.737424 63.133830 25.680965
32.686195 156.015433 73.621835 34.748053 63.142087 25.690150
32.684781 156.015591 73.618802 34.758688 63.150341 25.699341
32.683366 156.015750 73.615771 34.769332 63.158595 25.708540
32.681950 156.015908 73.612739 34.779981 63.166847 25.717744
32.680535 156.016066 73.609709 34.790639 63.175099 25.726956
32.679119 156.016225 73.606680 34.801304 63.183350 25.736175
32.677703 156.016382 73.603652 34.811976 63.191599 25.745401
32.676287 156.016540 73.600625 34.822655 63.199848 25.754632
32.674869 156.016699 73.597598 34.833341 63.208095 25.763870
32.673452 156.016856 73.594572 34.844036 63.216342 25.773116
32.672035 156.017014 73.591548 34.854735 63.224587 25.782368
32.670617 156.017172 73.588524 34.865445 63.232831 25.791628
32.669200 156.017330 73.585500 34.876159 63.241075 25.800893
32.667781 156.017487 73.582478 34.886882 63.249317 25.810166
32.666362 156.017645 73.579457 34.897612 63.257558 25.819445
32.664944 156.017803 73.576437 34.908350 63.265797 25.828732
32.663525 156.017961 73.573417 34.919094 63.274037 25.838025
32.662105 156.018119 73.570399 34.929846 63.282274 25.847325
32.660686 156.018276 73.567381 34.940605 63.290512 25.856632
32.659265 156.018434 73.564364 34.951371 63.298747 25.865945
32.657845 156.018592 73.561348 34.962145 63.306982 25.875266
32.656424 156.018749 73.558333 34.972925 63.315216 25.884592
32.655004 156.018907 73.555318 34.983713 63.323449 25.893926
32.653583 156.019065 73.552305 34.994509 63.331680 25.903267
32.652160 156.019223 73.549292 35.005311 63.339911 25.912614
32.650739 156.019380 73.546281 35.016122 63.348140 25.921969
32.649317 156.019537 73.543270 35.026938 63.356369 25.931329
32.647895 156.019694 73.540260 35.037763 63.364596 25.940697
32.646472 156.019851 73.537251 35.048595 63.372823 25.950071
32.645050 156.020010 73.534243 35.059433 63.381048 25.959453
32.643626 156.020167 73.531235 35.070281 63.389272 25.968842
32.642202 156.020323 73.528229 35.081135 63.397495 25.978238
32.640779 156.020481 73.525223 35.091997 63.405717 25.987640
32.639355 156.020638 73.522219 35.102865 63.413938 25.997049
32.637930 156.020796 73.519215 35.113740 63.422158 26.006465
32.636505 156.020952 73.516211 35.124623 63.430377 26.015887
32.635080 156.021110 73.513210 35.135513 63.438594 26.025317
32.633655 156.021267 73.510208 35.146412 63.446811 26.034754
32.632230 156.021424 73.507208 35.157316 63.455027 26.044197
32.630804 156.021581 73.504208 35.168229 63.463242 26.053648
32.629378 156.021738 73.501209 35.179149 63.471455 26.063105
32.627951 156.021896 73.498211 35.190077 63.479667 26.072569
32.626524 156.022053 73.495214 35.201012 63.487879 26.082041
32.625098 156.022210 73.492219 35.211954 63.496088 26.091519
32.623670 156.022366 73.489223 35.222902 63.504297 26.101002
32.622243 156.022523 73.486228 35.233861 63.512506 26.110496
32.620815 156.022679 73.483235 35.244823 63.520713 26.119993
32.619386 156.022837 73.480242 35.255795 63.528918 26.129499
32.617958 156.022993 73.477250 35.266774 63.537124 26.139011
32.616530 156.023151 73.474258 35.277760 63.545327 26.148530
32.615101 156.023307 73.471268 35.288754 63.553530 26.158056
32.613672 156.023464 73.468280 35.299754 63.561731 26.167589
32.612241 156.023620 73.465291 35.310765 63.569932 26.177131
32.610811 156.023776 73.462303 35.321779 63.578132 26.186677
32.609381 156.023934 73.459317 35.332803 63.586329 26.196232
32.607951 156.024090 73.456330 35.343833 63.594527 26.205792
32.606520 156.024247 73.453345 35.354873 63.602723 26.215361
32.605089 156.024403 73.450361 35.365917 63.610918 26.224936
32.603657 156.024560 73.447377 35.376969 63.619112 26.234517
32.602226 156.024716 73.444395 35.388030 63.627305 26.244106
32.600794 156.024873 73.441413 35.399098 63.635496 26.253703
32.599362 156.025029 73.438432 35.410173 63.643687 26.263305
32.597930 156.025185 73.435453 35.421256 63.651877 26.272915
32.596497 156.025342 73.432474 35.432348 63.660066 26.282533
32.595063 156.025498 73.429495 35.443445 63.668253 26.292157
32.593630 156.025654 73.426517 35.454550 63.676439 26.301788
32.592196 156.025811 73.423541 35.465663 63.684624 26.311426
32.590763 156.025967 73.420565 35.476782 63.692809 26.321070
32.589329 156.026123 73.417589 35.487910 63.700992 26.330722
32.587894 156.026280 73.414616 35.499045 63.709173 26.340381
32.586460 156.026435 73.411642 35.510187 63.717354 26.350046
32.585024 156.026591 73.408669 35.521337 63.725534 26.359719
32.583588 156.026747 73.405698 35.532495 63.733713 26.369399
32.582153 156.026903 73.402728 35.543659 63.741890 26.379086
32.580717 156.027060 73.399757 35.554831 63.750067 26.388780
32.579281 156.027216 73.396788 35.566012 63.758242 26.398481
32.577845 156.027372 73.393820 35.577199 63.766417 26.408189
32.576407 156.027527 73.390852 35.588393 63.774590 26.417904
32.574970 156.027683 73.387886 35.599596 63.782762 26.427627
32.573533 156.027839 73.384919 35.610806 63.790933 26.437356
32.572095 156.027995 73.381954 35.622022 63.799102 26.447092
32.570657 156.028150 73.378991 35.633248 63.807271 26.456836
32.569219 156.028307 73.376027 35.644481 63.815438 26.466587
32.567780 156.028462 73.373064 35.655722 63.823605 26.476345
32.566341 156.028618 73.370102 35.666968 63.831771 26.486109
32.564902 156.028773 73.367142 35.678224 63.839935 26.495881
32.563463 156.028930 73.364182 35.689486 63.848098 26.505659
32.562023 156.029086 73.361223 35.700755 63.856260 26.515445
32.560583 156.029241 73.358264 35.712034 63.864421 26.525239
32.559143 156.029396 73.355306 35.723319 63.872580 26.535038
32.557702 156.029552 73.352349 35.734612 63.880739 26.544846
32.556261 156.029707 73.349393 35.745912 63.888897 26.554660
32.554820 156.029863 73.346438 35.757221 63.897054 26.564481
32.553379 156.030018 73.343484 35.768536 63.905209 26.574310
32.551937 156.030174 73.340530 35.779859 63.913363 26.584145
32.550496 156.030329 73.337578 35.791189 63.921516 26.593988
32.549053 156.030485 73.334626 35.802526 63.929669 26.603837
32.547610 156.030640 73.331675 35.813874 63.937820 26.613696
32.546167 156.030795 73.328724 35.825227 63.945969 26.623559
32.544724 156.030951 73.325775 35.836587 63.954118 26.633431
32.543281 156.031106 73.322826 35.847957 63.962265 26.643310
32.541837 156.031261 73.319879 35.859332 63.970412 26.653195
32.540393 156.031416 73.316931 35.870716 63.978557 26.663088
32.538949 156.031571 73.313985 35.882107 63.986702 26.672988
32.537504 156.031727 73.311041 35.893506 63.994844 26.682895
32.536059 156.031882 73.308095 35.904912 64.002986 26.692808
32.534614 156.032036 73.305152 35.916328 64.011127 26.702732
32.533169 156.032192 73.302209 35.927748 64.019267 26.712659
32.531723 156.032347 73.299267 35.939179 64.027405 26.722596
32.530277 156.032501 73.296326 35.950616 64.035543 26.732539
32.528831 156.032657 73.293385 35.962061 64.043678 26.742489
32.527384 156.032811 73.290445 35.973513 64.051814 26.752447
32.525937 156.032967 73.287506 35.984973 64.059948 26.762412
32.524490 156.033122 73.284568 35.996441 64.068081 26.772384
32.523043 156.033276 73.281631 36.007916 64.076212 26.782362
32.521595 156.033431 73.278695 36.019400 64.084344 26.792350
32.520147 156.033586 73.275759 36.030891 64.092473 26.802343
32.518699 156.033741 73.272824 36.042389 64.100601 26.812343
32.517251 156.033896 73.269890 36.053895 64.108728 26.822351
32.515801 156.034050 73.266957 36.065408 64.116854 26.832366
32.514352 156.034205 73.264024 36.076931 64.124979 26.842389
32.512902 156.034359 73.261092 36.088460 64.133103 26.852419
32.511453 156.034514 73.258162 36.099997 64.141226 26.862457
32.510003 156.034668 73.255232 36.111542 64.149347 26.872501
32.508553 156.034823 73.252302 36.123095 64.157468 26.882553
32.507102 156.034978 73.249374 36.134654 64.165587 26.892611
32.505652 156.035132 73.246446 36.146222 64.173705 26.902678
32.504200 156.035286 73.243519 36.157798 64.181822 26.912752
32.502748 156.035442 73.240593 36.169381 64.189938 26.922832
32.501297 156.035596 73.237668 36.180972 64.198052 26.932920
32.499845 156.035750 73.234744 36.192572 64.206166 26.943017
32.498393 156.035904 73.231820 36.204178 64.214278 26.953119
32.496940 156.036059 73.228897 36.215791 64.222389 26.963229
32.495488 156.036213 73.225975 36.227415 64.230499 26.973347
32.494035 156.036367 73.223054 36.239044 64.238608 26.983471
32.492581 156.036522 73.220134 36.250683 64.246715 26.993604
32.491127 156.036676 73.217213 36.262327 64.254822 27.003743
32.489673 156.036831 73.214295 36.273981 64.262928 27.013890
32.488219 156.036985 73.211377 36.285641 64.271031 27.024044
32.486764 156.037139 73.208459 36.297310 64.279135 27.034205
32.485309 156.037293 73.205544 36.308987 64.287237 27.044373
32.483855 156.037447 73.202627 36.320671 64.295337 27.054549
32.482399 156.037601 73.199713 36.332363 64.303437 27.064733
32.480944 156.037755 73.196798 36.344064 64.311536 27.074924
32.479488 156.037909 73.193886 36.355770 64.319633 27.085121
32.478031 156.038062 73.190972 36.367486 64.327729 27.095327
32.476574 156.038217 73.188061 36.379210 64.335825 27.105541
32.475118 156.038371 73.185150 36.390942 64.343918 27.115761
32.473660 156.038525 73.182240 36.402681 64.352011 27.125989
32.472203 156.038679 73.179330 36.414427 64.360102 27.136223
32.470746 156.038833 73.176422 36.426183 64.368193 27.146467
32.469288 156.038986 73.173514 36.437946 64.376281 27.156717
32.467830 156.039140 73.170607 36.449716 64.384370 27.166974
32.466371 156.039294 73.167701 36.461493 64.392457 27.177239
32.464912 156.039448 73.164796 36.473280 64.400543 27.187512
32.463453 156.039601 73.161892 36.485075 64.408627 27.197792
32.461993 156.039755 73.158988 36.496878 64.416710 27.208080
32.460534 156.039908 73.156084 36.508688 64.424792 27.218374
32.459074 156.040063 73.153182 36.520505 64.432873 27.228676
32.457614 156.040216 73.150281 36.532331 64.440953 27.238986
32.456153 156.040369 73.147380 36.544163 64.449032 27.249302
32.454693 156.040522 73.144481 36.556006 64.457109 27.259627
32.453232 156.040677 73.141582 36.567857 64.465186 27.269960
32.451770 156.040830 73.138683 36.579713 64.473261 27.280299
32.450309 156.040984 73.135785 36.591578 64.481335 27.290645
32.448847 156.041137 73.132888 36.603451 64.489407 27.301000
32.447384 156.041289 73.129992 36.615333 64.497480 27.311361
32.445922 156.041443 73.127098 36.627222 64.505550 27.321731
32.444459 156.041597 73.124204 36.639119 64.513619 27.332108
32.442996 156.041750 73.121310 36.651024 64.521687 27.342492
32.441533 156.041903 73.118417 36.662937 64.529753 27.352884
32.440069 156.042056 73.115525 36.674857 64.537819 27.363283
32.438605 156.042209 73.112634 36.686787 64.545883 27.373691
32.437141 156.042363 73.109743 36.698723 64.553947 27.384105
32.435677 156.042516 73.106853 36.710669 64.562009 27.394528
32.434212 156.042670 73.103964 36.722622 64.570070 27.404957
32.432747 156.042822 73.101076 36.734581 64.578130 27.415394
32.431281 156.042975 73.098189 36.746550 64.586188 27.425838
32.429816 156.043128 73.095303 36.758527 64.594246 27.436291
32.428350 156.043281 73.092417 36.770513 64.602302 27.446752
32.426884 156.043434 73.089531 36.782506 64.610357 27.457219
32.425417 156.043587 73.086647 36.794506 64.618411 27.467693
32.423951 156.043740 73.083764 36.806516 64.626463 27.478177
32.422484 156.043893 73.080881 36.818533 64.634515 27.488668
32.421017 156.044047 73.078000 36.830557 64.642565 27.499165
32.419549 156.044199 73.075118 36.842589 64.650614 27.509669
32.418081 156.044352 73.072238 36.854631 64.658662 27.520183
32.416613 156.044505 73.069358 36.866679 64.666709 27.530703
32.415145 156.044658 73.066479 36.878737 64.674754 27.541232
32.413676 156.044810 73.063601 36.890802 64.682798 27.551767
32.412207 156.044963 73.060724 36.902875 64.690841 27.562311
32.410737 156.045116 73.057847 36.914957 64.698883 27.572863
32.409268 156.045268 73.054971 36.927044 64.706923 27.583420
32.407798 156.045422 73.052097 36.939144 64.714963 27.593988
32.406328 156.045574 73.049222 36.951249 64.723002 27.604561
32.404858 156.045726 73.046349 36.963363 64.731038 27.615143
32.403387 156.045879 73.043477 36.975483 64.739074 27.625731
32.401917 156.046031 73.040605 36.987613 64.747108 27.636328
32.400445 156.046184 73.037734 36.999752 64.755142 27.646933
32.398974 156.046336 73.034863 37.011897 64.763174 27.657545
32.397502 156.046488 73.031994 37.024051 64.771205 27.668165
32.396030 156.046641 73.029125 37.036213 64.779235 27.678793
32.394558 156.046794 73.026256 37.048385 64.787264 27.689429
32.393086 156.046946 73.023390 37.060563 64.795291 27.700072
32.391612 156.047099 73.020524 37.072749 64.803316 27.710722
32.390139 156.047250 73.017657 37.084944 64.811342 27.721381
32.388665 156.047402 73.014793 37.097146 64.819365 27.732047
32.387191 156.047555 73.011928 37.109359 64.827388 27.742722
32.385718 156.047707 73.009065 37.121577 64.835409 27.753403
32.384243 156.047859 73.006203 37.133805 64.843429 27.764092
32.382769 156.048011 73.003340 37.146039 64.851448 27.774789
32.381294 156.048163 73.000479 37.158284 64.859466 27.785494
32.379819 156.048316 72.997619 37.170536 64.867482 27.796207
32.378344 156.048468 72.994759 37.182795 64.875497 27.806927
32.376868 156.048620 72.991900 37.195064 64.883511 27.817655
32.375392 156.048772 72.989042 37.207339 64.891524 27.828390
32.373916 156.048924 72.986185 37.219627 64.899535 27.839136
32.372439 156.049077 72.983328 37.231918 64.907546 27.849886
32.370963 156.049228 72.980473 37.244218 64.915555 27.860645
32.369486 156.049380 72.977617 37.256528 64.923563 27.871412
32.368007 156.049532 72.974764 37.268846 64.931569 27.882188
32.366530 156.049684 72.971910 37.281172 64.939574 27.892970
32.365052 156.049836 72.969057 37.293507 64.947578 27.903761
32.363574 156.049987 72.966205 37.305848 64.955581 27.914558
32.362095 156.050139 72.963354 37.318199 64.963583 27.925364
32.360617 156.050291 72.960503 37.330557 64.971584 27.936177
32.359138 156.050443 72.957653 37.342924 64.979583 27.946999
32.357658 156.050594 72.954805 37.355300 64.987581 27.957829
32.356179 156.050746 72.951956 37.367682 64.995577 27.968665
32.354699 156.050898 72.949109 37.380074 65.003572 27.979510
32.353219 156.051049 72.946262 37.392475 65.011567 27.990364
32.351739 156.051201 72.943417 37.404884 65.019560 28.001225
32.350258 156.051353 72.940571 37.417299 65.027552 28.012093
32.348777 156.051505 72.937726 37.429725 65.035542 28.022970
32.347296 156.051656 72.934883 37.442158 65.043531 28.033855
32.345814 156.051807 72.932040 37.454599 65.051519 28.044747
32.344332 156.051958 72.929198 37.467049 65.059507 28.055647
32.342850 156.052110 72.926356 37.479507 65.067491 28.066555
32.341368 156.052261 72.923515 37.491974 65.075476 28.077471
32.339885 156.052413 72.920676 37.504449 65.083459 28.088396
32.338402 156.052564 72.917836 37.516931 65.091441 28.099326
32.336918 156.052715 72.914998 37.529423 65.099422 28.110266
32.335435 156.052867 72.912161 37.541923 65.107400 28.121214
32.333951 156.053018 72.909324 37.554431 65.115379 28.132170
32.332467 156.053170 72.906488 37.566947 65.123355 28.143133
32.330983 156.053321 72.903652 37.579472 65.131331 28.154104
32.329498 156.053471 72.900817 37.592005 65.139305 28.165083
32.328013 156.053623 72.897983 37.604548 65.147279 28.176071
32.326528 156.053774 72.895150 37.617097 65.155250 28.187066
32.325043 156.053925 72.892317 37.629657 65.163221 28.198070
32.323557 156.054077 72.889486 37.642222 65.171190 28.209080
32.322071 156.054227 72.886655 37.654797 65.179158 28.220099
32.320585 156.054379 72.883825 37.667382 65.187125 28.231127
32.319099 156.054529 72.880996 37.679974 65.195090 28.242162
32.317612 156.054681 72.878167 37.692574 65.203054 28.253205
32.316125 156.054831 72.875339 37.705183 65.211018 28.264255
32.314637 156.054983 72.872511 37.717801 65.218979 28.275314
32.313150 156.055133 72.869685 37.730425 65.226940 28.286380
32.311662 156.055284 72.866859 37.743059 65.234899 28.297455
32.310174 156.055435 72.864035 37.755702 65.242856 28.308539
32.308685 156.055585 72.861210 37.768353 65.250814 28.319630
32.307196 156.055736 72.858386 37.781013 65.258769 28.330729
32.305707 156.055887 72.855564 37.793680 65.266723 28.341836
32.304218 156.056038 72.852741 37.806356 65.274676 28.352951
32.302729 156.056189 72.849920 37.819042 65.282627 28.364075
32.301239 156.056340 72.847100 37.831735 65.290578 28.375206
32.299749 156.056490 72.844280 37.844437 65.298526 28.386345
32.298257 156.056640 72.841461 37.857147 65.306474 28.397492
32.296766 156.056791 72.838643 37.869866 65.314421 28.408648
32.295276 156.056942 72.835825 37.882594 65.322366 28.419812
32.293784 156.057092 72.833008 37.895329 65.330310 28.430983
32.292293 156.057244 72.830192 37.908073 65.338253 28.442162
32.290801 156.057394 72.827376 37.920827 65.346194 28.453351
32.289309 156.057544 72.824562 37.933586 65.354134 28.464545
32.287817 156.057695 72.821748 37.946357 65.362072 28.475750
32.286324 156.057845 72.818935 37.959136 65.370010 28.486962
32.284831 156.057995 72.816123 37.971922 65.377947 28.498182
32.283338 156.058146 72.813310 37.984717 65.385882 28.509410
32.281844 156.058296 72.810500 37.997521 65.393815 28.520646
32.280351 156.058446 72.807689 38.010333 65.401747 28.531890
32.278857 156.058597 72.804880 38.023155 65.409679 28.543143
32.277363 156.058747 72.802071 38.035985 65.417608 28.554404
32.275868 156.058898 72.799263 38.048823 65.425537 28.565674
32.274373 156.059047 72.796456 38.061669 65.433464 28.576950
32.272878 156.059198 72.793649 38.074526 65.441389 28.588236
32.271382 156.059348 72.790843 38.087389 65.449315 28.599529
32.269887 156.059498 72.788038 38.100262 65.457237 28.610831
32.268391 156.059648 72.785234 38.113144 65.465160 28.622141
32.266895 156.059798 72.782430 38.126033 65.473081 28.633459
32.265398 156.059949 72.779628 38.138931 65.481000 28.644784
32.263902 156.060098 72.776825 38.151838 65.488918 28.656118
32.262404 156.060248 72.774023 38.164754 65.496835 28.667461
32.260907 156.060398 72.771223 38.177678 65.504750 28.678811
32.259410 156.060548 72.768423 38.190611 65.512665 28.690170
32.257912 156.060698 72.765624 38.203552 65.520578 28.701537
32.256414 156.060848 72.762825 38.216501 65.528489 28.712911
32.254915 156.060998 72.760027 38.229461 65.536400 28.724296
32.253416 156.061148 72.757230 38.242429 65.544309 28.735688
32.251918 156.061298 72.754434 38.255404 65.552217 28.747087
32.250418 156.061447 72.751638 38.268390 65.560124 28.758497
32.248919 156.061597 72.748843 38.281383 65.568029 28.769913
32.247419 156.061747 72.746049 38.294385 65.575932 28.781337
32.245919 156.061896 72.743256 38.307397 65.583834 28.792771
32.244419 156.062046 72.740463 38.320416 65.591735 28.804212
32.242918 156.062196 72.737671 38.333443 65.599635 28.815661
32.241417 156.062346 72.734879 38.346482 65.607534 28.827121
32.239916 156.062495 72.732088 38.359527 65.615432 28.838586
32.238414 156.062645 72.729298 38.372582 65.623328 28.850061
32.236913 156.062794 72.726510 38.385646 65.631222 28.861544
32.235411 156.062944 72.723721 38.398717 65.639116 28.873035
32.233908 156.063093 72.720933 38.411797 65.647008 28.884534
32.232406 156.063243 72.718146 38.424887 65.654898 28.896042
32.230903 156.063393 72.715360 38.437985 65.662788 28.907558
32.229400 156.063542 72.712575 38.451091 65.670676 28.919082
32.227897 156.063692 72.709790 38.464207 65.678562 28.930615
32.226393 156.063840 72.707005 38.477329 65.686447 28.942155
32.224889 156.063990 72.704222 38.490464 65.694331 28.953705
32.223385 156.064139 72.701440 38.503606 65.702214 28.965263
32.221880 156.064289 72.698657 38.516756 65.710096 28.976829
32.220375 156.064437 72.695876 38.529916 65.717976 28.988404
