-4.835878 158.505740 85.153931 38.378628 27.978490 26.396546
-4.835564 158.504813 85.160750 38.376775 27.983219 26.395106
-4.835249 158.503887 85.167564 38.374920 27.987952 26.393666
-4.834936 158.502962 85.174371 38.373064 27.992692 26.392224
-4.834624 158.502036 85.181175 38.371208 27.997437 26.390782
-4.834311 158.501111 85.187972 38.369351 28.002186 26.389339
-4.834000 158.500186 85.194765 38.367494 28.006943 26.387896
-4.833689 158.499262 85.201554 38.365636 28.011704 26.386452
-4.833379 158.498338 85.208336 38.363778 28.016470 26.385008
-4.833069 158.497414 85.215114 38.361919 28.021242 26.383562
-4.832761 158.496490 85.221887 38.360059 28.026019 26.382116
-4.832452 158.495567 85.228654 38.358198 28.030802 26.380670
-4.832145 158.494645 85.235416 38.356338 28.035590 26.379223
-4.831838 158.493723 85.242174 38.354476 28.040384 26.377775
-4.831531 158.492800 85.248926 38.352614 28.045183 26.376326
-4.831226 158.491879 85.255674 38.350752 28.049987 26.374878
-4.830920 158.490957 85.262417 38.348888 28.054797 26.373428
-4.830616 158.490035 85.269154 38.347024 28.059612 26.371978
-4.830313 158.489115 85.275886 38.345160 28.064432 26.370527
-4.830009 158.488195 85.282613 38.343295 28.069258 26.369076
-4.829707 158.487274 85.289335 38.341429 28.074089 26.367624
-4.829405 158.486354 85.296053 38.339562 28.078925 26.366171
-4.829104 158.485434 85.302765 38.337696 28.083767 26.364718
-4.828803 158.484515 85.309472 38.335828 28.088614 26.363264
-4.828503 158.483596 85.316174 38.333961 28.093466 26.361810
-4.828205 158.482677 85.322872 38.332092 28.098323 26.360354
-4.827906 158.481759 85.329564 38.330222 28.103186 26.358899
-4.827608 158.480841 85.336251 38.328353 28.108054 26.357443
-4.827311 158.479923 85.342934 38.326482 28.112928 26.355985
-4.827014 158.479006 85.349611 38.324611 28.117806 26.354528
-4.826719 158.478089 85.356282 38.322739 28.122691 26.353070
-4.826424 158.477173 85.362951 38.320867 28.127580 26.351611
-4.826129 158.476256 85.369612 38.318995 28.132474 26.350152
-4.825835 158.475339 85.376270 38.317121 28.137374 26.348692
-4.825542 158.474424 85.382922 38.315246 28.142279 26.347231
-4.825249 158.473509 85.389570 38.313372 28.147188 26.345770
-4.824957 158.472593 85.396213 38.311497 28.152104 26.344309
-4.824666 158.471679 85.402850 38.309621 28.157025 26.342846
-4.824376 158.470764 85.409483 38.307744 28.161950 26.341383
-4.824086 158.469849 85.416110 38.305867 28.166882 26.339920
-4.823797 158.468936 85.422734 38.303990 28.171817 26.338456
-4.823508 158.468023 85.429351 38.302111 28.176759 26.336991
-4.823220 158.467109 85.435964 38.300233 28.181705 26.335526
-4.822933 158.466196 85.442572 38.298353 28.186657 26.334060
-4.822646 158.465283 85.449175 38.296473 28.191613 26.332593
-4.822361 158.464371 85.455774 38.294592 28.196575 26.331126
-4.822075 158.463459 85.462366 38.292711 28.201542 26.329658
-4.821791 158.462547 85.468955 38.290829 28.206515 26.328190
-4.821508 158.461636 85.475539 38.288946 28.211491 26.326721
-4.821225 158.460725 85.482117 38.287063 28.216474 26.325252
-4.820942 158.459814 85.488691 38.285179 28.221462 26.323782
-4.820661 158.458904 85.495259 38.283294 28.226454 26.322311
-4.820379 158.457994 85.501824 38.281410 28.231451 26.320840
-4.820099 158.457084 85.508383 38.279524 28.236454 26.319368
-4.819819 158.456174 85.514937 38.277638 28.241462 26.317895
-4.819540 158.455266 85.521487 38.275751 28.246475 26.316423
-4.819262 158.454356 85.528030 38.273863 28.251493 26.314949
-4.818985 158.453448 85.534571 38.271976 28.256515 26.313475
-4.818708 158.452539 85.541105 38.270087 28.261544 26.312000
-4.818432 158.451632 85.547636 38.268197 28.266577 26.310525
-4.818156 158.450724 85.554160 38.266308 28.271615 26.309049
-4.817881 158.449816 85.560681 38.264417 28.276658 26.307572
-4.817607 158.448909 85.567196 38.262526 28.281707 26.306095
-4.817334 158.448003 85.573707 38.260634 28.286759 26.304617
-4.817062 158.447096 85.580213 38.258741 28.291817 26.303139
-4.816789 158.446191 85.586713 38.256849 28.296881 26.301660
-4.816518 158.445285 85.593209 38.254955 28.301949 26.300181
-4.816247 158.444380 85.599701 38.253060 28.307022 26.298701
-4.815978 158.443474 85.606187 38.251166 28.312100 26.297221
-4.815709 158.442570 85.612669 38.249270 28.317183 26.295739
-4.815440 158.441665 85.619146 38.247375 28.322271 26.294258
-4.815172 158.440761 85.625618 38.245478 28.327364 26.292775
-4.814906 158.439858 85.632085 38.243581 28.332462 26.291293
-4.814639 158.438954 85.638548 38.241683 28.337565 26.289809
-4.814373 158.438051 85.645006 38.239783 28.342673 26.288325
-4.814109 158.437148 85.651459 38.237885 28.347785 26.286841
-4.813844 158.436245 85.657907 38.235984 28.352903 26.285355
-4.813580 158.435343 85.664350 38.234084 28.358026 26.283869
-4.813318 158.434441 85.670789 38.232182 28.363152 26.282383
-4.813056 158.433539 85.677223 38.230282 28.368284 26.280896
-4.812794 158.432638 85.683653 38.228378 28.373422 26.279408
-4.812534 158.431737 85.690077 38.226476 28.378564 26.277921
-4.812274 158.430836 85.696496 38.224573 28.383711 26.276432
-4.812015 158.429936 85.702912 38.222668 28.388863 26.274943
-4.811756 158.429036 85.709322 38.220763 28.394019 26.273453
-4.811499 158.428136 85.715727 38.218857 28.399181 26.271963
-4.811241 158.427237 85.722127 38.216951 28.404347 26.270472
-4.810985 158.426337 85.728525 38.215045 28.409518 26.268980
-4.810730 158.425438 85.734915 38.213137 28.414694 26.267488
-4.810475 158.424540 85.741302 38.211229 28.419874 26.265996
-4.810221 158.423641 85.747684 38.209321 28.425060 26.264503
-4.809968 158.422744 85.754061 38.207411 28.430250 26.263009
-4.809715 158.421846 85.760434 38.205502 28.435445 26.261515
-4.809463 158.420948 85.766801 38.203592 28.440645 26.260020
-4.809212 158.420052 85.773165 38.201680 28.445850 26.258525
-4.808961 158.419155 85.779523 38.199768 28.451059 26.257029
-4.808712 158.418259 85.785877 38.197856 28.456274 26.255532
-4.808463 158.417363 85.792226 38.195942 28.461493 26.254035
-4.808215 158.416467 85.798571 38.194029 28.466717 26.252538
-4.807967 158.415571 85.804910 38.192115 28.471945 26.251040
-4.807721 158.414677 85.811245 38.190200 28.477178 26.249541
-4.807475 158.413781 85.817575 38.188285 28.482416 26.248042
-4.807229 158.412887 85.823902 38.186368 28.487658 26.246542
-4.806985 158.411993 85.830222 38.184451 28.492905 26.245041
-4.806741 158.411099 85.836539 38.182535 28.498158 26.243541
-4.806498 158.410206 85.842851 38.180616 28.503414 26.242039
-4.806256 158.409313 85.849158 38.178698 28.508676 26.240537
-4.806014 158.408420 85.855460 38.176778 28.513942 26.239035
-4.805773 158.407526 85.861758 38.174858 28.519212 26.237531
-4.805533 158.406634 85.868052 38.172937 28.524488 26.236028
-4.805294 158.405742 85.874340 38.171016 28.529768 26.234523
-4.805055 158.404851 85.880624 38.169094 28.535053 26.233019
-4.804817 158.403959 85.886903 38.167172 28.540342 26.231514
-4.804581 158.403068 85.893179 38.165248 28.545636 26.230007
-4.804344 158.402177 85.899448 38.163324 28.550934 26.228501
-4.804108 158.401287 85.905714 38.161399 28.556237 26.226994
-4.803874 158.400396 85.911975 38.159475 28.561546 26.225487
-4.803639 158.399506 85.918232 38.157549 28.566858 26.223978
-4.803406 158.398617 85.924483 38.155623 28.572175 26.222470
-4.803174 158.397728 85.930731 38.153695 28.577496 26.220961
-4.802942 158.396839 85.936973 38.151768 28.582822 26.219451
-4.802711 158.395951 85.943212 38.149839 28.588154 26.217941
-4.802481 158.395062 85.949446 38.147911 28.593489 26.216430
-4.802251 158.394174 85.955675 38.145981 28.598828 26.214919
-4.802023 158.393286 85.961899 38.144051 28.604173 26.213407
-4.801795 158.392399 85.968118 38.142119 28.609522 26.211894
-4.801568 158.391512 85.974334 38.140188 28.614875 26.210381
-4.801342 158.390625 85.980545 38.138256 28.620233 26.208868
-4.801116 158.389738 85.986751 38.136323 28.625596 26.207354
-4.800891 158.388852 85.992953 38.134389 28.630963 26.205840
-4.800667 158.387966 85.999150 38.132456 28.636335 26.204325
-4.800444 158.387081 86.005343 38.130522 28.641711 26.202810
-4.800221 158.386196 86.011532 38.128586 28.647091 26.201293
-4.799999 158.385310 86.017715 38.126650 28.652476 26.199777
-4.799779 158.384426 86.023894 38.124712 28.657865 26.198259
-4.799558 158.383541 86.030068 38.122775 28.663260 26.196741
-4.799338 158.382658 86.036238 38.120837 28.668658 26.195223
-4.799120 158.381774 86.042405 38.118898 28.674061 26.193704
-4.798902 158.380890 86.048566 38.116959 28.679468 26.192185
-4.798685 158.380007 86.054722 38.115019 28.684880 26.190665
-4.798468 158.379124 86.060874 38.113079 28.690296 26.189145
-4.798253 158.378242 86.067021 38.111138 28.695717 26.187624
-4.798039 158.377360 86.073165 38.109196 28.701142 26.186102
-4.797824 158.376478 86.079304 38.107253 28.706571 26.184580
-4.797611 158.375596 86.085439 38.105309 28.712004 26.183058
-4.797399 158.374715 86.091568 38.103366 28.717443 26.181535
-4.797188 158.373834 86.097694 38.101422 28.722885 26.180012
-4.796977 158.372954 86.103814 38.099477 28.728332 26.178488
-4.796767 158.372073 86.109930 38.097531 28.733783 26.176963
-4.796558 158.371193 86.116042 38.095585 28.739240 26.175438
-4.796349 158.370313 86.122150 38.093637 28.744700 26.173912
-4.796141 158.369434 86.128253 38.091689 28.750164 26.172386
-4.795934 158.368555 86.134352 38.089741 28.755632 26.170860
-4.795728 158.367676 86.140445 38.087791 28.761106 26.169332
-4.795523 158.366798 86.146536 38.085842 28.766583 26.167805
-4.795318 158.365919 86.152622 38.083892 28.772065 26.166277
-4.795115 158.365042 86.158702 38.081940 28.777550 26.164748
-4.794912 158.364163 86.164779 38.079989 28.783041 26.163219
-4.794710 158.363287 86.170851 38.078037 28.788535 26.161689
-4.794508 158.362409 86.176919 38.076084 28.794034 26.160159
-4.794308 158.361533 86.182982 38.074130 28.799538 26.158628
-4.794109 158.360656 86.189041 38.072175 28.805045 26.157096
-4.793910 158.359780 86.195095 38.070220 28.810557 26.155564
-4.793712 158.358904 86.201146 38.068264 28.816073 26.154032
-4.793515 158.358029 86.207192 38.066309 28.821593 26.152499
-4.793319 158.357154 86.213233 38.064352 28.827117 26.150966
-4.793123 158.356279 86.219271 38.062394 28.832646 26.149432
-4.792928 158.355404 86.225303 38.060435 28.838179 26.147898
-4.792734 158.354531 86.231331 38.058477 28.843716 26.146363
-4.792540 158.353656 86.237355 38.056517 28.849258 26.144827
-4.792349 158.352782 86.243375 38.054557 28.854803 26.143292
-4.792157 158.351910 86.249391 38.052596 28.860353 26.141756
-4.791966 158.351036 86.255401 38.050634 28.865906 26.140218
-4.791776 158.350164 86.261408 38.048673 28.871464 26.138681
-4.791587 158.349291 86.267410 38.046709 28.877026 26.137143
-4.791399 158.348419 86.273409 38.044746 28.882593 26.135605
-4.791211 158.347547 86.279402 38.042782 28.888164 26.134066
-4.791024 158.346675 86.285391 38.040817 28.893739 26.132527
-4.790839 158.345805 86.291376 38.038851 28.899317 26.130986
-4.790654 158.344933 86.297357 38.036885 28.904901 26.129446
-4.790470 158.344063 86.303333 38.034918 28.910488 26.127905
-4.790286 158.343192 86.309305 38.032950 28.916079 26.126363
-4.790103 158.342322 86.315273 38.030982 28.921674 26.124822
-4.789922 158.341452 86.321236 38.029014 28.927274 26.123280
-4.789741 158.340583 86.327196 38.027044 28.932877 26.121737
-4.789561 158.339714 86.333151 38.025074 28.938485 26.120193
-4.789382 158.338845 86.339101 38.023102 28.944097 26.118649
-4.789204 158.337977 86.345047 38.021131 28.949712 26.117105
-4.789026 158.337109 86.350990 38.019159 28.955332 26.115560
-4.788849 158.336240 86.356927 38.017186 28.960956 26.114014
-4.788674 158.335373 86.362861 38.015212 28.966584 26.112468
-4.788499 158.334505 86.368790 38.013239 28.972216 26.110922
-4.788325 158.333639 86.374716 38.011264 28.977853 26.109376
-4.788151 158.332772 86.380636 38.009288 28.983493 26.107828
-4.787979 158.331905 86.386553 38.007311 28.989136 26.106280
-4.787807 158.331039 86.392465 38.005334 28.994784 26.104732
-4.787635 158.330173 86.398373 38.003357 29.000437 26.103183
-4.787466 158.329308 86.404277 38.001379 29.006093 26.101634
-4.787296 158.328443 86.410177 37.999400 29.011753 26.100084
-4.787129 158.327578 86.416072 37.997421 29.017417 26.098534
-4.786961 158.326713 86.421963 37.995440 29.023086 26.096983
-4.786794 158.325849 86.427850 37.993459 29.028758 26.095432
-4.786629 158.324985 86.433732 37.991478 29.034433 26.093880
-4.786464 158.324122 86.439611 37.989495 29.040113 26.092327
-4.786299 158.323258 86.445485 37.987513 29.045797 26.090775
-4.786136 158.322395 86.451355 37.985529 29.051485 26.089221
-4.785974 158.321532 86.457221 37.983545 29.057177 26.087668
-4.785812 158.320670 86.463083 37.981559 29.062872 26.086113
-4.785651 158.319807 86.468941 37.979574 29.068572 26.084559
-4.785491 158.318945 86.474794 37.977588 29.074276 26.083004
-4.785333 158.318084 86.480644 37.975600 29.079983 26.081448
-4.785174 158.317223 86.486488 37.973613 29.085694 26.079892
-4.785017 158.316361 86.492329 37.971624 29.091410 26.078335
-4.784861 158.315501 86.498166 37.969636 29.097129 26.076779
-4.784706 158.314640 86.503998 37.967646 29.102852 26.075221
-4.784551 158.313781 86.509827 37.965655 29.108579 26.073663
-4.784397 158.312921 86.515652 37.963665 29.114310 26.072105
-4.784244 158.312061 86.521471 37.961673 29.120044 26.070545
-4.784092 158.311202 86.527288 37.959680 29.125783 26.068986
-4.783940 158.310343 86.533100 37.957688 29.131525 26.067426
-4.783790 158.309484 86.538907 37.955693 29.137271 26.065865
-4.783641 158.308626 86.544711 37.953700 29.143021 26.064305
-4.783491 158.307769 86.550510 37.951704 29.148775 26.062743
-4.783344 158.306910 86.556306 37.949709 29.154532 26.061182
-4.783197 158.306053 86.562097 37.947711 29.160292 26.059619
-4.783051 158.305196 86.567884 37.945715 29.166057 26.058056
-4.782906 158.304339 86.573667 37.943717 29.171827 26.056493
-4.782762 158.303483 86.579446 37.941718 29.177599 26.054929
-4.782618 158.302626 86.585221 37.939719 29.183376 26.053366
-4.782476 158.301770 86.590991 37.937720 29.189156 26.051801
-4.782334 158.300915 86.596758 37.935718 29.194940 26.050235
-4.782194 158.300059 86.602522 37.933717 29.200727 26.048670
-4.782053 158.299204 86.608279 37.931715 29.206519 26.047104
-4.781914 158.298350 86.614034 37.929713 29.212314 26.045537
-4.781776 158.297495 86.619785 37.927710 29.218113 26.043971
-4.781638 158.296641 86.625530 37.925705 29.223915 26.042403
-4.781502 158.295788 86.631273 37.923702 29.229721 26.040836
-4.781367 158.294934 86.637011 37.921696 29.235532 26.039267
-4.781232 158.294080 86.642746 37.919690 29.241345 26.037698
-4.781098 158.293228 86.648475 37.917683 29.247162 26.036129
-4.780966 158.292375 86.654201 37.915676 29.252984 26.034559
-4.780833 158.291523 86.659924 37.913668 29.258807 26.032989
-4.780703 158.290671 86.665642 37.911658 29.264636 26.031418
-4.780572 158.289819 86.671356 37.909649 29.270468 26.029847
-4.780443 158.288967 86.677065 37.907639 29.276304 26.028275
-4.780315 158.288116 86.682771 37.905628 29.282143 26.026703
-4.780187 158.287265 86.688473 37.903617 29.287986 26.025131
-4.780060 158.286414 86.694172 37.901605 29.293832 26.023558
-4.779935 158.285564 86.699866 37.899592 29.299682 26.021984
-4.779809 158.284714 86.705556 37.897579 29.305536 26.020411
-4.779685 158.283865 86.711242 37.895564 29.311393 26.018836
-4.779563 158.283015 86.716923 37.893549 29.317255 26.017262
-4.779440 158.282166 86.722601 37.891534 29.323119 26.015687
-4.779319 158.281317 86.728275 37.889518 29.328987 26.014111
-4.779199 158.280469 86.733946 37.887500 29.334858 26.012535
-4.779079 158.279621 86.739611 37.885482 29.340734 26.010958
-4.778961 158.278773 86.745273 37.883465 29.346613 26.009381
-4.778843 158.277925 86.750932 37.881445 29.352494 26.007803
-4.778726 158.277078 86.756586 37.879425 29.358380 26.006226
-4.778610 158.276230 86.762236 37.877405 29.364270 26.004647
-4.778495 158.275384 86.767882 37.875384 29.370162 26.003068
-4.778381 158.274537 86.773524 37.873362 29.376060 26.001489
-4.778268 158.273691 86.779162 37.871339 29.381960 25.999909
-4.778156 158.272846 86.784798 37.869316 29.387863 25.998329
-4.778045 158.272000 86.790428 37.867293 29.393769 25.996749
-4.777934 158.271155 86.796054 37.865268 29.399680 25.995168
-4.777825 158.270310 86.801677 37.863243 29.405594 25.993586
-4.777716 158.269466 86.807296 37.861216 29.411511 25.992004
-4.777608 158.268621 86.812911 37.859190 29.417433 25.990422
-4.777501 158.267777 86.818521 37.857163 29.423356 25.988839
-4.777395 158.266933 86.824129 37.855135 29.429284 25.987256
-4.777290 158.266089 86.829732 37.853106 29.435216 25.985672
-4.777187 158.265246 86.835331 37.851076 29.441150 25.984088
-4.777083 158.264404 86.840926 37.849046 29.447088 25.982503
-4.776981 158.263561 86.846518 37.847015 29.453029 25.980918
-4.776880 158.262718 86.852104 37.844984 29.458975 25.979333
-4.776779 158.261876 86.857688 37.842952 29.464923 25.977747
-4.776680 158.261035 86.863268 37.840918 29.470874 25.976160
-4.776581 158.260193 86.868844 37.838885 29.476829 25.974574
-4.776484 158.259352 86.874416 37.836850 29.482788 25.972986
-4.776388 158.258512 86.879984 37.834815 29.488750 25.971399
-4.776291 158.257670 86.885548 37.832780 29.494715 25.969810
-4.776196 158.256831 86.891109 37.830743 29.500683 25.968222
-4.776103 158.255990 86.896665 37.828706 29.506655 25.966633
-4.776010 158.255151 86.902218 37.826668 29.512631 25.965044
-4.775918 158.254311 86.907767 37.824629 29.518609 25.963454
-4.775827 158.253472 86.913312 37.822591 29.524591 25.961864
-4.775736 158.252634 86.918854 37.820552 29.530576 25.960273
-4.775647 158.251796 86.924391 37.818510 29.536565 25.958682
-4.775559 158.250957 86.929925 37.816470 29.542556 25.957091
-4.775472 158.250119 86.935454 37.814427 29.548551 25.955498
-4.775385 158.249281 86.940980 37.812385 29.554550 25.953906
-4.775299 158.248444 86.946503 37.810341 29.560551 25.952313
-4.775214 158.247608 86.952021 37.808297 29.566557 25.950720
-4.775131 158.246770 86.957535 37.806252 29.572565 25.949126
-4.775048 158.245934 86.963047 37.804207 29.578576 25.947532
-4.774966 158.245098 86.968553 37.802161 29.584591 25.945937
-4.774886 158.244262 86.974057 37.800114 29.590608 25.944343
-4.774806 158.243427 86.979556 37.798066 29.596630 25.942747
-4.774727 158.242591 86.985052 37.796018 29.602654 25.941151
-4.774649 158.241756 86.990544 37.793968 29.608682 25.939555
-4.774572 158.240922 86.996031 37.791919 29.614713 25.937958
-4.774496 158.240088 87.001516 37.789869 29.620747 25.936362
-4.774421 158.239253 87.006997 37.787818 29.626784 25.934764
-4.774347 158.238419 87.012474 37.785766 29.632826 25.933166
-4.774274 158.237586 87.017947 37.783713 29.638869 25.931568
-4.774201 158.236752 87.023416 37.781660 29.644915 25.929969
-4.774130 158.235920 87.028882 37.779607 29.650966 25.928370
-4.774059 158.235087 87.034343 37.777551 29.657019 25.926770
-4.773989 158.234254 87.039801 37.775496 29.663075 25.925170
-4.773921 158.233423 87.045256 37.773440 29.669135 25.923570
-4.773854 158.232591 87.050707 37.771384 29.675197 25.921969
-4.773787 158.231759 87.056154 37.769326 29.681263 25.920368
-4.773721 158.230928 87.061597 37.767268 29.687332 25.918766
-4.773656 158.230097 87.067037 37.765209 29.693404 25.917164
-4.773593 158.229266 87.072473 37.763150 29.699479 25.915561
-4.773530 158.228436 87.077905 37.761090 29.705557 25.913959
-4.773468 158.227606 87.083333 37.759028 29.711639 25.912355
-4.773407 158.226776 87.088758 37.756967 29.717723 25.910752
-4.773348 158.225947 87.094179 37.754904 29.723811 25.909147
-4.773289 158.225118 87.099596 37.752842 29.729902 25.907543
-4.773231 158.224289 87.105010 37.750777 29.735995 25.905937
-4.773174 158.223461 87.110420 37.748713 29.742092 25.904332
-4.773117 158.222632 87.115826 37.746648 29.748192 25.902726
-4.773063 158.221804 87.121229 37.744582 29.754295 25.901120
-4.773008 158.220976 87.126628 37.742515 29.760401 25.899513
-4.772955 158.220149 87.132023 37.740448 29.766509 25.897906
-4.772903 158.219322 87.137415 37.738380 29.772622 25.896299
-4.772852 158.218495 87.142803 37.736312 29.778737 25.894692
-4.772802 158.217668 87.148187 37.734242 29.784855 25.893083
-4.772752 158.216843 87.153568 37.732172 29.790975 25.891474
-4.772704 158.216016 87.158945 37.730101 29.797100 25.889865
-4.772656 158.215190 87.164319 37.728029 29.803227 25.888256
-4.772610 158.214365 87.169688 37.725957 29.809357 25.886646
-4.772565 158.213540 87.175054 37.723884 29.815491 25.885035
-4.772521 158.212715 87.180417 37.721810 29.821627 25.883425
-4.772477 158.211891 87.185775 37.719735 29.827767 25.881813
-4.772435 158.211066 87.191130 37.717661 29.833909 25.880202
-4.772394 158.210243 87.196482 37.715584 29.840055 25.878590
-4.772353 158.209419 87.201830 37.713508 29.846203 25.876978
-4.772314 158.208596 87.207174 37.711430 29.852354 25.875365
-4.772275 158.207772 87.212515 37.709352 29.858509 25.873752
-4.772238 158.206950 87.217851 37.707274 29.864667 25.872138
-4.772201 158.206127 87.223184 37.705194 29.870827 25.870524
-4.772165 158.205306 87.228514 37.703114 29.876991 25.868910
-4.772131 158.204483 87.233840 37.701033 29.883157 25.867295
-4.772097 158.203662 87.239163 37.698951 29.889326 25.865680
-4.772065 158.202840 87.244481 37.696868 29.895498 25.864064
-4.772034 158.202019 87.249796 37.694786 29.901675 25.862448
-4.772003 158.201198 87.255108 37.692701 29.907852 25.860831
-4.771973 158.200378 87.260415 37.690617 29.914035 25.859214
-4.771944 158.199558 87.265720 37.688531 29.920218 25.857597
-4.771917 158.198738 87.271021 37.686445 29.926406 25.855979
-4.771890 158.197918 87.276318 37.684359 29.932596 25.854361
-4.771865 158.197099 87.281611 37.682271 29.938789 25.852743
-4.771840 158.196280 87.286901 37.680183 29.944985 25.851124
-4.771817 158.195462 87.292186 37.678093 29.951185 25.849504
-4.771794 158.194643 87.297470 37.676004 29.957387 25.847885
-4.771772 158.193825 87.302749 37.673913 29.963592 25.846264
-4.771752 158.193007 87.308024 37.671822 29.969800 25.844644
-4.771732 158.192190 87.313296 37.669730 29.976011 25.843023
-4.771713 158.191373 87.318564 37.667638 29.982225 25.841401
-4.771696 158.190555 87.323829 37.665544 29.988442 25.839779
-4.771679 158.189738 87.329090 37.663450 29.994662 25.838158
-4.771664 158.188922 87.334347 37.661355 30.000885 25.836535
-4.771649 158.188106 87.339601 37.659260 30.007110 25.834912
-4.771636 158.187290 87.344852 37.657163 30.013338 25.833288
-4.771623 158.186475 87.350098 37.655066 30.019570 25.831664
-4.771612 158.185659 87.355341 37.652968 30.025805 25.830040
-4.771601 158.184844 87.360581 37.650869 30.032042 25.828415
-4.771592 158.184030 87.365817 37.648770 30.038282 25.826790
-4.771584 158.183216 87.371049 37.646670 30.044525 25.825165
-4.771576 158.182402 87.376278 37.644569 30.050771 25.823539
-4.771570 158.181588 87.381504 37.642468 30.057020 25.821913
-4.771564 158.180774 87.386725 37.640365 30.063272 25.820286
-4.771559 158.179960 87.391944 37.638261 30.069526 25.818659
-4.771556 158.179148 87.397158 37.636159 30.075785 25.817032
-4.771554 158.178335 87.402369 37.634053 30.082045 25.815403
-4.771553 158.177522 87.407577 37.631949 30.088308 25.813775
-4.771553 158.176711 87.412780 37.629842 30.094575 25.812146
-4.771553 158.175899 87.417981 37.627735 30.100844 25.810517
-4.771555 158.175088 87.423177 37.625628 30.107115 25.808887
-4.771557 158.174277 87.428371 37.623519 30.113390 25.807258
-4.771561 158.173465 87.433561 37.621410 30.119669 25.805627
-4.771567 158.172655 87.438747 37.619301 30.125949 25.803996
-4.771572 158.171844 87.443930 37.617189 30.132232 25.802365
-4.771579 158.171035 87.449108 37.615078 30.138519 25.800733
-4.771587 158.170225 87.454284 37.612966 30.144808 25.799101
-4.771596 158.169415 87.459457 37.610854 30.151100 25.797469
-4.771606 158.168606 87.464625 37.608740 30.157395 25.795836
-4.771617 158.167797 87.469790 37.606625 30.163693 25.794202
-4.771630 158.166988 87.474952 37.604510 30.169993 25.792569
-4.771642 158.166180 87.480110 37.602394 30.176296 25.790935
-4.771656 158.165372 87.485265 37.600278 30.182602 25.789300
-4.771672 158.164564 87.490415 37.598160 30.188912 25.787665
-4.771688 158.163757 87.495563 37.596042 30.195224 25.786030
-4.771705 158.162950 87.500706 37.593923 30.201538 25.784394
-4.771724 158.162143 87.505847 37.591803 30.207856 25.782758
-4.771742 158.161336 87.510984 37.589683 30.214176 25.781122
-4.771763 158.160530 87.516117 37.587561 30.220499 25.779485
-4.771785 158.159724 87.521247 37.585439 30.226825 25.777847
-4.771807 158.158918 87.526373 37.583316 30.233154 25.776209
-4.771830 158.158113 87.531497 37.581193 30.239486 25.774571
-4.771856 158.157307 87.536615 37.579069 30.245820 25.772933
-4.771881 158.156503 87.541731 37.576943 30.252157 25.771294
-4.771908 158.155698 87.546844 37.574817 30.258497 25.769654
-4.771936 158.154894 87.551952 37.572691 30.264840 25.768014
-4.771964 158.154090 87.557059 37.570564 30.271185 25.766375
-4.771994 158.153286 87.562161 37.568436 30.277533 25.764734
-4.772025 158.152482 87.567259 37.566306 30.283884 25.763093
-4.772057 158.151679 87.572354 37.564176 30.290238 25.761451
-4.772090 158.150877 87.577445 37.562046 30.296595 25.759809
-4.772124 158.150074 87.582534 37.559914 30.302954 25.758167
-4.772159 158.149272 87.587618 37.557783 30.309317 25.756524
-4.772195 158.148470 87.592699 37.555650 30.315681 25.754881
-4.772232 158.147668 87.597777 37.553516 30.322049 25.753238
-4.772271 158.146867 87.602851 37.551382 30.328419 25.751594
-4.772311 158.146066 87.607921 37.549246 30.334793 25.749950
-4.772351 158.145265 87.612989 37.547111 30.341169 25.748305
-4.772393 158.144464 87.618052 37.544974 30.347547 25.746660
-4.772435 158.143664 87.623113 37.542837 30.353929 25.745015
-4.772478 158.142864 87.628169 37.540698 30.360313 25.743368
-4.772523 158.142064 87.633223 37.538559 30.366699 25.741722
-4.772570 158.141265 87.638273 37.536419 30.373089 25.740075
-4.772616 158.140466 87.643320 37.534279 30.379481 25.738428
-4.772664 158.139666 87.648363 37.532137 30.385876 25.736781
-4.772713 158.138868 87.653403 37.529995 30.392274 25.735132
-4.772763 158.138070 87.658438 37.527852 30.398674 25.733485
-4.772814 158.137272 87.663471 37.525708 30.405077 25.731835
-4.772867 158.136474 87.668500 37.523563 30.411484 25.730186
-4.772920 158.135677 87.673526 37.521418 30.417892 25.728537
-4.772974 158.134879 87.678549 37.519272 30.424303 25.726886
-4.773030 158.134083 87.683567 37.517125 30.430717 25.725236
-4.773087 158.133286 87.688583 37.514977 30.437134 25.723585
-4.773144 158.132490 87.693596 37.512829 30.443553 25.721934
-4.773203 158.131694 87.698605 37.510680 30.449976 25.720282
-4.773262 158.130899 87.703610 37.508530 30.456400 25.718631
-4.773323 158.130103 87.708611 37.506379 30.462828 25.716978
-4.773386 158.129308 87.713610 37.504227 30.469257 25.715325
-4.773448 158.128513 87.718604 37.502075 30.475690 25.713672
-4.773513 158.127719 87.723597 37.499921 30.482126 25.712018
-4.773578 158.126925 87.728585 37.497767 30.488564 25.710364
-4.773644 158.126130 87.733570 37.495612 30.495004 25.708710
-4.773712 158.125337 87.738551 37.493456 30.501448 25.707054
-4.773780 158.124543 87.743528 37.491301 30.507895 25.705399
-4.773850 158.123750 87.748504 37.489143 30.514343 25.703743
-4.773921 158.122957 87.753475 37.486985 30.520795 25.702087
-4.773993 158.122165 87.758442 37.484827 30.527249 25.700431
-4.774065 158.121373 87.763407 37.482666 30.533705 25.698774
-4.774139 158.120581 87.768368 37.480506 30.540165 25.697117
-4.774214 158.119789 87.773325 37.478345 30.546627 25.695459
-4.774290 158.118998 87.778280 37.476182 30.553092 25.693800
-4.774368 158.118207 87.783230 37.474019 30.559559 25.692142
-4.774446 158.117416 87.788178 37.471856 30.566029 25.690483
-4.774525 158.116625 87.793123 37.469691 30.572501 25.688823
-4.774605 158.115835 87.798063 37.467526 30.578975 25.687164
-4.774688 158.115045 87.803000 37.465360 30.585454 25.685504
-4.774771 158.114255 87.807934 37.463193 30.591934 25.683843
-4.774855 158.113466 87.812865 37.461026 30.598417 25.682182
-4.774940 158.112677 87.817793 37.458857 30.604902 25.680521
-4.775025 158.111888 87.822716 37.456687 30.611390 25.678858
-4.775112 158.111100 87.827637 37.454518 30.617882 25.677196
-4.775201 158.110312 87.832554 37.452346 30.624375 25.675533
-4.775291 158.109523 87.837468 37.450174 30.630870 25.673870
-4.775381 158.108735 87.842378 37.448003 30.637370 25.672207
-4.775473 158.107949 87.847285 37.445829 30.643870 25.670543
-4.775565 158.107161 87.852189 37.443655 30.650374 25.668879
-4.775659 158.106375 87.857089 37.441480 30.656880 25.667214
-4.775755 158.105588 87.861987 37.439303 30.663389 25.665549
-4.775851 158.104802 87.866881 37.437127 30.669900 25.663884
-4.775948 158.104016 87.871770 37.434950 30.676415 25.662218
-4.776046 158.103231 87.876658 37.432772 30.682931 25.660551
-4.776145 158.102445 87.881541 37.430593 30.689450 25.658885
-4.776246 158.101660 87.886422 37.428412 30.695972 25.657217
-4.776348 158.100875 87.891299 37.426231 30.702496 25.655550
-4.776451 158.100091 87.896172 37.424050 30.709023 25.653882
-4.776554 158.099306 87.901042 37.421868 30.715553 25.652213
-4.776659 158.098522 87.905909 37.419685 30.722085 25.650545
-4.776766 158.097739 87.910773 37.417500 30.728618 25.648875
-4.776873 158.096955 87.915633 37.415316 30.735155 25.647206
