66.722344 154.851997 12.778206 -179.972374 9.383121 179.805645
66.722142 154.852184 12.777101 -179.972440 9.374093 179.806138
66.721940 154.852371 12.775992 -179.972504 9.365065 179.806630
66.721737 154.852559 12.774880 -179.972570 9.356039 179.807121
66.721533 154.852746 12.773764 -179.972635 9.347013 179.807613
66.721328 154.852935 12.772644 -179.972701 9.337989 179.808104
66.721123 154.853123 12.771522 -179.972766 9.328966 179.808594
66.720917 154.853312 12.770396 -179.972831 9.319943 179.809085
66.720709 154.853501 12.769266 -179.972896 9.310921 179.809575
66.720502 154.853691 12.768132 -179.972961 9.301901 179.810064
66.720294 154.853880 12.766996 -179.973026 9.292881 179.810554
66.720084 154.854071 12.765856 -179.973091 9.283863 179.811042
66.719874 154.854261 12.764712 -179.973156 9.274845 179.811531
66.719663 154.854452 12.763564 -179.973222 9.265828 179.812019
66.719452 154.854644 12.762414 -179.973286 9.256812 179.812507
66.719240 154.854836 12.761260 -179.973352 9.247797 179.812995
66.719028 154.855028 12.760102 -179.973416 9.238784 179.813481
66.718814 154.855220 12.758940 -179.973481 9.229771 179.813967
66.718599 154.855413 12.757775 -179.973547 9.220760 179.814454
66.718384 154.855607 12.756607 -179.973611 9.211749 179.814941
66.718169 154.855800 12.755436 -179.973676 9.202740 179.815426
66.717952 154.855994 12.754259 -179.973740 9.193731 179.815911
66.717735 154.856189 12.753081 -179.973805 9.184724 179.816395
66.717517 154.856384 12.751898 -179.973870 9.175717 179.816880
66.717299 154.856579 12.750713 -179.973935 9.166712 179.817365
66.717079 154.856774 12.749523 -179.974000 9.157707 179.817848
66.716860 154.856970 12.748330 -179.974064 9.148704 179.818331
66.716638 154.857166 12.747133 -179.974129 9.139701 179.818814
66.716417 154.857363 12.745933 -179.974193 9.130700 179.819297
66.716196 154.857561 12.744729 -179.974258 9.121700 179.819778
66.715972 154.857758 12.743522 -179.974322 9.112701 179.820261
66.715749 154.857956 12.742312 -179.974387 9.103703 179.820743
66.715524 154.858154 12.741098 -179.974452 9.094705 179.821223
66.715299 154.858352 12.739879 -179.974516 9.085709 179.821705
66.715073 154.858551 12.738658 -179.974580 9.076714 179.822185
66.714847 154.858751 12.737432 -179.974645 9.067721 179.822664
66.714619 154.858950 12.736204 -179.974709 9.058728 179.823144
66.714391 154.859151 12.734972 -179.974773 9.049736 179.823623
66.714162 154.859351 12.733736 -179.974838 9.040745 179.824102
66.713933 154.859553 12.732497 -179.974902 9.031756 179.824580
66.713703 154.859754 12.731254 -179.974966 9.022767 179.825058
66.713472 154.859955 12.730008 -179.975030 9.013779 179.825536
66.713240 154.860157 12.728758 -179.975095 9.004792 179.826013
66.713008 154.860360 12.727504 -179.975158 8.995807 179.826490
66.712775 154.860562 12.726247 -179.975223 8.986823 179.826966
66.712540 154.860765 12.724987 -179.975287 8.977840 179.827443
66.712306 154.860969 12.723722 -179.975351 8.968858 179.827918
66.712071 154.861174 12.722455 -179.975415 8.959877 179.828393
66.711835 154.861377 12.721183 -179.975479 8.950897 179.828869
66.711598 154.861582 12.719907 -179.975543 8.941919 179.829344
66.711360 154.861788 12.718629 -179.975607 8.932941 179.829818
66.711122 154.861992 12.717347 -179.975671 8.923965 179.830292
66.710884 154.862198 12.716061 -179.975735 8.914990 179.830765
66.710643 154.862405 12.714772 -179.975799 8.906015 179.831239
66.710403 154.862611 12.713479 -179.975862 8.897042 179.831710
66.710162 154.862818 12.712182 -179.975926 8.888070 179.832183
66.709921 154.863027 12.710882 -179.975989 8.879100 179.832655
66.709678 154.863234 12.709578 -179.976053 8.870130 179.833127
66.709435 154.863442 12.708270 -179.976117 8.861162 179.833598
66.709191 154.863651 12.706959 -179.976180 8.852194 179.834069
66.708946 154.863859 12.705645 -179.976244 8.843228 179.834540
66.708701 154.864069 12.704326 -179.976308 8.834263 179.835009
66.708455 154.864279 12.703005 -179.976371 8.825299 179.835479
66.708207 154.864489 12.701679 -179.976435 8.816336 179.835948
66.707960 154.864699 12.700350 -179.976498 8.807375 179.836417
66.707711 154.864911 12.699018 -179.976562 8.798415 179.836885
66.707462 154.865122 12.697682 -179.976625 8.789455 179.837354
66.707213 154.865333 12.696341 -179.976688 8.780497 179.837821
66.706962 154.865545 12.694997 -179.976752 8.771540 179.838288
66.706711 154.865758 12.693651 -179.976815 8.762585 179.838755
66.706459 154.865971 12.692299 -179.976878 8.753630 179.839222
66.706206 154.866184 12.690945 -179.976941 8.744676 179.839688
66.705953 154.866398 12.689586 -179.977004 8.735724 179.840154
66.705698 154.866612 12.688225 -179.977068 8.726773 179.840619
66.705443 154.866826 12.686859 -179.977131 8.717823 179.841085
66.705188 154.867041 12.685490 -179.977194 8.708874 179.841548
66.704932 154.867257 12.684118 -179.977257 8.699927 179.842013
66.704675 154.867472 12.682741 -179.977320 8.690981 179.842477
66.704417 154.867688 12.681361 -179.977383 8.682036 179.842939
66.704159 154.867905 12.679977 -179.977446 8.673092 179.843403
66.703900 154.868121 12.678589 -179.977509 8.664150 179.843865
66.703640 154.868339 12.677198 -179.977571 8.655208 179.844328
66.703379 154.868556 12.675804 -179.977634 8.646268 179.844789
66.703118 154.868774 12.674405 -179.977697 8.637330 179.845251
66.702856 154.868992 12.673003 -179.977760 8.628392 179.845712
66.702593 154.869210 12.671598 -179.977823 8.619456 179.846173
66.702330 154.869430 12.670189 -179.977886 8.610520 179.846633
66.702065 154.869649 12.668775 -179.977948 8.601586 179.847093
66.701800 154.869869 12.667359 -179.978011 8.592654 179.847552
66.701534 154.870090 12.665939 -179.978073 8.583722 179.848011
66.701269 154.870310 12.664514 -179.978136 8.574792 179.848469
66.701001 154.870532 12.663086 -179.978198 8.565863 179.848927
66.700733 154.870753 12.661655 -179.978261 8.556936 179.849385
66.700465 154.870975 12.660220 -179.978324 8.548009 179.849843
66.700195 154.871197 12.658781 -179.978386 8.539084 179.850300
66.699925 154.871420 12.657339 -179.978448 8.530160 179.850757
66.699654 154.871644 12.655893 -179.978510 8.521237 179.851212
66.699383 154.871867 12.654443 -179.978573 8.512316 179.851669
66.699111 154.872090 12.652989 -179.978635 8.503396 179.852124
66.698839 154.872315 12.651532 -179.978697 8.494477 179.852579
66.698564 154.872540 12.650070 -179.978760 8.485560 179.853034
66.698290 154.872765 12.648606 -179.978822 8.476643 179.853488
66.698015 154.872990 12.647138 -179.978884 8.467728 179.853942
66.697739 154.873216 12.645665 -179.978946 8.458815 179.854395
66.697463 154.873442 12.644189 -179.979008 8.449902 179.854848
66.697186 154.873669 12.642709 -179.979070 8.440990 179.855301
66.696909 154.873897 12.641227 -179.979132 8.432081 179.855752
66.696630 154.874124 12.639740 -179.979194 8.423172 179.856204
66.696350 154.874352 12.638249 -179.979256 8.414265 179.856656
66.696070 154.874580 12.636754 -179.979318 8.405359 179.857107
66.695790 154.874808 12.635256 -179.979380 8.396454 179.857558
66.695507 154.875038 12.633754 -179.979442 8.387551 179.858008
66.695226 154.875267 12.632248 -179.979503 8.378649 179.858457
66.694943 154.875497 12.630739 -179.979565 8.369749 179.858907
66.694659 154.875727 12.629227 -179.979627 8.360849 179.859356
66.694375 154.875958 12.627709 -179.979688 8.351952 179.859804
66.694089 154.876189 12.626189 -179.979750 8.343055 179.860252
66.693803 154.876421 12.624664 -179.979812 8.334160 179.860700
66.693517 154.876653 12.623137 -179.979873 8.325266 179.861147
66.693230 154.876885 12.621605 -179.979935 8.316373 179.861594
66.692942 154.877118 12.620069 -179.979996 8.307482 179.862040
66.692653 154.877351 12.618530 -179.980058 8.298592 179.862487
66.692363 154.877584 12.616987 -179.980118 8.289704 179.862932
66.692074 154.877818 12.615440 -179.980180 8.280816 179.863378
66.691783 154.878052 12.613889 -179.980241 8.271931 179.863822
66.691491 154.878288 12.612335 -179.980303 8.263046 179.864266
66.691199 154.878522 12.610777 -179.980364 8.254163 179.864710
66.690906 154.878758 12.609215 -179.980425 8.245281 179.865153
66.690613 154.878994 12.607649 -179.980486 8.236401 179.865597
66.690317 154.879231 12.606081 -179.980548 8.227522 179.866040
66.690023 154.879467 12.604507 -179.980608 8.218645 179.866482
66.689727 154.879704 12.602930 -179.980669 8.209768 179.866924
66.689430 154.879942 12.601349 -179.980730 8.200893 179.867366
66.689133 154.880180 12.599765 -179.980791 8.192020 179.867806
66.688835 154.880418 12.598177 -179.980852 8.183148 179.868247
66.688536 154.880656 12.596584 -179.980913 8.174277 179.868688
66.688236 154.880896 12.594989 -179.980974 8.165408 179.869127
66.687937 154.881136 12.593390 -179.981035 8.156540 179.869567
66.687636 154.881376 12.591786 -179.981096 8.147674 179.870006
66.687334 154.881616 12.590178 -179.981156 8.138809 179.870444
66.687031 154.881857 12.588567 -179.981217 8.129945 179.870882
66.686728 154.882098 12.586953 -179.981277 8.121083 179.871320
66.686424 154.882340 12.585335 -179.981338 8.112222 179.871758
66.686120 154.882582 12.583711 -179.981398 8.103363 179.872194
66.685815 154.882824 12.582085 -179.981459 8.094504 179.872631
66.685509 154.883067 12.580456 -179.981520 8.085648 179.873067
66.685202 154.883311 12.578822 -179.981580 8.076793 179.873503
66.684895 154.883555 12.577185 -179.981640 8.067939 179.873937
66.684587 154.883798 12.575543 -179.981701 8.059087 179.874373
66.684278 154.884043 12.573897 -179.981761 8.050236 179.874807
66.683968 154.884288 12.572248 -179.981821 8.041387 179.875240
66.683659 154.884533 12.570596 -179.981882 8.032539 179.875675
66.683348 154.884778 12.568939 -179.981942 8.023692 179.876108
66.683036 154.885025 12.567279 -179.982002 8.014847 179.876540
66.682724 154.885272 12.565614 -179.982062 8.006004 179.876972
66.682410 154.885518 12.563946 -179.982122 7.997162 179.877403
66.682097 154.885766 12.562274 -179.982182 7.988321 179.877835
66.681782 154.886014 12.560598 -179.982242 7.979482 179.878266
66.681467 154.886262 12.558918 -179.982302 7.970645 179.878697
66.681151 154.886510 12.557235 -179.982362 7.961809 179.879127
66.680834 154.886760 12.555548 -179.982422 7.952974 179.879557
66.680517 154.887010 12.553857 -179.982481 7.944141 179.879986
66.680199 154.887260 12.552161 -179.982541 7.935309 179.880415
66.679881 154.887510 12.550463 -179.982601 7.926479 179.880843
66.679561 154.887760 12.548760 -179.982661 7.917650 179.881271
66.679240 154.888012 12.547053 -179.982721 7.908823 179.881698
66.678919 154.888262 12.545344 -179.982780 7.899997 179.882126
66.678598 154.888515 12.543628 -179.982840 7.891173 179.882552
66.678275 154.888767 12.541910 -179.982899 7.882350 179.882978
66.677952 154.889020 12.540189 -179.982959 7.873529 179.883404
66.677628 154.889274 12.538462 -179.983018 7.864709 179.883829
66.677304 154.889527 12.536733 -179.983077 7.855891 179.884255
66.676979 154.889781 12.534999 -179.983137 7.847075 179.884680
66.676653 154.890035 12.533262 -179.983196 7.838259 179.885103
66.676326 154.890290 12.531521 -179.983255 7.829446 179.885527
66.675998 154.890546 12.529776 -179.983314 7.820634 179.885950
66.675670 154.890802 12.528027 -179.983374 7.811823 179.886372
66.675342 154.891058 12.526273 -179.983433 7.803014 179.886795
66.675012 154.891315 12.524517 -179.983492 7.794207 179.887217
66.674682 154.891572 12.522756 -179.983551 7.785401 179.887638
66.674350 154.891829 12.520992 -179.983610 7.776596 179.888060
66.674019 154.892086 12.519223 -179.983669 7.767793 179.888480
66.673687 154.892344 12.517451 -179.983728 7.758992 179.888899
66.673354 154.892603 12.515675 -179.983787 7.750192 179.889320
66.673020 154.892862 12.513894 -179.983846 7.741394 179.889739
66.672685 154.893121 12.512110 -179.983904 7.732598 179.890159
66.672350 154.893382 12.510322 -179.983963 7.723803 179.890576
66.672014 154.893643 12.508531 -179.984021 7.715009 179.890994
66.671677 154.893903 12.506735 -179.984080 7.706217 179.891412
66.671339 154.894164 12.504935 -179.984139 7.697427 179.891829
66.671002 154.894426 12.503132 -179.984198 7.688638 179.892245
66.670663 154.894688 12.501324 -179.984256 7.679851 179.892661
66.670323 154.894950 12.499513 -179.984314 7.671064 179.893077
66.669983 154.895213 12.497697 -179.984373 7.662280 179.893493
66.669642 154.895476 12.495878 -179.984431 7.653498 179.893907
66.669300 154.895740 12.494055 -179.984489 7.644717 179.894322
66.668958 154.896004 12.492228 -179.984548 7.635938 179.894736
66.668615 154.896269 12.490397 -179.984606 7.627160 179.895150
66.668271 154.896534 12.488562 -179.984664 7.618384 179.895563
66.667926 154.896799 12.486723 -179.984723 7.609610 179.895976
66.667581 154.897065 12.484880 -179.984781 7.600837 179.896388
66.667236 154.897331 12.483034 -179.984838 7.592066 179.896799
66.666888 154.897598 12.481183 -179.984896 7.583296 179.897210
66.666541 154.897866 12.479329 -179.984954 7.574528 179.897621
66.666193 154.898132 12.477470 -179.985012 7.565762 179.898032
66.665844 154.898400 12.475608 -179.985070 7.556997 179.898442
66.665495 154.898669 12.473741 -179.985128 7.548234 179.898851
66.665144 154.898938 12.471871 -179.985186 7.539472 179.899260
66.664793 154.899207 12.469997 -179.985243 7.530713 179.899670
66.664441 154.899477 12.468118 -179.985302 7.521954 179.900078
66.664089 154.899747 12.466237 -179.985359 7.513198 179.900486
66.663736 154.900018 12.464351 -179.985417 7.504443 179.900893
66.663382 154.900288 12.462460 -179.985474 7.495690 179.901299
66.663028 154.900560 12.460567 -179.985532 7.486938 179.901706
66.662672 154.900832 12.458668 -179.985589 7.478188 179.902111
66.662316 154.901104 12.456767 -179.985646 7.469440 179.902517
66.661960 154.901377 12.454860 -179.985704 7.460694 179.902922
66.661602 154.901650 12.452950 -179.985761 7.451949 179.903327
66.661244 154.901923 12.451036 -179.985818 7.443205 179.903730
66.660885 154.902197 12.449119 -179.985875 7.434464 179.904135
66.660525 154.902472 12.447196 -179.985932 7.425724 179.904537
66.660165 154.902746 12.445271 -179.985990 7.416986 179.904941
66.659805 154.903021 12.443341 -179.986047 7.408249 179.905343
66.659443 154.903298 12.441407 -179.986104 7.399514 179.905745
66.659081 154.903573 12.439470 -179.986161 7.390781 179.906146
66.658717 154.903850 12.437527 -179.986218 7.382050 179.906547
66.658353 154.904127 12.435582 -179.986274 7.373320 179.906948
66.657988 154.904405 12.433632 -179.986332 7.364592 179.907348
66.657623 154.904682 12.431679 -179.986388 7.355865 179.907748
66.657257 154.904960 12.429721 -179.986445 7.347141 179.908147
66.656891 154.905239 12.427759 -179.986502 7.338418 179.908546
66.656523 154.905518 12.425794 -179.986559 7.329696 179.908944
66.656155 154.905798 12.423824 -179.986615 7.320977 179.909341
66.655787 154.906078 12.421850 -179.986672 7.312259 179.909739
66.655417 154.906359 12.419873 -179.986728 7.303543 179.910135
66.655047 154.906639 12.417890 -179.986785 7.294829 179.910532
66.654675 154.906920 12.415905 -179.986841 7.286116 179.910928
66.654304 154.907203 12.413915 -179.986897 7.277405 179.911323
66.653931 154.907484 12.411922 -179.986953 7.268696 179.911718
66.653558 154.907767 12.409924 -179.987010 7.259988 179.912113
66.653184 154.908051 12.407922 -179.987066 7.251283 179.912507
66.652810 154.908334 12.405916 -179.987122 7.242579 179.912901
66.652434 154.908618 12.403906 -179.987178 7.233877 179.913294
66.652059 154.908902 12.401892 -179.987235 7.225176 179.913687
66.651681 154.909187 12.399874 -179.987290 7.216477 179.914080
66.651304 154.909472 12.397852 -179.987346 7.207781 179.914471
66.650926 154.909758 12.395827 -179.987402 7.199085 179.914862
66.650547 154.910043 12.393797 -179.987458 7.190392 179.915253
66.650168 154.910331 12.391762 -179.987514 7.181700 179.915644
66.649788 154.910617 12.389724 -179.987570 7.173011 179.916034
66.649406 154.910905 12.387683 -179.987625 7.164322 179.916422
66.649025 154.911192 12.385636 -179.987681 7.155636 179.916812
66.648643 154.911481 12.383585 -179.987736 7.146952 179.917200
66.648259 154.911770 12.381531 -179.987792 7.138268 179.917589
66.647875 154.912059 12.379473 -179.987848 7.129587 179.917976
66.647491 154.912348 12.377411 -179.987903 7.120908 179.918364
66.647106 154.912638 12.375344 -179.987958 7.112230 179.918750
66.646720 154.912929 12.373273 -179.988014 7.103555 179.919137
66.646333 154.913221 12.371199 -179.988069 7.094881 179.919521
66.645946 154.913512 12.369120 -179.988124 7.086209 179.919907
66.645558 154.913803 12.367038 -179.988179 7.077539 179.920292
66.645169 154.914096 12.364951 -179.988235 7.068871 179.920676
66.644780 154.914388 12.362860 -179.988290 7.060204 179.921060
66.644390 154.914682 12.360765 -179.988345 7.051539 179.921443
66.643998 154.914975 12.358665 -179.988400 7.042877 179.921827
66.643607 154.915269 12.356563 -179.988455 7.034216 179.922209
66.643215 154.915564 12.354455 -179.988510 7.025556 179.922591
66.642821 154.915859 12.352344 -179.988564 7.016899 179.922972
66.642428 154.916154 12.350229 -179.988619 7.008243 179.923353
66.642033 154.916450 12.348109 -179.988674 6.999590 179.923733
66.641637 154.916746 12.345986 -179.988729 6.990938 179.924114
66.641242 154.917043 12.343858 -179.988783 6.982288 179.924494
66.640846 154.917339 12.341727 -179.988838 6.973640 179.924873
66.640447 154.917638 12.339591 -179.988892 6.964993 179.925251
66.640050 154.917935 12.337451 -179.988947 6.956349 179.925629
66.639650 154.918234 12.335307 -179.989001 6.947706 179.926007
66.639251 154.918532 12.333159 -179.989055 6.939065 179.926385
66.638851 154.918832 12.331007 -179.989110 6.930426 179.926762
66.638450 154.919132 12.328850 -179.989164 6.921789 179.927138
66.638049 154.919432 12.326690 -179.989218 6.913154 179.927513
66.637646 154.919733 12.324525 -179.989272 6.904521 179.927889
66.637243 154.920034 12.322357 -179.989326 6.895890 179.928263
66.636840 154.920336 12.320184 -179.989380 6.887260 179.928637
66.636435 154.920637 12.318007 -179.989434 6.878632 179.929012
66.636030 154.920941 12.315825 -179.989488 6.870007 179.929385
66.635623 154.921243 12.313640 -179.989542 6.861383 179.929758
66.635217 154.921547 12.311452 -179.989596 6.852761 179.930131
66.634809 154.921850 12.309258 -179.989650 6.844141 179.930503
66.634402 154.922155 12.307060 -179.989703 6.835523 179.930874
66.633993 154.922460 12.304859 -179.989757 6.826906 179.931245
66.633584 154.922765 12.302652 -179.989811 6.818292 179.931615
66.633173 154.923070 12.300443 -179.989864 6.809680 179.931986
66.632762 154.923376 12.298229 -179.989918 6.801069 179.932356
66.632350 154.923683 12.296011 -179.989971 6.792460 179.932724
66.631938 154.923990 12.293788 -179.990025 6.783854 179.933093
66.631525 154.924297 12.291561 -179.990078 6.775249 179.933461
66.631111 154.924605 12.289331 -179.990131 6.766646 179.933829
66.630696 154.924914 12.287096 -179.990185 6.758045 179.934196
66.630281 154.925222 12.284857 -179.990238 6.749446 179.934563
66.629865 154.925532 12.282614 -179.990290 6.740849 179.934928
66.629448 154.925842 12.280367 -179.990344 6.732254 179.935294
66.629031 154.926151 12.278116 -179.990397 6.723661 179.935660
66.628614 154.926462 12.275859 -179.990449 6.715070 179.936024
66.628194 154.926773 12.273599 -179.990503 6.706480 179.936389
66.627775 154.927085 12.271335 -179.990555 6.697893 179.936752
66.627355 154.927397 12.269068 -179.990608 6.689308 179.937115
66.626934 154.927709 12.266796 -179.990661 6.680724 179.937478
66.626513 154.928022 12.264519 -179.990713 6.672143 179.937840
66.626090 154.928335 12.262239 -179.990766 6.663563 179.938203
66.625667 154.928649 12.259953 -179.990819 6.654986 179.938565
66.625243 154.928963 12.257665 -179.990871 6.646410 179.938925
66.624819 154.929277 12.255371 -179.990924 6.637837 179.939285
66.624394 154.929593 12.253074 -179.990976 6.629265 179.939645
66.623967 154.929908 12.250772 -179.991028 6.620696 179.940004
66.623541 154.930225 12.248467 -179.991081 6.612128 179.940363
66.623114 154.930541 12.246156 -179.991133 6.603563 179.940722
66.622685 154.930858 12.243842 -179.991185 6.594999 179.941079
66.622257 154.931175 12.241524 -179.991237 6.586437 179.941437
66.621828 154.931494 12.239201 -179.991289 6.577878 179.941793
66.621397 154.931811 12.236874 -179.991341 6.569320 179.942151
66.620966 154.932130 12.234544 -179.991393 6.560765 179.942506
66.620534 154.932449 12.232208 -179.991445 6.552211 179.942861
66.620102 154.932769 12.229869 -179.991496 6.543659 179.943216
66.619669 154.933090 12.227525 -179.991548 6.535110 179.943570
66.619235 154.933411 12.225178 -179.991600 6.526562 179.943924
66.618801 154.933731 12.222825 -179.991652 6.518017 179.944278
66.618365 154.934052 12.220469 -179.991704 6.509473 179.944631
66.617930 154.934375 12.218109 -179.991755 6.500932 179.944983
66.617493 154.934697 12.215744 -179.991807 6.492392 179.945336
66.617055 154.935020 12.213375 -179.991858 6.483855 179.945687
66.616618 154.935343 12.211002 -179.991909 6.475320 179.946038
66.616178 154.935667 12.208625 -179.991961 6.466786 179.946389
66.615739 154.935991 12.206243 -179.992012 6.458255 179.946739
66.615299 154.936316 12.203857 -179.992063 6.449726 179.947088
66.614858 154.936641 12.201467 -179.992114 6.441199 179.947437
66.614417 154.936967 12.199072 -179.992165 6.432674 179.947785
66.613974 154.937293 12.196674 -179.992216 6.424151 179.948133
66.613531 154.937620 12.194271 -179.992267 6.415630 179.948480
66.613087 154.937947 12.191864 -179.992318 6.407111 179.948828
66.612642 154.938274 12.189453 -179.992369 6.398594 179.949174
66.612197 154.938602 12.187037 -179.992419 6.390079 179.949520
66.611752 154.938931 12.184618 -179.992470 6.381566 179.949865
66.611305 154.939259 12.182193 -179.992521 6.373056 179.950210
66.610858 154.939589 12.179765 -179.992571 6.364547 179.950555
66.610410 154.939919 12.177332 -179.992622 6.356041 179.950899
66.609961 154.940250 12.174895 -179.992672 6.347536 179.951241
66.609512 154.940580 12.172454 -179.992723 6.339034 179.951585
66.609061 154.940911 12.170008 -179.992773 6.330534 179.951927
66.608610 154.941243 12.167559 -179.992823 6.322036 179.952269
66.608159 154.941575 12.165105 -179.992874 6.313539 179.952610
66.607706 154.941908 12.162647 -179.992924 6.305045 179.952952
66.607253 154.942241 12.160185 -179.992974 6.296553 179.953291
66.606800 154.942575 12.157718 -179.993024 6.288064 179.953632
66.606345 154.942908 12.155246 -179.993074 6.279576 179.953971
66.605890 154.943243 12.152771 -179.993124 6.271091 179.954309
66.605433 154.943578 12.150291 -179.993174 6.262607 179.954648
66.604977 154.943913 12.147807 -179.993223 6.254126 179.954986
66.604520 154.944249 12.145319 -179.993273 6.245647 179.955324
66.604062 154.944585 12.142827 -179.993323 6.237170 179.955660
66.603603 154.944922 12.140330 -179.993372 6.228695 179.955996
66.603143 154.945260 12.137829 -179.993422 6.220223 179.956332
66.602683 154.945597 12.135323 -179.993472 6.211752 179.956667
66.602222 154.945935 12.132813 -179.993521 6.203284 179.957002
66.601761 154.946274 12.130299 -179.993570 6.194818 179.957336
66.601298 154.946613 12.127781 -179.993620 6.186354 179.957670
66.600836 154.946953 12.125259 -179.993669 6.177892 179.958003
66.600371 154.947293 12.122732 -179.993719 6.169432 179.958336
66.599907 154.947634 12.120201 -179.993767 6.160975 179.958668
66.599442 154.947975 12.117665 -179.993817 6.152519 179.959000
66.598976 154.948317 12.115125 -179.993866 6.144066 179.959332
66.598509 154.948658 12.112581 -179.993914 6.135615 179.959662
66.598041 154.949001 12.110032 -179.993963 6.127166 179.959992
66.597573 154.949344 12.107479 -179.994012 6.118719 179.960322
66.597105 154.949687 12.104922 -179.994061 6.110275 179.960651
66.596636 154.950031 12.102361 -179.994109 6.101832 179.960980
66.596166 154.950375 12.099795 -179.994158 6.093392 179.961308
66.595694 154.950720 12.097225 -179.994206 6.084954 179.961635
66.595222 154.951066 12.094650 -179.994255 6.076518 179.961963
66.594750 154.951411 12.092071 -179.994304 6.068085 179.962289
66.594277 154.951758 12.089488 -179.994352 6.059654 179.962615
66.593803 154.952104 12.086901 -179.994400 6.051224 179.962940
66.593328 154.952451 12.084309 -179.994449 6.042797 179.963266
66.592854 154.952799 12.081712 -179.994497 6.034373 179.963590
66.592378 154.953147 12.079112 -179.994545 6.025950 179.963914
66.591900 154.953496 12.076507 -179.994593 6.017530 179.964237
66.591424 154.953845 12.073897 -179.994641 6.009112 179.964561
66.590945 154.954194 12.071284 -179.994689 6.000696 179.964883
66.590467 154.954545 12.068666 -179.994737 5.992282 179.965204
66.589987 154.954895 12.066043 -179.994785 5.983871 179.965526
66.589506 154.955246 12.063417 -179.994832 5.975462 179.965846
66.589026 154.955598 12.060786 -179.994880 5.967055 179.966167
66.588544 154.955949 12.058150 -179.994928 5.958650 179.966487
66.588061 154.956301 12.055510 -179.994975 5.950247 179.966806
66.587578 154.956655 12.052866 -179.995022 5.941847 179.967124
66.587094 154.957008 12.050217 -179.995070 5.933449 179.967442
66.586610 154.957362 12.047564 -179.995117 5.925054 179.967760
66.586124 154.957716 12.044907 -179.995165 5.916660 179.968078
66.585639 154.958070 12.042245 -179.995212 5.908269 179.968395
66.585152 154.958426 12.039579 -179.995259 5.899880 179.968711
66.584665 154.958782 12.036908 -179.995306 5.891493 179.969026
66.584176 154.959139 12.034234 -179.995354 5.883109 179.969341
66.583687 154.959495 12.031554 -179.995400 5.874727 179.969656
66.583198 154.959852 12.028871 -179.995447 5.866347 179.969969
66.582707 154.960209 12.026182 -179.995494 5.857969 179.970283
66.582216 154.960568 12.023490 -179.995541 5.849594 179.970596
66.581724 154.960927 12.020793 -179.995588 5.841221 179.970908
66.581232 154.961285 12.018091 -179.995634 5.832850 179.971220
66.580739 154.961645 12.015385 -179.995681 5.824482 179.971531
66.580245 154.962005 12.012676 -179.995727 5.816116 179.971842
66.579750 154.962366 12.009961 -179.995773 5.807752 179.972153
66.579255 154.962727 12.007242 -179.995820 5.799391 179.972462
66.578759 154.963089 12.004519 -179.995866 5.791031 179.972771
66.578263 154.963451 12.001791 -179.995912 5.782674 179.973081
66.577765 154.963813 11.999059 -179.995959 5.774320 179.973388
66.577267 154.964176 11.996322 -179.996005 5.765968 179.973696
66.576768 154.964540 11.993580 -179.996051 5.757618 179.974003
66.576268 154.964903 11.990835 -179.996097 5.749270 179.974310
66.575767 154.965268 11.988086 -179.996143 5.740925 179.974616
66.575267 154.965633 11.985331 -179.996188 5.732582 179.974921
66.574765 154.965998 11.982572 -179.996234 5.724241 179.975226
66.574262 154.966364 11.979809 -179.996280 5.715903 179.975531
66.573759 154.966731 11.977041 -179.996326 5.707567 179.975835
66.573255 154.967097 11.974269 -179.996371 5.699233 179.976138
66.572751 154.967464 11.971493 -179.996417 5.690902 179.976441
66.572245 154.967832 11.968712 -179.996462 5.682573 179.976743
66.571739 154.968201 11.965926 -179.996508 5.674247 179.977044
66.571233 154.968570 11.963136 -179.996553 5.665922 179.977345
66.570724 154.968938 11.960342 -179.996598 5.657601 179.977647
66.570216 154.969308 11.957543 -179.996643 5.649281 179.977947
66.569708 154.969679 11.954740 -179.996688 5.640964 179.978245
66.569197 154.970050 11.951932 -179.996733 5.632649 179.978545
66.568688 154.970421 11.949120 -179.996778 5.624337 179.978843
66.568176 154.970792 11.946303 -179.996823 5.616027 179.979141
66.567664 154.971165 11.943482 -179.996868 5.607719 179.979440
66.567152 154.971537 11.940657 -179.996913 5.599414 179.979736
66.566638 154.971910 11.937826 -179.996957 5.591111 179.980032
66.566125 154.972284 11.934991 -179.997002 5.582811 179.980327
66.565609 154.972658 11.932152 -179.997047 5.574513 179.980623
66.565094 154.973033 11.929309 -179.997091 5.566217 179.980918
66.564578 154.973408 11.926461 -179.997135 5.557924 179.981212
66.564060 154.973783 11.923608 -179.997180 5.549633 179.981506
66.563544 154.974160 11.920752 -179.997224 5.541344 179.981799
66.563024 154.974536 11.917890 -179.997269 5.533058 179.982092
66.562506 154.974914 11.915024 -179.997312 5.524775 179.982383
66.561986 154.975291 11.912154 -179.997357 5.516493 179.982674
66.561465 154.975669 11.909278 -179.997401 5.508215 179.982966
66.560944 154.976047 11.906400 -179.997445 5.499938 179.983256
66.560422 154.976426 11.903516 -179.997488 5.491664 179.983545
66.559900 154.976806 11.900627 -179.997532 5.483393 179.983834
66.559377 154.977187 11.897734 -179.997576 5.475124 179.984123
66.558852 154.977567 11.894837 -179.997619 5.466857 179.984411
66.558327 154.977948 11.891935 -179.997663 5.458593 179.984699
66.557802 154.978330 11.889028 -179.997707 5.450331 179.984987
66.557275 154.978711 11.886117 -179.997750 5.442072 179.985273
66.556748 154.979094 11.883201 -179.997793 5.433815 179.985558
66.556221 154.979477 11.880282 -179.997837 5.425560 179.985844
66.555692 154.979860 11.877357 -179.997880 5.417308 179.986130
66.555163 154.980244 11.874428 -179.997923 5.409059 179.986414
66.554634 154.980629 11.871494 -179.997966 5.400812 179.986697
66.554103 154.981013 11.868557 -179.998009 5.392567 179.986981
66.553571 154.981399 11.865613 -179.998052 5.384325 179.987263
66.553039 154.981786 11.862666 -179.998095 5.376085 179.987545
66.552507 154.982172 11.859715 -179.998138 5.367848 179.987826
66.551973 154.982559 11.856758 -179.998180 5.359614 179.988107
66.551439 154.982947 11.853798 -179.998224 5.351381 179.988388
66.550904 154.983334 11.850832 -179.998266 5.343152 179.988668
66.550368 154.983722 11.847862 -179.998308 5.334924 179.988948
66.549832 154.984112 11.844888 -179.998351 5.326700 179.989226
66.549295 154.984501 11.841909 -179.998393 5.318477 179.989504
66.548757 154.984891 11.838925 -179.998436 5.310258 179.989782
66.548218 154.985281 11.835937 -179.998478 5.302040 179.990060
66.547679 154.985672 11.832944 -179.998520 5.293826 179.990336
66.547139 154.986064 11.829947 -179.998562 5.285613 179.990612
66.546599 154.986456 11.826945 -179.998604 5.277404 179.990887
66.546056 154.986848 11.823939 -179.998646 5.269196 179.991162
66.545515 154.987241 11.820928 -179.998688 5.260992 179.991437
66.544971 154.987634 11.817913 -179.998729 5.252789 179.991710
66.544428 154.988028 11.814892 -179.998771 5.244590 179.991983
66.543884 154.988423 11.811868 -179.998813 5.236393 179.992256
66.543338 154.988818 11.808839 -179.998855 5.228198 179.992528
