-35.987035 156.916748 -85.206055 -162.704530 -47.469438 165.408900
-35.985587 156.917413 -85.196512 -162.702005 -47.473085 165.406232
-35.984137 156.918078 -85.186969 -162.699482 -47.476734 165.403564
-35.982686 156.918741 -85.177428 -162.696959 -47.480384 165.400898
-35.981233 156.919406 -85.167886 -162.694434 -47.484035 165.398231
-35.979779 156.920069 -85.158345 -162.691912 -47.487688 165.395566
-35.978323 156.920733 -85.148803 -162.689389 -47.491342 165.392902
-35.976866 156.921397 -85.139262 -162.686867 -47.494998 165.390238
-35.975407 156.922061 -85.129721 -162.684345 -47.498655 165.387575
-35.973948 156.922724 -85.120180 -162.681824 -47.502314 165.384913
-35.972486 156.923387 -85.110640 -162.679304 -47.505974 165.382252
-35.971023 156.924051 -85.101099 -162.676783 -47.509635 165.379591
-35.969558 156.924714 -85.091558 -162.674262 -47.513298 165.376931
-35.968092 156.925377 -85.082018 -162.671743 -47.516963 165.374272
-35.966626 156.926039 -85.072479 -162.669224 -47.520628 165.371614
-35.965157 156.926702 -85.062938 -162.666706 -47.524296 165.368957
-35.963686 156.927366 -85.053399 -162.664186 -47.527964 165.366299
-35.962215 156.928028 -85.043860 -162.661670 -47.531634 165.363644
-35.960743 156.928690 -85.034321 -162.659152 -47.535306 165.360988
-35.959268 156.929353 -85.024781 -162.656635 -47.538980 165.358334
-35.957793 156.930015 -85.015243 -162.654117 -47.542654 165.355680
-35.956315 156.930677 -85.005704 -162.651601 -47.546330 165.353027
-35.954837 156.931338 -84.996165 -162.649085 -47.550007 165.350375
-35.953357 156.932000 -84.986627 -162.646569 -47.553686 165.347723
-35.951876 156.932662 -84.977089 -162.644054 -47.557367 165.345073
-35.950393 156.933324 -84.967551 -162.641539 -47.561049 165.342423
-35.948909 156.933986 -84.958013 -162.639024 -47.564732 165.339773
-35.947424 156.934647 -84.948476 -162.636511 -47.568417 165.337126
-35.945936 156.935308 -84.938939 -162.633997 -47.572103 165.334478
-35.944449 156.935970 -84.929402 -162.631484 -47.575791 165.331831
-35.942959 156.936630 -84.919865 -162.628971 -47.579480 165.329185
-35.941468 156.937292 -84.910328 -162.626458 -47.583171 165.326540
-35.939975 156.937953 -84.900791 -162.623947 -47.586863 165.323895
-35.938482 156.938614 -84.891255 -162.621435 -47.590557 165.321251
-35.936987 156.939274 -84.881719 -162.618924 -47.594251 165.318609
-35.935491 156.939935 -84.872183 -162.616413 -47.597947 165.315966
-35.933993 156.940595 -84.862648 -162.613902 -47.601646 165.313323
-35.932494 156.941256 -84.853112 -162.611392 -47.605345 165.310684
-35.930993 156.941916 -84.843577 -162.608882 -47.609046 165.308044
-35.929491 156.942576 -84.834042 -162.606373 -47.612748 165.305404
-35.927988 156.943236 -84.824506 -162.603864 -47.616452 165.302766
-35.926483 156.943895 -84.814973 -162.601356 -47.620157 165.300129
-35.924978 156.944555 -84.805438 -162.598847 -47.623864 165.297491
-35.923471 156.945215 -84.795904 -162.596341 -47.627572 165.294855
-35.921963 156.945874 -84.786370 -162.593833 -47.631282 165.292220
-35.920453 156.946534 -84.776835 -162.591326 -47.634993 165.289586
-35.918942 156.947194 -84.767302 -162.588820 -47.638706 165.286951
-35.917429 156.947852 -84.757769 -162.586313 -47.642420 165.284318
-35.915915 156.948512 -84.748235 -162.583808 -47.646136 165.281686
-35.914400 156.949171 -84.738702 -162.581302 -47.649853 165.279054
-35.912884 156.949829 -84.729170 -162.578797 -47.653572 165.276423
-35.911367 156.950488 -84.719638 -162.576293 -47.657291 165.273793
-35.909847 156.951147 -84.710106 -162.573788 -47.661012 165.271164
-35.908327 156.951805 -84.700574 -162.571285 -47.664735 165.268535
-35.906805 156.952465 -84.691041 -162.568782 -47.668460 165.265907
-35.905283 156.953122 -84.681510 -162.566278 -47.672186 165.263280
-35.903759 156.953780 -84.671979 -162.563776 -47.675913 165.260654
-35.902233 156.954439 -84.662447 -162.561275 -47.679642 165.258029
-35.900706 156.955097 -84.652917 -162.558772 -47.683372 165.255404
-35.899179 156.955754 -84.643385 -162.556271 -47.687104 165.252780
-35.897649 156.956412 -84.633855 -162.553770 -47.690838 165.250156
-35.896118 156.957070 -84.624324 -162.551270 -47.694573 165.247534
-35.894587 156.957727 -84.614795 -162.548770 -47.698308 165.244913
-35.893054 156.958385 -84.605265 -162.546269 -47.702046 165.242291
-35.891519 156.959043 -84.595736 -162.543771 -47.705785 165.239672
-35.889983 156.959699 -84.586206 -162.541271 -47.709526 165.237052
-35.888447 156.960357 -84.576678 -162.538773 -47.713268 165.234433
-35.886909 156.961013 -84.567148 -162.536275 -47.717012 165.231815
-35.885369 156.961670 -84.557620 -162.533778 -47.720756 165.229199
-35.883828 156.962327 -84.548092 -162.531279 -47.724504 165.226581
-35.882287 156.962984 -84.538564 -162.528782 -47.728251 165.223965
-35.880743 156.963641 -84.529036 -162.526287 -47.732001 165.221351
-35.879200 156.964297 -84.519508 -162.523790 -47.735752 165.218738
-35.877654 156.964953 -84.509981 -162.521293 -47.739505 165.216124
-35.876107 156.965610 -84.500453 -162.518799 -47.743259 165.213511
-35.874559 156.966265 -84.490926 -162.516303 -47.747014 165.210898
-35.873009 156.966921 -84.481400 -162.513809 -47.750772 165.208288
-35.871459 156.967578 -84.471873 -162.511315 -47.754530 165.205678
-35.869908 156.968233 -84.462347 -162.508820 -47.758290 165.203068
-35.868355 156.968888 -84.452821 -162.506327 -47.762051 165.200459
-35.866800 156.969544 -84.443295 -162.503835 -47.765814 165.197851
-35.865245 156.970200 -84.433771 -162.501341 -47.769579 165.195244
-35.863689 156.970855 -84.424245 -162.498849 -47.773344 165.192637
-35.862131 156.971510 -84.414721 -162.496357 -47.777112 165.190031
-35.860572 156.972165 -84.405196 -162.493866 -47.780880 165.187427
-35.859012 156.972820 -84.395671 -162.491374 -47.784651 165.184822
-35.857450 156.973475 -84.386147 -162.488884 -47.788423 165.182219
-35.855889 156.974130 -84.376623 -162.486394 -47.792196 165.179616
-35.854325 156.974785 -84.367100 -162.483904 -47.795971 165.177014
-35.852760 156.975439 -84.357576 -162.481415 -47.799747 165.174413
-35.851193 156.976094 -84.348053 -162.478926 -47.803526 165.171812
-35.849626 156.976748 -84.338530 -162.476436 -47.807305 165.169213
-35.848058 156.977401 -84.329008 -162.473949 -47.811086 165.166614
-35.846489 156.978056 -84.319485 -162.471461 -47.814869 165.164016
-35.844918 156.978709 -84.309963 -162.468973 -47.818652 165.161418
-35.843346 156.979363 -84.300441 -162.466486 -47.822437 165.158822
-35.841773 156.980018 -84.290919 -162.463999 -47.826225 165.156225
-35.840199 156.980671 -84.281398 -162.461513 -47.830013 165.153631
-35.838623 156.981325 -84.271878 -162.459027 -47.833803 165.151036
-35.837047 156.981978 -84.262357 -162.456541 -47.837594 165.148442
-35.835469 156.982631 -84.252836 -162.454056 -47.841387 165.145849
-35.833891 156.983285 -84.243316 -162.451572 -47.845181 165.143257
-35.832311 156.983938 -84.233796 -162.449086 -47.848977 165.140666
-35.830730 156.984591 -84.224276 -162.446603 -47.852775 165.138075
-35.829148 156.985243 -84.214757 -162.444119 -47.856573 165.135486
-35.827564 156.985896 -84.205238 -162.441636 -47.860374 165.132896
-35.825980 156.986549 -84.195720 -162.439154 -47.864176 165.130308
-35.824394 156.987201 -84.186200 -162.436670 -47.867979 165.127720
-35.822808 156.987854 -84.176682 -162.434189 -47.871784 165.125134
-35.821220 156.988506 -84.167164 -162.431707 -47.875590 165.122547
-35.819631 156.989159 -84.157647 -162.429225 -47.879398 165.119962
-35.818041 156.989810 -84.148130 -162.426745 -47.883207 165.117378
-35.816450 156.990463 -84.138612 -162.424264 -47.887019 165.114793
-35.814858 156.991114 -84.129095 -162.421785 -47.890831 165.112211
-35.813264 156.991766 -84.119579 -162.419305 -47.894644 165.109629
-35.811670 156.992417 -84.110062 -162.416825 -47.898460 165.107047
-35.810075 156.993069 -84.100547 -162.414346 -47.902278 165.104465
-35.808478 156.993720 -84.091030 -162.411868 -47.906095 165.101886
-35.806880 156.994371 -84.081515 -162.409390 -47.909916 165.099307
-35.805282 156.995023 -84.072000 -162.406911 -47.913737 165.096727
-35.803682 156.995674 -84.062485 -162.404435 -47.917560 165.094150
-35.802081 156.996325 -84.052971 -162.401957 -47.921385 165.091573
-35.800479 156.996976 -84.043457 -162.399481 -47.925210 165.088997
-35.798876 156.997626 -84.033943 -162.397005 -47.929039 165.086422
-35.797272 156.998277 -84.024429 -162.394530 -47.932867 165.083847
-35.795666 156.998928 -84.014915 -162.392053 -47.936698 165.081272
-35.794060 156.999578 -84.005403 -162.389578 -47.940530 165.078698
-35.792453 157.000228 -83.995890 -162.387105 -47.944364 165.076127
-35.790845 157.000879 -83.986378 -162.384629 -47.948198 165.073554
-35.789236 157.001529 -83.976865 -162.382156 -47.952035 165.070983
-35.787625 157.002179 -83.967353 -162.379682 -47.955874 165.068413
-35.786014 157.002828 -83.957841 -162.377209 -47.959713 165.065843
-35.784401 157.003478 -83.948330 -162.374737 -47.963554 165.063275
-35.782787 157.004128 -83.938819 -162.372265 -47.967397 165.060707
-35.781172 157.004778 -83.929308 -162.369793 -47.971242 165.058140
-35.779557 157.005427 -83.919798 -162.367320 -47.975087 165.055573
-35.777940 157.006076 -83.910288 -162.364850 -47.978934 165.053008
-35.776323 157.006726 -83.900778 -162.362379 -47.982783 165.050442
-35.774704 157.007374 -83.891269 -162.359909 -47.986634 165.047878
-35.773084 157.008024 -83.881760 -162.357439 -47.990485 165.045315
-35.771464 157.008672 -83.872251 -162.354970 -47.994338 165.042753
-35.769841 157.009321 -83.862743 -162.352500 -47.998193 165.040190
-35.768219 157.009970 -83.853234 -162.350031 -48.002050 165.037629
-35.766595 157.010618 -83.843727 -162.347562 -48.005908 165.035068
-35.764970 157.011267 -83.834218 -162.345096 -48.009768 165.032509
-35.763344 157.011915 -83.824712 -162.342628 -48.013628 165.029951
-35.761718 157.012564 -83.815205 -162.340159 -48.017491 165.027391
-35.760090 157.013211 -83.805698 -162.337693 -48.021355 165.024835
-35.758462 157.013859 -83.796192 -162.335227 -48.025220 165.022278
-35.756831 157.014507 -83.786686 -162.332761 -48.029088 165.019722
-35.755201 157.015155 -83.777180 -162.330295 -48.032956 165.017166
-35.753569 157.015802 -83.767675 -162.327830 -48.036827 165.014612
-35.751937 157.016450 -83.758170 -162.325365 -48.040698 165.012059
-35.750303 157.017097 -83.748665 -162.322901 -48.044572 165.009506
-35.748668 157.017744 -83.739160 -162.320436 -48.048446 165.006952
-35.747033 157.018392 -83.729657 -162.317973 -48.052322 165.004402
-35.745397 157.019039 -83.720152 -162.315510 -48.056201 165.001851
-35.743759 157.019686 -83.710650 -162.313047 -48.060080 164.999301
-35.742120 157.020332 -83.701147 -162.310584 -48.063961 164.996752
-35.740482 157.020979 -83.691643 -162.308121 -48.067843 164.994203
-35.738841 157.021626 -83.682141 -162.305660 -48.071727 164.991656
-35.737200 157.022273 -83.672639 -162.303198 -48.075613 164.989109
-35.735558 157.022919 -83.663137 -162.300737 -48.079500 164.986562
-35.733914 157.023565 -83.653636 -162.298277 -48.083388 164.984017
-35.732270 157.024212 -83.644135 -162.295817 -48.087278 164.981473
-35.730625 157.024857 -83.634634 -162.293357 -48.091170 164.978929
-35.728979 157.025504 -83.625134 -162.290897 -48.095063 164.976384
-35.727332 157.026149 -83.615634 -162.288439 -48.098958 164.973843
-35.725685 157.026795 -83.606133 -162.285980 -48.102854 164.971301
-35.724036 157.027441 -83.596635 -162.283522 -48.106752 164.968760
-35.722385 157.028086 -83.587135 -162.281064 -48.110652 164.966220
-35.720735 157.028732 -83.577637 -162.278605 -48.114552 164.963680
-35.719084 157.029377 -83.568139 -162.276149 -48.118454 164.961142
-35.717432 157.030023 -83.558640 -162.273692 -48.122358 164.958603
-35.715778 157.030667 -83.549142 -162.271235 -48.126264 164.956066
-35.714124 157.031312 -83.539645 -162.268779 -48.130171 164.953530
-35.712469 157.031958 -83.530148 -162.266324 -48.134080 164.950994
-35.710813 157.032602 -83.520652 -162.263869 -48.137990 164.948459
-35.709156 157.033246 -83.511155 -162.261414 -48.141901 164.945925
-35.707498 157.033891 -83.501659 -162.258959 -48.145815 164.943391
-35.705840 157.034535 -83.492164 -162.256504 -48.149730 164.940858
-35.704180 157.035180 -83.482669 -162.254051 -48.153645 164.938326
-35.702519 157.035824 -83.473174 -162.251598 -48.157563 164.935795
-35.700858 157.036469 -83.463680 -162.249145 -48.161483 164.933265
-35.699196 157.037112 -83.454186 -162.246692 -48.165404 164.930735
-35.697533 157.037756 -83.444692 -162.244241 -48.169326 164.928207
-35.695870 157.038400 -83.435198 -162.241789 -48.173251 164.925678
-35.694205 157.039044 -83.425705 -162.239338 -48.177176 164.923150
-35.692540 157.039687 -83.416212 -162.236887 -48.181103 164.920624
-35.690873 157.040331 -83.406720 -162.234436 -48.185032 164.918098
-35.689206 157.040974 -83.397228 -162.231986 -48.188962 164.915572
-35.687537 157.041618 -83.387736 -162.229536 -48.192894 164.913048
-35.685869 157.042260 -83.378245 -162.227086 -48.196828 164.910524
-35.684198 157.042904 -83.368754 -162.224637 -48.200763 164.908001
-35.682528 157.043546 -83.359264 -162.222188 -48.204699 164.905479
-35.680856 157.044188 -83.349774 -162.219741 -48.208637 164.902958
-35.679184 157.044831 -83.340283 -162.217293 -48.212577 164.900437
-35.677511 157.045474 -83.330794 -162.214845 -48.216518 164.897916
-35.675837 157.046116 -83.321305 -162.212398 -48.220461 164.895397
-35.674162 157.046759 -83.311816 -162.209951 -48.224405 164.892879
-35.672486 157.047401 -83.302327 -162.207505 -48.228351 164.890361
-35.670809 157.048044 -83.292840 -162.205059 -48.232298 164.887844
-35.669132 157.048685 -83.283352 -162.202613 -48.236247 164.885327
-35.667454 157.049327 -83.273864 -162.200168 -48.240198 164.882812
-35.665775 157.049969 -83.264377 -162.197723 -48.244150 164.880297
-35.664095 157.050611 -83.254891 -162.195278 -48.248104 164.877783
-35.662414 157.051252 -83.245405 -162.192835 -48.252059 164.875269
-35.660733 157.051893 -83.235919 -162.190391 -48.256016 164.872757
-35.659050 157.052535 -83.226433 -162.187947 -48.259975 164.870245
-35.657367 157.053176 -83.216948 -162.185505 -48.263934 164.867735
-35.655683 157.053818 -83.207464 -162.183062 -48.267896 164.865224
-35.653998 157.054458 -83.197979 -162.180619 -48.271859 164.862714
-35.652312 157.055099 -83.188496 -162.178178 -48.275824 164.860205
-35.650626 157.055740 -83.179012 -162.175737 -48.279790 164.857698
-35.648939 157.056381 -83.169529 -162.173296 -48.283758 164.855191
-35.647251 157.057021 -83.160046 -162.170855 -48.287728 164.852683
-35.645562 157.057661 -83.150563 -162.168415 -48.291699 164.850178
-35.643873 157.058302 -83.141081 -162.165975 -48.295671 164.847673
-35.642182 157.058942 -83.131599 -162.163536 -48.299646 164.845169
-35.640490 157.059583 -83.122118 -162.161097 -48.303621 164.842665
-35.638798 157.060222 -83.112637 -162.158659 -48.307599 164.840162
-35.637106 157.060862 -83.103155 -162.156219 -48.311578 164.837659
-35.635411 157.061502 -83.093675 -162.153782 -48.315559 164.835159
-35.633717 157.062141 -83.084195 -162.151344 -48.319541 164.832658
-35.632022 157.062782 -83.074716 -162.148907 -48.323525 164.830158
-35.630326 157.063421 -83.065237 -162.146470 -48.327510 164.827660
-35.628629 157.064060 -83.055758 -162.144034 -48.331497 164.825161
-35.626931 157.064700 -83.046279 -162.141598 -48.335485 164.822664
-35.625233 157.065338 -83.036801 -162.139162 -48.339475 164.820167
-35.623533 157.065977 -83.027323 -162.136728 -48.343467 164.817671
-35.621834 157.066616 -83.017845 -162.134293 -48.347461 164.815176
-35.620132 157.067255 -83.008369 -162.131858 -48.351456 164.812680
-35.618431 157.067894 -82.998892 -162.129424 -48.355453 164.810187
-35.616729 157.068532 -82.989416 -162.126990 -48.359451 164.807694
-35.615025 157.069171 -82.979940 -162.124558 -48.363451 164.805202
-35.613321 157.069809 -82.970464 -162.122124 -48.367452 164.802710
-35.611617 157.070448 -82.960989 -162.119692 -48.371455 164.800220
-35.609911 157.071085 -82.951514 -162.117260 -48.375459 164.797729
-35.608205 157.071724 -82.942040 -162.114828 -48.379465 164.795240
-35.606498 157.072361 -82.932565 -162.112397 -48.383474 164.792752
-35.604790 157.072999 -82.923092 -162.109966 -48.387483 164.790264
-35.603081 157.073637 -82.913619 -162.107535 -48.391494 164.787777
-35.601372 157.074275 -82.904146 -162.105105 -48.395507 164.785291
-35.599662 157.074912 -82.894673 -162.102675 -48.399521 164.782805
-35.597951 157.075550 -82.885200 -162.100247 -48.403537 164.780321
-35.596240 157.076187 -82.875729 -162.097817 -48.407555 164.777836
-35.594527 157.076824 -82.866258 -162.095389 -48.411574 164.775354
-35.592814 157.077461 -82.856786 -162.092960 -48.415594 164.772870
-35.591100 157.078098 -82.847315 -162.090532 -48.419617 164.770389
-35.589385 157.078735 -82.837845 -162.088105 -48.423641 164.767909
-35.587670 157.079371 -82.828375 -162.085678 -48.427666 164.765428
-35.585953 157.080009 -82.818906 -162.083251 -48.431694 164.762948
-35.584236 157.080644 -82.809437 -162.080824 -48.435723 164.760470
-35.582519 157.081282 -82.799967 -162.078398 -48.439753 164.757991
-35.580801 157.081917 -82.790499 -162.075973 -48.443785 164.755514
-35.579081 157.082553 -82.781030 -162.073548 -48.447820 164.753038
-35.577361 157.083189 -82.771562 -162.071123 -48.451855 164.750562
-35.575640 157.083825 -82.762095 -162.068699 -48.455892 164.748088
-35.573919 157.084461 -82.752628 -162.066275 -48.459930 164.745613
-35.572197 157.085097 -82.743162 -162.063851 -48.463971 164.743139
-35.570474 157.085733 -82.733695 -162.061428 -48.468012 164.740667
-35.568750 157.086368 -82.724230 -162.059005 -48.472056 164.738195
-35.567026 157.087003 -82.714764 -162.056583 -48.476102 164.735724
-35.565301 157.087639 -82.705299 -162.054160 -48.480149 164.733253
-35.563576 157.088274 -82.695834 -162.051739 -48.484197 164.730784
-35.561849 157.088909 -82.686370 -162.049318 -48.488247 164.728314
-35.560121 157.089544 -82.676906 -162.046896 -48.492299 164.725846
-35.558393 157.090179 -82.667442 -162.044476 -48.496352 164.723379
-35.556665 157.090814 -82.657979 -162.042056 -48.500408 164.720912
-35.554935 157.091448 -82.648516 -162.039636 -48.504464 164.718447
-35.553205 157.092083 -82.639053 -162.037218 -48.508523 164.715982
-35.551474 157.092718 -82.629592 -162.034798 -48.512582 164.713517
-35.549742 157.093351 -82.620130 -162.032380 -48.516644 164.711054
-35.548010 157.093985 -82.610668 -162.029962 -48.520707 164.708590
-35.546277 157.094620 -82.601208 -162.027544 -48.524772 164.706129
-35.544544 157.095254 -82.591746 -162.025126 -48.528839 164.703667
-35.542809 157.095887 -82.582286 -162.022710 -48.532908 164.701207
-35.541073 157.096521 -82.572827 -162.020293 -48.536978 164.698747
-35.539338 157.097155 -82.563367 -162.017876 -48.541049 164.696288
-35.537601 157.097788 -82.553908 -162.015461 -48.545123 164.693829
-35.535863 157.098422 -82.544449 -162.013045 -48.549197 164.691371
-35.534125 157.099055 -82.534991 -162.010630 -48.553274 164.688915
-35.532387 157.099689 -82.525533 -162.008215 -48.557352 164.686458
-35.530648 157.100321 -82.516075 -162.005801 -48.561432 164.684003
-35.528908 157.100954 -82.506618 -162.003387 -48.565514 164.681549
-35.527166 157.101587 -82.497161 -162.000974 -48.569597 164.679096
-35.525426 157.102220 -82.487705 -161.998560 -48.573682 164.676641
-35.523683 157.102853 -82.478248 -161.996148 -48.577769 164.674190
-35.521940 157.103485 -82.468793 -161.993735 -48.581857 164.671739
-35.520197 157.104118 -82.459338 -161.991323 -48.585947 164.669287
-35.518452 157.104750 -82.449882 -161.988912 -48.590039 164.666838
-35.516707 157.105382 -82.440428 -161.986501 -48.594133 164.664389
-35.514961 157.106014 -82.430974 -161.984089 -48.598227 164.661939
-35.513216 157.106647 -82.421520 -161.981679 -48.602323 164.659492
-35.511469 157.107278 -82.412067 -161.979270 -48.606423 164.657046
-35.509721 157.107910 -82.402614 -161.976860 -48.610522 164.654599
-35.507973 157.108542 -82.393161 -161.974450 -48.614624 164.652153
-35.506223 157.109172 -82.383709 -161.972042 -48.618727 164.649709
-35.504474 157.109804 -82.374257 -161.969633 -48.622832 164.647265
-35.502723 157.110436 -82.364806 -161.967225 -48.626939 164.644823
-35.500972 157.111067 -82.355354 -161.964818 -48.631047 164.642380
-35.499220 157.111698 -82.345904 -161.962410 -48.635157 164.639938
-35.497468 157.112329 -82.336454 -161.960003 -48.639269 164.637497
-35.495715 157.112959 -82.327004 -161.957596 -48.643382 164.635056
-35.493962 157.113590 -82.317554 -161.955191 -48.647497 164.632618
-35.492207 157.114221 -82.308105 -161.952784 -48.651615 164.630179
-35.490452 157.114852 -82.298656 -161.950379 -48.655733 164.627741
-35.488696 157.115482 -82.289208 -161.947974 -48.659853 164.625303
-35.486939 157.116113 -82.279759 -161.945570 -48.663975 164.622868
-35.485183 157.116743 -82.270312 -161.943166 -48.668099 164.620432
-35.483425 157.117372 -82.260864 -161.940762 -48.672225 164.617998
-35.481666 157.118003 -82.251418 -161.938358 -48.676352 164.615563
-35.479908 157.118633 -82.241971 -161.935956 -48.680481 164.613130
-35.478148 157.119263 -82.232525 -161.933553 -48.684611 164.610698
-35.476388 157.119893 -82.223079 -161.931150 -48.688743 164.608266
-35.474627 157.120522 -82.213634 -161.928748 -48.692876 164.605835
-35.472865 157.121151 -82.204189 -161.926346 -48.697013 164.603404
-35.471103 157.121781 -82.194745 -161.923946 -48.701149 164.600975
-35.469340 157.122410 -82.185300 -161.921545 -48.705289 164.598547
-35.467577 157.123039 -82.175856 -161.919144 -48.709429 164.596118
-35.465813 157.123668 -82.166413 -161.916745 -48.713572 164.593691
-35.464048 157.124297 -82.156970 -161.914345 -48.717716 164.591264
-35.462283 157.124926 -82.147527 -161.911946 -48.721862 164.588840
-35.460516 157.125554 -82.138085 -161.909548 -48.726009 164.586414
-35.458750 157.126184 -82.128643 -161.907149 -48.730158 164.583990
-35.456982 157.126811 -82.119202 -161.904751 -48.734309 164.581568
-35.455214 157.127440 -82.109760 -161.902354 -48.738462 164.579145
-35.453446 157.128068 -82.100320 -161.899956 -48.742616 164.576722
-35.451677 157.128696 -82.090879 -161.897559 -48.746773 164.574301
-35.449907 157.129325 -82.081440 -161.895162 -48.750930 164.571881
-35.448136 157.129953 -82.072000 -161.892767 -48.755090 164.569461
-35.446365 157.130580 -82.062561 -161.890371 -48.759251 164.567042
-35.444594 157.131208 -82.053122 -161.887975 -48.763414 164.564624
-35.442821 157.131836 -82.043683 -161.885580 -48.767579 164.562207
-35.441049 157.132463 -82.034246 -161.883186 -48.771745 164.559790
-35.439274 157.133091 -82.024808 -161.880792 -48.775913 164.557374
-35.437501 157.133718 -82.015371 -161.878398 -48.780084 164.554960
-35.435726 157.134345 -82.005935 -161.876006 -48.784254 164.552545
-35.433951 157.134972 -81.996498 -161.873612 -48.788428 164.550132
-35.432175 157.135599 -81.987062 -161.871220 -48.792603 164.547720
-35.430398 157.136226 -81.977626 -161.868827 -48.796780 164.545308
-35.428620 157.136852 -81.968191 -161.866435 -48.800958 164.542896
-35.426843 157.137479 -81.958756 -161.864044 -48.805139 164.540485
-35.425064 157.138106 -81.949322 -161.861653 -48.809321 164.538076
-35.423286 157.138732 -81.939888 -161.859262 -48.813505 164.535667
-35.421506 157.139358 -81.930454 -161.856872 -48.817690 164.533259
-35.419726 157.139984 -81.921021 -161.854483 -48.821878 164.530852
-35.417944 157.140610 -81.911588 -161.852092 -48.826067 164.528444
-35.416163 157.141237 -81.902155 -161.849704 -48.830258 164.526039
-35.414381 157.141862 -81.892723 -161.847315 -48.834450 164.523634
-35.412599 157.142488 -81.883291 -161.844926 -48.838644 164.521229
-35.410816 157.143113 -81.873860 -161.842539 -48.842840 164.518827
-35.409032 157.143739 -81.864430 -161.840152 -48.847038 164.516424
-35.407248 157.144364 -81.854999 -161.837765 -48.851237 164.514022
-35.405462 157.144990 -81.845569 -161.835378 -48.855439 164.511620
-35.403677 157.145615 -81.836139 -161.832991 -48.859641 164.509219
-35.401891 157.146241 -81.826709 -161.830605 -48.863846 164.506820
-35.400104 157.146865 -81.817281 -161.828220 -48.868052 164.504421
-35.398317 157.147490 -81.807852 -161.825834 -48.872260 164.502023
-35.396529 157.148114 -81.798424 -161.823450 -48.876470 164.499626
-35.394741 157.148739 -81.788997 -161.821065 -48.880683 164.497229
-35.392952 157.149364 -81.779569 -161.818681 -48.884896 164.494832
-35.391163 157.149988 -81.770142 -161.816297 -48.889111 164.492437
-35.389372 157.150613 -81.760715 -161.813914 -48.893328 164.490043
-35.387582 157.151237 -81.751289 -161.811531 -48.897547 164.487650
-35.385791 157.151861 -81.741863 -161.809149 -48.901768 164.485257
-35.383999 157.152485 -81.732438 -161.806768 -48.905990 164.482865
-35.382206 157.153109 -81.723013 -161.804385 -48.910214 164.480473
-35.380413 157.153733 -81.713589 -161.802004 -48.914440 164.478083
-35.378620 157.154357 -81.704164 -161.799623 -48.918667 164.475693
-35.376826 157.154980 -81.694741 -161.797243 -48.922897 164.473304
-35.375031 157.155604 -81.685317 -161.794863 -48.927128 164.470915
-35.373236 157.156226 -81.675894 -161.792483 -48.931361 164.468528
-35.371441 157.156850 -81.666471 -161.790103 -48.935595 164.466141
-35.369644 157.157473 -81.657049 -161.787724 -48.939832 164.463755
-35.367847 157.158096 -81.647627 -161.785346 -48.944070 164.461371
-35.366050 157.158719 -81.638206 -161.782968 -48.948310 164.458986
-35.364252 157.159342 -81.628784 -161.780589 -48.952552 164.456602
-35.362454 157.159964 -81.619364 -161.778212 -48.956796 164.454219
-35.360654 157.160587 -81.609943 -161.775836 -48.961041 164.451838
-35.358855 157.161209 -81.600525 -161.773459 -48.965288 164.449456
-35.357055 157.161832 -81.591105 -161.771082 -48.969537 164.447075
-35.355255 157.162454 -81.581686 -161.768707 -48.973788 164.444696
-35.353454 157.163076 -81.572267 -161.766332 -48.978040 164.442316
-35.351651 157.163698 -81.562849 -161.763957 -48.982295 164.439939
-35.349849 157.164320 -81.553431 -161.761582 -48.986551 164.437560
-35.348046 157.164942 -81.544014 -161.759208 -48.990808 164.435184
-35.346243 157.165564 -81.534597 -161.756833 -48.995068 164.432807
-35.344439 157.166185 -81.525180 -161.754460 -48.999330 164.430432
-35.342635 157.166807 -81.515764 -161.752087 -49.003592 164.428058
-35.340830 157.167428 -81.506348 -161.749713 -49.007858 164.425684
-35.339025 157.168049 -81.496933 -161.747342 -49.012125 164.423311
-35.337219 157.168670 -81.487518 -161.744970 -49.016393 164.420939
-35.335413 157.169291 -81.478103 -161.742597 -49.020664 164.418567
-35.333606 157.169913 -81.468689 -161.740227 -49.024936 164.416198
-35.331798 157.170533 -81.459275 -161.737856 -49.029210 164.413828
-35.329990 157.171155 -81.449861 -161.735486 -49.033485 164.411458
-35.328182 157.171774 -81.440449 -161.733116 -49.037763 164.409090
-35.326373 157.172395 -81.431036 -161.730747 -49.042043 164.406723
-35.324563 157.173016 -81.421623 -161.728376 -49.046324 164.404354
-35.322753 157.173636 -81.412213 -161.726008 -49.050607 164.401990
-35.320943 157.174256 -81.402801 -161.723640 -49.054892 164.399624
-35.319132 157.174876 -81.393389 -161.721271 -49.059178 164.397259
-35.317320 157.175496 -81.383979 -161.718904 -49.063467 164.394896
-35.315508 157.176115 -81.374569 -161.716536 -49.067757 164.392533
-35.313695 157.176736 -81.365160 -161.714169 -49.072049 164.390170
-35.311882 157.177355 -81.355750 -161.711804 -49.076343 164.387809
-35.310069 157.177975 -81.346340 -161.709437 -49.080639 164.385449
-35.308255 157.178594 -81.336932 -161.707071 -49.084936 164.383089
-35.306440 157.179213 -81.327524 -161.704706 -49.089235 164.380730
-35.304625 157.179833 -81.318116 -161.702341 -49.093536 164.378372
-35.302809 157.180452 -81.308709 -161.699977 -49.097839 164.376014
-35.300993 157.181071 -81.299302 -161.697612 -49.102144 164.373657
-35.299177 157.181690 -81.289896 -161.695248 -49.106451 164.371301
-35.297360 157.182309 -81.280490 -161.692886 -49.110759 164.368946
-35.295543 157.182928 -81.271084 -161.690522 -49.115070 164.366591
-35.293725 157.183546 -81.261679 -161.688160 -49.119382 164.364238
-35.291906 157.184164 -81.252274 -161.685797 -49.123695 164.361885
-35.290087 157.184783 -81.242869 -161.683435 -49.128011 164.359532
-35.288267 157.185401 -81.233465 -161.681075 -49.132329 164.357181
-35.286448 157.186019 -81.224062 -161.678713 -49.136648 164.354830
-35.284627 157.186637 -81.214658 -161.676353 -49.140970 164.352481
-35.282806 157.187255 -81.205255 -161.673992 -49.145293 164.350131
-35.280986 157.187873 -81.195853 -161.671632 -49.149617 164.347783
-35.279164 157.188490 -81.186450 -161.669273 -49.153944 164.345435
-35.277342 157.189107 -81.177049 -161.666913 -49.158273 164.343088
-35.275519 157.189725 -81.167648 -161.664554 -49.162603 164.340742
-35.273696 157.190343 -81.158247 -161.662197 -49.166935 164.338398
-35.271872 157.190959 -81.148847 -161.659838 -49.171269 164.336053
-35.270048 157.191577 -81.139447 -161.657481 -49.175606 164.333709
-35.268223 157.192193 -81.130047 -161.655123 -49.179943 164.331366
-35.266399 157.192811 -81.120648 -161.652766 -49.184282 164.329024
-35.264573 157.193428 -81.111249 -161.650411 -49.188624 164.326682
-35.262747 157.194044 -81.101851 -161.648054 -49.192967 164.324341
-35.260920 157.194661 -81.092453 -161.645699 -49.197312 164.322001
-35.259093 157.195277 -81.083056 -161.643343 -49.201659 164.319663
-35.257266 157.195894 -81.073659 -161.640988 -49.206008 164.317324
-35.255438 157.196510 -81.064261 -161.638634 -49.210359 164.314987
-35.253611 157.197126 -81.054866 -161.636280 -49.214711 164.312650
-35.251782 157.197742 -81.045469 -161.633927 -49.219066 164.310314
-35.249953 157.198357 -81.036074 -161.631574 -49.223422 164.307979
-35.248124 157.198974 -81.026679 -161.629220 -49.227780 164.305643
-35.246293 157.199590 -81.017284 -161.626868 -49.232140 164.303310
-35.244463 157.200205 -81.007890 -161.624515 -49.236501 164.300977
-35.242632 157.200820 -80.998496 -161.622164 -49.240865 164.298645
-35.240801 157.201436 -80.989103 -161.619812 -49.245231 164.296313
-35.238969 157.202051 -80.979710 -161.617462 -49.249599 164.293984
-35.237137 157.202666 -80.970317 -161.615111 -49.253968 164.291653
-35.235304 157.203282 -80.960925 -161.612761 -49.258338 164.289324
-35.233471 157.203896 -80.951533 -161.610411 -49.262712 164.286995
-35.231638 157.204511 -80.942142 -161.608061 -49.267086 164.284667
-35.229804 157.205126 -80.932751 -161.605712 -49.271463 164.282341
-35.227970 157.205741 -80.923360 -161.603363 -49.275842 164.280014
-35.226135 157.206355 -80.913971 -161.601015 -49.280222 164.277689
-35.224300 157.206969 -80.904581 -161.598668 -49.284604 164.275365
-35.222464 157.207584 -80.895191 -161.596321 -49.288989 164.273041
-35.220628 157.208199 -80.885802 -161.593974 -49.293375 164.270718
-35.218792 157.208812 -80.876414 -161.591626 -49.297762 164.268396
-35.216955 157.209426 -80.867026 -161.589281 -49.302152 164.266075
-35.215118 157.210040 -80.857639 -161.586934 -49.306544 164.263754
-35.213280 157.210653 -80.848252 -161.584589 -49.310938 164.261435
-35.211442 157.211268 -80.838864 -161.582243 -49.315332 164.259115
-35.209604 157.211881 -80.829478 -161.579899 -49.319731 164.256797
-35.207765 157.212495 -80.820093 -161.577554 -49.324130 164.254479
-35.205926 157.213107 -80.810707 -161.575210 -49.328530 164.252163
-35.204086 157.213721 -80.801321 -161.572866 -49.332934 164.249846
-35.202246 157.214334 -80.791937 -161.570524 -49.337338 164.247532
-35.200405 157.214947 -80.782553 -161.568182 -49.341745 164.245217
-35.198565 157.215559 -80.773169 -161.565839 -49.346154 164.242904
-35.196724 157.216173 -80.763785 -161.563497 -49.350564 164.240591
-35.194882 157.216785 -80.754402 -161.561155 -49.354977 164.238278
-35.193040 157.217398 -80.745020 -161.558813 -49.359391 164.235966
-35.191198 157.218010 -80.735638 -161.556472 -49.363807 164.233656
-35.189355 157.218623 -80.726256 -161.554132 -49.368225 164.231346
-35.187511 157.219235 -80.716875 -161.551793 -49.372645 164.229038
-35.185668 157.219847 -80.707494 -161.549452 -49.377067 164.226728
-35.183823 157.220459 -80.698113 -161.547113 -49.381491 164.224421
-35.181979 157.221071 -80.688733 -161.544775 -49.385917 164.222115
-35.180135 157.221683 -80.679353 -161.542436 -49.390344 164.219809
-35.178289 157.222294 -80.669975 -161.540097 -49.394774 164.217503
