-36.243155 155.736901 -17.127710 -173.926293 -51.733602 175.810665
-36.244247 155.736445 -17.121666 -173.926481 -51.742160 175.810695
-36.245337 155.735989 -17.115625 -173.926668 -51.750720 175.810725
-36.246427 155.735532 -17.109586 -173.926855 -51.759281 175.810754
-36.247517 155.735077 -17.103551 -173.927040 -51.767843 175.810781
-36.248606 155.734621 -17.097518 -173.927225 -51.776406 175.810809
-36.249695 155.734167 -17.091488 -173.927408 -51.784971 175.810833
-36.250785 155.733712 -17.085460 -173.927592 -51.793537 175.810859
-36.251873 155.733258 -17.079435 -173.927773 -51.802104 175.810883
-36.252961 155.732803 -17.073413 -173.927954 -51.810672 175.810907
-36.254049 155.732349 -17.067394 -173.928135 -51.819242 175.810930
-36.255136 155.731895 -17.061377 -173.928315 -51.827813 175.810951
-36.256223 155.731442 -17.055363 -173.928492 -51.836385 175.810972
-36.257310 155.730989 -17.049352 -173.928670 -51.844958 175.810991
-36.258396 155.730536 -17.043344 -173.928846 -51.853533 175.811009
-36.259482 155.730083 -17.037339 -173.929021 -51.862108 175.811027
-36.260567 155.729631 -17.031335 -173.929197 -51.870685 175.811045
-36.261653 155.729178 -17.025336 -173.929371 -51.879263 175.811061
-36.262738 155.728727 -17.019338 -173.929545 -51.887842 175.811077
-36.263823 155.728275 -17.013343 -173.929716 -51.896422 175.811091
-36.264907 155.727823 -17.007352 -173.929887 -51.905005 175.811104
-36.265990 155.727372 -17.001363 -173.930057 -51.913587 175.811117
-36.267073 155.726921 -16.995377 -173.930227 -51.922171 175.811128
-36.268157 155.726470 -16.989392 -173.930395 -51.930756 175.811139
-36.269239 155.726020 -16.983411 -173.930563 -51.939343 175.811149
-36.270322 155.725570 -16.977433 -173.930729 -51.947931 175.811158
-36.271404 155.725120 -16.971458 -173.930896 -51.956520 175.811167
-36.272485 155.724670 -16.965484 -173.931060 -51.965110 175.811173
-36.273567 155.724220 -16.959514 -173.931224 -51.973701 175.811180
-36.274647 155.723771 -16.953547 -173.931387 -51.982293 175.811185
-36.275727 155.723322 -16.947583 -173.931549 -51.990887 175.811189
-36.276808 155.722874 -16.941620 -173.931710 -51.999482 175.811193
-36.277888 155.722425 -16.935661 -173.931871 -52.008078 175.811196
-36.278967 155.721977 -16.929704 -173.932031 -52.016674 175.811198
-36.280046 155.721529 -16.923750 -173.932190 -52.025273 175.811199
-36.281125 155.721081 -16.917799 -173.932347 -52.033873 175.811199
-36.282203 155.720634 -16.911851 -173.932504 -52.042474 175.811198
-36.283282 155.720187 -16.905905 -173.932660 -52.051075 175.811197
-36.284360 155.719740 -16.899961 -173.932815 -52.059678 175.811194
-36.285437 155.719293 -16.894021 -173.932969 -52.068283 175.811190
-36.286514 155.718846 -16.888083 -173.933122 -52.076888 175.811186
-36.287591 155.718400 -16.882148 -173.933275 -52.085495 175.811181
-36.288667 155.717954 -16.876216 -173.933426 -52.094102 175.811175
-36.289743 155.717508 -16.870286 -173.933577 -52.102712 175.811168
-36.290818 155.717063 -16.864360 -173.933726 -52.111321 175.811160
-36.291893 155.716617 -16.858435 -173.933876 -52.119932 175.811151
-36.292969 155.716173 -16.852513 -173.934023 -52.128545 175.811141
-36.294042 155.715727 -16.846594 -173.934170 -52.137159 175.811131
-36.295117 155.715283 -16.840678 -173.934316 -52.145773 175.811119
-36.296191 155.714839 -16.834764 -173.934461 -52.154389 175.811106
-36.297264 155.714395 -16.828853 -173.934606 -52.163006 175.811095
-36.298337 155.713951 -16.822944 -173.934750 -52.171625 175.811080
-36.299410 155.713507 -16.817039 -173.934892 -52.180244 175.811065
-36.300482 155.713065 -16.811137 -173.935034 -52.188864 175.811048
-36.301554 155.712622 -16.805236 -173.935175 -52.197486 175.811032
-36.302625 155.712179 -16.799338 -173.935315 -52.206109 175.811015
-36.303697 155.711736 -16.793443 -173.935454 -52.214733 175.810997
-36.304768 155.711294 -16.787551 -173.935592 -52.223357 175.810977
-36.305839 155.710851 -16.781661 -173.935730 -52.231983 175.810957
-36.306909 155.710410 -16.775774 -173.935866 -52.240611 175.810935
-36.307978 155.709969 -16.769890 -173.936002 -52.249240 175.810914
-36.309048 155.709527 -16.764008 -173.936136 -52.257870 175.810891
-36.310117 155.709086 -16.758129 -173.936270 -52.266500 175.810867
-36.311185 155.708645 -16.752253 -173.936402 -52.275132 175.810842
-36.312254 155.708204 -16.746379 -173.936534 -52.283764 175.810817
-36.313322 155.707764 -16.740507 -173.936666 -52.292399 175.810791
-36.314390 155.707324 -16.734639 -173.936796 -52.301035 175.810763
-36.315457 155.706884 -16.728773 -173.936926 -52.309671 175.810736
-36.316524 155.706444 -16.722909 -173.937054 -52.318309 175.810706
-36.317590 155.706005 -16.717049 -173.937181 -52.326947 175.810676
-36.318656 155.705566 -16.711191 -173.937309 -52.335586 175.810646
-36.319722 155.705127 -16.705336 -173.937434 -52.344228 175.810613
-36.320788 155.704688 -16.699483 -173.937560 -52.352870 175.810581
-36.321853 155.704250 -16.693633 -173.937684 -52.361513 175.810548
-36.322917 155.703811 -16.687785 -173.937806 -52.370157 175.810513
-36.323982 155.703374 -16.681941 -173.937929 -52.378803 175.810478
-36.325047 155.702936 -16.676099 -173.938050 -52.387449 175.810441
-36.326110 155.702499 -16.670259 -173.938170 -52.396097 175.810405
-36.327173 155.702062 -16.664422 -173.938291 -52.404745 175.810367
-36.328237 155.701625 -16.658588 -173.938409 -52.413395 175.810329
-36.329300 155.701188 -16.652756 -173.938528 -52.422046 175.810289
-36.330361 155.700751 -16.646927 -173.938644 -52.430698 175.810249
-36.331423 155.700315 -16.641100 -173.938761 -52.439351 175.810208
-36.332485 155.699879 -16.635276 -173.938876 -52.448006 175.810165
-36.333546 155.699443 -16.629454 -173.938990 -52.456661 175.810122
-36.334607 155.699007 -16.623636 -173.939103 -52.465317 175.810078
-36.335667 155.698572 -16.617820 -173.939216 -52.473975 175.810033
-36.336728 155.698137 -16.612006 -173.939328 -52.482634 175.809988
-36.337787 155.697702 -16.606195 -173.939439 -52.491294 175.809942
-36.338847 155.697268 -16.600386 -173.939550 -52.499954 175.809894
-36.339906 155.696834 -16.594582 -173.939659 -52.508616 175.809846
-36.340965 155.696400 -16.588778 -173.939768 -52.517278 175.809797
-36.342023 155.695965 -16.582977 -173.939875 -52.525943 175.809747
-36.343080 155.695531 -16.577179 -173.939982 -52.534608 175.809697
-36.344139 155.695098 -16.571384 -173.940087 -52.543274 175.809645
-36.345196 155.694666 -16.565591 -173.940192 -52.551941 175.809592
-36.346253 155.694233 -16.559801 -173.940295 -52.560610 175.809537
-36.347310 155.693800 -16.554013 -173.940400 -52.569280 175.809485
-36.348365 155.693367 -16.548228 -173.940501 -52.577950 175.809429
-36.349421 155.692935 -16.542446 -173.940602 -52.586622 175.809373
-36.350476 155.692503 -16.536666 -173.940703 -52.595295 175.809316
-36.351532 155.692071 -16.530889 -173.940802 -52.603968 175.809258
-36.352586 155.691640 -16.525114 -173.940901 -52.612643 175.809199
-36.353641 155.691208 -16.519342 -173.941000 -52.621319 175.809141
-36.354695 155.690777 -16.513571 -173.941096 -52.629996 175.809079
-36.355749 155.690347 -16.507804 -173.941193 -52.638675 175.809019
-36.356802 155.689916 -16.502040 -173.941288 -52.647354 175.808956
-36.357855 155.689486 -16.496279 -173.941383 -52.656034 175.808894
-36.358908 155.689056 -16.490519 -173.941476 -52.664715 175.808830
-36.359960 155.688626 -16.484761 -173.941569 -52.673397 175.808766
-36.361011 155.688196 -16.479008 -173.941661 -52.682080 175.808700
-36.362063 155.687766 -16.473256 -173.941752 -52.690765 175.808633
-36.363114 155.687338 -16.467506 -173.941841 -52.699451 175.808566
-36.364165 155.686909 -16.461759 -173.941931 -52.708138 175.808497
-36.365216 155.686479 -16.456015 -173.942020 -52.716825 175.808430
-36.366265 155.686051 -16.450275 -173.942107 -52.725513 175.808360
-36.367315 155.685623 -16.444535 -173.942193 -52.734204 175.808288
-36.368365 155.685195 -16.438798 -173.942280 -52.742894 175.808217
-36.369414 155.684767 -16.433065 -173.942365 -52.751586 175.808144
-36.370462 155.684340 -16.427334 -173.942449 -52.760278 175.808071
-36.371511 155.683913 -16.421604 -173.942532 -52.768973 175.807997
-36.372558 155.683485 -16.415878 -173.942613 -52.777667 175.807922
-36.373606 155.683058 -16.410154 -173.942695 -52.786364 175.807846
-36.374653 155.682631 -16.404433 -173.942776 -52.795060 175.807769
-36.375700 155.682206 -16.398714 -173.942856 -52.803758 175.807691
-36.376747 155.681780 -16.392998 -173.942935 -52.812458 175.807613
-36.377793 155.681353 -16.387285 -173.943013 -52.821157 175.807534
-36.378839 155.680927 -16.381573 -173.943090 -52.829858 175.807454
-36.379884 155.680503 -16.375865 -173.943167 -52.838561 175.807374
-36.380930 155.680077 -16.370158 -173.943243 -52.847264 175.807292
-36.381974 155.679652 -16.364455 -173.943316 -52.855968 175.807208
-36.383018 155.679227 -16.358754 -173.943390 -52.864674 175.807124
-36.384062 155.678803 -16.353055 -173.943463 -52.873380 175.807040
-36.385106 155.678379 -16.347359 -173.943535 -52.882087 175.806955
-36.386149 155.677955 -16.341665 -173.943606 -52.890795 175.806868
-36.387191 155.677530 -16.335974 -173.943677 -52.899505 175.806783
-36.388235 155.677106 -16.330286 -173.943747 -52.908215 175.806694
-36.389276 155.676683 -16.324600 -173.943815 -52.916927 175.806606
-36.390319 155.676260 -16.318916 -173.943884 -52.925639 175.806517
-36.391360 155.675837 -16.313235 -173.943950 -52.934352 175.806426
-36.392401 155.675415 -16.307557 -173.944017 -52.943066 175.806335
-36.393441 155.674992 -16.301880 -173.944081 -52.951782 175.806242
-36.394482 155.674569 -16.296207 -173.944146 -52.960499 175.806150
-36.395523 155.674148 -16.290535 -173.944209 -52.969215 175.806056
-36.396562 155.673726 -16.284867 -173.944273 -52.977934 175.805962
-36.397601 155.673304 -16.279201 -173.944334 -52.986654 175.805866
-36.398640 155.672883 -16.273537 -173.944394 -52.995374 175.805769
-36.399679 155.672462 -16.267876 -173.944455 -53.004096 175.805673
-36.400717 155.672040 -16.262218 -173.944515 -53.012818 175.805575
-36.401755 155.671620 -16.256562 -173.944572 -53.021542 175.805475
-36.402792 155.671200 -16.250907 -173.944630 -53.030266 175.805376
-36.403829 155.670779 -16.245256 -173.944687 -53.038991 175.805275
-36.404867 155.670359 -16.239608 -173.944743 -53.047718 175.805174
-36.405903 155.669940 -16.233961 -173.944798 -53.056445 175.805072
-36.406939 155.669520 -16.228318 -173.944852 -53.065173 175.804969
-36.407975 155.669100 -16.222676 -173.944905 -53.073903 175.804865
-36.409010 155.668681 -16.217038 -173.944958 -53.082633 175.804760
-36.410046 155.668263 -16.211401 -173.945010 -53.091364 175.804654
-36.411080 155.667844 -16.205767 -173.945061 -53.100096 175.804549
-36.412115 155.667425 -16.200135 -173.945111 -53.108830 175.804441
-36.413148 155.667007 -16.194506 -173.945160 -53.117564 175.804332
-36.414182 155.666589 -16.188880 -173.945208 -53.126299 175.804224
-36.415215 155.666171 -16.183256 -173.945255 -53.135035 175.804114
-36.416248 155.665754 -16.177634 -173.945302 -53.143772 175.804003
-36.417280 155.665336 -16.172015 -173.945348 -53.152511 175.803891
-36.418312 155.664919 -16.166398 -173.945393 -53.161250 175.803780
-36.419344 155.664502 -16.160783 -173.945436 -53.169990 175.803665
-36.420376 155.664086 -16.155172 -173.945480 -53.178731 175.803552
-36.421407 155.663669 -16.149562 -173.945523 -53.187473 175.803437
-36.422437 155.663253 -16.143956 -173.945564 -53.196216 175.803321
-36.423468 155.662837 -16.138350 -173.945604 -53.204960 175.803204
-36.424498 155.662421 -16.132749 -173.945645 -53.213705 175.803088
-36.425527 155.662005 -16.127148 -173.945684 -53.222451 175.802970
-36.426557 155.661590 -16.121552 -173.945721 -53.231198 175.802850
-36.427586 155.661175 -16.115957 -173.945759 -53.239945 175.802730
-36.428615 155.660761 -16.110364 -173.945796 -53.248694 175.802609
-36.429643 155.660345 -16.104774 -173.945831 -53.257443 175.802488
-36.430671 155.659931 -16.099187 -173.945866 -53.266194 175.802366
-36.431698 155.659516 -16.093602 -173.945899 -53.274946 175.802242
-36.432725 155.659103 -16.088019 -173.945933 -53.283699 175.802118
-36.433752 155.658689 -16.082438 -173.945966 -53.292452 175.801993
-36.434778 155.658276 -16.076861 -173.945997 -53.301206 175.801867
-36.435805 155.657862 -16.071286 -173.946028 -53.309962 175.801742
-36.436830 155.657448 -16.065713 -173.946057 -53.318718 175.801613
-36.437855 155.657036 -16.060142 -173.946086 -53.327475 175.801485
-36.438880 155.656623 -16.054574 -173.946115 -53.336233 175.801356
-36.439905 155.656211 -16.049008 -173.946142 -53.344993 175.801226
-36.440930 155.655799 -16.043445 -173.946167 -53.353753 175.801094
-36.441954 155.655386 -16.037884 -173.946194 -53.362514 175.800964
-36.442977 155.654974 -16.032325 -173.946219 -53.371275 175.800832
-36.444001 155.654563 -16.026769 -173.946242 -53.380038 175.800697
-36.445023 155.654151 -16.021215 -173.946265 -53.388802 175.800564
-36.446045 155.653740 -16.015664 -173.946288 -53.397567 175.800429
-36.447068 155.653329 -16.010115 -173.946309 -53.406332 175.800293
-36.448090 155.652919 -16.004568 -173.946329 -53.415099 175.800156
-36.449111 155.652507 -15.999024 -173.946350 -53.423867 175.800019
-36.450132 155.652097 -15.993482 -173.946369 -53.432634 175.799881
-36.451153 155.651687 -15.987942 -173.946388 -53.441404 175.799743
-36.452173 155.651278 -15.982406 -173.946404 -53.450174 175.799602
-36.453194 155.650868 -15.976871 -173.946421 -53.458946 175.799461
-36.454213 155.650459 -15.971339 -173.946436 -53.467717 175.799320
-36.455232 155.650049 -15.965808 -173.946451 -53.476490 175.799177
-36.456251 155.649640 -15.960281 -173.946465 -53.485264 175.799034
-36.457270 155.649231 -15.954756 -173.946478 -53.494039 175.798890
-36.458288 155.648822 -15.949233 -173.946490 -53.502815 175.798745
-36.459306 155.648414 -15.943712 -173.946503 -53.511591 175.798600
-36.460323 155.648006 -15.938195 -173.946513 -53.520369 175.798453
-36.461341 155.647598 -15.932679 -173.946522 -53.529147 175.798305
-36.462357 155.647190 -15.927165 -173.946532 -53.537927 175.798158
-36.463374 155.646782 -15.921654 -173.946540 -53.546706 175.798009
-36.464389 155.646375 -15.916146 -173.946547 -53.555487 175.797858
-36.465405 155.645968 -15.910640 -173.946553 -53.564270 175.797707
-36.466421 155.645561 -15.905136 -173.946560 -53.573052 175.797556
-36.467435 155.645155 -15.899635 -173.946564 -53.581836 175.797404
-36.468450 155.644747 -15.894135 -173.946568 -53.590620 175.797251
-36.469465 155.644341 -15.888639 -173.946572 -53.599407 175.797097
-36.470479 155.643936 -15.883144 -173.946574 -53.608193 175.796942
-36.471493 155.643529 -15.877652 -173.946575 -53.616980 175.796786
-36.472505 155.643124 -15.872162 -173.946577 -53.625768 175.796630
-36.473518 155.642719 -15.866675 -173.946577 -53.634557 175.796473
-36.474531 155.642314 -15.861190 -173.946575 -53.643347 175.796315
-36.475543 155.641908 -15.855706 -173.946573 -53.652138 175.796156
-36.476555 155.641503 -15.850226 -173.946571 -53.660930 175.795996
-36.477567 155.641099 -15.844748 -173.946569 -53.669722 175.795836
-36.478577 155.640694 -15.839273 -173.946564 -53.678516 175.795674
-36.479588 155.640290 -15.833800 -173.946559 -53.687310 175.795512
-36.480599 155.639886 -15.828328 -173.946552 -53.696105 175.795349
-36.481608 155.639483 -15.822859 -173.946546 -53.704901 175.795185
-36.482618 155.639079 -15.817393 -173.946540 -53.713698 175.795021
-36.483628 155.638676 -15.811929 -173.946531 -53.722496 175.794856
-36.484637 155.638273 -15.806467 -173.946521 -53.731294 175.794689
-36.485645 155.637870 -15.801008 -173.946513 -53.740094 175.794522
-36.486653 155.637466 -15.795551 -173.946500 -53.748895 175.794354
-36.487661 155.637064 -15.790096 -173.946490 -53.757696 175.794185
-36.488668 155.636662 -15.784644 -173.946477 -53.766498 175.794016
-36.489675 155.636260 -15.779193 -173.946465 -53.775301 175.793846
-36.490682 155.635859 -15.773746 -173.946450 -53.784105 175.793675
-36.491689 155.635457 -15.768299 -173.946435 -53.792909 175.793503
-36.492695 155.635055 -15.762857 -173.946421 -53.801715 175.793331
-36.493701 155.634653 -15.757416 -173.946404 -53.810521 175.793156
-36.494706 155.634253 -15.751977 -173.946387 -53.819328 175.792982
-36.495711 155.633852 -15.746540 -173.946368 -53.828137 175.792806
-36.496716 155.633451 -15.741107 -173.946349 -53.836945 175.792631
-36.497720 155.633051 -15.735674 -173.946330 -53.845755 175.792454
-36.498724 155.632651 -15.730246 -173.946309 -53.854566 175.792276
-36.499727 155.632250 -15.724818 -173.946288 -53.863378 175.792098
-36.500731 155.631851 -15.719394 -173.946265 -53.872190 175.791918
-36.501733 155.631451 -15.713971 -173.946242 -53.881003 175.791738
-36.502736 155.631051 -15.708551 -173.946219 -53.889817 175.791558
-36.503738 155.630652 -15.703133 -173.946194 -53.898631 175.791375
-36.504740 155.630253 -15.697717 -173.946169 -53.907447 175.791193
-36.505742 155.629854 -15.692304 -173.946143 -53.916263 175.791010
-36.506742 155.629456 -15.686892 -173.946116 -53.925081 175.790825
-36.507744 155.629057 -15.681483 -173.946088 -53.933899 175.790640
-36.508744 155.628660 -15.676077 -173.946061 -53.942718 175.790455
-36.509744 155.628262 -15.670672 -173.946031 -53.951538 175.790268
-36.510744 155.627864 -15.665271 -173.946000 -53.960358 175.790081
-36.511743 155.627466 -15.659871 -173.945970 -53.969180 175.789893
-36.512742 155.627069 -15.654473 -173.945938 -53.978001 175.789704
-36.513741 155.626671 -15.649078 -173.945905 -53.986825 175.789514
-36.514739 155.626275 -15.643685 -173.945871 -53.995649 175.789323
-36.515737 155.625878 -15.638294 -173.945837 -54.004474 175.789131
-36.516735 155.625481 -15.632906 -173.945803 -54.013299 175.788941
-36.517732 155.625085 -15.627520 -173.945767 -54.022125 175.788748
-36.518729 155.624689 -15.622136 -173.945729 -54.030952 175.788552
-36.519725 155.624293 -15.616754 -173.945693 -54.039780 175.788358
-36.520721 155.623897 -15.611375 -173.945655 -54.048609 175.788163
-36.521716 155.623501 -15.605998 -173.945615 -54.057438 175.787967
-36.522712 155.623106 -15.600623 -173.945576 -54.066269 175.787770
-36.523707 155.622710 -15.595251 -173.945534 -54.075100 175.787571
-36.524702 155.622315 -15.589880 -173.945494 -54.083931 175.787374
-36.525696 155.621921 -15.584512 -173.945451 -54.092765 175.787174
-36.526691 155.621526 -15.579145 -173.945409 -54.101598 175.786974
-36.527684 155.621132 -15.573782 -173.945364 -54.110432 175.786773
-36.528677 155.620738 -15.568421 -173.945320 -54.119268 175.786570
-36.529670 155.620344 -15.563061 -173.945275 -54.128103 175.786368
-36.530663 155.619951 -15.557704 -173.945228 -54.136940 175.786165
-36.531655 155.619557 -15.552350 -173.945181 -54.145777 175.785961
-36.532647 155.619164 -15.546997 -173.945133 -54.154616 175.785756
-36.533638 155.618770 -15.541647 -173.945084 -54.163455 175.785549
-36.534630 155.618377 -15.536299 -173.945035 -54.172295 175.785343
-36.535620 155.617984 -15.530953 -173.944985 -54.181135 175.785136
-36.536611 155.617592 -15.525609 -173.944934 -54.189977 175.784928
-36.537601 155.617200 -15.520268 -173.944881 -54.198819 175.784718
-36.538590 155.616808 -15.514929 -173.944830 -54.207662 175.784508
-36.539580 155.616415 -15.509592 -173.944776 -54.216505 175.784298
-36.540570 155.616023 -15.504257 -173.944721 -54.225350 175.784087
-36.541558 155.615632 -15.498924 -173.944668 -54.234195 175.783875
-36.542546 155.615240 -15.493594 -173.944610 -54.243041 175.783660
-36.543534 155.614850 -15.488266 -173.944554 -54.251888 175.783447
-36.544522 155.614458 -15.482940 -173.944497 -54.260735 175.783233
-36.545509 155.614068 -15.477617 -173.944439 -54.269584 175.783017
-36.546497 155.613677 -15.472295 -173.944379 -54.278433 175.782801
-36.547483 155.613286 -15.466975 -173.944319 -54.287283 175.782584
-36.548469 155.612897 -15.461659 -173.944260 -54.296133 175.782367
-36.549455 155.612506 -15.456343 -173.944198 -54.304985 175.782147
-36.550441 155.612116 -15.451031 -173.944135 -54.313837 175.781928
-36.551425 155.611727 -15.445720 -173.944073 -54.322690 175.781708
-36.552410 155.611338 -15.440413 -173.944009 -54.331543 175.781487
-36.553395 155.610948 -15.435106 -173.943945 -54.340398 175.781265
-36.554379 155.610559 -15.429801 -173.943880 -54.349253 175.781043
-36.555362 155.610170 -15.424500 -173.943814 -54.358109 175.780820
-36.556346 155.609781 -15.419201 -173.943747 -54.366965 175.780596
-36.557329 155.609393 -15.413903 -173.943679 -54.375823 175.780371
-36.558312 155.609005 -15.408608 -173.943610 -54.384681 175.780145
-36.559294 155.608617 -15.403315 -173.943541 -54.393540 175.779919
-36.560276 155.608229 -15.398024 -173.943471 -54.402400 175.779691
-36.561258 155.607841 -15.392735 -173.943400 -54.411260 175.779463
-36.562239 155.607454 -15.387449 -173.943329 -54.420121 175.779235
-36.563220 155.607066 -15.382165 -173.943256 -54.428983 175.779005
-36.564201 155.606679 -15.376882 -173.943183 -54.437845 175.778774
-36.565181 155.606292 -15.371603 -173.943109 -54.446709 175.778544
-36.566160 155.605906 -15.366325 -173.943034 -54.455573 175.778311
-36.567139 155.605519 -15.361049 -173.942959 -54.464438 175.778078
-36.568119 155.605132 -15.355775 -173.942883 -54.473303 175.777846
-36.569097 155.604747 -15.350504 -173.942805 -54.482170 175.777611
-36.570076 155.604360 -15.345235 -173.942728 -54.491036 175.777376
-36.571055 155.603975 -15.339968 -173.942648 -54.499904 175.777139
-36.572032 155.603589 -15.334703 -173.942570 -54.508773 175.776904
-36.573009 155.603204 -15.329440 -173.942489 -54.517642 175.776665
-36.573986 155.602819 -15.324180 -173.942409 -54.526512 175.776428
-36.574963 155.602433 -15.318921 -173.942327 -54.535382 175.776189
-36.575940 155.602048 -15.313665 -173.942245 -54.544253 175.775949
-36.576916 155.601664 -15.308411 -173.942160 -54.553125 175.775707
-36.577891 155.601280 -15.303158 -173.942076 -54.561998 175.775466
-36.578867 155.600895 -15.297908 -173.941992 -54.570872 175.775224
-36.579841 155.600511 -15.292661 -173.941905 -54.579745 175.774980
-36.580816 155.600127 -15.287416 -173.941819 -54.588620 175.774737
-36.581791 155.599743 -15.282172 -173.941732 -54.597496 175.774493
-36.582765 155.599360 -15.276931 -173.941644 -54.606372 175.774247
-36.583737 155.598976 -15.271692 -173.941555 -54.615249 175.774001
-36.584711 155.598594 -15.266455 -173.941466 -54.624127 175.773755
-36.585684 155.598211 -15.261219 -173.941375 -54.633005 175.773506
-36.586656 155.597828 -15.255986 -173.941284 -54.641885 175.773258
-36.587628 155.597446 -15.250755 -173.941193 -54.650764 175.773010
-36.588600 155.597063 -15.245528 -173.941100 -54.659644 175.772759
-36.589571 155.596681 -15.240301 -173.941006 -54.668526 175.772508
-36.590543 155.596298 -15.235076 -173.940913 -54.677407 175.772258
-36.591513 155.595917 -15.229854 -173.940817 -54.686290 175.772006
-36.592483 155.595536 -15.224634 -173.940722 -54.695173 175.771753
-36.593453 155.595154 -15.219416 -173.940624 -54.704057 175.771498
-36.594423 155.594773 -15.214200 -173.940528 -54.712942 175.771245
-36.595392 155.594392 -15.208986 -173.940430 -54.721827 175.770989
-36.596361 155.594011 -15.203775 -173.940331 -54.730713 175.770732
-36.597330 155.593630 -15.198565 -173.940231 -54.739599 175.770474
-36.598298 155.593250 -15.193358 -173.940131 -54.748486 175.770217
-36.599266 155.592869 -15.188152 -173.940030 -54.757375 175.769959
-36.600234 155.592488 -15.182949 -173.939928 -54.766263 175.769700
-36.601201 155.592109 -15.177748 -173.939825 -54.775153 175.769440
-36.602167 155.591729 -15.172548 -173.939721 -54.784043 175.769179
-36.603134 155.591349 -15.167351 -173.939617 -54.792933 175.768917
-36.604100 155.590970 -15.162156 -173.939512 -54.801825 175.768655
-36.605066 155.590591 -15.156964 -173.939407 -54.810717 175.768392
-36.606032 155.590212 -15.151773 -173.939300 -54.819609 175.768128
-36.606996 155.589833 -15.146584 -173.939193 -54.828502 175.767864
-36.607962 155.589454 -15.141397 -173.939084 -54.837396 175.767597
-36.608926 155.589075 -15.136213 -173.938975 -54.846291 175.767331
-36.609890 155.588698 -15.131030 -173.938866 -54.855186 175.767065
-36.610854 155.588319 -15.125850 -173.938756 -54.864082 175.766797
-36.611817 155.587941 -15.120671 -173.938645 -54.872979 175.766529
-36.612780 155.587564 -15.115495 -173.938533 -54.881876 175.766259
-36.613742 155.587186 -15.110322 -173.938419 -54.890774 175.765989
-36.614705 155.586808 -15.105149 -173.938306 -54.899673 175.765718
-36.615667 155.586431 -15.099979 -173.938192 -54.908571 175.765446
-36.616628 155.586054 -15.094811 -173.938078 -54.917472 175.765175
-36.617590 155.585678 -15.089645 -173.937962 -54.926373 175.764902
-36.618551 155.585301 -15.084481 -173.937846 -54.935273 175.764628
-36.619511 155.584924 -15.079320 -173.937727 -54.944175 175.764352
-36.620472 155.584548 -15.074160 -173.937611 -54.953077 175.764079
-36.621431 155.584172 -15.069003 -173.937490 -54.961981 175.763801
-36.622391 155.583796 -15.063846 -173.937372 -54.970884 175.763525
-36.623350 155.583420 -15.058693 -173.937251 -54.979788 175.763247
-36.624308 155.583044 -15.053541 -173.937130 -54.988694 175.762969
-36.625267 155.582669 -15.048392 -173.937009 -54.997599 175.762689
-36.626225 155.582293 -15.043245 -173.936886 -55.006506 175.762409
-36.627183 155.581918 -15.038099 -173.936763 -55.015413 175.762129
-36.628141 155.581544 -15.032956 -173.936638 -55.024320 175.761846
-36.629097 155.581168 -15.027814 -173.936514 -55.033228 175.761566
-36.630054 155.580794 -15.022675 -173.936387 -55.042137 175.761281
-36.631011 155.580419 -15.017538 -173.936262 -55.051046 175.760998
-36.631966 155.580046 -15.012402 -173.936134 -55.059956 175.760713
-36.632922 155.579672 -15.007269 -173.936006 -55.068867 175.760427
-36.633878 155.579297 -15.002139 -173.935878 -55.077778 175.760142
-36.634833 155.578924 -14.997009 -173.935748 -55.086690 175.759855
-36.635788 155.578551 -14.991882 -173.935618 -55.095602 175.759568
-36.636742 155.578178 -14.986757 -173.935488 -55.104515 175.759279
-36.637696 155.577804 -14.981634 -173.935356 -55.113429 175.758990
-36.638649 155.577432 -14.976513 -173.935223 -55.122343 175.758700
-36.639602 155.577059 -14.971394 -173.935091 -55.131258 175.758410
-36.640555 155.576686 -14.966277 -173.934956 -55.140174 175.758118
-36.641508 155.576314 -14.961162 -173.934822 -55.149090 175.757825
-36.642459 155.575941 -14.956049 -173.934687 -55.158007 175.757533
-36.643412 155.575569 -14.950938 -173.934551 -55.166924 175.757240
-36.644363 155.575197 -14.945829 -173.934414 -55.175842 175.756945
-36.645315 155.574826 -14.940722 -173.934275 -55.184760 175.756649
-36.646265 155.574454 -14.935617 -173.934138 -55.193680 175.756354
-36.647215 155.574082 -14.930514 -173.933998 -55.202600 175.756058
-36.648166 155.573712 -14.925413 -173.933859 -55.211520 175.755760
-36.649116 155.573340 -14.920314 -173.933717 -55.220440 175.755462
-36.650065 155.572969 -14.915217 -173.933577 -55.229362 175.755164
-36.651014 155.572599 -14.910122 -173.933435 -55.238285 175.754864
-36.651963 155.572228 -14.905029 -173.933291 -55.247207 175.754563
-36.652911 155.571858 -14.899938 -173.933147 -55.256130 175.754262
-36.653859 155.571488 -14.894849 -173.933003 -55.265054 175.753960
-36.654806 155.571117 -14.889762 -173.932859 -55.273979 175.753658
-36.655754 155.570748 -14.884677 -173.932712 -55.282903 175.753354
-36.656701 155.570378 -14.879594 -173.932566 -55.291829 175.753049
-36.657648 155.570009 -14.874513 -173.932419 -55.300755 175.752745
-36.658594 155.569640 -14.869434 -173.932270 -55.309682 175.752439
-36.659540 155.569271 -14.864357 -173.932121 -55.318609 175.752132
-36.660485 155.568902 -14.859281 -173.931972 -55.327537 175.751826
-36.661431 155.568533 -14.854208 -173.931823 -55.336466 175.751519
-36.662376 155.568164 -14.849137 -173.931671 -55.345395 175.751209
-36.663320 155.567796 -14.844068 -173.931520 -55.354324 175.750900
-36.664264 155.567427 -14.839001 -173.931366 -55.363255 175.750589
-36.665209 155.567059 -14.833935 -173.931213 -55.372186 175.750278
-36.666151 155.566692 -14.828872 -173.931059 -55.381117 175.749967
-36.667095 155.566324 -14.823810 -173.930905 -55.390048 175.749655
-36.668038 155.565956 -14.818750 -173.930749 -55.398981 175.749342
-36.668980 155.565589 -14.813694 -173.930592 -55.407914 175.749027
-36.669922 155.565221 -14.808638 -173.930436 -55.416848 175.748714
-36.670864 155.564854 -14.803585 -173.930278 -55.425782 175.748397
-36.671805 155.564487 -14.798532 -173.930119 -55.434717 175.748082
-36.672747 155.564120 -14.793483 -173.929960 -55.443652 175.747765
-36.673687 155.563754 -14.788436 -173.929800 -55.452588 175.747447
-36.674627 155.563388 -14.783389 -173.929640 -55.461524 175.747129
-36.675568 155.563021 -14.778345 -173.929477 -55.470461 175.746810
-36.676508 155.562655 -14.773304 -173.929316 -55.479397 175.746490
-36.677447 155.562290 -14.768264 -173.929153 -55.488335 175.746169
-36.678386 155.561923 -14.763226 -173.928989 -55.497274 175.745848
-36.679325 155.561558 -14.758189 -173.928826 -55.506213 175.745527
-36.680263 155.561192 -14.753155 -173.928660 -55.515153 175.745203
-36.681201 155.560827 -14.748124 -173.928494 -55.524093 175.744880
-36.682138 155.560462 -14.743093 -173.928328 -55.533033 175.744556
-36.683077 155.560097 -14.738064 -173.928160 -55.541975 175.744231
-36.684013 155.559732 -14.733038 -173.927992 -55.550917 175.743905
-36.684949 155.559368 -14.728014 -173.927823 -55.559859 175.743578
-36.685886 155.559003 -14.722991 -173.927655 -55.568801 175.743252
-36.686822 155.558639 -14.717970 -173.927484 -55.577745 175.742923
-36.687758 155.558275 -14.712952 -173.927313 -55.586688 175.742595
-36.688693 155.557911 -14.707934 -173.927142 -55.595633 175.742266
-36.689627 155.557547 -14.702920 -173.926969 -55.604578 175.741936
-36.690562 155.557183 -14.697907 -173.926796 -55.613523 175.741605
-36.691496 155.556821 -14.692895 -173.926623 -55.622470 175.741273
-36.692430 155.556457 -14.687887 -173.926447 -55.631415 175.740941
-36.693364 155.556094 -14.682879 -173.926272 -55.640362 175.740607
-36.694297 155.555731 -14.677873 -173.926096 -55.649310 175.740274
-36.695230 155.555369 -14.672870 -173.925920 -55.658258 175.739940
-36.696162 155.555005 -14.667868 -173.925742 -55.667207 175.739604
-36.697095 155.554643 -14.662869 -173.925564 -55.676155 175.739268
-36.698026 155.554281 -14.657871 -173.925386 -55.685104 175.738932
-36.698958 155.553919 -14.652875 -173.925205 -55.694055 175.738594
-36.699889 155.553557 -14.647881 -173.925025 -55.703005 175.738256
-36.700820 155.553195 -14.642889 -173.924844 -55.711956 175.737917
-36.701751 155.552834 -14.637899 -173.924661 -55.720908 175.737577
-36.702680 155.552473 -14.632910 -173.924480 -55.729860 175.737237
-36.703610 155.552110 -14.627924 -173.924297 -55.738813 175.736896
-36.704540 155.551750 -14.622939 -173.924112 -55.747766 175.736553
-36.705469 155.551388 -14.617957 -173.923926 -55.756719 175.736211
-36.706397 155.551027 -14.612975 -173.923742 -55.765673 175.735869
-36.707325 155.550668 -14.607997 -173.923555 -55.774627 175.735523
-36.708254 155.550307 -14.603019 -173.923369 -55.783582 175.735179
-36.709181 155.549947 -14.598044 -173.923181 -55.792538 175.734834
-36.710109 155.549586 -14.593071 -173.922993 -55.801494 175.734488
-36.711036 155.549226 -14.588100 -173.922803 -55.810450 175.734140
-36.711962 155.548866 -14.583130 -173.922614 -55.819407 175.733793
-36.712888 155.548507 -14.578162 -173.922424 -55.828365 175.733445
-36.713815 155.548147 -14.573197 -173.922233 -55.837323 175.733096
-36.714740 155.547788 -14.568232 -173.922040 -55.846281 175.732745
-36.715665 155.547429 -14.563270 -173.921847 -55.855240 175.732395
-36.716591 155.547069 -14.558310 -173.921654 -55.864199 175.732043
-36.717516 155.546711 -14.553352 -173.921461 -55.873159 175.731692
-36.718440 155.546351 -14.548395 -173.921265 -55.882119 175.731339
-36.719364 155.545993 -14.543440 -173.921070 -55.891080 175.730985
-36.720287 155.545635 -14.538488 -173.920874 -55.900042 175.730631
-36.721211 155.545276 -14.533537 -173.920676 -55.909003 175.730276
-36.722133 155.544919 -14.528588 -173.920478 -55.917966 175.729920
-36.723056 155.544561 -14.523641 -173.920280 -55.926929 175.729564
-36.723978 155.544202 -14.518695 -173.920081 -55.935892 175.729207
-36.724901 155.543845 -14.513752 -173.919881 -55.944856 175.728849
