-70.820783 152.778411 6.562819 0.370618 -30.782044 -0.933078
-70.818870 152.778798 6.566774 0.371659 -30.774613 -0.929068
-70.816959 152.779186 6.570727 0.372702 -30.767180 -0.925055
-70.815048 152.779573 6.574678 0.373746 -30.759748 -0.921042
-70.813140 152.779961 6.578627 0.374792 -30.752314 -0.917026
-70.811234 152.780350 6.582573 0.375839 -30.744880 -0.913011
-70.809329 152.780739 6.586518 0.376888 -30.737447 -0.908993
-70.807427 152.781127 6.590459 0.377938 -30.730011 -0.904975
-70.805525 152.781516 6.594399 0.378990 -30.722576 -0.900955
-70.803625 152.781905 6.598336 0.380043 -30.715141 -0.896934
-70.801727 152.782295 6.602272 0.381098 -30.707704 -0.892911
-70.799832 152.782684 6.606206 0.382155 -30.700268 -0.888888
-70.797937 152.783074 6.610137 0.383212 -30.692831 -0.884863
-70.796045 152.783465 6.614065 0.384272 -30.685393 -0.880837
-70.794154 152.783855 6.617992 0.385333 -30.677955 -0.876809
-70.792265 152.784245 6.621916 0.386395 -30.670516 -0.872781
-70.790377 152.784636 6.625839 0.387460 -30.663078 -0.868751
-70.788490 152.785027 6.629759 0.388525 -30.655638 -0.864720
-70.786606 152.785419 6.633677 0.389593 -30.648198 -0.860687
-70.784724 152.785810 6.637591 0.390661 -30.640758 -0.856654
-70.782843 152.786202 6.641505 0.391731 -30.633317 -0.852620
-70.780965 152.786595 6.645416 0.392803 -30.625876 -0.848584
-70.779087 152.786986 6.649326 0.393877 -30.618434 -0.844546
-70.777211 152.787379 6.653233 0.394952 -30.610992 -0.840508
-70.775337 152.787772 6.657137 0.396028 -30.603550 -0.836468
-70.773465 152.788164 6.661039 0.397106 -30.596107 -0.832426
-70.771595 152.788558 6.664940 0.398185 -30.588663 -0.828385
-70.769726 152.788952 6.668837 0.399267 -30.581220 -0.824342
-70.767859 152.789345 6.672733 0.400349 -30.573775 -0.820298
-70.765993 152.789739 6.676627 0.401433 -30.566330 -0.816252
-70.764129 152.790133 6.680519 0.402519 -30.558885 -0.812204
-70.762268 152.790527 6.684407 0.403606 -30.551439 -0.808157
-70.760408 152.790922 6.688295 0.404695 -30.543992 -0.804106
-70.758548 152.791317 6.692179 0.405785 -30.536545 -0.800056
-70.756692 152.791712 6.696061 0.406877 -30.529099 -0.796004
-70.754837 152.792107 6.699942 0.407970 -30.521651 -0.791952
-70.752984 152.792503 6.703820 0.409065 -30.514204 -0.787896
-70.751131 152.792900 6.707696 0.410162 -30.506755 -0.783842
-70.749281 152.793295 6.711570 0.411259 -30.499306 -0.779785
-70.747432 152.793692 6.715442 0.412359 -30.491857 -0.775728
-70.745586 152.794088 6.719311 0.413460 -30.484407 -0.771668
-70.743741 152.794484 6.723178 0.414563 -30.476957 -0.767608
-70.741897 152.794881 6.727043 0.415667 -30.469506 -0.763547
-70.740056 152.795279 6.730906 0.416773 -30.462055 -0.759484
-70.738216 152.795676 6.734767 0.417880 -30.454604 -0.755420
-70.736378 152.796073 6.738625 0.418989 -30.447152 -0.751356
-70.734542 152.796472 6.742480 0.420099 -30.439700 -0.747290
-70.732707 152.796870 6.746334 0.421211 -30.432247 -0.743222
-70.730873 152.797269 6.750186 0.422324 -30.424794 -0.739155
-70.729042 152.797667 6.754036 0.423439 -30.417341 -0.735084
-70.727211 152.798066 6.757884 0.424556 -30.409886 -0.731013
-70.725384 152.798465 6.761728 0.425674 -30.402432 -0.726942
-70.723557 152.798864 6.765571 0.426793 -30.394977 -0.722869
-70.721732 152.799263 6.769411 0.427915 -30.387522 -0.718794
-70.719910 152.799663 6.773250 0.429038 -30.380067 -0.714718
-70.718088 152.800064 6.777086 0.430162 -30.372610 -0.710642
-70.716268 152.800463 6.780921 0.431287 -30.365154 -0.706565
-70.714450 152.800864 6.784752 0.432415 -30.357697 -0.702485
-70.712634 152.801265 6.788582 0.433544 -30.350240 -0.698405
-70.710819 152.801666 6.792410 0.434674 -30.342782 -0.694324
-70.709006 152.802067 6.796235 0.435806 -30.335324 -0.690242
-70.707195 152.802468 6.800058 0.436940 -30.327865 -0.686158
-70.705385 152.802869 6.803878 0.438075 -30.320406 -0.682074
-70.703578 152.803271 6.807697 0.439211 -30.312948 -0.677989
-70.701771 152.803673 6.811513 0.440350 -30.305488 -0.673901
-70.699967 152.804075 6.815327 0.441490 -30.298027 -0.669813
-70.698164 152.804478 6.819139 0.442631 -30.290567 -0.665725
-70.696362 152.804880 6.822949 0.443774 -30.283106 -0.661634
-70.694563 152.805283 6.826757 0.444918 -30.275645 -0.657542
-70.692765 152.805687 6.830562 0.446064 -30.268182 -0.653450
-70.690969 152.806090 6.834366 0.447211 -30.260720 -0.649356
-70.689174 152.806494 6.838166 0.448360 -30.253258 -0.645261
-70.687381 152.806897 6.841965 0.449511 -30.245795 -0.641166
-70.685591 152.807301 6.845762 0.450663 -30.238332 -0.637069
-70.683801 152.807706 6.849556 0.451817 -30.230868 -0.632970
-70.682014 152.808110 6.853348 0.452972 -30.223404 -0.628871
-70.680227 152.808515 6.857138 0.454129 -30.215940 -0.624770
-70.678443 152.808920 6.860926 0.455287 -30.208475 -0.620669
-70.676660 152.809325 6.864711 0.456447 -30.201009 -0.616566
-70.674878 152.809731 6.868494 0.457609 -30.193544 -0.612463
-70.673100 152.810136 6.872275 0.458772 -30.186078 -0.608358
-70.671322 152.810542 6.876055 0.459936 -30.178612 -0.604251
-70.669545 152.810948 6.879831 0.461103 -30.171144 -0.600144
-70.667771 152.811355 6.883606 0.462270 -30.163677 -0.596036
-70.665999 152.811761 6.887378 0.463439 -30.156209 -0.591928
-70.664227 152.812167 6.891148 0.464610 -30.148742 -0.587817
-70.662458 152.812575 6.894916 0.465782 -30.141273 -0.583705
-70.660690 152.812982 6.898681 0.466956 -30.133805 -0.579593
-70.658924 152.813389 6.902444 0.468132 -30.126336 -0.575480
-70.657159 152.813797 6.906205 0.469309 -30.118866 -0.571364
-70.655397 152.814205 6.909965 0.470487 -30.111396 -0.567248
-70.653635 152.814613 6.913721 0.471668 -30.103926 -0.563131
-70.651876 152.815021 6.917476 0.472849 -30.096455 -0.559014
-70.650119 152.815430 6.921228 0.474032 -30.088985 -0.554895
-70.648362 152.815839 6.924978 0.475217 -30.081513 -0.550774
-70.646608 152.816247 6.928726 0.476403 -30.074042 -0.546654
-70.644855 152.816657 6.932472 0.477591 -30.066570 -0.542531
-70.643104 152.817066 6.936215 0.478781 -30.059098 -0.538408
-70.641354 152.817475 6.939956 0.479972 -30.051624 -0.534283
-70.639606 152.817885 6.943695 0.481164 -30.044151 -0.530158
-70.637860 152.818296 6.947432 0.482359 -30.036678 -0.526031
-70.636116 152.818706 6.951166 0.483554 -30.029204 -0.521904
-70.634373 152.819116 6.954899 0.484751 -30.021730 -0.517776
-70.632632 152.819527 6.958629 0.485950 -30.014256 -0.513645
-70.630893 152.819938 6.962357 0.487151 -30.006781 -0.509514
-70.629154 152.820349 6.966083 0.488353 -29.999305 -0.505383
-70.627418 152.820760 6.969806 0.489556 -29.991829 -0.501251
-70.625684 152.821172 6.973528 0.490761 -29.984354 -0.497116
-70.623951 152.821583 6.977247 0.491968 -29.976877 -0.492982
-70.622220 152.821996 6.980963 0.493176 -29.969401 -0.488846
-70.620490 152.822408 6.984679 0.494386 -29.961924 -0.484708
-70.618762 152.822820 6.988391 0.495597 -29.954447 -0.480571
-70.617035 152.823233 6.992101 0.496810 -29.946969 -0.476431
-70.615311 152.823645 6.995810 0.498024 -29.939491 -0.472291
-70.613588 152.824059 6.999515 0.499240 -29.932012 -0.468150
-70.611867 152.824472 7.003219 0.500457 -29.924534 -0.464008
-70.610147 152.824886 7.006920 0.501676 -29.917055 -0.459865
-70.608429 152.825299 7.010619 0.502897 -29.909575 -0.455720
-70.606712 152.825713 7.014316 0.504119 -29.902095 -0.451575
-70.604998 152.826127 7.018011 0.505343 -29.894615 -0.447428
-70.603285 152.826542 7.021703 0.506568 -29.887135 -0.443282
-70.601573 152.826956 7.025393 0.507795 -29.879654 -0.439132
-70.599863 152.827371 7.029082 0.509024 -29.872174 -0.434983
-70.598155 152.827786 7.032768 0.510254 -29.864692 -0.430833
-70.596449 152.828201 7.036451 0.511485 -29.857211 -0.426681
-70.594744 152.828617 7.040133 0.512719 -29.849728 -0.422528
-70.593041 152.829032 7.043812 0.513953 -29.842246 -0.418375
-70.591338 152.829449 7.047488 0.515190 -29.834763 -0.414221
-70.589639 152.829865 7.051164 0.516427 -29.827280 -0.410065
-70.587941 152.830281 7.054836 0.517667 -29.819797 -0.405908
-70.586244 152.830697 7.058507 0.518908 -29.812313 -0.401752
-70.584548 152.831114 7.062175 0.520150 -29.804829 -0.397593
-70.582855 152.831531 7.065841 0.521394 -29.797345 -0.393434
-70.581163 152.831948 7.069504 0.522640 -29.789860 -0.389273
-70.579473 152.832366 7.073165 0.523887 -29.782375 -0.385111
-70.577785 152.832783 7.076825 0.525136 -29.774890 -0.380949
-70.576098 152.833201 7.080482 0.526386 -29.767404 -0.376785
-70.574413 152.833619 7.084136 0.527638 -29.759918 -0.372621
-70.572729 152.834037 7.087789 0.528892 -29.752432 -0.368455
-70.571047 152.834456 7.091439 0.530146 -29.744946 -0.364290
-70.569366 152.834874 7.095088 0.531403 -29.737459 -0.360122
-70.567688 152.835293 7.098734 0.532661 -29.729972 -0.355953
-70.566010 152.835712 7.102377 0.533921 -29.722485 -0.351784
-70.564335 152.836132 7.106018 0.535182 -29.714997 -0.347613
-70.562662 152.836551 7.109659 0.536445 -29.707509 -0.343442
-70.560989 152.836970 7.113296 0.537709 -29.700020 -0.339271
-70.559319 152.837390 7.116930 0.538975 -29.692531 -0.335097
-70.557650 152.837810 7.120562 0.540243 -29.685043 -0.330923
-70.555982 152.838230 7.124193 0.541512 -29.677553 -0.326747
-70.554316 152.838651 7.127822 0.542783 -29.670064 -0.322571
-70.552653 152.839071 7.131447 0.544055 -29.662574 -0.318394
-70.550990 152.839492 7.135071 0.545329 -29.655084 -0.314216
-70.549330 152.839914 7.138692 0.546604 -29.647594 -0.310038
-70.547670 152.840335 7.142312 0.547881 -29.640103 -0.305858
-70.546013 152.840757 7.145929 0.549160 -29.632612 -0.301676
-70.544356 152.841178 7.149544 0.550440 -29.625121 -0.297495
-70.542702 152.841600 7.153156 0.551721 -29.617629 -0.293311
-70.541050 152.842022 7.156766 0.553004 -29.610137 -0.289128
-70.539399 152.842444 7.160375 0.554289 -29.602644 -0.284943
-70.537750 152.842868 7.163981 0.555575 -29.595152 -0.280757
-70.536101 152.843290 7.167585 0.556863 -29.587659 -0.276571
-70.534456 152.843713 7.171186 0.558153 -29.580166 -0.272384
-70.532811 152.844136 7.174785 0.559444 -29.572673 -0.268195
-70.531168 152.844560 7.178383 0.560736 -29.565180 -0.264006
-70.529526 152.844983 7.181977 0.562031 -29.557685 -0.259815
-70.527886 152.845407 7.185570 0.563326 -29.550191 -0.255624
-70.526249 152.845831 7.189160 0.564624 -29.542697 -0.251432
-70.524612 152.846255 7.192748 0.565923 -29.535202 -0.247238
-70.522977 152.846679 7.196334 0.567223 -29.527707 -0.243044
-70.521344 152.847104 7.199919 0.568525 -29.520212 -0.238850
-70.519712 152.847529 7.203500 0.569829 -29.512717 -0.234654
-70.518082 152.847954 7.207079 0.571134 -29.505221 -0.230457
-70.516454 152.848379 7.210656 0.572440 -29.497724 -0.226259
-70.514827 152.848805 7.214231 0.573749 -29.490228 -0.222061
-70.513202 152.849230 7.217804 0.575058 -29.482731 -0.217862
-70.511578 152.849656 7.221374 0.576370 -29.475235 -0.213660
-70.509956 152.850082 7.224943 0.577683 -29.467738 -0.209459
-70.508335 152.850508 7.228508 0.578998 -29.460240 -0.205257
-70.506717 152.850934 7.232072 0.580314 -29.452743 -0.201054
-70.505100 152.851361 7.235633 0.581631 -29.445245 -0.196850
-70.503484 152.851788 7.239192 0.582951 -29.437747 -0.192644
-70.501870 152.852215 7.242749 0.584271 -29.430248 -0.188439
-70.500258 152.852642 7.246304 0.585594 -29.422749 -0.184232
-70.498647 152.853070 7.249857 0.586918 -29.415250 -0.180024
-70.497038 152.853497 7.253407 0.588243 -29.407751 -0.175815
-70.495431 152.853925 7.256956 0.589571 -29.400251 -0.171606
-70.493825 152.854353 7.260501 0.590899 -29.392752 -0.167396
-70.492221 152.854782 7.264045 0.592229 -29.385252 -0.163184
-70.490618 152.855209 7.267587 0.593561 -29.377751 -0.158973
-70.489017 152.855638 7.271126 0.594895 -29.370251 -0.154759
-70.487418 152.856067 7.274663 0.596229 -29.362750 -0.150546
-70.485820 152.856496 7.278198 0.597566 -29.355249 -0.146331
-70.484223 152.856925 7.281731 0.598904 -29.347748 -0.142115
-70.482628 152.857355 7.285261 0.600244 -29.340246 -0.137898
-70.481035 152.857785 7.288788 0.601585 -29.332746 -0.133681
-70.479444 152.858214 7.292314 0.602928 -29.325243 -0.129463
-70.477854 152.858644 7.295839 0.604272 -29.317741 -0.125244
-70.476266 152.859074 7.299359 0.605618 -29.310239 -0.121023
-70.474679 152.859504 7.302879 0.606966 -29.302736 -0.116803
-70.473094 152.859935 7.306396 0.608315 -29.295233 -0.112581
-70.471510 152.860366 7.309910 0.609666 -29.287730 -0.108358
-70.469929 152.860797 7.313424 0.611018 -29.280227 -0.104135
-70.468348 152.861228 7.316934 0.612372 -29.272723 -0.099911
-70.466769 152.861659 7.320442 0.613727 -29.265219 -0.095686
-70.465192 152.862091 7.323947 0.615084 -29.257715 -0.091460
-70.463616 152.862523 7.327451 0.616442 -29.250211 -0.087233
-70.462043 152.862955 7.330952 0.617802 -29.242707 -0.083005
-70.460471 152.863387 7.334451 0.619164 -29.235202 -0.078777
-70.458899 152.863820 7.337948 0.620527 -29.227697 -0.074547
-70.457331 152.864251 7.341443 0.621892 -29.220191 -0.070317
-70.455763 152.864685 7.344936 0.623259 -29.212686 -0.066085
-70.454197 152.865117 7.348426 0.624627 -29.205181 -0.061854
-70.452633 152.865551 7.351914 0.625996 -29.197675 -0.057621
-70.451070 152.865984 7.355400 0.627367 -29.190168 -0.053387
-70.449508 152.866417 7.358883 0.628740 -29.182662 -0.049153
-70.447949 152.866851 7.362365 0.630114 -29.175156 -0.044918
-70.446390 152.867285 7.365843 0.631490 -29.167649 -0.040681
-70.444835 152.867719 7.369320 0.632867 -29.160142 -0.036444
-70.443279 152.868153 7.372795 0.634246 -29.152636 -0.032207
-70.441726 152.868587 7.376268 0.635627 -29.145128 -0.027969
-70.440174 152.869022 7.379737 0.637009 -29.137621 -0.023729
-70.438624 152.869457 7.383205 0.638392 -29.130112 -0.019489
-70.437076 152.869892 7.386671 0.639778 -29.122605 -0.015248
-70.435529 152.870327 7.390134 0.641164 -29.115097 -0.011006
-70.433983 152.870763 7.393596 0.642553 -29.107588 -0.006764
-70.432440 152.871199 7.397055 0.643943 -29.100080 -0.002520
-70.430897 152.871634 7.400511 0.645334 -29.092571 0.001725
-70.429356 152.872070 7.403966 0.646728 -29.085062 0.005970
-70.427817 152.872506 7.407418 0.648122 -29.077552 0.010216
-70.426280 152.872943 7.410869 0.649518 -29.070043 0.014462
-70.424744 152.873379 7.414316 0.650916 -29.062533 0.018710
-70.423209 152.873816 7.417762 0.652315 -29.055024 0.022957
-70.421677 152.874253 7.421205 0.653716 -29.047514 0.027206
-70.420146 152.874690 7.424646 0.655119 -29.040003 0.031457
-70.418616 152.875127 7.428085 0.656523 -29.032493 0.035707
-70.417088 152.875565 7.431522 0.657929 -29.024983 0.039959
-70.415562 152.876003 7.434956 0.659336 -29.017472 0.044211
-70.414037 152.876440 7.438389 0.660745 -29.009961 0.048465
-70.412513 152.876879 7.441819 0.662155 -29.002450 0.052719
-70.410992 152.877317 7.445246 0.663567 -28.994939 0.056972
-70.409471 152.877755 7.448672 0.664981 -28.987427 0.061228
-70.407952 152.878194 7.452095 0.666396 -28.979916 0.065484
-70.406435 152.878632 7.455516 0.667813 -28.972403 0.069742
-70.404920 152.879071 7.458935 0.669231 -28.964892 0.073999
-70.403406 152.879510 7.462352 0.670651 -28.957380 0.078258
-70.401893 152.879950 7.465766 0.672072 -28.949867 0.082517
-70.400383 152.880390 7.469178 0.673495 -28.942355 0.086778
-70.398873 152.880830 7.472588 0.674919 -28.934842 0.091037
-70.397366 152.881269 7.475996 0.676346 -28.927329 0.095299
-70.395859 152.881709 7.479401 0.677773 -28.919816 0.099562
-70.394355 152.882150 7.482804 0.679203 -28.912303 0.103824
-70.392852 152.882590 7.486205 0.680634 -28.904789 0.108089
-70.391351 152.883031 7.489604 0.682066 -28.897276 0.112353
-70.389851 152.883472 7.493000 0.683500 -28.889761 0.116618
-70.388353 152.883912 7.496395 0.684936 -28.882248 0.120885
-70.386856 152.884354 7.499786 0.686373 -28.874734 0.125151
-70.385360 152.884795 7.503177 0.687811 -28.867220 0.129418
-70.383867 152.885237 7.506564 0.689252 -28.859705 0.133687
-70.382375 152.885679 7.509949 0.690694 -28.852191 0.137957
-70.380885 152.886120 7.513332 0.692137 -28.844676 0.142226
-70.379396 152.886563 7.516713 0.693582 -28.837161 0.146497
-70.377908 152.887005 7.520092 0.695029 -28.829646 0.150769
-70.376422 152.887448 7.523468 0.696477 -28.822131 0.155041
-70.374938 152.887891 7.526842 0.697926 -28.814615 0.159314
-70.373455 152.888332 7.530214 0.699378 -28.807100 0.163587
-70.371974 152.888775 7.533584 0.700830 -28.799584 0.167861
-70.370494 152.889219 7.536951 0.702285 -28.792069 0.172136
-70.369016 152.889663 7.540316 0.703741 -28.784553 0.176412
-70.367539 152.890106 7.543679 0.705198 -28.777036 0.180688
-70.366065 152.890550 7.547040 0.706657 -28.769520 0.184965
-70.364592 152.890994 7.550399 0.708118 -28.762003 0.189244
-70.363119 152.891437 7.553754 0.709581 -28.754487 0.193522
-70.361650 152.891882 7.557109 0.711044 -28.746970 0.197802
-70.360181 152.892326 7.560460 0.712510 -28.739454 0.202082
-70.358714 152.892771 7.563810 0.713977 -28.731936 0.206363
-70.357247 152.893216 7.567157 0.715445 -28.724419 0.210644
-70.355784 152.893661 7.570502 0.716916 -28.716902 0.214926
-70.354321 152.894106 7.573845 0.718387 -28.709384 0.219209
-70.352860 152.894552 7.577186 0.719861 -28.701867 0.223493
-70.351400 152.894997 7.580523 0.721335 -28.694349 0.227778
-70.349942 152.895443 7.583860 0.722812 -28.686832 0.232062
-70.348487 152.895889 7.587193 0.724290 -28.679313 0.236349
-70.347031 152.896334 7.590526 0.725769 -28.671796 0.240634
-70.345578 152.896781 7.593855 0.727251 -28.664277 0.244922
-70.344127 152.897227 7.597182 0.728733 -28.656759 0.249209
-70.342676 152.897674 7.600507 0.730218 -28.649241 0.253499
-70.341228 152.898121 7.603829 0.731703 -28.641721 0.257788
-70.339780 152.898568 7.607149 0.733191 -28.634203 0.262078
-70.338334 152.899015 7.610467 0.734680 -28.626684 0.266368
-70.336890 152.899462 7.613784 0.736170 -28.619165 0.270659
-70.335448 152.899910 7.617097 0.737663 -28.611646 0.274951
-70.334007 152.900357 7.620408 0.739157 -28.604127 0.279244
-70.332568 152.900805 7.623718 0.740652 -28.596607 0.283537
-70.331130 152.901253 7.627025 0.742149 -28.589088 0.287832
-70.329693 152.901701 7.630330 0.743647 -28.581568 0.292126
-70.328259 152.902149 7.633632 0.745147 -28.574048 0.296421
-70.326825 152.902599 7.636932 0.746649 -28.566529 0.300718
-70.325393 152.903047 7.640230 0.748152 -28.559009 0.305014
-70.323963 152.903496 7.643526 0.749657 -28.551489 0.309312
-70.322534 152.903944 7.646820 0.751163 -28.543968 0.313610
-70.321107 152.904394 7.650110 0.752671 -28.536449 0.317908
-70.319682 152.904844 7.653399 0.754180 -28.528928 0.322207
-70.318258 152.905293 7.656686 0.755691 -28.521408 0.326508
-70.316835 152.905742 7.659971 0.757204 -28.513887 0.330809
-70.315414 152.906192 7.663253 0.758718 -28.506366 0.335111
-70.313994 152.906643 7.666533 0.760234 -28.498846 0.339412
-70.312576 152.907093 7.669811 0.761751 -28.491325 0.343715
-70.311160 152.907543 7.673087 0.763270 -28.483804 0.348018
-70.309745 152.907994 7.676360 0.764790 -28.476283 0.352322
-70.308332 152.908444 7.679631 0.766312 -28.468761 0.356627
-70.306919 152.908895 7.682900 0.767836 -28.461240 0.360932
-70.305509 152.909347 7.686166 0.769361 -28.453719 0.365239
-70.304100 152.909798 7.689431 0.770888 -28.446197 0.369545
-70.302693 152.910249 7.692693 0.772416 -28.438675 0.373852
-70.301287 152.910701 7.695953 0.773946 -28.431154 0.378159
-70.299882 152.911153 7.699210 0.775477 -28.423632 0.382468
-70.298480 152.911604 7.702466 0.777010 -28.416110 0.386777
-70.297079 152.912057 7.705719 0.778545 -28.408588 0.391087
-70.295680 152.912510 7.708971 0.780081 -28.401066 0.395398
-70.294281 152.912962 7.712219 0.781619 -28.393544 0.399709
-70.292884 152.913415 7.715466 0.783158 -28.386021 0.404020
-70.291489 152.913867 7.718710 0.784699 -28.378500 0.408333
-70.290095 152.914320 7.721952 0.786241 -28.370976 0.412646
-70.288702 152.914773 7.725192 0.787785 -28.363454 0.416958
-70.287312 152.915227 7.728429 0.789330 -28.355931 0.421272
-70.285923 152.915680 7.731665 0.790878 -28.348409 0.425588
-70.284535 152.916134 7.734898 0.792426 -28.340886 0.429903
-70.283149 152.916588 7.738130 0.793976 -28.333363 0.434219
-70.281764 152.917042 7.741358 0.795528 -28.325839 0.438536
-70.280381 152.917496 7.744585 0.797082 -28.318317 0.442853
-70.278999 152.917950 7.747809 0.798637 -28.310793 0.447171
-70.277619 152.918404 7.751031 0.800193 -28.303270 0.451489
-70.276240 152.918859 7.754251 0.801751 -28.295747 0.455808
-70.274863 152.919314 7.757468 0.803311 -28.288222 0.460127
-70.273487 152.919769 7.760684 0.804872 -28.280699 0.464449
-70.272114 152.920224 7.763897 0.806435 -28.273175 0.468769
-70.270740 152.920679 7.767109 0.807999 -28.265651 0.473091
-70.269369 152.921135 7.770318 0.809565 -28.258128 0.477412
-70.267999 152.921590 7.773524 0.811133 -28.250603 0.481735
-70.266631 152.922046 7.776728 0.812702 -28.243080 0.486059
-70.265265 152.922502 7.779931 0.814272 -28.235555 0.490381
-70.263900 152.922958 7.783131 0.815844 -28.228031 0.494706
-70.262535 152.923414 7.786328 0.817418 -28.220506 0.499031
-70.261173 152.923871 7.789524 0.818993 -28.212982 0.503357
-70.259812 152.924328 7.792717 0.820570 -28.205457 0.507683
-70.258453 152.924784 7.795909 0.822148 -28.197932 0.512009
-70.257095 152.925241 7.799098 0.823728 -28.190407 0.516337
-70.255738 152.925698 7.802284 0.825310 -28.182882 0.520664
-70.254384 152.926156 7.805469 0.826893 -28.175358 0.524993
-70.253030 152.926613 7.808651 0.828478 -28.167832 0.529322
-70.251678 152.927070 7.811832 0.830064 -28.160307 0.533652
-70.250327 152.927529 7.815010 0.831652 -28.152782 0.537981
-70.248979 152.927986 7.818185 0.833241 -28.145257 0.542313
-70.247631 152.928444 7.821359 0.834832 -28.137731 0.546644
-70.246285 152.928903 7.824530 0.836425 -28.130206 0.550975
-70.244940 152.929361 7.827699 0.838019 -28.122680 0.555308
-70.243598 152.929820 7.830867 0.839614 -28.115154 0.559641
-70.242256 152.930278 7.834031 0.841211 -28.107628 0.563974
-70.240916 152.930737 7.837195 0.842810 -28.100102 0.568309
-70.239577 152.931197 7.840354 0.844410 -28.092576 0.572643
-70.238239 152.931655 7.843513 0.846012 -28.085050 0.576979
-70.236904 152.932115 7.846669 0.847616 -28.077524 0.581314
-70.235569 152.932574 7.849823 0.849221 -28.069998 0.585651
-70.234236 152.933034 7.852975 0.850827 -28.062471 0.589987
-70.232905 152.933494 7.856124 0.852435 -28.054945 0.594324
-70.231575 152.933954 7.859271 0.854045 -28.047419 0.598662
-70.230246 152.934414 7.862416 0.855656 -28.039891 0.603000
-70.228919 152.934874 7.865559 0.857269 -28.032365 0.607340
-70.227594 152.935335 7.868700 0.858883 -28.024838 0.611680
-70.226270 152.935796 7.871839 0.860499 -28.017311 0.616019
-70.224947 152.936256 7.874975 0.862116 -28.009784 0.620360
-70.223625 152.936717 7.878110 0.863735 -28.002257 0.624701
-70.222306 152.937179 7.881241 0.865356 -27.994730 0.629042
-70.220988 152.937640 7.884372 0.866978 -27.987203 0.633385
-70.219670 152.938100 7.887499 0.868601 -27.979675 0.637727
-70.218355 152.938563 7.890625 0.870227 -27.972148 0.642071
-70.217041 152.939025 7.893748 0.871853 -27.964620 0.646414
-70.215728 152.939486 7.896870 0.873482 -27.957093 0.650759
-70.214418 152.939948 7.899989 0.875112 -27.949565 0.655103
-70.213109 152.940411 7.903105 0.876743 -27.942038 0.659448
-70.211800 152.940873 7.906220 0.878376 -27.934510 0.663794
-70.210493 152.941335 7.909332 0.880011 -27.926982 0.668141
-70.209188 152.941798 7.912443 0.881647 -27.919453 0.672487
-70.207884 152.942260 7.915551 0.883285 -27.911926 0.676835
-70.206582 152.942723 7.918657 0.884924 -27.904397 0.681182
-70.205281 152.943186 7.921761 0.886565 -27.896869 0.685531
-70.203981 152.943651 7.924863 0.888207 -27.889341 0.689880
-70.202683 152.944114 7.927962 0.889851 -27.881813 0.694229
-70.201386 152.944577 7.931060 0.891496 -27.874284 0.698579
-70.200090 152.945041 7.934155 0.893143 -27.866755 0.702930
-70.198797 152.945505 7.937248 0.894792 -27.859226 0.707280
-70.197504 152.945969 7.940339 0.896442 -27.851697 0.711631
-70.196213 152.946433 7.943427 0.898093 -27.844169 0.715984
-70.194924 152.946897 7.946514 0.899747 -27.836640 0.720335
-70.193636 152.947362 7.949599 0.901401 -27.829111 0.724688
-70.192348 152.947826 7.952681 0.903058 -27.821582 0.729041
-70.191064 152.948291 7.955761 0.904715 -27.814052 0.733395
-70.189780 152.948756 7.958839 0.906375 -27.806523 0.737749
-70.188497 152.949222 7.961915 0.908036 -27.798994 0.742104
-70.187216 152.949686 7.964988 0.909699 -27.791465 0.746460
-70.185937 152.950152 7.968060 0.911362 -27.783935 0.750814
-70.184659 152.950617 7.971129 0.913028 -27.776406 0.755171
-70.183382 152.951083 7.974197 0.914695 -27.768876 0.759527
-70.182106 152.951549 7.977261 0.916364 -27.761346 0.763885
-70.180832 152.952016 7.980324 0.918034 -27.753816 0.768241
-70.179560 152.952482 7.983385 0.919706 -27.746286 0.772600
-70.178289 152.952948 7.986444 0.921379 -27.738756 0.776958
-70.177019 152.953414 7.989501 0.923054 -27.731226 0.781317
-70.175750 152.953881 7.992555 0.924731 -27.723696 0.785676
-70.174483 152.954347 7.995608 0.926409 -27.716166 0.790037
-70.173218 152.954815 7.998657 0.928088 -27.708636 0.794397
-70.171954 152.955281 8.001705 0.929769 -27.701106 0.798758
-70.170691 152.955749 8.004751 0.931452 -27.693575 0.803119
-70.169430 152.956216 8.007795 0.933136 -27.686045 0.807481
-70.168170 152.956683 8.010836 0.934822 -27.678514 0.811842
-70.166912 152.957151 8.013875 0.936509 -27.670983 0.816205
-70.165655 152.957619 8.016913 0.938198 -27.663452 0.820568
-70.164399 152.958088 8.019949 0.939888 -27.655922 0.824932
-70.163145 152.958556 8.022981 0.941580 -27.648390 0.829296
-70.161892 152.959024 8.026013 0.943274 -27.640860 0.833660
-70.160640 152.959492 8.029041 0.944969 -27.633329 0.838024
-70.159390 152.959961 8.032067 0.946665 -27.625798 0.842390
-70.158142 152.960429 8.035092 0.948364 -27.618266 0.846755
-70.156894 152.960898 8.038114 0.950063 -27.610735 0.851121
-70.155648 152.961367 8.041135 0.951764 -27.603204 0.855488
-70.154404 152.961836 8.044153 0.953467 -27.595672 0.859855
-70.153160 152.962305 8.047168 0.955171 -27.588141 0.864223
-70.151919 152.962775 8.050182 0.956877 -27.580609 0.868590
-70.150678 152.963244 8.053194 0.958584 -27.573078 0.872958
-70.149439 152.963714 8.056204 0.960293 -27.565546 0.877327
-70.148202 152.964184 8.059211 0.962004 -27.558014 0.881696
-70.146965 152.964654 8.062217 0.963716 -27.550482 0.886065
-70.145731 152.965124 8.065220 0.965429 -27.542951 0.890435
-70.144497 152.965595 8.068221 0.967144 -27.535419 0.894805
-70.143266 152.966064 8.071220 0.968861 -27.527887 0.899176
-70.142035 152.966535 8.074217 0.970579 -27.520354 0.903547
-70.140806 152.967006 8.077212 0.972299 -27.512822 0.907919
-70.139578 152.967476 8.080205 0.974020 -27.505290 0.912290
-70.138351 152.967947 8.083195 0.975743 -27.497757 0.916663
-70.137125 152.968420 8.086183 0.977467 -27.490225 0.921036
-70.135902 152.968891 8.089170 0.979193 -27.482693 0.925409
-70.134680 152.969362 8.092154 0.980920 -27.475160 0.929782
-70.133459 152.969833 8.095136 0.982649 -27.467628 0.934157
-70.132239 152.970305 8.098117 0.984380 -27.460095 0.938530
-70.131021 152.970777 8.101094 0.986112 -27.452562 0.942905
-70.129803 152.971249 8.104070 0.987845 -27.445029 0.947281
-70.128587 152.971721 8.107043 0.989580 -27.437496 0.951657
-70.127373 152.972194 8.110015 0.991317 -27.429963 0.956032
-70.126161 152.972666 8.112984 0.993055 -27.422431 0.960408
-70.124949 152.973138 8.115951 0.994795 -27.414897 0.964785
-70.123739 152.973611 8.118918 0.996536 -27.407364 0.969161
-70.122530 152.974084 8.121881 0.998279 -27.399830 0.973539
-70.121323 152.974557 8.124841 1.000023 -27.392297 0.977917
-70.120116 152.975030 8.127800 1.001769 -27.384764 0.982296
-70.118912 152.975503 8.130757 1.003516 -27.377231 0.986674
-70.117709 152.975977 8.133712 1.005265 -27.369697 0.991053
-70.116506 152.976450 8.136665 1.007015 -27.362164 0.995432
-70.115306 152.976924 8.139616 1.008768 -27.354630 0.999812
-70.114106 152.977398 8.142564 1.010521 -27.347097 1.004192
-70.112909 152.977872 8.145510 1.012276 -27.339563 1.008573
-70.111712 152.978346 8.148454 1.014032 -27.332028 1.012953
-70.110517 152.978820 8.151397 1.015790 -27.324495 1.017335
-70.109323 152.979294 8.154337 1.017550 -27.316960 1.021716
-70.108131 152.979769 8.157275 1.019311 -27.309427 1.026098
-70.106939 152.980244 8.160211 1.021074 -27.301893 1.030480
-70.105749 152.980718 8.163145 1.022838 -27.294359 1.034863
-70.104560 152.981193 8.166076 1.024604 -27.286824 1.039246
-70.103374 152.981669 8.169007 1.026371 -27.279290 1.043629
-70.102188 152.982144 8.171934 1.028140 -27.271756 1.048013
-70.101003 152.982619 8.174859 1.029910 -27.264222 1.052397
-70.099820 152.983095 8.177783 1.031682 -27.256687 1.056780
-70.098638 152.983570 8.180704 1.033455 -27.249152 1.061165
-70.097457 152.984046 8.183624 1.035230 -27.241618 1.065550
-70.096278 152.984522 8.186541 1.037007 -27.234083 1.069936
-70.095100 152.984998 8.189456 1.038785 -27.226549 1.074322
-70.093923 152.985474 8.192369 1.040564 -27.219014 1.078708
-70.092749 152.985950 8.195280 1.042345 -27.211478 1.083095
-70.091575 152.986427 8.198188 1.044128 -27.203944 1.087480
-70.090403 152.986903 8.201095 1.045912 -27.196409 1.091868
-70.089231 152.987380 8.204001 1.047698 -27.188874 1.096255
