-37.859630 155.102058 -8.232008 -172.297504 -71.279340 173.833778
-37.859871 155.101959 -8.230609 -172.296433 -71.283932 173.832624
-37.860110 155.101862 -8.229211 -172.295364 -71.288524 173.831473
-37.860350 155.101763 -8.227813 -172.294295 -71.293115 173.830320
-37.860590 155.101665 -8.226416 -172.293225 -71.297707 173.829167
-37.860830 155.101568 -8.225019 -172.292153 -71.302298 173.828011
-37.861070 155.101469 -8.223622 -172.291082 -71.306890 173.826856
-37.861310 155.101370 -8.222225 -172.290011 -71.311481 173.825702
-37.861550 155.101273 -8.220828 -172.288936 -71.316073 173.824545
-37.861789 155.101175 -8.219432 -172.287864 -71.320664 173.823389
-37.862029 155.101077 -8.218036 -172.286788 -71.325256 173.822230
-37.862268 155.100979 -8.216640 -172.285714 -71.329848 173.821073
-37.862508 155.100881 -8.215244 -172.284640 -71.334439 173.819916
-37.862747 155.100783 -8.213850 -172.283563 -71.339031 173.818756
-37.862987 155.100685 -8.212454 -172.282488 -71.343622 173.817597
-37.863226 155.100587 -8.211059 -172.281409 -71.348214 173.816435
-37.863465 155.100489 -8.209664 -172.280333 -71.352806 173.815275
-37.863705 155.100391 -8.208270 -172.279253 -71.357397 173.814113
-37.863944 155.100293 -8.206876 -172.278176 -71.361989 173.812952
-37.864183 155.100195 -8.205482 -172.277096 -71.366580 173.811789
-37.864423 155.100098 -8.204087 -172.276014 -71.371172 173.810624
-37.864662 155.099999 -8.202694 -172.274935 -71.375763 173.809461
-37.864901 155.099901 -8.201301 -172.273853 -71.380355 173.808297
-37.865140 155.099804 -8.199908 -172.272773 -71.384946 173.807133
-37.865379 155.099706 -8.198515 -172.271689 -71.389538 173.805966
-37.865618 155.099608 -8.197122 -172.270605 -71.394130 173.804799
-37.865857 155.099511 -8.195730 -172.269524 -71.398721 173.803634
-37.866096 155.099412 -8.194338 -172.268438 -71.403313 173.802466
-37.866335 155.099315 -8.192946 -172.267353 -71.407904 173.801297
-37.866574 155.099217 -8.191554 -172.266267 -71.412496 173.800128
-37.866812 155.099119 -8.190163 -172.265183 -71.417088 173.798960
-37.867051 155.099021 -8.188771 -172.264095 -71.421679 173.797789
-37.867290 155.098924 -8.187380 -172.263008 -71.426270 173.796619
-37.867529 155.098826 -8.185990 -172.261919 -71.430862 173.795447
-37.867768 155.098729 -8.184599 -172.260833 -71.435454 173.794277
-37.868006 155.098630 -8.183209 -172.259743 -71.440045 173.793104
-37.868244 155.098533 -8.181819 -172.258653 -71.444637 173.791931
-37.868483 155.098435 -8.180429 -172.257563 -71.449228 173.790757
-37.868721 155.098338 -8.179039 -172.256471 -71.453820 173.789583
-37.868960 155.098240 -8.177650 -172.255379 -71.458412 173.788408
-37.869198 155.098143 -8.176261 -172.254287 -71.463003 173.787232
-37.869436 155.098045 -8.174872 -172.253194 -71.467595 173.786056
-37.869675 155.097947 -8.173483 -172.252101 -71.472186 173.784879
-37.869913 155.097850 -8.172095 -172.251006 -71.476778 173.783702
-37.870152 155.097752 -8.170707 -172.249912 -71.481369 173.782525
-37.870389 155.097654 -8.169319 -172.248817 -71.485961 173.781346
-37.870628 155.097557 -8.167931 -172.247721 -71.490552 173.780167
-37.870866 155.097460 -8.166544 -172.246625 -71.495144 173.778987
-37.871104 155.097362 -8.165157 -172.245528 -71.499735 173.777807
-37.871342 155.097265 -8.163769 -172.244430 -71.504328 173.776626
-37.871580 155.097167 -8.162383 -172.243332 -71.508919 173.775445
-37.871818 155.097069 -8.160996 -172.242234 -71.513511 173.774263
-37.872056 155.096972 -8.159609 -172.241135 -71.518102 173.773081
-37.872293 155.096875 -8.158223 -172.240035 -71.522694 173.771897
-37.872532 155.096778 -8.156838 -172.238932 -71.527285 173.770712
-37.872770 155.096681 -8.155452 -172.237831 -71.531877 173.769527
-37.873007 155.096583 -8.154067 -172.236730 -71.536468 173.768342
-37.873245 155.096485 -8.152681 -172.235628 -71.541060 173.767158
-37.873483 155.096388 -8.151296 -172.234523 -71.545651 173.765969
-37.873720 155.096291 -8.149911 -172.233419 -71.550243 173.764783
-37.873958 155.096194 -8.148527 -172.232316 -71.554835 173.763595
-37.874195 155.096097 -8.147142 -172.231212 -71.559426 173.762408
-37.874433 155.095999 -8.145758 -172.230104 -71.564017 173.761217
-37.874671 155.095901 -8.144375 -172.228999 -71.568608 173.760029
-37.874907 155.095804 -8.142991 -172.227893 -71.573200 173.758839
-37.875145 155.095708 -8.141607 -172.226783 -71.577792 173.757647
-37.875382 155.095610 -8.140225 -172.225676 -71.582383 173.756456
-37.875619 155.095513 -8.138842 -172.224566 -71.586975 173.755263
-37.875856 155.095416 -8.137459 -172.223457 -71.591567 173.754071
-37.876095 155.095319 -8.136077 -172.222349 -71.596158 173.752878
-37.876332 155.095221 -8.134694 -172.221236 -71.600750 173.751684
-37.876569 155.095124 -8.133313 -172.220126 -71.605342 173.750490
-37.876806 155.095027 -8.131930 -172.219013 -71.609932 173.749294
-37.877042 155.094930 -8.130549 -172.217902 -71.614524 173.748099
-37.877280 155.094833 -8.129168 -172.216787 -71.619116 173.746901
-37.877517 155.094736 -8.127787 -172.215675 -71.623707 173.745705
-37.877753 155.094639 -8.126406 -172.214560 -71.628299 173.744507
-37.877990 155.094542 -8.125026 -172.213446 -71.632890 173.743309
-37.878227 155.094445 -8.123645 -172.212329 -71.637482 173.742110
-37.878464 155.094348 -8.122265 -172.211212 -71.642073 173.740910
-37.878701 155.094250 -8.120885 -172.210097 -71.646665 173.739711
-37.878937 155.094154 -8.119505 -172.208978 -71.651257 173.738509
-37.879174 155.094057 -8.118126 -172.207859 -71.655848 173.737307
-37.879411 155.093960 -8.116746 -172.206742 -71.660439 173.736106
-37.879647 155.093863 -8.115368 -172.205622 -71.665031 173.734902
-37.879884 155.093766 -8.113989 -172.204501 -71.669622 173.733698
-37.880120 155.093669 -8.112610 -172.203382 -71.674214 173.732497
-37.880357 155.093571 -8.111232 -172.202260 -71.678806 173.731291
-37.880594 155.093475 -8.109855 -172.201138 -71.683397 173.730086
-37.880830 155.093378 -8.108477 -172.200014 -71.687988 173.728879
-37.881066 155.093281 -8.107098 -172.198891 -71.692580 173.727672
-37.881302 155.093184 -8.105721 -172.197769 -71.697172 173.726467
-37.881539 155.093088 -8.104344 -172.196644 -71.701763 173.725258
-37.881775 155.092990 -8.102968 -172.195518 -71.706355 173.724049
-37.882011 155.092894 -8.101591 -172.194393 -71.710946 173.722840
-37.882248 155.092797 -8.100214 -172.193266 -71.715537 173.721631
-37.882484 155.092700 -8.098838 -172.192139 -71.720129 173.720420
-37.882720 155.092603 -8.097462 -172.191011 -71.724720 173.719209
-37.882956 155.092507 -8.096087 -172.189882 -71.729312 173.717997
-37.883191 155.092410 -8.094711 -172.188753 -71.733904 173.716785
-37.883428 155.092313 -8.093336 -172.187626 -71.738495 173.715574
-37.883664 155.092216 -8.091960 -172.186496 -71.743087 173.714360
-37.883899 155.092120 -8.090585 -172.185365 -71.747678 173.713146
-37.884135 155.092023 -8.089211 -172.184234 -71.752270 173.711931
-37.884372 155.091927 -8.087836 -172.183099 -71.756862 173.710714
-37.884607 155.091830 -8.086462 -172.181966 -71.761453 173.709498
-37.884842 155.091734 -8.085088 -172.180833 -71.766044 173.708282
-37.885079 155.091636 -8.083715 -172.179699 -71.770635 173.707065
-37.885314 155.091540 -8.082342 -172.178565 -71.775227 173.705847
-37.885550 155.091443 -8.080968 -172.177430 -71.779818 173.704628
-37.885785 155.091347 -8.079596 -172.176295 -71.784410 173.703409
-37.886021 155.091250 -8.078223 -172.175158 -71.789001 173.702190
-37.886256 155.091153 -8.076851 -172.174022 -71.793593 173.700969
-37.886492 155.091057 -8.075478 -172.172882 -71.798184 173.699746
-37.886727 155.090960 -8.074106 -172.171744 -71.802776 173.698525
-37.886963 155.090864 -8.072733 -172.170605 -71.807368 173.697303
-37.887197 155.090767 -8.071362 -172.169466 -71.811959 173.696081
-37.887433 155.090671 -8.069991 -172.168323 -71.816551 173.694855
-37.887668 155.090574 -8.068619 -172.167183 -71.821142 173.693631
-37.887904 155.090478 -8.067248 -172.166042 -71.825734 173.692407
-37.888139 155.090381 -8.065878 -172.164900 -71.830325 173.691182
-37.888373 155.090286 -8.064507 -172.163756 -71.834916 173.689954
-37.888608 155.090189 -8.063138 -172.162613 -71.839508 173.688727
-37.888844 155.090093 -8.061767 -172.161467 -71.844099 173.687498
-37.889078 155.089996 -8.060398 -172.160323 -71.848691 173.686271
-37.889314 155.089900 -8.059028 -172.159178 -71.853282 173.685043
-37.889549 155.089803 -8.057659 -172.158031 -71.857873 173.683813
-37.889784 155.089707 -8.056289 -172.156885 -71.862466 173.682583
-37.890019 155.089611 -8.054921 -172.155735 -71.867057 173.681351
-37.890253 155.089514 -8.053552 -172.154589 -71.871648 173.680120
-37.890488 155.089418 -8.052183 -172.153438 -71.876239 173.678887
-37.890723 155.089321 -8.050815 -172.152290 -71.880831 173.677655
-37.890958 155.089226 -8.049447 -172.151139 -71.885422 173.676420
-37.891192 155.089129 -8.048080 -172.149989 -71.890013 173.675187
-37.891427 155.089033 -8.046712 -172.148836 -71.894606 173.673951
-37.891661 155.088937 -8.045345 -172.147686 -71.899197 173.672717
-37.891896 155.088841 -8.043978 -172.146532 -71.903788 173.671480
-37.892130 155.088744 -8.042611 -172.145380 -71.908379 173.670244
-37.892365 155.088649 -8.041245 -172.144225 -71.912971 173.669006
-37.892599 155.088552 -8.039878 -172.143069 -71.917563 173.667767
-37.892834 155.088455 -8.038513 -172.141916 -71.922154 173.666531
-37.893068 155.088360 -8.037146 -172.140759 -71.926745 173.665290
-37.893302 155.088263 -8.035781 -172.139601 -71.931336 173.664050
-37.893537 155.088168 -8.034416 -172.138446 -71.935929 173.662810
-37.893771 155.088071 -8.033050 -172.137287 -71.940520 173.661568
-37.894005 155.087976 -8.031686 -172.136128 -71.945111 173.660326
-37.894239 155.087879 -8.030321 -172.134968 -71.949702 173.659082
-37.894473 155.087783 -8.028956 -172.133809 -71.954294 173.657840
-37.894707 155.087687 -8.027592 -172.132648 -71.958885 173.656596
-37.894942 155.087591 -8.026228 -172.131487 -71.963476 173.655351
-37.895176 155.087495 -8.024864 -172.130324 -71.968068 173.654105
-37.895409 155.087399 -8.023501 -172.129161 -71.972660 173.652858
-37.895643 155.087303 -8.022137 -172.128000 -71.977251 173.651614
-37.895877 155.087207 -8.020774 -172.126836 -71.981842 173.650366
-37.896111 155.087112 -8.019411 -172.125671 -71.986434 173.649118
-37.896345 155.087015 -8.018048 -172.124505 -71.991025 173.647869
-37.896578 155.086919 -8.016686 -172.123339 -71.995616 173.646620
-37.896812 155.086823 -8.015323 -172.122172 -72.000208 173.645370
-37.897046 155.086727 -8.013961 -172.121005 -72.004799 173.644119
-37.897280 155.086632 -8.012600 -172.119837 -72.009390 173.642868
-37.897513 155.086536 -8.011238 -172.118668 -72.013982 173.641616
-37.897747 155.086440 -8.009877 -172.117499 -72.018573 173.640363
-37.897980 155.086344 -8.008516 -172.116329 -72.023165 173.639110
-37.898213 155.086248 -8.007154 -172.115158 -72.027756 173.637856
-37.898447 155.086152 -8.005795 -172.113987 -72.032347 173.636601
-37.898680 155.086056 -8.004434 -172.112816 -72.036939 173.635346
-37.898914 155.085961 -8.003074 -172.111643 -72.041530 173.634090
-37.899146 155.085865 -8.001714 -172.110470 -72.046122 173.632834
-37.899380 155.085770 -8.000354 -172.109297 -72.050713 173.631577
-37.899614 155.085673 -7.998994 -172.108123 -72.055304 173.630319
-37.899846 155.085578 -7.997635 -172.106945 -72.059896 173.629058
-37.900080 155.085482 -7.996277 -172.105769 -72.064487 173.627799
-37.900313 155.085386 -7.994918 -172.104593 -72.069078 173.626540
-37.900547 155.085291 -7.993559 -172.103417 -72.073669 173.625280
-37.900779 155.085195 -7.992201 -172.102239 -72.078261 173.624018
-37.901012 155.085100 -7.990843 -172.101058 -72.082852 173.622755
-37.901245 155.085004 -7.989485 -172.099880 -72.087444 173.621492
-37.901478 155.084909 -7.988127 -172.098701 -72.092035 173.620230
-37.901711 155.084813 -7.986769 -172.097521 -72.096627 173.618966
-37.901944 155.084717 -7.985413 -172.096337 -72.101217 173.617701
-37.902177 155.084622 -7.984055 -172.095156 -72.105809 173.616436
-37.902409 155.084526 -7.982699 -172.093975 -72.110400 173.615171
-37.902642 155.084431 -7.981342 -172.092789 -72.114992 173.613903
-37.902875 155.084335 -7.979986 -172.091607 -72.119583 173.612636
-37.903108 155.084239 -7.978630 -172.090423 -72.124175 173.611369
-37.903340 155.084144 -7.977274 -172.089236 -72.128765 173.610099
-37.903573 155.084048 -7.975919 -172.088051 -72.133357 173.608830
-37.903805 155.083953 -7.974563 -172.086863 -72.137948 173.607559
-37.904038 155.083857 -7.973208 -172.085676 -72.142539 173.606289
-37.904270 155.083761 -7.971853 -172.084487 -72.147131 173.605016
-37.904502 155.083666 -7.970498 -172.083300 -72.151722 173.603745
-37.904735 155.083570 -7.969144 -172.082108 -72.156314 173.602471
-37.904967 155.083476 -7.967790 -172.080920 -72.160904 173.601199
-37.905200 155.083380 -7.966436 -172.079728 -72.165496 173.599923
-37.905432 155.083285 -7.965081 -172.078538 -72.170088 173.598650
-37.905664 155.083189 -7.963728 -172.077345 -72.174678 173.597373
-37.905896 155.083093 -7.962375 -172.076153 -72.179270 173.596098
-37.906128 155.082999 -7.961022 -172.074959 -72.183861 173.594820
-37.906361 155.082903 -7.959669 -172.073763 -72.188452 173.593542
-37.906592 155.082808 -7.958317 -172.072570 -72.193044 173.592265
-37.906824 155.082713 -7.956964 -172.071374 -72.197635 173.590985
-37.907057 155.082617 -7.955612 -172.070179 -72.202226 173.589707
-37.907289 155.082522 -7.954260 -172.068981 -72.206818 173.588426
-37.907521 155.082427 -7.952908 -172.067783 -72.211408 173.587144
-37.907753 155.082332 -7.951556 -172.066584 -72.216000 173.585861
-37.907985 155.082236 -7.950205 -172.065387 -72.220592 173.584581
-37.908217 155.082141 -7.948855 -172.064186 -72.225182 173.583297
-37.908448 155.082046 -7.947503 -172.062985 -72.229774 173.582013
-37.908680 155.081950 -7.946153 -172.061783 -72.234365 173.580728
-37.908912 155.081856 -7.944802 -172.060584 -72.238956 173.579444
-37.909143 155.081760 -7.943452 -172.059381 -72.243547 173.578158
-37.909375 155.081665 -7.942103 -172.058177 -72.248139 173.576871
-37.909606 155.081570 -7.940752 -172.056973 -72.252730 173.575583
-37.909837 155.081475 -7.939403 -172.055768 -72.257321 173.574295
-37.910070 155.081380 -7.938054 -172.054563 -72.261912 173.573006
-37.910301 155.081285 -7.936705 -172.053359 -72.266504 173.571719
-37.910532 155.081189 -7.935356 -172.052152 -72.271095 173.570428
-37.910764 155.081095 -7.934008 -172.050945 -72.275686 173.569138
-37.910995 155.080999 -7.932660 -172.049737 -72.280277 173.567846
-37.911226 155.080905 -7.931311 -172.048528 -72.284868 173.566554
-37.911457 155.080810 -7.929963 -172.047318 -72.289460 173.565261
-37.911688 155.080714 -7.928616 -172.046109 -72.294050 173.563968
-37.911920 155.080620 -7.927268 -172.044898 -72.298642 173.562673
-37.912151 155.080524 -7.925921 -172.043686 -72.303233 173.561378
-37.912382 155.080429 -7.924575 -172.042474 -72.307824 173.560083
-37.912613 155.080335 -7.923227 -172.041261 -72.312416 173.558787
-37.912844 155.080239 -7.921881 -172.040048 -72.317007 173.557490
-37.913075 155.080145 -7.920535 -172.038834 -72.321597 173.556192
-37.913306 155.080050 -7.919189 -172.037617 -72.326189 173.554892
-37.913537 155.079955 -7.917843 -172.036401 -72.330780 173.553593
-37.913768 155.079860 -7.916497 -172.035185 -72.335371 173.552294
-37.913999 155.079765 -7.915152 -172.033969 -72.339963 173.550993
-37.914229 155.079671 -7.913806 -172.032751 -72.344554 173.549693
-37.914460 155.079576 -7.912462 -172.031534 -72.349144 173.548391
-37.914691 155.079480 -7.911117 -172.030315 -72.353736 173.547089
-37.914921 155.079386 -7.909773 -172.029093 -72.358327 173.545784
-37.915153 155.079291 -7.908428 -172.027873 -72.362918 173.544481
-37.915383 155.079196 -7.907085 -172.026653 -72.367509 173.543176
-37.915614 155.079102 -7.905741 -172.025431 -72.372101 173.541872
-37.915844 155.079007 -7.904397 -172.024207 -72.376692 173.540564
-37.916075 155.078913 -7.903054 -172.022984 -72.381283 173.539258
-37.916305 155.078817 -7.901711 -172.021761 -72.385874 173.537951
-37.916536 155.078722 -7.900368 -172.020534 -72.390464 173.536641
-37.916766 155.078628 -7.899025 -172.019310 -72.395056 173.535333
-37.916996 155.078533 -7.897683 -172.018085 -72.399647 173.534024
-37.917227 155.078438 -7.896341 -172.016856 -72.404238 173.532712
-37.917457 155.078344 -7.894999 -172.015629 -72.408829 173.531402
-37.917688 155.078249 -7.893657 -172.014399 -72.413420 173.530089
-37.917917 155.078154 -7.892316 -172.013172 -72.418011 173.528778
-37.918148 155.078060 -7.890974 -172.011943 -72.422602 173.527465
-37.918378 155.077965 -7.889634 -172.010711 -72.427194 173.526150
-37.918608 155.077870 -7.888292 -172.009481 -72.431785 173.524837
-37.918838 155.077776 -7.886952 -172.008248 -72.436376 173.523520
-37.919068 155.077681 -7.885612 -172.007017 -72.440967 173.522205
-37.919298 155.077588 -7.884272 -172.005782 -72.445558 173.520888
-37.919528 155.077493 -7.882931 -172.004550 -72.450149 173.519571
-37.919757 155.077398 -7.881592 -172.003314 -72.454740 173.518252
-37.919987 155.077304 -7.880253 -172.002080 -72.459331 173.516935
-37.920217 155.077209 -7.878913 -172.000843 -72.463922 173.515614
-37.920447 155.077114 -7.877574 -171.999605 -72.468513 173.514293
-37.920677 155.077020 -7.876235 -171.998369 -72.473104 173.512973
-37.920907 155.076926 -7.874897 -171.997130 -72.477695 173.511651
-37.921137 155.076831 -7.873558 -171.995890 -72.482286 173.510327
-37.921366 155.076737 -7.872221 -171.994652 -72.486877 173.509006
-37.921596 155.076642 -7.870882 -171.993410 -72.491468 173.507681
-37.921825 155.076548 -7.869545 -171.992168 -72.496059 173.506356
-37.922054 155.076454 -7.868207 -171.990928 -72.500651 173.505032
-37.922285 155.076359 -7.866870 -171.989685 -72.505242 173.503705
-37.922514 155.076265 -7.865533 -171.988441 -72.509833 173.502378
-37.922743 155.076171 -7.864196 -171.987196 -72.514424 173.501050
-37.922972 155.076076 -7.862860 -171.985954 -72.519015 173.499723
-37.923202 155.075982 -7.861523 -171.984708 -72.523605 173.498394
-37.923431 155.075888 -7.860188 -171.983461 -72.528196 173.497064
-37.923661 155.075793 -7.858852 -171.982214 -72.532787 173.495733
-37.923890 155.075700 -7.857516 -171.980965 -72.537378 173.494402
-37.924119 155.075605 -7.856181 -171.979720 -72.541969 173.493072
-37.924348 155.075511 -7.854846 -171.978470 -72.546561 173.491739
-37.924578 155.075416 -7.853510 -171.977220 -72.551152 173.490405
-37.924806 155.075322 -7.852176 -171.975969 -72.555742 173.489071
-37.925036 155.075228 -7.850842 -171.974718 -72.560333 173.487736
-37.925264 155.075134 -7.849508 -171.973465 -72.564924 173.486400
-37.925493 155.075040 -7.848174 -171.972213 -72.569515 173.485063
-37.925722 155.074945 -7.846839 -171.970959 -72.574106 173.483727
-37.925951 155.074852 -7.845505 -171.969705 -72.578697 173.482389
-37.926181 155.074757 -7.844172 -171.968450 -72.583288 173.481050
-37.926409 155.074663 -7.842840 -171.967194 -72.587879 173.479711
-37.926637 155.074570 -7.841507 -171.965938 -72.592470 173.478372
-37.926866 155.074475 -7.840174 -171.964681 -72.597060 173.477031
-37.927095 155.074381 -7.838841 -171.963423 -72.601652 173.475690
-37.927324 155.074287 -7.837509 -171.962165 -72.606243 173.474348
-37.927552 155.074193 -7.836177 -171.960906 -72.610833 173.473006
-37.927781 155.074099 -7.834845 -171.959646 -72.615424 173.471662
-37.928009 155.074004 -7.833514 -171.958386 -72.620015 173.470318
-37.928239 155.073911 -7.832182 -171.957122 -72.624606 173.468971
-37.928467 155.073817 -7.830851 -171.955860 -72.629197 173.467626
-37.928695 155.073722 -7.829521 -171.954598 -72.633788 173.466280
-37.928923 155.073629 -7.828190 -171.953335 -72.638378 173.464933
-37.929152 155.073535 -7.826860 -171.952071 -72.642970 173.463586
-37.929380 155.073441 -7.825529 -171.950806 -72.647561 173.462238
-37.929608 155.073347 -7.824199 -171.949538 -72.652151 173.460887
-37.929837 155.073253 -7.822869 -171.948272 -72.656742 173.459537
-37.930065 155.073159 -7.821540 -171.947006 -72.661333 173.458187
-37.930294 155.073066 -7.820211 -171.945738 -72.665924 173.456836
-37.930521 155.072972 -7.818882 -171.944468 -72.670514 173.455482
-37.930750 155.072878 -7.817553 -171.943199 -72.675106 173.454129
-37.930977 155.072783 -7.816225 -171.941929 -72.679696 173.452777
-37.931206 155.072690 -7.814896 -171.940657 -72.684287 173.451421
-37.931434 155.072596 -7.813568 -171.939386 -72.688878 173.450066
-37.931661 155.072503 -7.812240 -171.938114 -72.693469 173.448710
-37.931890 155.072409 -7.810912 -171.936839 -72.698059 173.447352
-37.932118 155.072315 -7.809585 -171.935566 -72.702651 173.445995
-37.932346 155.072222 -7.808258 -171.934290 -72.707241 173.444635
-37.932574 155.072128 -7.806930 -171.933016 -72.711832 173.443278
-37.932802 155.072034 -7.805603 -171.931738 -72.716423 173.441916
-37.933028 155.071940 -7.804277 -171.930462 -72.721014 173.440557
-37.933256 155.071847 -7.802951 -171.929183 -72.725604 173.439195
-37.933484 155.071753 -7.801624 -171.927906 -72.730196 173.437834
-37.933712 155.071659 -7.800299 -171.926625 -72.734786 173.436470
-37.933940 155.071566 -7.798973 -171.925347 -72.739376 173.435108
-37.934167 155.071472 -7.797648 -171.924065 -72.743968 173.433742
-37.934395 155.071378 -7.796323 -171.922785 -72.748558 173.432379
-37.934622 155.071284 -7.794997 -171.921501 -72.753149 173.431012
-37.934849 155.071191 -7.793672 -171.920220 -72.757740 173.429647
-37.935078 155.071097 -7.792348 -171.918935 -72.762330 173.428279
-37.935305 155.071004 -7.791024 -171.917649 -72.766921 173.426910
-37.935532 155.070911 -7.789699 -171.916366 -72.771512 173.425543
-37.935760 155.070817 -7.788375 -171.915079 -72.776103 173.424172
-37.935987 155.070723 -7.787052 -171.913791 -72.780693 173.422801
-37.936214 155.070629 -7.785729 -171.912506 -72.785284 173.421432
-37.936441 155.070537 -7.784405 -171.911217 -72.789875 173.420058
-37.936669 155.070443 -7.783083 -171.909927 -72.794465 173.418685
-37.936895 155.070349 -7.781759 -171.908639 -72.799056 173.417314
-37.937123 155.070256 -7.780437 -171.907348 -72.803647 173.415939
-37.937349 155.070163 -7.779114 -171.906056 -72.808238 173.414564
-37.937576 155.070069 -7.777793 -171.904764 -72.812828 173.413188
-37.937804 155.069975 -7.776471 -171.903473 -72.817419 173.411813
-37.938031 155.069882 -7.775149 -171.902179 -72.822009 173.410436
-37.938257 155.069789 -7.773828 -171.900884 -72.826601 173.409058
-37.938484 155.069695 -7.772507 -171.899589 -72.831191 173.407679
-37.938711 155.069603 -7.771186 -171.898292 -72.835782 173.406299
-37.938938 155.069509 -7.769865 -171.896995 -72.840372 173.404919
-37.939165 155.069415 -7.768544 -171.895698 -72.844963 173.403537
-37.939392 155.069322 -7.767225 -171.894402 -72.849553 173.402158
-37.939618 155.069229 -7.765904 -171.893103 -72.854145 173.400775
-37.939845 155.069136 -7.764585 -171.891803 -72.858735 173.399392
-37.940071 155.069042 -7.763265 -171.890503 -72.863326 173.398008
-37.940298 155.068949 -7.761946 -171.889202 -72.867916 173.396624
-37.940524 155.068856 -7.760627 -171.887899 -72.872507 173.395237
-37.940752 155.068763 -7.759307 -171.886597 -72.877097 173.393851
-37.940978 155.068669 -7.757989 -171.885293 -72.881688 173.392464
-37.941204 155.068577 -7.756670 -171.883989 -72.886278 173.391076
-37.941430 155.068483 -7.755352 -171.882684 -72.890869 173.389688
-37.941657 155.068390 -7.754034 -171.881379 -72.895459 173.388299
-37.941883 155.068296 -7.752716 -171.880073 -72.900050 173.386909
-37.942110 155.068204 -7.751399 -171.878762 -72.904641 173.385516
-37.942336 155.068110 -7.750082 -171.877455 -72.909231 173.384125
-37.942563 155.068017 -7.748764 -171.876146 -72.913822 173.382732
-37.942788 155.067924 -7.747448 -171.874837 -72.918412 173.381340
-37.943015 155.067831 -7.746131 -171.873527 -72.923003 173.379946
-37.943240 155.067738 -7.744815 -171.872217 -72.927593 173.378552
-37.943467 155.067645 -7.743499 -171.870905 -72.932184 173.377157
-37.943693 155.067551 -7.742182 -171.869590 -72.936775 173.375759
-37.943919 155.067459 -7.740866 -171.868277 -72.941365 173.374362
-37.944145 155.067366 -7.739551 -171.866964 -72.945955 173.372965
-37.944371 155.067273 -7.738236 -171.865649 -72.950546 173.371566
-37.944597 155.067179 -7.736921 -171.864334 -72.955136 173.370167
-37.944823 155.067087 -7.735606 -171.863016 -72.959727 173.368766
-37.945049 155.066994 -7.734291 -171.861699 -72.964317 173.367366
-37.945275 155.066901 -7.732977 -171.860382 -72.968908 173.365965
-37.945500 155.066807 -7.731663 -171.859061 -72.973499 173.364560
-37.945726 155.066715 -7.730348 -171.857742 -72.978088 173.363158
-37.945952 155.066622 -7.729035 -171.856423 -72.982679 173.361755
-37.946177 155.066529 -7.727721 -171.855100 -72.987270 173.360349
-37.946403 155.066436 -7.726408 -171.853779 -72.991860 173.358944
-37.946628 155.066344 -7.725095 -171.852457 -72.996451 173.357539
-37.946854 155.066251 -7.723782 -171.851132 -73.001041 173.356130
-37.947080 155.066158 -7.722469 -171.849809 -73.005631 173.354723
-37.947305 155.066065 -7.721157 -171.848482 -73.010222 173.353313
-37.947530 155.065972 -7.719845 -171.847157 -73.014813 173.351905
-37.947756 155.065879 -7.718533 -171.845829 -73.019402 173.350494
-37.947981 155.065786 -7.717221 -171.844503 -73.023993 173.349083
-37.948207 155.065693 -7.715910 -171.843173 -73.028584 173.347670
-37.948432 155.065601 -7.714598 -171.841846 -73.033174 173.346258
-37.948658 155.065508 -7.713287 -171.840515 -73.037764 173.344844
-37.948882 155.065415 -7.711977 -171.839186 -73.042355 173.343431
-37.949108 155.065322 -7.710666 -171.837853 -73.046945 173.342015
-37.949333 155.065230 -7.709356 -171.836523 -73.051535 173.340601
-37.949558 155.065138 -7.708046 -171.835188 -73.056126 173.339183
-37.949783 155.065045 -7.706735 -171.833853 -73.060716 173.337765
-37.950009 155.064952 -7.705426 -171.832521 -73.065307 173.336348
-37.950233 155.064859 -7.704116 -171.831184 -73.069896 173.334929
-37.950458 155.064766 -7.702807 -171.829850 -73.074487 173.333510
-37.950683 155.064674 -7.701498 -171.828512 -73.079078 173.332089
-37.950908 155.064581 -7.700189 -171.827173 -73.083668 173.330667
-37.951133 155.064489 -7.698880 -171.825834 -73.088259 173.329243
-37.951358 155.064397 -7.697573 -171.824497 -73.092848 173.327822
-37.951583 155.064304 -7.696264 -171.823156 -73.097439 173.326398
-37.951808 155.064211 -7.694956 -171.821814 -73.102029 173.324973
-37.952032 155.064119 -7.693649 -171.820475 -73.106620 173.323549
-37.952257 155.064026 -7.692341 -171.819132 -73.111209 173.322123
-37.952481 155.063934 -7.691034 -171.817788 -73.115800 173.320696
-37.952707 155.063841 -7.689727 -171.816443 -73.120390 173.319267
-37.952931 155.063749 -7.688420 -171.815098 -73.124981 173.317838
-37.953155 155.063656 -7.687113 -171.813754 -73.129571 173.316411
-37.953380 155.063563 -7.685807 -171.812408 -73.134160 173.314981
-37.953605 155.063472 -7.684501 -171.811060 -73.138751 173.313550
-37.953829 155.063379 -7.683195 -171.809711 -73.143341 173.312118
-37.954054 155.063286 -7.681890 -171.808362 -73.147932 173.310685
-37.954278 155.063194 -7.680584 -171.807012 -73.152522 173.309252
-37.954503 155.063102 -7.679279 -171.805661 -73.157112 173.307816
-37.954726 155.063010 -7.677973 -171.804310 -73.161703 173.306381
-37.954951 155.062917 -7.676669 -171.802958 -73.166292 173.304946
-37.955175 155.062824 -7.675364 -171.801605 -73.170882 173.303509
-37.955399 155.062732 -7.674060 -171.800251 -73.175473 173.302072
-37.955624 155.062639 -7.672757 -171.798896 -73.180063 173.300634
-37.955847 155.062548 -7.671452 -171.797541 -73.184653 173.299195
-37.956072 155.062455 -7.670148 -171.796185 -73.189244 173.297755
-37.956296 155.062363 -7.668845 -171.794828 -73.193834 173.296315
-37.956520 155.062271 -7.667542 -171.793471 -73.198423 173.294874
-37.956744 155.062178 -7.666239 -171.792113 -73.203013 173.293432
-37.956968 155.062087 -7.664936 -171.790753 -73.207604 173.291989
-37.957192 155.061994 -7.663634 -171.789394 -73.212194 173.290546
-37.957416 155.061902 -7.662332 -171.788033 -73.216784 173.289100
-37.957640 155.061809 -7.661029 -171.786672 -73.221374 173.287655
-37.957864 155.061717 -7.659727 -171.785309 -73.225965 173.286210
-37.958087 155.061626 -7.658426 -171.783943 -73.230555 173.284761
-37.958311 155.061533 -7.657125 -171.782580 -73.235145 173.283313
-37.958534 155.061441 -7.655823 -171.781215 -73.239735 173.281865
-37.958759 155.061349 -7.654522 -171.779850 -73.244325 173.280416
-37.958982 155.061256 -7.653222 -171.778484 -73.248915 173.278966
-37.959206 155.061164 -7.651921 -171.777114 -73.253504 173.277514
-37.959430 155.061073 -7.650621 -171.775747 -73.258095 173.276063
-37.959653 155.060981 -7.649321 -171.774379 -73.262685 173.274610
-37.959876 155.060888 -7.648021 -171.773010 -73.267275 173.273158
-37.960100 155.060796 -7.646721 -171.771637 -73.271865 173.271702
-37.960323 155.060704 -7.645422 -171.770266 -73.276455 173.270247
-37.960547 155.060613 -7.644122 -171.768895 -73.281045 173.268791
-37.960771 155.060521 -7.642824 -171.767519 -73.285635 173.267333
-37.960994 155.060428 -7.641525 -171.766146 -73.290225 173.265876
-37.961217 155.060336 -7.640227 -171.764773 -73.294815 173.264418
-37.961441 155.060244 -7.638928 -171.763395 -73.299405 173.262958
-37.961663 155.060152 -7.637630 -171.762020 -73.303995 173.261499
-37.961887 155.060061 -7.636333 -171.760641 -73.308585 173.260036
-37.962110 155.059969 -7.635035 -171.759264 -73.313175 173.258576
-37.962334 155.059877 -7.633738 -171.757886 -73.317765 173.257114
-37.962557 155.059785 -7.632441 -171.756505 -73.322355 173.255649
-37.962780 155.059693 -7.631144 -171.755126 -73.326945 173.254186
-37.963003 155.059601 -7.629847 -171.753743 -73.331535 173.252720
-37.963226 155.059509 -7.628550 -171.752362 -73.336125 173.251255
-37.963449 155.059418 -7.627254 -171.750977 -73.340715 173.249787
-37.963672 155.059326 -7.625958 -171.749595 -73.345305 173.248320
-37.963895 155.059234 -7.624662 -171.748209 -73.349894 173.246851
-37.964117 155.059142 -7.623367 -171.746825 -73.354484 173.245383
-37.964340 155.059050 -7.622071 -171.745437 -73.359074 173.243912
-37.964563 155.058958 -7.620776 -171.744049 -73.363664 173.242440
-37.964786 155.058867 -7.619481 -171.742663 -73.368254 173.240970
-37.965009 155.058775 -7.618186 -171.741273 -73.372844 173.239497
-37.965231 155.058683 -7.616891 -171.739885 -73.377435 173.238025
-37.965454 155.058591 -7.615597 -171.738493 -73.382024 173.236550
-37.965676 155.058499 -7.614303 -171.737101 -73.386614 173.235074
-37.965899 155.058408 -7.613009 -171.735710 -73.391204 173.233600
-37.966122 155.058316 -7.611715 -171.734316 -73.395794 173.232122
-37.966345 155.058225 -7.610423 -171.732922 -73.400383 173.230644
-37.966566 155.058133 -7.609129 -171.731526 -73.404973 173.229164
-37.966789 155.058041 -7.607837 -171.730133 -73.409563 173.227687
-37.967012 155.057950 -7.606544 -171.728736 -73.414153 173.226206
-37.967234 155.057858 -7.605252 -171.727338 -73.418742 173.224725
-37.967457 155.057766 -7.603959 -171.725939 -73.423332 173.223243
-37.967679 155.057674 -7.602667 -171.724543 -73.427922 173.221762
-37.967901 155.057584 -7.601376 -171.723142 -73.432512 173.220278
-37.968124 155.057492 -7.600083 -171.721741 -73.437102 173.218793
-37.968345 155.057400 -7.598792 -171.720339 -73.441692 173.217308
-37.968568 155.057309 -7.597501 -171.718936 -73.446281 173.215822
-37.968790 155.057217 -7.596211 -171.717533 -73.450871 173.214335
-37.969012 155.057126 -7.594920 -171.716131 -73.455460 173.212849
-37.969234 155.057034 -7.593629 -171.714726 -73.460050 173.211360
-37.969456 155.056943 -7.592339 -171.713320 -73.464640 173.209870
-37.969679 155.056852 -7.591049 -171.711913 -73.469230 173.208379
-37.969901 155.056760 -7.589759 -171.710506 -73.473820 173.206888
-37.970122 155.056669 -7.588470 -171.709097 -73.478409 173.205396
