-10.528677 156.408564 17.011638 27.236313 41.641143 18.881721
-10.533444 156.408564 17.011638 27.236313 41.641143 18.881721
-10.538211 156.408564 17.011638 27.236313 41.641143 18.881721
-10.542977 156.408564 17.011638 27.236313 41.641143 18.881721
-10.547744 156.408564 17.011638 27.236313 41.641143 18.881721
-10.552511 156.408564 17.011638 27.236313 41.641143 18.881721
-10.557278 156.408564 17.011638 27.236313 41.641143 18.881721
-10.562045 156.408564 17.011638 27.236313 41.641143 18.881721
-10.566812 156.408564 17.011638 27.236313 41.641143 18.881721
-10.571578 156.408564 17.011638 27.236313 41.641143 18.881721
-10.576345 156.408564 17.011638 27.236313 41.641143 18.881721
-10.581112 156.408564 17.011638 27.236313 41.641143 18.881721
-10.585879 156.408564 17.011638 27.236313 41.641143 18.881721
-10.590646 156.408564 17.011638 27.236313 41.641143 18.881721
-10.595413 156.408564 17.011638 27.236313 41.641143 18.881721
-10.600179 156.408564 17.011638 27.236313 41.641143 18.881721
-10.604946 156.408564 17.011638 27.236313 41.641143 18.881721
-10.609713 156.408564 17.011638 27.236313 41.641143 18.881721
-10.614480 156.408564 17.011638 27.236313 41.641143 18.881721
-10.619247 156.408564 17.011638 27.236313 41.641143 18.881721
-10.624014 156.408564 17.011638 27.236313 41.641143 18.881721
-10.628781 156.408564 17.011638 27.236313 41.641143 18.881721
-10.633547 156.408564 17.011638 27.236313 41.641143 18.881721
-10.638314 156.408564 17.011638 27.236313 41.641143 18.881721
-10.643081 156.408564 17.011638 27.236313 41.641143 18.881721
-10.647848 156.408564 17.011638 27.236313 41.641143 18.881721
-10.652615 156.408564 17.011638 27.236313 41.641143 18.881721
-10.657382 156.408564 17.011638 27.236313 41.641143 18.881721
-10.662149 156.408564 17.011638 27.236313 41.641143 18.881721
-10.666916 156.408564 17.011638 27.236313 41.641143 18.881721
-10.671682 156.408564 17.011638 27.236313 41.641143 18.881721
-10.676449 156.408564 17.011638 27.236313 41.641143 18.881721
-10.681216 156.408564 17.011638 27.236313 41.641143 18.881721
-10.685983 156.408564 17.011638 27.236313 41.641143 18.881721
-10.690750 156.408564 17.011638 27.236313 41.641143 18.881721
-10.695517 156.408564 17.011638 27.236313 41.641143 18.881721
-10.700284 156.408564 17.011638 27.236313 41.641143 18.881721
-10.705051 156.408564 17.011638 27.236313 41.641143 18.881721
-10.709817 156.408564 17.011638 27.236313 41.641143 18.881721
-10.714584 156.408564 17.011638 27.236313 41.641143 18.881721
-10.719351 156.408564 17.011638 27.236313 41.641143 18.881721
-10.724118 156.408564 17.011638 27.236313 41.641143 18.881721
-10.728885 156.408564 17.011638 27.236313 41.641143 18.881721
-10.733652 156.408564 17.011638 27.236313 41.641143 18.881721
-10.738419 156.408564 17.011638 27.236313 41.641143 18.881721
-10.743186 156.408564 17.011638 27.236313 41.641143 18.881721
-10.747952 156.408564 17.011638 27.236313 41.641143 18.881721
-10.752719 156.408564 17.011638 27.236313 41.641143 18.881721
-10.757486 156.408564 17.011638 27.236313 41.641143 18.881721
-10.762253 156.408564 17.011638 27.236313 41.641143 18.881721
-10.767020 156.408564 17.011638 27.236313 41.641143 18.881721
-10.771787 156.408564 17.011638 27.236313 41.641143 18.881721
-10.776554 156.408564 17.011638 27.236313 41.641143 18.881721
-10.781321 156.408564 17.011638 27.236313 41.641143 18.881721
-10.786088 156.408564 17.011638 27.236313 41.641143 18.881721
-10.790855 156.408564 17.011638 27.236313 41.641143 18.881721
-10.795621 156.408564 17.011638 27.236313 41.641143 18.881721
-10.800388 156.408564 17.011638 27.236313 41.641143 18.881721
-10.805155 156.408564 17.011638 27.236313 41.641143 18.881721
-10.809922 156.408564 17.011638 27.236313 41.641143 18.881721
-10.814689 156.408564 17.011638 27.236313 41.641143 18.881721
-10.819456 156.408564 17.011638 27.236313 41.641143 18.881721
-10.824223 156.408564 17.011638 27.236313 41.641143 18.881721
-10.828990 156.408564 17.011638 27.236313 41.641143 18.881721
-10.833757 156.408564 17.011638 27.236313 41.641143 18.881721
-10.838524 156.408564 17.011638 27.236313 41.641143 18.881721
-10.843291 156.408564 17.011638 27.236313 41.641143 18.881721
-10.848057 156.408564 17.011638 27.236313 41.641143 18.881721
-10.852824 156.408564 17.011638 27.236313 41.641143 18.881721
-10.857591 156.408564 17.011638 27.236313 41.641143 18.881721
-10.862358 156.408564 17.011638 27.236313 41.641143 18.881721
-10.867125 156.408564 17.011638 27.236313 41.641143 18.881721
-10.871892 156.408564 17.011638 27.236313 41.641143 18.881721
-10.876659 156.408564 17.011638 27.236313 41.641143 18.881721
-10.881426 156.408564 17.011638 27.236313 41.641143 18.881721
-10.886193 156.408564 17.011638 27.236313 41.641143 18.881721
-10.890960 156.408564 17.011638 27.236313 41.641143 18.881721
-10.895727 156.408564 17.011638 27.236313 41.641143 18.881721
-10.900494 156.408564 17.011638 27.236313 41.641143 18.881721
-10.905261 156.408564 17.011638 27.236313 41.641143 18.881721
-10.910028 156.408564 17.011638 27.236313 41.641143 18.881721
-10.914794 156.408564 17.011638 27.236313 41.641143 18.881721
-10.919561 156.408564 17.011638 27.236313 41.641143 18.881721
-10.924328 156.408564 17.011638 27.236313 41.641143 18.881721
-10.929095 156.408564 17.011638 27.236313 41.641143 18.881721
-10.933862 156.408564 17.011638 27.236313 41.641143 18.881721
-10.938629 156.408564 17.011638 27.236313 41.641143 18.881721
-10.943396 156.408564 17.011638 27.236313 41.641143 18.881721
-10.948163 156.408564 17.011638 27.236313 41.641143 18.881721
-10.952930 156.408564 17.011638 27.236313 41.641143 18.881721
-10.957697 156.408564 17.011638 27.236313 41.641143 18.881721
-10.962464 156.408564 17.011638 27.236313 41.641143 18.881721
-10.967231 156.408564 17.011638 27.236313 41.641143 18.881721
-10.971998 156.408564 17.011638 27.236313 41.641143 18.881721
-10.976765 156.408564 17.011638 27.236313 41.641143 18.881721
-10.981532 156.408564 17.011638 27.236313 41.641143 18.881721
-10.986299 156.408564 17.011638 27.236313 41.641143 18.881721
-10.991066 156.408564 17.011638 27.236313 41.641143 18.881721
-10.995832 156.408564 17.011638 27.236313 41.641143 18.881721
-11.000599 156.408564 17.011638 27.236313 41.641143 18.881721
-11.005366 156.408564 17.011638 27.236313 41.641143 18.881721
-11.010133 156.408564 17.011638 27.236313 41.641143 18.881721
-11.014900 156.408564 17.011638 27.236313 41.641143 18.881721
-11.019667 156.408564 17.011638 27.236313 41.641143 18.881721
-11.024434 156.408564 17.011638 27.236313 41.641143 18.881721
-11.029201 156.408564 17.011638 27.236313 41.641143 18.881721
-11.033968 156.408564 17.011638 27.236313 41.641143 18.881721
-11.038735 156.408564 17.011638 27.236313 41.641143 18.881721
-11.043502 156.408564 17.011638 27.236313 41.641143 18.881721
-11.048269 156.408564 17.011638 27.236313 41.641143 18.881721
-11.053036 156.408564 17.011638 27.236313 41.641143 18.881721
-11.057803 156.408564 17.011638 27.236313 41.641143 18.881721
-11.062570 156.408564 17.011638 27.236313 41.641143 18.881721
-11.067337 156.408564 17.011638 27.236313 41.641143 18.881721
-11.072104 156.408564 17.011638 27.236313 41.641143 18.881721
-11.076871 156.408564 17.011638 27.236313 41.641143 18.881721
-11.081638 156.408564 17.011638 27.236313 41.641143 18.881721
-11.086405 156.408564 17.011638 27.236313 41.641143 18.881721
-11.091172 156.408564 17.011638 27.236313 41.641143 18.881721
-11.095939 156.408564 17.011638 27.236313 41.641143 18.881721
-11.100706 156.408564 17.011638 27.236313 41.641143 18.881721
-11.105473 156.408564 17.011638 27.236313 41.641143 18.881721
-11.110240 156.408564 17.011638 27.236313 41.641143 18.881721
-11.115007 156.408564 17.011638 27.236313 41.641143 18.881721
-11.119774 156.408564 17.011638 27.236313 41.641143 18.881721
-11.124540 156.408564 17.011638 27.236313 41.641143 18.881721
-11.129307 156.408564 17.011638 27.236313 41.641143 18.881721
-11.134074 156.408564 17.011638 27.236313 41.641143 18.881721
-11.138841 156.408564 17.011638 27.236313 41.641143 18.881721
-11.143608 156.408564 17.011638 27.236313 41.641143 18.881721
-11.148375 156.408564 17.011638 27.236313 41.641143 18.881721
-11.153142 156.408564 17.011638 27.236313 41.641143 18.881721
-11.157909 156.408564 17.011638 27.236313 41.641143 18.881721
-11.162676 156.408564 17.011638 27.236313 41.641143 18.881721
-11.167443 156.408564 17.011638 27.236313 41.641143 18.881721
-11.172210 156.408564 17.011638 27.236313 41.641143 18.881721
-11.176977 156.408564 17.011638 27.236313 41.641143 18.881721
-11.181744 156.408564 17.011638 27.236313 41.641143 18.881721
-11.186511 156.408564 17.011638 27.236313 41.641143 18.881721
-11.191278 156.408564 17.011638 27.236313 41.641143 18.881721
-11.196045 156.408564 17.011638 27.236313 41.641143 18.881721
-11.200812 156.408564 17.011638 27.236313 41.641143 18.881721
-11.205579 156.408564 17.011638 27.236313 41.641143 18.881721
-11.210346 156.408564 17.011638 27.236313 41.641143 18.881721
-11.215113 156.408564 17.011638 27.236313 41.641143 18.881721
-11.219880 156.408564 17.011638 27.236313 41.641143 18.881721
-11.224647 156.408564 17.011638 27.236313 41.641143 18.881721
-11.229414 156.408564 17.011638 27.236313 41.641143 18.881721
-11.234181 156.408564 17.011638 27.236313 41.641143 18.881721
-11.238948 156.408564 17.011638 27.236313 41.641143 18.881721
-11.243715 156.408564 17.011638 27.236313 41.641143 18.881721
-11.248482 156.408564 17.011638 27.236313 41.641143 18.881721
-11.253249 156.408564 17.011638 27.236313 41.641143 18.881721
-11.258016 156.408564 17.011638 27.236313 41.641143 18.881721
-11.262783 156.408564 17.011638 27.236313 41.641143 18.881721
-11.267550 156.408564 17.011638 27.236313 41.641143 18.881721
-11.272317 156.408564 17.011638 27.236313 41.641143 18.881721
-11.277084 156.408564 17.011638 27.236313 41.641143 18.881721
-11.281851 156.408564 17.011638 27.236313 41.641143 18.881721
-11.286618 156.408564 17.011638 27.236313 41.641143 18.881721
-11.291385 156.408564 17.011638 27.236313 41.641143 18.881721
-11.296152 156.408564 17.011638 27.236313 41.641143 18.881721
-11.300919 156.408564 17.011638 27.236313 41.641143 18.881721
-11.305686 156.408564 17.011638 27.236313 41.641143 18.881721
-11.310453 156.408564 17.011638 27.236313 41.641143 18.881721
-11.315220 156.408564 17.011638 27.236313 41.641143 18.881721
-11.319987 156.408564 17.011638 27.236313 41.641143 18.881721
-11.324754 156.408564 17.011638 27.236313 41.641143 18.881721
-11.329521 156.408564 17.011638 27.236313 41.641143 18.881721
-11.334288 156.408564 17.011638 27.236313 41.641143 18.881721
-11.339055 156.408564 17.011638 27.236313 41.641143 18.881721
-11.343822 156.408564 17.011638 27.236313 41.641143 18.881721
-11.348589 156.408564 17.011638 27.236313 41.641143 18.881721
-11.353356 156.408564 17.011638 27.236313 41.641143 18.881721
-11.358123 156.408564 17.011638 27.236313 41.641143 18.881721
-11.362890 156.408564 17.011638 27.236313 41.641143 18.881721
-11.367657 156.408564 17.011638 27.236313 41.641143 18.881721
-11.372424 156.408564 17.011638 27.236313 41.641143 18.881721
-11.377191 156.408564 17.011638 27.236313 41.641143 18.881721
-11.381958 156.408564 17.011638 27.236313 41.641143 18.881721
-11.386725 156.408564 17.011638 27.236313 41.641143 18.881721
-11.391492 156.408564 17.011638 27.236313 41.641143 18.881721
-11.396259 156.408564 17.011638 27.236313 41.641143 18.881721
-11.401026 156.408564 17.011638 27.236313 41.641143 18.881721
-11.405793 156.408564 17.011638 27.236313 41.641143 18.881721
-11.410560 156.408564 17.011638 27.236313 41.641143 18.881721
-11.415327 156.408564 17.011638 27.236313 41.641143 18.881721
-11.420094 156.408564 17.011638 27.236313 41.641143 18.881721
-11.424861 156.408564 17.011638 27.236313 41.641143 18.881721
-11.429628 156.408564 17.011638 27.236313 41.641143 18.881721
-11.434395 156.408564 17.011638 27.236313 41.641143 18.881721
-11.439162 156.408564 17.011638 27.236313 41.641143 18.881721
-11.443929 156.408564 17.011638 27.236313 41.641143 18.881721
-11.448696 156.408564 17.011638 27.236313 41.641143 18.881721
-11.453463 156.408564 17.011638 27.236313 41.641143 18.881721
-11.458230 156.408564 17.011638 27.236313 41.641143 18.881721
-11.462997 156.408564 17.011638 27.236313 41.641143 18.881721
-11.467764 156.408564 17.011638 27.236313 41.641143 18.881721
-11.472531 156.408564 17.011638 27.236313 41.641143 18.881721
-11.477298 156.408564 17.011638 27.236313 41.641143 18.881721
-11.482065 156.408564 17.011638 27.236313 41.641143 18.881721
-11.486832 156.408564 17.011638 27.236313 41.641143 18.881721
-11.491599 156.408564 17.011638 27.236313 41.641143 18.881721
-11.496366 156.408564 17.011638 27.236313 41.641143 18.881721
-11.501134 156.408564 17.011638 27.236313 41.641143 18.881721
-11.505901 156.408564 17.011638 27.236313 41.641143 18.881721
-11.510668 156.408564 17.011638 27.236313 41.641143 18.881721
-11.515435 156.408564 17.011638 27.236313 41.641143 18.881721
-11.520202 156.408564 17.011638 27.236313 41.641143 18.881721
-11.524969 156.408564 17.011638 27.236313 41.641143 18.881721
-11.529736 156.408564 17.011638 27.236313 41.641143 18.881721
-11.534503 156.408564 17.011638 27.236313 41.641143 18.881721
-11.539270 156.408564 17.011638 27.236313 41.641143 18.881721
-11.544037 156.408564 17.011638 27.236313 41.641143 18.881721
-11.548804 156.408564 17.011638 27.236313 41.641143 18.881721
-11.553571 156.408564 17.011638 27.236313 41.641143 18.881721
-11.558338 156.408564 17.011638 27.236313 41.641143 18.881721
-11.563105 156.408564 17.011638 27.236313 41.641143 18.881721
-11.567872 156.408564 17.011638 27.236313 41.641143 18.881721
-11.572639 156.408564 17.011638 27.236313 41.641143 18.881721
-11.577406 156.408564 17.011638 27.236313 41.641143 18.881721
-11.582173 156.408564 17.011638 27.236313 41.641143 18.881721
-11.586940 156.408564 17.011638 27.236313 41.641143 18.881721
-11.591707 156.408564 17.011638 27.236313 41.641143 18.881721
-11.596474 156.408564 17.011638 27.236313 41.641143 18.881721
-11.601241 156.408564 17.011638 27.236313 41.641143 18.881721
-11.606008 156.408564 17.011638 27.236313 41.641143 18.881721
-11.610775 156.408564 17.011638 27.236313 41.641143 18.881721
-11.615542 156.408564 17.011638 27.236313 41.641143 18.881721
-11.620309 156.408564 17.011638 27.236313 41.641143 18.881721
-11.625076 156.408564 17.011638 27.236313 41.641143 18.881721
-11.629843 156.408564 17.011638 27.236313 41.641143 18.881721
-11.634610 156.408564 17.011638 27.236313 41.641143 18.881721
-11.639377 156.408564 17.011638 27.236313 41.641143 18.881721
-11.644144 156.408564 17.011638 27.236313 41.641143 18.881721
-11.648911 156.408564 17.011638 27.236313 41.641143 18.881721
-11.653678 156.408564 17.011638 27.236313 41.641143 18.881721
-11.658445 156.408564 17.011638 27.236313 41.641143 18.881721
-11.663212 156.408564 17.011638 27.236313 41.641143 18.881721
-11.667979 156.408564 17.011638 27.236313 41.641143 18.881721
-11.672746 156.408564 17.011638 27.236313 41.641143 18.881721
-11.677513 156.408564 17.011638 27.236313 41.641143 18.881721
-11.682280 156.408564 17.011638 27.236313 41.641143 18.881721
-11.687047 156.408564 17.011638 27.236313 41.641143 18.881721
-11.691814 156.408564 17.011638 27.236313 41.641143 18.881721
-11.696582 156.408564 17.011638 27.236313 41.641143 18.881721
-11.701349 156.408564 17.011638 27.236313 41.641143 18.881721
-11.706116 156.408564 17.011638 27.236313 41.641143 18.881721
-11.710883 156.408564 17.011638 27.236313 41.641143 18.881721
-11.715650 156.408564 17.011638 27.236313 41.641143 18.881721
-11.720417 156.408564 17.011638 27.236313 41.641143 18.881721
-11.725184 156.408564 17.011638 27.236313 41.641143 18.881721
-11.729951 156.408564 17.011638 27.236313 41.641143 18.881721
-11.734718 156.408564 17.011638 27.236313 41.641143 18.881721
-11.739485 156.408564 17.011638 27.236313 41.641143 18.881721
-11.744252 156.408564 17.011638 27.236313 41.641143 18.881721
-11.749019 156.408564 17.011638 27.236313 41.641143 18.881721
-11.753786 156.408564 17.011638 27.236313 41.641143 18.881721
-11.758553 156.408564 17.011638 27.236313 41.641143 18.881721
-11.763320 156.408564 17.011638 27.236313 41.641143 18.881721
-11.768087 156.408564 17.011638 27.236313 41.641143 18.881721
-11.772854 156.408564 17.011638 27.236313 41.641143 18.881721
-11.777621 156.408564 17.011638 27.236313 41.641143 18.881721
-11.782388 156.408564 17.011638 27.236313 41.641143 18.881721
-11.787155 156.408564 17.011638 27.236313 41.641143 18.881721
-11.791922 156.408564 17.011638 27.236313 41.641143 18.881721
-11.796689 156.408564 17.011638 27.236313 41.641143 18.881721
-11.801456 156.408564 17.011638 27.236313 41.641143 18.881721
-11.806223 156.408564 17.011638 27.236313 41.641143 18.881721
-11.810990 156.408564 17.011638 27.236313 41.641143 18.881721
-11.815757 156.408564 17.011638 27.236313 41.641143 18.881721
-11.820524 156.408564 17.011638 27.236313 41.641143 18.881721
-11.825291 156.408564 17.011638 27.236313 41.641143 18.881721
-11.830058 156.408564 17.011638 27.236313 41.641143 18.881721
-11.834825 156.408564 17.011638 27.236313 41.641143 18.881721
-11.839592 156.408564 17.011638 27.236313 41.641143 18.881721
-11.844359 156.408564 17.011638 27.236313 41.641143 18.881721
-11.849126 156.408564 17.011638 27.236313 41.641143 18.881721
-11.853893 156.408564 17.011638 27.236313 41.641143 18.881721
-11.858660 156.408564 17.011638 27.236313 41.641143 18.881721
-11.863427 156.408564 17.011638 27.236313 41.641143 18.881721
-11.868194 156.408564 17.011638 27.236313 41.641143 18.881721
-11.872962 156.408564 17.011638 27.236313 41.641143 18.881721
-11.877729 156.408564 17.011638 27.236313 41.641143 18.881721
-11.882496 156.408564 17.011638 27.236313 41.641143 18.881721
-11.887263 156.408564 17.011638 27.236313 41.641143 18.881721
-11.892030 156.408564 17.011638 27.236313 41.641143 18.881721
-11.896797 156.408564 17.011638 27.236313 41.641143 18.881721
-11.901564 156.408564 17.011638 27.236313 41.641143 18.881721
-11.906331 156.408564 17.011638 27.236313 41.641143 18.881721
-11.911098 156.408564 17.011638 27.236313 41.641143 18.881721
-11.915865 156.408564 17.011638 27.236313 41.641143 18.881721
-11.920632 156.408564 17.011638 27.236313 41.641143 18.881721
-11.925399 156.408564 17.011638 27.236313 41.641143 18.881721
-11.930166 156.408564 17.011638 27.236313 41.641143 18.881721
-11.934933 156.408564 17.011638 27.236313 41.641143 18.881721
-11.939700 156.408564 17.011638 27.236313 41.641143 18.881721
-11.944467 156.408564 17.011638 27.236313 41.641143 18.881721
-11.949234 156.408564 17.011638 27.236313 41.641143 18.881721
-11.954001 156.408564 17.011638 27.236313 41.641143 18.881721
-11.958768 156.408564 17.011638 27.236313 41.641143 18.881721
-11.963535 156.408564 17.011638 27.236313 41.641143 18.881721
-11.968302 156.408564 17.011638 27.236313 41.641143 18.881721
-11.973069 156.408564 17.011638 27.236313 41.641143 18.881721
-11.977836 156.408564 17.011638 27.236313 41.641143 18.881721
-11.982603 156.408564 17.011638 27.236313 41.641143 18.881721
-11.987370 156.408564 17.011638 27.236313 41.641143 18.881721
-11.992137 156.408564 17.011638 27.236313 41.641143 18.881721
-11.996904 156.408564 17.011638 27.236313 41.641143 18.881721
-12.001671 156.408564 17.011638 27.236313 41.641143 18.881721
-12.006438 156.408564 17.011638 27.236313 41.641143 18.881721
-12.011205 156.408564 17.011638 27.236313 41.641143 18.881721
-12.015972 156.408564 17.011638 27.236313 41.641143 18.881721
-12.020739 156.408564 17.011638 27.236313 41.641143 18.881721
-12.025506 156.408564 17.011638 27.236313 41.641143 18.881721
-12.030273 156.408564 17.011638 27.236313 41.641143 18.881721
-12.035040 156.408564 17.011638 27.236313 41.641143 18.881721
-12.039807 156.408564 17.011638 27.236313 41.641143 18.881721
-12.044574 156.408564 17.011638 27.236313 41.641143 18.881721
-12.049341 156.408564 17.011638 27.236313 41.641143 18.881721
-12.054108 156.408564 17.011638 27.236313 41.641143 18.881721
-12.058875 156.408564 17.011638 27.236313 41.641143 18.881721
-12.063642 156.408564 17.011638 27.236313 41.641143 18.881721
-12.068409 156.408564 17.011638 27.236313 41.641143 18.881721
-12.073176 156.408564 17.011638 27.236313 41.641143 18.881721
-12.077943 156.408564 17.011638 27.236313 41.641143 18.881721
-12.082710 156.408564 17.011638 27.236313 41.641143 18.881721
-12.087477 156.408564 17.011638 27.236313 41.641143 18.881721
-12.092244 156.408564 17.011638 27.236313 41.641143 18.881721
-12.097011 156.408564 17.011638 27.236313 41.641143 18.881721
-12.101778 156.408564 17.011638 27.236313 41.641143 18.881721
-12.106545 156.408564 17.011638 27.236313 41.641143 18.881721
-12.111312 156.408564 17.011638 27.236313 41.641143 18.881721
-12.116079 156.408564 17.011638 27.236313 41.641143 18.881721
-12.120847 156.408564 17.011638 27.236313 41.641143 18.881721
-12.125614 156.408564 17.011638 27.236313 41.641143 18.881721
-12.130381 156.408564 17.011638 27.236313 41.641143 18.881721
-12.135148 156.408564 17.011638 27.236313 41.641143 18.881721
-12.139915 156.408564 17.011638 27.236313 41.641143 18.881721
-12.144682 156.408564 17.011638 27.236313 41.641143 18.881721
-12.149449 156.408564 17.011638 27.236313 41.641143 18.881721
-12.154216 156.408564 17.011638 27.236313 41.641143 18.881721
-12.158983 156.408564 17.011638 27.236313 41.641143 18.881721
-12.163750 156.408564 17.011638 27.236313 41.641143 18.881721
-12.168517 156.408564 17.011638 27.236313 41.641143 18.881721
-12.173284 156.408564 17.011638 27.236313 41.641143 18.881721
-12.178051 156.408564 17.011638 27.236313 41.641143 18.881721
-12.182818 156.408564 17.011638 27.236313 41.641143 18.881721
-12.187585 156.408564 17.011638 27.236313 41.641143 18.881721
-12.192352 156.408564 17.011638 27.236313 41.641143 18.881721
-12.197119 156.408564 17.011638 27.236313 41.641143 18.881721
-12.201886 156.408564 17.011638 27.236313 41.641143 18.881721
-12.206653 156.408564 17.011638 27.236313 41.641143 18.881721
-12.211420 156.408564 17.011638 27.236313 41.641143 18.881721
-12.216187 156.408564 17.011638 27.236313 41.641143 18.881721
-12.220954 156.408564 17.011638 27.236313 41.641143 18.881721
-12.225721 156.408564 17.011638 27.236313 41.641143 18.881721
-12.230488 156.408564 17.011638 27.236313 41.641143 18.881721
-12.235255 156.408564 17.011638 27.236313 41.641143 18.881721
-12.240022 156.408564 17.011638 27.236313 41.641143 18.881721
-12.244789 156.408564 17.011638 27.236313 41.641143 18.881721
-12.249556 156.408564 17.011638 27.236313 41.641143 18.881721
-12.254323 156.408564 17.011638 27.236313 41.641143 18.881721
-12.259090 156.408564 17.011638 27.236313 41.641143 18.881721
-12.263857 156.408564 17.011638 27.236313 41.641143 18.881721
-12.268624 156.408564 17.011638 27.236313 41.641143 18.881721
-12.273391 156.408564 17.011638 27.236313 41.641143 18.881721
-12.278158 156.408564 17.011638 27.236313 41.641143 18.881721
-12.282924 156.408564 17.011638 27.236313 41.641143 18.881721
-12.287691 156.408564 17.011638 27.236313 41.641143 18.881721
-12.292458 156.408564 17.011638 27.236313 41.641143 18.881721
-12.297225 156.408564 17.011638 27.236313 41.641143 18.881721
-12.301992 156.408564 17.011638 27.236313 41.641143 18.881721
-12.306759 156.408564 17.011638 27.236313 41.641143 18.881721
-12.311526 156.408564 17.011638 27.236313 41.641143 18.881721
-12.316293 156.408564 17.011638 27.236313 41.641143 18.881721
-12.321060 156.408564 17.011638 27.236313 41.641143 18.881721
-12.325827 156.408564 17.011638 27.236313 41.641143 18.881721
-12.330594 156.408564 17.011638 27.236313 41.641143 18.881721
-12.335361 156.408564 17.011638 27.236313 41.641143 18.881721
-12.340128 156.408564 17.011638 27.236313 41.641143 18.881721
-12.344895 156.408564 17.011638 27.236313 41.641143 18.881721
-12.349662 156.408564 17.011638 27.236313 41.641143 18.881721
-12.354429 156.408564 17.011638 27.236313 41.641143 18.881721
-12.359196 156.408564 17.011638 27.236313 41.641143 18.881721
-12.363963 156.408564 17.011638 27.236313 41.641143 18.881721
-12.368730 156.408564 17.011638 27.236313 41.641143 18.881721
-12.373497 156.408564 17.011638 27.236313 41.641143 18.881721
-12.378264 156.408564 17.011638 27.236313 41.641143 18.881721
-12.383031 156.408564 17.011638 27.236313 41.641143 18.881721
-12.387798 156.408564 17.011638 27.236313 41.641143 18.881721
-12.392565 156.408564 17.011638 27.236313 41.641143 18.881721
-12.397332 156.408564 17.011638 27.236313 41.641143 18.881721
-12.402099 156.408564 17.011638 27.236313 41.641143 18.881721
-12.406866 156.408564 17.011638 27.236313 41.641143 18.881721
-12.411633 156.408564 17.011638 27.236313 41.641143 18.881721
-12.416400 156.408564 17.011638 27.236313 41.641143 18.881721
-12.421167 156.408564 17.011638 27.236313 41.641143 18.881721
-12.425934 156.408564 17.011638 27.236313 41.641143 18.881721
-12.430701 156.408564 17.011638 27.236313 41.641143 18.881721
-12.435468 156.408564 17.011638 27.236313 41.641143 18.881721
-12.440235 156.408564 17.011638 27.236313 41.641143 18.881721
-12.445002 156.408564 17.011638 27.236313 41.641143 18.881721
-12.449769 156.408564 17.011638 27.236313 41.641143 18.881721
-12.454536 156.408564 17.011638 27.236313 41.641143 18.881721
-12.459303 156.408564 17.011638 27.236313 41.641143 18.881721
-12.464070 156.408564 17.011638 27.236313 41.641143 18.881721
-12.468837 156.408564 17.011638 27.236313 41.641143 18.881721
-12.473604 156.408564 17.011638 27.236313 41.641143 18.881721
-12.478370 156.408564 17.011638 27.236313 41.641143 18.881721
-12.483137 156.408564 17.011638 27.236313 41.641143 18.881721
-12.487904 156.408564 17.011638 27.236313 41.641143 18.881721
-12.492671 156.408564 17.011638 27.236313 41.641143 18.881721
-12.497438 156.408564 17.011638 27.236313 41.641143 18.881721
-12.502205 156.408564 17.011638 27.236313 41.641143 18.881721
-12.506972 156.408564 17.011638 27.236313 41.641143 18.881721
-12.511739 156.408564 17.011638 27.236313 41.641143 18.881721
-12.516506 156.408564 17.011638 27.236313 41.641143 18.881721
-12.521273 156.408564 17.011638 27.236313 41.641143 18.881721
-12.526040 156.408564 17.011638 27.236313 41.641143 18.881721
-12.530807 156.408564 17.011638 27.236313 41.641143 18.881721
-12.535574 156.408564 17.011638 27.236313 41.641143 18.881721
-12.540341 156.408564 17.011638 27.236313 41.641143 18.881721
-12.545108 156.408564 17.011638 27.236313 41.641143 18.881721
-12.549875 156.408564 17.011638 27.236313 41.641143 18.881721
-12.554642 156.408564 17.011638 27.236313 41.641143 18.881721
-12.559409 156.408564 17.011638 27.236313 41.641143 18.881721
-12.564176 156.408564 17.011638 27.236313 41.641143 18.881721
-12.568943 156.408564 17.011638 27.236313 41.641143 18.881721
-12.573710 156.408564 17.011638 27.236313 41.641143 18.881721
-12.578477 156.408564 17.011638 27.236313 41.641143 18.881721
-12.583243 156.408564 17.011638 27.236313 41.641143 18.881721
-12.588010 156.408564 17.011638 27.236313 41.641143 18.881721
-12.592777 156.408564 17.011638 27.236313 41.641143 18.881721
-12.597544 156.408564 17.011638 27.236313 41.641143 18.881721
-12.602311 156.408564 17.011638 27.236313 41.641143 18.881721
-12.607078 156.408564 17.011638 27.236313 41.641143 18.881721
-12.611845 156.408564 17.011638 27.236313 41.641143 18.881721
-12.616612 156.408564 17.011638 27.236313 41.641143 18.881721
-12.621379 156.408564 17.011638 27.236313 41.641143 18.881721
-12.626146 156.408564 17.011638 27.236313 41.641143 18.881721
-12.630913 156.408564 17.011638 27.236313 41.641143 18.881721
-12.635680 156.408564 17.011638 27.236313 41.641143 18.881721
-12.640447 156.408564 17.011638 27.236313 41.641143 18.881721
-12.645214 156.408564 17.011638 27.236313 41.641143 18.881721
-12.649981 156.408564 17.011638 27.236313 41.641143 18.881721
-12.654748 156.408564 17.011638 27.236313 41.641143 18.881721
-12.659515 156.408564 17.011638 27.236313 41.641143 18.881721
-12.664281 156.408564 17.011638 27.236313 41.641143 18.881721
-12.669048 156.408564 17.011638 27.236313 41.641143 18.881721
-12.673815 156.408564 17.011638 27.236313 41.641143 18.881721
-12.678582 156.408564 17.011638 27.236313 41.641143 18.881721
-12.683349 156.408564 17.011638 27.236313 41.641143 18.881721
-12.688116 156.408564 17.011638 27.236313 41.641143 18.881721
-12.692883 156.408564 17.011638 27.236313 41.641143 18.881721
-12.697650 156.408564 17.011638 27.236313 41.641143 18.881721
-12.702417 156.408564 17.011638 27.236313 41.641143 18.881721
-12.707184 156.408564 17.011638 27.236313 41.641143 18.881721
-12.711951 156.408564 17.011638 27.236313 41.641143 18.881721
-12.716718 156.408564 17.011638 27.236313 41.641143 18.881721
-12.721485 156.408564 17.011638 27.236313 41.641143 18.881721
-12.726252 156.408564 17.011638 27.236313 41.641143 18.881721
-12.731019 156.408564 17.011638 27.236313 41.641143 18.881721
-12.735785 156.408564 17.011638 27.236313 41.641143 18.881721
-12.740552 156.408564 17.011638 27.236313 41.641143 18.881721
-12.745319 156.408564 17.011638 27.236313 41.641143 18.881721
-12.750086 156.408564 17.011638 27.236313 41.641143 18.881721
-12.754853 156.408564 17.011638 27.236313 41.641143 18.881721
-12.759620 156.408564 17.011638 27.236313 41.641143 18.881721
-12.764387 156.408564 17.011638 27.236313 41.641143 18.881721
-12.769154 156.408564 17.011638 27.236313 41.641143 18.881721
-12.773921 156.408564 17.011638 27.236313 41.641143 18.881721
-12.778688 156.408564 17.011638 27.236313 41.641143 18.881721
-12.783455 156.408564 17.011638 27.236313 41.641143 18.881721
-12.788222 156.408564 17.011638 27.236313 41.641143 18.881721
-12.792989 156.408564 17.011638 27.236313 41.641143 18.881721
-12.797755 156.408564 17.011638 27.236313 41.641143 18.881721
-12.802522 156.408564 17.011638 27.236313 41.641143 18.881721
-12.807289 156.408564 17.011638 27.236313 41.641143 18.881721
-12.812056 156.408564 17.011638 27.236313 41.641143 18.881721
