20.424296 154.710976 96.534878 53.086621 40.524612 34.800178
20.428573 154.710824 96.535157 53.086915 40.522338 34.800164
20.432849 154.710672 96.535436 53.087207 40.520065 34.800150
20.437126 154.710519 96.535715 53.087498 40.517793 34.800135
20.441404 154.710367 96.535995 53.087788 40.515520 34.800120
20.445681 154.710215 96.536273 53.088076 40.513249 34.800104
20.449959 154.710063 96.536553 53.088364 40.510977 34.800087
20.454236 154.709912 96.536832 53.088650 40.508706 34.800070
20.458514 154.709759 96.537112 53.088935 40.506435 34.800052
20.462792 154.709607 96.537391 53.089218 40.504163 34.800033
20.467071 154.709455 96.537671 53.089501 40.501893 34.800014
20.471349 154.709304 96.537950 53.089781 40.499622 34.799994
20.475628 154.709152 96.538230 53.090062 40.497352 34.799974
20.479907 154.709000 96.538509 53.090341 40.495082 34.799953
20.484186 154.708849 96.538789 53.090617 40.492812 34.799930
20.488465 154.708697 96.539068 53.090893 40.490544 34.799908
20.492744 154.708545 96.539349 53.091169 40.488274 34.799885
20.497025 154.708394 96.539628 53.091441 40.486005 34.799861
20.501304 154.708243 96.539908 53.091714 40.483737 34.799836
20.505584 154.708091 96.540188 53.091985 40.481469 34.799811
20.509864 154.707940 96.540469 53.092254 40.479200 34.799785
20.514145 154.707789 96.540749 53.092522 40.476932 34.799759
20.518425 154.707637 96.541029 53.092790 40.474664 34.799732
20.522706 154.707487 96.541309 53.093055 40.472398 34.799704
20.526987 154.707335 96.541589 53.093320 40.470130 34.799675
20.531268 154.707184 96.541870 53.093583 40.467864 34.799646
20.535549 154.707033 96.542150 53.093846 40.465597 34.799617
20.539830 154.706883 96.542431 53.094105 40.463331 34.799586
20.544112 154.706731 96.542711 53.094365 40.461065 34.799555
20.548394 154.706581 96.542992 53.094623 40.458800 34.799523
20.552676 154.706430 96.543273 53.094881 40.456535 34.799491
20.556958 154.706279 96.543553 53.095137 40.454270 34.799458
20.561240 154.706128 96.543834 53.095390 40.452005 34.799424
20.565523 154.705977 96.544115 53.095644 40.449741 34.799390
20.569806 154.705827 96.544395 53.095895 40.447476 34.799354
20.574089 154.705677 96.544677 53.096145 40.445212 34.799318
20.578372 154.705526 96.544958 53.096396 40.442948 34.799283
20.582656 154.705375 96.545239 53.096644 40.440685 34.799245
20.586939 154.705226 96.545521 53.096890 40.438421 34.799207
20.591222 154.705075 96.545801 53.097135 40.436159 34.799169
20.595506 154.704924 96.546083 53.097380 40.433896 34.799130
20.599791 154.704774 96.546364 53.097623 40.431634 34.799090
20.604075 154.704624 96.546645 53.097863 40.429372 34.799050
20.608359 154.704474 96.546927 53.098104 40.427109 34.799009
20.612644 154.704324 96.547208 53.098343 40.424848 34.798967
20.616929 154.704174 96.547490 53.098581 40.422586 34.798925
20.621213 154.704024 96.547771 53.098817 40.420326 34.798881
20.625499 154.703874 96.548054 53.099053 40.418065 34.798838
20.629784 154.703724 96.548335 53.099286 40.415804 34.798793
20.634070 154.703574 96.548616 53.099519 40.413544 34.798748
20.638356 154.703425 96.548899 53.099750 40.411285 34.798703
20.642641 154.703275 96.549180 53.099980 40.409024 34.798656
20.646928 154.703125 96.549462 53.100209 40.406766 34.798610
20.651214 154.702976 96.549745 53.100435 40.404506 34.798561
20.655500 154.702826 96.550027 53.100662 40.402248 34.798513
20.659787 154.702677 96.550309 53.100887 40.399989 34.798465
20.664073 154.702527 96.550591 53.101111 40.397731 34.798415
20.668361 154.702378 96.550873 53.101333 40.395473 34.798364
20.672648 154.702229 96.551156 53.101554 40.393215 34.798313
20.676935 154.702080 96.551438 53.101774 40.390958 34.798262
20.681223 154.701931 96.551721 53.101992 40.388700 34.798209
20.685511 154.701781 96.552003 53.102209 40.386443 34.798156
20.689798 154.701632 96.552286 53.102425 40.384187 34.798103
20.694086 154.701483 96.552568 53.102639 40.381931 34.798048
20.698374 154.701334 96.552851 53.102852 40.379675 34.797993
20.702664 154.701185 96.553134 53.103064 40.377419 34.797937
20.706952 154.701036 96.553417 53.103275 40.375164 34.797881
20.711241 154.700888 96.553699 53.103484 40.372908 34.797824
20.715530 154.700739 96.553982 53.103692 40.370654 34.797766
20.719819 154.700590 96.554265 53.103899 40.368399 34.797707
20.724108 154.700441 96.554549 53.104104 40.366144 34.797648
20.728398 154.700292 96.554832 53.104308 40.363890 34.797589
20.732687 154.700144 96.555114 53.104511 40.361637 34.797528
20.736977 154.699996 96.555398 53.104713 40.359384 34.797467
20.741267 154.699847 96.555682 53.104913 40.357131 34.797406
20.745558 154.699699 96.555964 53.105113 40.354877 34.797343
20.749848 154.699550 96.556248 53.105310 40.352624 34.797280
20.754139 154.699402 96.556532 53.105506 40.350372 34.797217
20.758430 154.699253 96.556815 53.105701 40.348119 34.797152
20.762720 154.699106 96.557099 53.105895 40.345868 34.797087
20.767012 154.698957 96.557382 53.106087 40.343616 34.797021
20.771303 154.698810 96.557667 53.106278 40.341366 34.796955
20.775595 154.698661 96.557950 53.106468 40.339115 34.796887
20.779887 154.698513 96.558234 53.106657 40.336864 34.796820
20.784178 154.698366 96.558518 53.106844 40.334613 34.796751
20.788471 154.698217 96.558802 53.107030 40.332363 34.796682
20.792763 154.698070 96.559086 53.107214 40.330113 34.796612
20.797055 154.697922 96.559370 53.107398 40.327864 34.796542
20.801348 154.697774 96.559654 53.107579 40.325615 34.796470
20.805640 154.697626 96.559938 53.107761 40.323366 34.796399
20.809934 154.697479 96.560222 53.107940 40.321117 34.796326
20.814227 154.697332 96.560508 53.108118 40.318869 34.796253
20.818520 154.697184 96.560792 53.108294 40.316621 34.796179
20.822814 154.697036 96.561076 53.108470 40.314374 34.796104
20.827108 154.696890 96.561361 53.108645 40.312126 34.796030
20.831401 154.696742 96.561645 53.108817 40.309879 34.795954
20.835696 154.696595 96.561930 53.108988 40.307631 34.795877
20.839990 154.696448 96.562215 53.109158 40.305385 34.795799
20.844285 154.696300 96.562500 53.109327 40.303139 34.795721
20.848579 154.696153 96.562784 53.109495 40.300893 34.795643
20.852873 154.696006 96.563069 53.109662 40.298647 34.795564
20.857169 154.695859 96.563354 53.109826 40.296402 34.795484
20.861464 154.695712 96.563639 53.109990 40.294156 34.795403
20.865759 154.695565 96.563924 53.110152 40.291912 34.795322
20.870054 154.695418 96.564210 53.110312 40.289667 34.795239
20.874351 154.695272 96.564494 53.110473 40.287423 34.795157
20.878647 154.695125 96.564780 53.110631 40.285179 34.795074
20.882943 154.694978 96.565065 53.110788 40.282935 34.794990
20.887239 154.694832 96.565350 53.110944 40.280691 34.794905
20.891535 154.694685 96.565636 53.111098 40.278449 34.794820
20.895832 154.694539 96.565921 53.111252 40.276206 34.794733
20.900128 154.694393 96.566207 53.111403 40.273964 34.794646
20.904425 154.694247 96.566493 53.111553 40.271721 34.794559
20.908722 154.694099 96.566779 53.111702 40.269479 34.794471
20.913020 154.693953 96.567064 53.111851 40.267238 34.794383
20.917317 154.693807 96.567350 53.111997 40.264996 34.794293
20.921615 154.693662 96.567636 53.112143 40.262755 34.794203
20.925913 154.693515 96.567922 53.112286 40.260514 34.794112
20.930211 154.693369 96.568209 53.112428 40.258274 34.794020
20.934509 154.693223 96.568494 53.112570 40.256034 34.793928
20.938808 154.693077 96.568780 53.112710 40.253794 34.793835
20.943106 154.692931 96.569066 53.112848 40.251555 34.793741
20.947405 154.692786 96.569352 53.112986 40.249315 34.793647
20.951704 154.692639 96.569639 53.113122 40.247077 34.793553
20.956003 154.692494 96.569925 53.113256 40.244838 34.793457
20.960302 154.692349 96.570211 53.113389 40.242600 34.793360
20.964602 154.692203 96.570498 53.113520 40.240362 34.793263
20.968902 154.692057 96.570785 53.113651 40.238124 34.793165
20.973201 154.691911 96.571071 53.113780 40.235886 34.793067
20.977501 154.691767 96.571358 53.113909 40.233650 34.792968
20.981802 154.691621 96.571645 53.114035 40.231412 34.792868
20.986102 154.691476 96.571932 53.114160 40.229176 34.792768
20.990403 154.691330 96.572219 53.114284 40.226940 34.792666
20.994703 154.691186 96.572505 53.114407 40.224704 34.792565
20.999004 154.691040 96.572792 53.114529 40.222469 34.792463
21.003305 154.690895 96.573080 53.114647 40.220233 34.792359
21.007607 154.690750 96.573367 53.114766 40.217998 34.792255
21.011908 154.690605 96.573654 53.114884 40.215763 34.792151
21.016209 154.690460 96.573941 53.114999 40.213529 34.792045
21.020512 154.690315 96.574229 53.115114 40.211295 34.791940
21.024813 154.690170 96.574516 53.115227 40.209061 34.791833
21.029115 154.690025 96.574803 53.115340 40.206828 34.791726
21.033418 154.689881 96.575091 53.115450 40.204595 34.791618
21.037720 154.689736 96.575378 53.115559 40.202362 34.791509
21.042023 154.689592 96.575666 53.115666 40.200129 34.791399
21.046325 154.689447 96.575954 53.115773 40.197896 34.791289
21.050629 154.689302 96.576242 53.115878 40.195665 34.791179
21.054932 154.689159 96.576530 53.115983 40.193433 34.791068
21.059236 154.689014 96.576817 53.116085 40.191202 34.790955
21.063539 154.688870 96.577105 53.116186 40.188971 34.790842
21.067843 154.688725 96.577393 53.116286 40.186741 34.790729
21.072147 154.688581 96.577682 53.116385 40.184510 34.790615
21.076451 154.688437 96.577970 53.116482 40.182280 34.790500
21.080755 154.688293 96.578258 53.116578 40.180050 34.790384
21.085059 154.688149 96.578546 53.116673 40.177821 34.790268
21.089364 154.688005 96.578835 53.116765 40.175591 34.790151
21.093669 154.687861 96.579123 53.116857 40.173362 34.790033
21.097974 154.687717 96.579412 53.116947 40.171134 34.789915
21.102279 154.687574 96.579700 53.117036 40.168905 34.789796
21.106585 154.687430 96.579989 53.117125 40.166678 34.789676
21.110890 154.687286 96.580277 53.117211 40.164450 34.789556
21.115195 154.687143 96.580566 53.117296 40.162223 34.789435
21.119501 154.686999 96.580855 53.117380 40.159996 34.789313
21.123808 154.686855 96.581144 53.117462 40.157769 34.789190
21.128114 154.686712 96.581432 53.117543 40.155543 34.789067
21.132420 154.686569 96.581721 53.117623 40.153316 34.788943
21.136727 154.686426 96.582011 53.117700 40.151091 34.788818
21.141034 154.686282 96.582299 53.117778 40.148865 34.788693
21.145340 154.686139 96.582589 53.117854 40.146640 34.788568
21.149648 154.685996 96.582878 53.117928 40.144415 34.788441
21.153955 154.685853 96.583167 53.118001 40.142191 34.788314
21.158262 154.685710 96.583456 53.118073 40.139967 34.788186
21.162570 154.685566 96.583745 53.118142 40.137743 34.788056
21.166878 154.685424 96.584036 53.118212 40.135519 34.787927
21.171186 154.685281 96.584325 53.118279 40.133296 34.787797
21.175494 154.685138 96.584614 53.118345 40.131074 34.787666
21.179803 154.684996 96.584904 53.118410 40.128851 34.787535
21.184111 154.684852 96.585194 53.118474 40.126628 34.787403
21.188419 154.684710 96.585484 53.118536 40.124406 34.787269
21.192729 154.684567 96.585773 53.118596 40.122184 34.787136
21.197037 154.684425 96.586063 53.118656 40.119963 34.787002
21.201347 154.684282 96.586354 53.118714 40.117742 34.786867
21.205656 154.684140 96.586643 53.118770 40.115522 34.786730
21.209966 154.683997 96.586933 53.118826 40.113302 34.786594
21.214275 154.683856 96.587224 53.118880 40.111082 34.786457
21.218585 154.683713 96.587514 53.118933 40.108862 34.786320
21.222896 154.683572 96.587804 53.118983 40.106642 34.786180
21.227206 154.683429 96.588095 53.119033 40.104423 34.786042
21.231516 154.683287 96.588385 53.119081 40.102205 34.785902
21.235827 154.683145 96.588676 53.119129 40.099986 34.785761
21.240137 154.683003 96.588966 53.119174 40.097768 34.785619
21.244448 154.682861 96.589257 53.119219 40.095550 34.785478
21.248759 154.682720 96.589548 53.119262 40.093333 34.785335
21.253071 154.682578 96.589838 53.119303 40.091116 34.785191
21.257382 154.682436 96.590129 53.119344 40.088898 34.785048
21.261694 154.682294 96.590420 53.119384 40.086682 34.784903
21.266006 154.682153 96.590711 53.119421 40.084466 34.784757
21.270318 154.682011 96.591002 53.119457 40.082250 34.784611
21.274630 154.681870 96.591293 53.119492 40.080034 34.784464
21.278943 154.681728 96.591584 53.119526 40.077819 34.784317
21.283255 154.681587 96.591875 53.119556 40.075604 34.784168
21.287568 154.681445 96.592167 53.119588 40.073390 34.784019
21.291880 154.681305 96.592458 53.119617 40.071175 34.783869
21.296194 154.681164 96.592749 53.119644 40.068962 34.783718
21.300507 154.681023 96.593041 53.119672 40.066748 34.783568
21.304821 154.680882 96.593333 53.119698 40.064535 34.783416
21.309134 154.680741 96.593625 53.119721 40.062322 34.783263
21.313448 154.680600 96.593916 53.119743 40.060109 34.783109
21.317762 154.680459 96.594208 53.119765 40.057897 34.782956
21.322076 154.680318 96.594500 53.119785 40.055685 34.782802
21.326390 154.680177 96.594792 53.119803 40.053473 34.782646
21.330704 154.680037 96.595084 53.119819 40.051262 34.782490
21.335019 154.679895 96.595376 53.119835 40.049051 34.782333
21.339334 154.679755 96.595667 53.119850 40.046841 34.782176
21.343649 154.679614 96.595959 53.119863 40.044630 34.782017
21.347964 154.679474 96.596252 53.119874 40.042420 34.781859
21.352280 154.679334 96.596543 53.119884 40.040211 34.781699
21.356595 154.679194 96.596836 53.119893 40.038001 34.781539
21.360910 154.679053 96.597129 53.119901 40.035792 34.781378
21.365226 154.678913 96.597420 53.119906 40.033583 34.781215
21.369542 154.678773 96.597713 53.119911 40.031374 34.781053
21.373859 154.678633 96.598006 53.119914 40.029167 34.780890
21.378175 154.678492 96.598299 53.119916 40.026960 34.780726
21.382491 154.678353 96.598591 53.119916 40.024752 34.780561
21.386808 154.678213 96.598884 53.119915 40.022545 34.780396
21.391125 154.678073 96.599177 53.119914 40.020338 34.780231
21.395442 154.677933 96.599469 53.119909 40.018132 34.780063
21.399759 154.677794 96.599763 53.119904 40.015927 34.779896
21.404077 154.677654 96.600056 53.119898 40.013720 34.779728
21.408394 154.677514 96.600349 53.119890 40.011515 34.779559
21.412712 154.677374 96.600642 53.119880 40.009310 34.779389
21.417030 154.677235 96.600935 53.119870 40.007105 34.779220
21.421348 154.677096 96.601229 53.119859 40.004901 34.779049
21.425666 154.676956 96.601521 53.119845 40.002697 34.778877
21.429984 154.676817 96.601815 53.119830 40.000494 34.778705
21.434303 154.676678 96.602108 53.119814 39.998290 34.778531
21.438622 154.676538 96.602402 53.119797 39.996087 34.778358
21.442941 154.676400 96.602696 53.119778 39.993884 34.778183
21.447260 154.676260 96.602990 53.119758 39.991681 34.778008
21.451580 154.676122 96.603284 53.119735 39.989480 34.777832
21.455898 154.675983 96.603577 53.119713 39.987279 34.777655
21.460218 154.675843 96.603871 53.119688 39.985077 34.777478
21.464538 154.675705 96.604165 53.119663 39.982876 34.777300
21.468858 154.675566 96.604459 53.119635 39.980675 34.777121
21.473179 154.675427 96.604753 53.119607 39.978475 34.776942
21.477499 154.675288 96.605048 53.119576 39.976275 34.776761
21.481819 154.675150 96.605341 53.119545 39.974076 34.776580
21.486140 154.675012 96.605635 53.119512 39.971876 34.776398
21.490461 154.674873 96.605930 53.119478 39.969677 34.776216
21.494782 154.674734 96.606224 53.119442 39.967479 34.776033
21.499103 154.674597 96.606518 53.119405 39.965281 34.775849
21.503424 154.674459 96.606814 53.119367 39.963083 34.775665
21.507745 154.674320 96.607108 53.119327 39.960885 34.775480
21.512068 154.674182 96.607402 53.119285 39.958688 34.775294
21.516389 154.674044 96.607697 53.119243 39.956491 34.775107
21.520712 154.673906 96.607992 53.119199 39.954295 34.774920
21.525033 154.673768 96.608287 53.119153 39.952098 34.774731
21.529356 154.673630 96.608581 53.119108 39.949902 34.774543
21.533679 154.673492 96.608877 53.119059 39.947706 34.774353
21.538001 154.673354 96.609173 53.119009 39.945511 34.774163
21.542325 154.673216 96.609467 53.118958 39.943316 34.773972
21.546647 154.673079 96.609762 53.118907 39.941122 34.773781
21.550970 154.672941 96.610058 53.118852 39.938928 34.773588
21.555293 154.672804 96.610353 53.118797 39.936734 34.773395
21.559618 154.672666 96.610648 53.118740 39.934541 34.773201
21.563941 154.672529 96.610944 53.118682 39.932347 34.773007
21.568265 154.672392 96.611240 53.118623 39.930155 34.772811
21.572589 154.672254 96.611535 53.118562 39.927963 34.772615
21.576913 154.672117 96.611831 53.118499 39.925771 34.772418
21.581238 154.671980 96.612126 53.118436 39.923579 34.772221
21.585562 154.671843 96.612422 53.118371 39.921387 34.772023
21.589887 154.671706 96.612718 53.118304 39.919196 34.771824
21.594212 154.671568 96.613014 53.118237 39.917005 34.771625
21.598537 154.671432 96.613310 53.118168 39.914815 34.771424
21.602862 154.671295 96.613606 53.118097 39.912625 34.771223
21.607188 154.671157 96.613902 53.118025 39.910436 34.771022
21.611514 154.671021 96.614199 53.117951 39.908246 34.770819
21.615839 154.670885 96.614495 53.117876 39.906057 34.770615
21.620166 154.670747 96.614791 53.117800 39.903869 34.770412
21.624492 154.670611 96.615087 53.117722 39.901681 34.770207
21.628817 154.670475 96.615384 53.117643 39.899493 34.770002
21.633144 154.670338 96.615680 53.117563 39.897305 34.769796
21.637471 154.670202 96.615977 53.117480 39.895118 34.769589
21.641798 154.670065 96.616274 53.117397 39.892931 34.769381
21.646124 154.669930 96.616571 53.117312 39.890745 34.769173
21.650452 154.669793 96.616867 53.117226 39.888558 34.768964
21.654779 154.669657 96.617164 53.117139 39.886373 34.768754
21.659106 154.669521 96.617461 53.117049 39.884187 34.768544
21.663434 154.669386 96.617757 53.116959 39.882002 34.768333
21.667762 154.669249 96.618055 53.116867 39.879817 34.768121
21.672090 154.669113 96.618352 53.116775 39.877633 34.767909
21.676419 154.668978 96.618649 53.116679 39.875449 34.767695
21.680746 154.668842 96.618947 53.116582 39.873265 34.767481
21.685074 154.668707 96.619244 53.116486 39.871082 34.767266
21.689404 154.668571 96.619542 53.116386 39.868899 34.767050
21.693732 154.668435 96.619839 53.116287 39.866717 34.766835
21.698062 154.668299 96.620136 53.116184 39.864534 34.766617
21.702390 154.668164 96.620433 53.116082 39.862352 34.766400
21.706719 154.668029 96.620732 53.115976 39.860171 34.766181
21.711050 154.667893 96.621029 53.115871 39.857990 34.765962
21.715379 154.667758 96.621327 53.115763 39.855809 34.765742
21.719708 154.667623 96.621625 53.115653 39.853629 34.765521
21.724038 154.667488 96.621923 53.115543 39.851449 34.765300
21.728369 154.667353 96.622221 53.115431 39.849269 34.765078
21.732699 154.667218 96.622519 53.115318 39.847090 34.764855
21.737029 154.667083 96.622817 53.115203 39.844910 34.764632
21.741360 154.666948 96.623116 53.115088 39.842732 34.764408
21.745691 154.666813 96.623413 53.114970 39.840554 34.764182
21.750022 154.666678 96.623712 53.114851 39.838376 34.763957
21.754353 154.666544 96.624011 53.114731 39.836198 34.763730
21.758684 154.666409 96.624308 53.114609 39.834021 34.763503
21.763015 154.666274 96.624607 53.114486 39.831844 34.763275
21.767347 154.666140 96.624906 53.114360 39.829668 34.763046
21.771679 154.666006 96.625205 53.114234 39.827491 34.762817
21.776011 154.665871 96.625503 53.114107 39.825316 34.762586
21.780343 154.665737 96.625802 53.113979 39.823141 34.762356
21.784675 154.665603 96.626101 53.113848 39.820966 34.762124
21.789008 154.665469 96.626400 53.113715 39.818791 34.761892
21.793340 154.665335 96.626699 53.113583 39.816617 34.761659
21.797673 154.665201 96.626998 53.113448 39.814443 34.761425
21.802006 154.665066 96.627297 53.113312 39.812270 34.761191
21.806339 154.664933 96.627596 53.113174 39.810096 34.760955
21.810671 154.664799 96.627895 53.113034 39.807924 34.760719
21.815005 154.664666 96.628195 53.112895 39.805751 34.760483
21.819339 154.664531 96.628494 53.112752 39.803579 34.760245
21.823672 154.664398 96.628794 53.112610 39.801408 34.760007
21.828006 154.664265 96.629094 53.112463 39.799237 34.759767
21.832341 154.664131 96.629393 53.112318 39.797066 34.759528
21.836674 154.663997 96.629692 53.112170 39.794896 34.759287
21.841009 154.663864 96.629992 53.112021 39.792725 34.759047
21.845343 154.663730 96.630293 53.111870 39.790555 34.758804
21.849678 154.663597 96.630593 53.111718 39.788386 34.758562
21.854013 154.663465 96.630892 53.111565 39.786217 34.758318
21.858347 154.663331 96.631193 53.111409 39.784048 34.758074
21.862683 154.663198 96.631492 53.111253 39.781880 34.757829
21.867018 154.663065 96.631792 53.111095 39.779712 34.757583
21.871354 154.662932 96.632093 53.110936 39.777544 34.757337
21.875689 154.662799 96.632393 53.110775 39.775378 34.757090
21.880025 154.662667 96.632694 53.110613 39.773210 34.756842
21.884360 154.662534 96.632994 53.110449 39.771045 34.756593
21.888697 154.662402 96.633295 53.110284 39.768879 34.756344
21.893033 154.662269 96.633595 53.110117 39.766713 34.756094
21.897369 154.662136 96.633896 53.109949 39.764547 34.755843
21.901706 154.662004 96.634197 53.109780 39.762383 34.755592
21.906042 154.661871 96.634497 53.109609 39.760218 34.755339
21.910379 154.661738 96.634798 53.109436 39.758054 34.755086
21.914716 154.661607 96.635099 53.109262 39.755890 34.754832
21.919053 154.661474 96.635401 53.109087 39.753727 34.754578
21.923390 154.661342 96.635701 53.108910 39.751565 34.754323
21.927728 154.661211 96.636002 53.108732 39.749402 34.754067
21.932065 154.661078 96.636304 53.108552 39.747239 34.753809
21.936403 154.660946 96.636605 53.108371 39.745078 34.753552
21.940741 154.660814 96.636906 53.108189 39.742916 34.753294
21.945079 154.660682 96.637207 53.108004 39.740756 34.753035
21.949417 154.660551 96.637509 53.107818 39.738595 34.752775
21.953756 154.660419 96.637811 53.107631 39.736434 34.752514
21.958095 154.660288 96.638112 53.107442 39.734275 34.752253
21.962433 154.660156 96.638414 53.107252 39.732115 34.751991
21.966772 154.660025 96.638716 53.107062 39.729956 34.751729
21.971111 154.659893 96.639017 53.106868 39.727797 34.751465
21.975450 154.659762 96.639319 53.106674 39.725639 34.751200
21.979789 154.659630 96.639621 53.106478 39.723481 34.750935
21.984129 154.659499 96.639923 53.106281 39.721324 34.750670
21.988468 154.659368 96.640225 53.106082 39.719166 34.750403
21.992808 154.659237 96.640528 53.105882 39.717009 34.750136
21.997148 154.659106 96.640830 53.105680 39.714853 34.749868
22.001488 154.658975 96.641132 53.105476 39.712697 34.749599
22.005828 154.658844 96.641434 53.105272 39.710542 34.749330
22.010168 154.658714 96.641737 53.105066 39.708386 34.749059
22.014509 154.658582 96.642040 53.104858 39.706232 34.748788
22.018849 154.658452 96.642342 53.104649 39.704077 34.748517
22.023190 154.658321 96.642645 53.104438 39.701924 34.748244
22.027531 154.658191 96.642947 53.104226 39.699770 34.747970
22.031872 154.658060 96.643250 53.104012 39.697616 34.747696
22.036213 154.657929 96.643553 53.103798 39.695464 34.747422
22.040555 154.657799 96.643857 53.103581 39.693311 34.747146
22.044896 154.657669 96.644159 53.103364 39.691159 34.746870
22.049238 154.657539 96.644462 53.103144 39.689007 34.746593
22.053579 154.657408 96.644765 53.102923 39.686856 34.746315
22.057922 154.657279 96.645068 53.102701 39.684705 34.746037
22.062264 154.657149 96.645371 53.102477 39.682555 34.745757
22.066606 154.657018 96.645675 53.102250 39.680405 34.745477
22.070948 154.656889 96.645978 53.102024 39.678255 34.745196
22.075291 154.656759 96.646282 53.101796 39.676106 34.744915
22.079633 154.656629 96.646586 53.101566 39.673958 34.744632
22.083976 154.656500 96.646890 53.101335 39.671809 34.744349
22.088319 154.656370 96.647192 53.101102 39.669661 34.744065
22.092662 154.656241 96.647497 53.100868 39.667513 34.743781
22.097006 154.656111 96.647801 53.100632 39.665366 34.743495
22.101349 154.655982 96.648104 53.100394 39.663219 34.743209
22.105693 154.655852 96.648408 53.100156 39.661073 34.742922
22.110037 154.655723 96.648712 53.099915 39.658927 34.742634
22.114381 154.655594 96.649016 53.099674 39.656781 34.742346
22.118724 154.655464 96.649321 53.099431 39.654636 34.742057
22.123068 154.655336 96.649625 53.099185 39.652491 34.741766
22.127413 154.655207 96.649929 53.098939 39.650347 34.741476
22.131758 154.655077 96.650233 53.098692 39.648203 34.741184
22.136101 154.654949 96.650538 53.098443 39.646059 34.740893
22.140447 154.654820 96.650842 53.098192 39.643916 34.740600
22.144792 154.654691 96.651147 53.097939 39.641773 34.740305
22.149136 154.654562 96.651452 53.097686 39.639631 34.740011
22.153482 154.654434 96.651756 53.097430 39.637489 34.739715
22.157826 154.654306 96.652061 53.097174 39.635348 34.739419
22.162172 154.654177 96.652366 53.096915 39.633206 34.739123
22.166517 154.654048 96.652671 53.096656 39.631066 34.738825
22.170864 154.653920 96.652976 53.096395 39.628925 34.738527
22.175209 154.653792 96.653282 53.096132 39.626785 34.738228
22.179556 154.653664 96.653586 53.095868 39.624645 34.737928
22.183901 154.653536 96.653891 53.095602 39.622507 34.737627
22.188248 154.653408 96.654197 53.095334 39.620368 34.737325
22.192594 154.653280 96.654502 53.095066 39.618230 34.737024
22.196941 154.653152 96.654807 53.094795 39.616091 34.736720
22.201287 154.653024 96.655113 53.094524 39.613955 34.736417
22.205635 154.652896 96.655419 53.094251 39.611818 34.736113
22.209981 154.652769 96.655725 53.093977 39.609680 34.735807
22.214328 154.652641 96.656030 53.093700 39.607544 34.735501
22.218675 154.652514 96.656336 53.093422 39.605408 34.735194
22.223024 154.652386 96.656642 53.093143 39.603273 34.734887
22.227371 154.652259 96.656948 53.092863 39.601138 34.734579
22.231719 154.652131 96.657253 53.092580 39.599004 34.734269
22.236066 154.652004 96.657560 53.092295 39.596869 34.733959
22.240414 154.651877 96.657866 53.092011 39.594736 34.733649
22.244762 154.651750 96.658172 53.091724 39.592603 34.733338
22.249111 154.651623 96.658478 53.091436 39.590469 34.733025
22.253459 154.651495 96.658785 53.091145 39.588337 34.732712
22.257808 154.651368 96.659091 53.090854 39.586205 34.732398
22.262156 154.651242 96.659397 53.090562 39.584074 34.732084
22.266505 154.651115 96.659705 53.090267 39.581942 34.731769
22.270853 154.650988 96.660011 53.089971 39.579812 34.731453
22.275203 154.650861 96.660317 53.089674 39.577682 34.731136
22.279552 154.650735 96.660624 53.089375 39.575552 34.730818
22.283902 154.650608 96.660931 53.089074 39.573422 34.730500
22.288251 154.650482 96.661238 53.088773 39.571293 34.730181
22.292600 154.650356 96.661545 53.088469 39.569164 34.729861
22.296950 154.650229 96.661852 53.088164 39.567036 34.729540
22.301300 154.650103 96.662159 53.087858 39.564908 34.729219
22.305650 154.649977 96.662467 53.087549 39.562781 34.728897
22.310000 154.649851 96.662774 53.087240 39.560654 34.728574
22.314350 154.649724 96.663081 53.086929 39.558527 34.728250
22.318701 154.649599 96.663389 53.086617 39.556401 34.727926
22.323051 154.649473 96.663696 53.086302 39.554276 34.727600
22.327402 154.649347 96.664004 53.085987 39.552150 34.727274
22.331753 154.649221 96.664311 53.085670 39.550025 34.726947
22.336104 154.649096 96.664618 53.085351 39.547901 34.726620
22.340455 154.648970 96.664927 53.085030 39.545777 34.726291
22.344807 154.648844 96.665235 53.084709 39.543653 34.725962
22.349158 154.648720 96.665542 53.084385 39.541530 34.725632
22.353509 154.648594 96.665850 53.084060 39.539407 34.725301
22.357861 154.648468 96.666158 53.083735 39.537285 34.724970
22.362213 154.648343 96.666466 53.083406 39.535164 34.724637
22.366564 154.648218 96.666775 53.083076 39.533042 34.724304
22.370916 154.648093 96.667083 53.082746 39.530921 34.723970
22.375269 154.647968 96.667392 53.082414 39.528801 34.723636
22.379621 154.647842 96.667699 53.082079 39.526681 34.723300
22.383973 154.647718 96.668008 53.081743 39.524561 34.722964
22.388326 154.647593 96.668317 53.081406 39.522442 34.722627
22.392678 154.647468 96.668625 53.081068 39.520323 34.722289
22.397031 154.647344 96.668934 53.080728 39.518204 34.721951
22.401384 154.647219 96.669243 53.080386 39.516086 34.721611
22.405737 154.647094 96.669551 53.080043 39.513969 34.721271
22.410090 154.646970 96.669861 53.079698 39.511852 34.720930
22.414444 154.646845 96.670170 53.079352 39.509735 34.720588
22.418797 154.646721 96.670479 53.079004 39.507619 34.720246
22.423151 154.646597 96.670788 53.078655 39.505503 34.719903
22.427505 154.646473 96.671097 53.078303 39.503388 34.719559
22.431858 154.646349 96.671406 53.077951 39.501273 34.719214
22.436212 154.646225 96.671716 53.077597 39.499159 34.718868
22.440566 154.646101 96.672025 53.077242 39.497044 34.718522
22.444921 154.645977 96.672334 53.076884 39.494931 34.718174
22.449274 154.645853 96.672644 53.076526 39.492818 34.717827
22.453629 154.645730 96.672954 53.076165 39.490705 34.717478
22.457984 154.645606 96.673264 53.075804 39.488593 34.717128
22.462338 154.645483 96.673573 53.075441 39.486482 34.716778
22.466694 154.645358 96.673883 53.075075 39.484370 34.716427
22.471049 154.645235 96.674193 53.074709 39.482258 34.716075
22.475403 154.645112 96.674503 53.074341 39.480149 34.715722
22.479759 154.644989 96.674813 53.073972 39.478038 34.715369
22.484114 154.644865 96.675123 53.073601 39.475929 34.715014
22.488470 154.644742 96.675434 53.073228 39.473819 34.714659
22.492825 154.644619 96.675744 53.072855 39.471711 34.714304
