-65.510905 159.514103 17.011638 27.236313 41.641143 31.428643
-65.510050 159.513000 17.011638 27.236313 41.641143 31.423872
-65.509195 159.511896 17.011638 27.236313 41.641143 31.419100
-65.508341 159.510793 17.011638 27.236313 41.641143 31.414329
-65.507486 159.509689 17.011638 27.236313 41.641143 31.409558
-65.506632 159.508586 17.011638 27.236313 41.641143 31.404787
-65.505778 159.507482 17.011638 27.236313 41.641143 31.400015
-65.504924 159.506378 17.011638 27.236313 41.641143 31.395244
-65.504071 159.505274 17.011638 27.236313 41.641143 31.390473
-65.503217 159.504171 17.011638 27.236313 41.641143 31.385702
-65.502365 159.503067 17.011638 27.236313 41.641143 31.380931
-65.501512 159.501963 17.011638 27.236313 41.641143 31.376160
-65.500659 159.500859 17.011638 27.236313 41.641143 31.371389
-65.499807 159.499755 17.011638 27.236313 41.641143 31.366618
-65.498956 159.498650 17.011638 27.236313 41.641143 31.361847
-65.498105 159.497546 17.011638 27.236313 41.641143 31.357076
-65.497254 159.496442 17.011638 27.236313 41.641143 31.352305
-65.496403 159.495337 17.011638 27.236313 41.641143 31.347534
-65.495551 159.494233 17.011638 27.236313 41.641143 31.342763
-65.494702 159.493128 17.011638 27.236313 41.641143 31.337992
-65.493852 159.492024 17.011638 27.236313 41.641143 31.333222
-65.493001 159.490920 17.011638 27.236313 41.641143 31.328451
-65.492152 159.489815 17.011638 27.236313 41.641143 31.323680
-65.491303 159.488710 17.011638 27.236313 41.641143 31.318909
-65.490454 159.487605 17.011638 27.236313 41.641143 31.314139
-65.489605 159.486501 17.011638 27.236313 41.641143 31.309368
-65.488756 159.485396 17.011638 27.236313 41.641143 31.304597
-65.487908 159.484291 17.011638 27.236313 41.641143 31.299827
-65.487061 159.483186 17.011638 27.236313 41.641143 31.295056
-65.486213 159.482080 17.011638 27.236313 41.641143 31.290285
-65.485366 159.480975 17.011638 27.236313 41.641143 31.285515
-65.484518 159.479870 17.011638 27.236313 41.641143 31.280744
-65.483671 159.478765 17.011638 27.236313 41.641143 31.275974
-65.482825 159.477660 17.011638 27.236313 41.641143 31.271203
-65.481979 159.476554 17.011638 27.236313 41.641143 31.266433
-65.481132 159.475449 17.011638 27.236313 41.641143 31.261663
-65.480287 159.474343 17.011638 27.236313 41.641143 31.256892
-65.479441 159.473238 17.011638 27.236313 41.641143 31.252122
-65.478595 159.472132 17.011638 27.236313 41.641143 31.247351
-65.477751 159.471027 17.011638 27.236313 41.641143 31.242581
-65.476906 159.469921 17.011638 27.236313 41.641143 31.237811
-65.476062 159.468815 17.011638 27.236313 41.641143 31.233041
-65.475218 159.467709 17.011638 27.236313 41.641143 31.228270
-65.474374 159.466603 17.011638 27.236313 41.641143 31.223500
-65.473530 159.465497 17.011638 27.236313 41.641143 31.218730
-65.472686 159.464391 17.011638 27.236313 41.641143 31.213960
-65.471844 159.463285 17.011638 27.236313 41.641143 31.209190
-65.471001 159.462179 17.011638 27.236313 41.641143 31.204420
-65.470158 159.461073 17.011638 27.236313 41.641143 31.199650
-65.469315 159.459967 17.011638 27.236313 41.641143 31.194879
-65.468474 159.458860 17.011638 27.236313 41.641143 31.190109
-65.467632 159.457754 17.011638 27.236313 41.641143 31.185339
-65.466790 159.456647 17.011638 27.236313 41.641143 31.180569
-65.465950 159.455541 17.011638 27.236313 41.641143 31.175799
-65.465109 159.454435 17.011638 27.236313 41.641143 31.171030
-65.464268 159.453328 17.011638 27.236313 41.641143 31.166260
-65.463428 159.452221 17.011638 27.236313 41.641143 31.161490
-65.462587 159.451115 17.011638 27.236313 41.641143 31.156720
-65.461747 159.450008 17.011638 27.236313 41.641143 31.151950
-65.460907 159.448901 17.011638 27.236313 41.641143 31.147180
-65.460068 159.447794 17.011638 27.236313 41.641143 31.142410
-65.459230 159.446687 17.011638 27.236313 41.641143 31.137641
-65.458390 159.445580 17.011638 27.236313 41.641143 31.132871
-65.457552 159.444473 17.011638 27.236313 41.641143 31.128101
-65.456714 159.443366 17.011638 27.236313 41.641143 31.123332
-65.455876 159.442258 17.011638 27.236313 41.641143 31.118562
-65.455038 159.441151 17.011638 27.236313 41.641143 31.113792
-65.454201 159.440044 17.011638 27.236313 41.641143 31.109023
-65.453363 159.438936 17.011638 27.236313 41.641143 31.104253
-65.452526 159.437829 17.011638 27.236313 41.641143 31.099483
-65.451690 159.436721 17.011638 27.236313 41.641143 31.094714
-65.450853 159.435614 17.011638 27.236313 41.641143 31.089944
-65.450017 159.434506 17.011638 27.236313 41.641143 31.085175
-65.449180 159.433398 17.011638 27.236313 41.641143 31.080405
-65.448345 159.432291 17.011638 27.236313 41.641143 31.075636
-65.447510 159.431183 17.011638 27.236313 41.641143 31.070867
-65.446674 159.430075 17.011638 27.236313 41.641143 31.066097
-65.445840 159.428967 17.011638 27.236313 41.641143 31.061328
-65.445005 159.427859 17.011638 27.236313 41.641143 31.056558
-65.444171 159.426751 17.011638 27.236313 41.641143 31.051789
-65.443337 159.425643 17.011638 27.236313 41.641143 31.047020
-65.442502 159.424535 17.011638 27.236313 41.641143 31.042250
-65.441669 159.423427 17.011638 27.236313 41.641143 31.037481
-65.440836 159.422318 17.011638 27.236313 41.641143 31.032712
-65.440003 159.421210 17.011638 27.236313 41.641143 31.027943
-65.439170 159.420102 17.011638 27.236313 41.641143 31.023174
-65.438338 159.418993 17.011638 27.236313 41.641143 31.018404
-65.437505 159.417884 17.011638 27.236313 41.641143 31.013635
-65.436673 159.416776 17.011638 27.236313 41.641143 31.008866
-65.435842 159.415667 17.011638 27.236313 41.641143 31.004097
-65.435010 159.414559 17.011638 27.236313 41.641143 30.999328
-65.434179 159.413450 17.011638 27.236313 41.641143 30.994559
-65.433348 159.412341 17.011638 27.236313 41.641143 30.989790
-65.432517 159.411232 17.011638 27.236313 41.641143 30.985021
-65.431687 159.410123 17.011638 27.236313 41.641143 30.980252
-65.430857 159.409014 17.011638 27.236313 41.641143 30.975483
-65.430027 159.407905 17.011638 27.236313 41.641143 30.970714
-65.429197 159.406796 17.011638 27.236313 41.641143 30.965945
-65.428368 159.405687 17.011638 27.236313 41.641143 30.961176
-65.427539 159.404577 17.011638 27.236313 41.641143 30.956407
-65.426710 159.403468 17.011638 27.236313 41.641143 30.951638
-65.425882 159.402359 17.011638 27.236313 41.641143 30.946869
-65.425053 159.401249 17.011638 27.236313 41.641143 30.942101
-65.424225 159.400140 17.011638 27.236313 41.641143 30.937332
-65.423397 159.399030 17.011638 27.236313 41.641143 30.932563
-65.422569 159.397921 17.011638 27.236313 41.641143 30.927794
-65.421742 159.396811 17.011638 27.236313 41.641143 30.923026
-65.420915 159.395701 17.011638 27.236313 41.641143 30.918257
-65.420088 159.394591 17.011638 27.236313 41.641143 30.913488
-65.419262 159.393481 17.011638 27.236313 41.641143 30.908719
-65.418435 159.392372 17.011638 27.236313 41.641143 30.903951
-65.417610 159.391262 17.011638 27.236313 41.641143 30.899182
-65.416783 159.390152 17.011638 27.236313 41.641143 30.894414
-65.415958 159.389041 17.011638 27.236313 41.641143 30.889645
-65.415132 159.387931 17.011638 27.236313 41.641143 30.884876
-65.414308 159.386821 17.011638 27.236313 41.641143 30.880108
-65.413483 159.385711 17.011638 27.236313 41.641143 30.875339
-65.412659 159.384601 17.011638 27.236313 41.641143 30.870571
-65.411835 159.383490 17.011638 27.236313 41.641143 30.865802
-65.411010 159.382380 17.011638 27.236313 41.641143 30.861034
-65.410187 159.381269 17.011638 27.236313 41.641143 30.856266
-65.409363 159.380159 17.011638 27.236313 41.641143 30.851497
-65.408540 159.379048 17.011638 27.236313 41.641143 30.846729
-65.407717 159.377937 17.011638 27.236313 41.641143 30.841960
-65.406894 159.376826 17.011638 27.236313 41.641143 30.837192
-65.406072 159.375716 17.011638 27.236313 41.641143 30.832424
-65.405249 159.374605 17.011638 27.236313 41.641143 30.827655
-65.404428 159.373494 17.011638 27.236313 41.641143 30.822887
-65.403606 159.372383 17.011638 27.236313 41.641143 30.818119
-65.402784 159.371272 17.011638 27.236313 41.641143 30.813351
-65.401963 159.370161 17.011638 27.236313 41.641143 30.808582
-65.401143 159.369049 17.011638 27.236313 41.641143 30.803814
-65.400322 159.367938 17.011638 27.236313 41.641143 30.799046
-65.399501 159.366827 17.011638 27.236313 41.641143 30.794278
-65.398681 159.365716 17.011638 27.236313 41.641143 30.789510
-65.397862 159.364604 17.011638 27.236313 41.641143 30.784742
-65.397042 159.363493 17.011638 27.236313 41.641143 30.779973
-65.396222 159.362381 17.011638 27.236313 41.641143 30.775205
-65.395403 159.361269 17.011638 27.236313 41.641143 30.770437
-65.394584 159.360158 17.011638 27.236313 41.641143 30.765669
-65.393766 159.359046 17.011638 27.236313 41.641143 30.760901
-65.392947 159.357934 17.011638 27.236313 41.641143 30.756133
-65.392130 159.356822 17.011638 27.236313 41.641143 30.751365
-65.391311 159.355711 17.011638 27.236313 41.641143 30.746597
-65.390494 159.354599 17.011638 27.236313 41.641143 30.741829
-65.389676 159.353487 17.011638 27.236313 41.641143 30.737061
-65.388859 159.352374 17.011638 27.236313 41.641143 30.732293
-65.388043 159.351262 17.011638 27.236313 41.641143 30.727525
-65.387226 159.350150 17.011638 27.236313 41.641143 30.722758
-65.386410 159.349038 17.011638 27.236313 41.641143 30.717990
-65.385594 159.347926 17.011638 27.236313 41.641143 30.713222
-65.384778 159.346813 17.011638 27.236313 41.641143 30.708454
-65.383962 159.345701 17.011638 27.236313 41.641143 30.703686
-65.383146 159.344588 17.011638 27.236313 41.641143 30.698918
-65.382331 159.343476 17.011638 27.236313 41.641143 30.694151
-65.381516 159.342363 17.011638 27.236313 41.641143 30.689383
-65.380702 159.341250 17.011638 27.236313 41.641143 30.684615
-65.379888 159.340138 17.011638 27.236313 41.641143 30.679848
-65.379074 159.339025 17.011638 27.236313 41.641143 30.675080
-65.378259 159.337912 17.011638 27.236313 41.641143 30.670312
-65.377446 159.336799 17.011638 27.236313 41.641143 30.665545
-65.376633 159.335686 17.011638 27.236313 41.641143 30.660777
-65.375819 159.334573 17.011638 27.236313 41.641143 30.656009
-65.375006 159.333460 17.011638 27.236313 41.641143 30.651242
-65.374194 159.332347 17.011638 27.236313 41.641143 30.646474
-65.373381 159.331234 17.011638 27.236313 41.641143 30.641707
-65.372570 159.330120 17.011638 27.236313 41.641143 30.636939
-65.371757 159.329007 17.011638 27.236313 41.641143 30.632171
-65.370946 159.327893 17.011638 27.236313 41.641143 30.627404
-65.370134 159.326780 17.011638 27.236313 41.641143 30.622636
-65.369323 159.325666 17.011638 27.236313 41.641143 30.617869
-65.368512 159.324553 17.011638 27.236313 41.641143 30.613102
-65.367702 159.323439 17.011638 27.236313 41.641143 30.608334
-65.366892 159.322326 17.011638 27.236313 41.641143 30.603567
-65.366081 159.321212 17.011638 27.236313 41.641143 30.598799
-65.365271 159.320098 17.011638 27.236313 41.641143 30.594032
-65.364462 159.318984 17.011638 27.236313 41.641143 30.589265
-65.363653 159.317870 17.011638 27.236313 41.641143 30.584497
-65.362843 159.316756 17.011638 27.236313 41.641143 30.579730
-65.362034 159.315642 17.011638 27.236313 41.641143 30.574963
-65.361226 159.314528 17.011638 27.236313 41.641143 30.570195
-65.360417 159.313414 17.011638 27.236313 41.641143 30.565428
-65.359609 159.312299 17.011638 27.236313 41.641143 30.560661
-65.358801 159.311185 17.011638 27.236313 41.641143 30.555893
-65.357994 159.310071 17.011638 27.236313 41.641143 30.551126
-65.357186 159.308956 17.011638 27.236313 41.641143 30.546359
-65.356379 159.307842 17.011638 27.236313 41.641143 30.541592
-65.355572 159.306727 17.011638 27.236313 41.641143 30.536825
-65.354765 159.305612 17.011638 27.236313 41.641143 30.532057
-65.353959 159.304498 17.011638 27.236313 41.641143 30.527290
-65.353153 159.303383 17.011638 27.236313 41.641143 30.522523
-65.352347 159.302268 17.011638 27.236313 41.641143 30.517756
-65.351541 159.301153 17.011638 27.236313 41.641143 30.512989
-65.350736 159.300039 17.011638 27.236313 41.641143 30.508222
-65.349930 159.298924 17.011638 27.236313 41.641143 30.503455
-65.349126 159.297809 17.011638 27.236313 41.641143 30.498688
-65.348320 159.296693 17.011638 27.236313 41.641143 30.493921
-65.347516 159.295578 17.011638 27.236313 41.641143 30.489154
-65.346711 159.294463 17.011638 27.236313 41.641143 30.484387
-65.345908 159.293348 17.011638 27.236313 41.641143 30.479620
-65.345104 159.292232 17.011638 27.236313 41.641143 30.474853
-65.344301 159.291117 17.011638 27.236313 41.641143 30.470086
-65.343497 159.290002 17.011638 27.236313 41.641143 30.465319
-65.342694 159.288886 17.011638 27.236313 41.641143 30.460552
-65.341891 159.287770 17.011638 27.236313 41.641143 30.455785
-65.341089 159.286655 17.011638 27.236313 41.641143 30.451018
-65.340287 159.285539 17.011638 27.236313 41.641143 30.446251
-65.339484 159.284423 17.011638 27.236313 41.641143 30.441484
-65.338683 159.283307 17.011638 27.236313 41.641143 30.436717
-65.337881 159.282192 17.011638 27.236313 41.641143 30.431951
-65.337080 159.281076 17.011638 27.236313 41.641143 30.427184
-65.336279 159.279959 17.011638 27.236313 41.641143 30.422417
-65.335477 159.278843 17.011638 27.236313 41.641143 30.417650
-65.334678 159.277727 17.011638 27.236313 41.641143 30.412883
-65.333877 159.276611 17.011638 27.236313 41.641143 30.408117
-65.333077 159.275495 17.011638 27.236313 41.641143 30.403350
-65.332276 159.274378 17.011638 27.236313 41.641143 30.398583
-65.331477 159.273262 17.011638 27.236313 41.641143 30.393817
-65.330678 159.272146 17.011638 27.236313 41.641143 30.389050
-65.329878 159.271029 17.011638 27.236313 41.641143 30.384283
-65.329080 159.269913 17.011638 27.236313 41.641143 30.379516
-65.328281 159.268796 17.011638 27.236313 41.641143 30.374750
-65.327483 159.267679 17.011638 27.236313 41.641143 30.369983
-65.326685 159.266563 17.011638 27.236313 41.641143 30.365217
-65.325886 159.265446 17.011638 27.236313 41.641143 30.360450
-65.325088 159.264329 17.011638 27.236313 41.641143 30.355683
-65.324291 159.263212 17.011638 27.236313 41.641143 30.350917
-65.323494 159.262095 17.011638 27.236313 41.641143 30.346150
-65.322696 159.260978 17.011638 27.236313 41.641143 30.341384
-65.321900 159.259861 17.011638 27.236313 41.641143 30.336617
-65.321104 159.258744 17.011638 27.236313 41.641143 30.331851
-65.320307 159.257626 17.011638 27.236313 41.641143 30.327084
-65.319511 159.256509 17.011638 27.236313 41.641143 30.322318
-65.318715 159.255392 17.011638 27.236313 41.641143 30.317551
-65.317919 159.254274 17.011638 27.236313 41.641143 30.312785
-65.317125 159.253157 17.011638 27.236313 41.641143 30.308018
-65.316329 159.252039 17.011638 27.236313 41.641143 30.303252
-65.315534 159.250922 17.011638 27.236313 41.641143 30.298485
-65.314740 159.249804 17.011638 27.236313 41.641143 30.293719
-65.313945 159.248687 17.011638 27.236313 41.641143 30.288953
-65.313151 159.247569 17.011638 27.236313 41.641143 30.284186
-65.312357 159.246451 17.011638 27.236313 41.641143 30.279420
-65.311563 159.245333 17.011638 27.236313 41.641143 30.274653
-65.310769 159.244215 17.011638 27.236313 41.641143 30.269887
-65.309977 159.243097 17.011638 27.236313 41.641143 30.265121
-65.309184 159.241979 17.011638 27.236313 41.641143 30.260354
-65.308391 159.240861 17.011638 27.236313 41.641143 30.255588
-65.307598 159.239743 17.011638 27.236313 41.641143 30.250822
-65.306807 159.238624 17.011638 27.236313 41.641143 30.246056
-65.306014 159.237506 17.011638 27.236313 41.641143 30.241289
-65.305223 159.236387 17.011638 27.236313 41.641143 30.236523
-65.304430 159.235269 17.011638 27.236313 41.641143 30.231757
-65.303639 159.234151 17.011638 27.236313 41.641143 30.226991
-65.302848 159.233032 17.011638 27.236313 41.641143 30.222224
-65.302057 159.231913 17.011638 27.236313 41.641143 30.217458
-65.301267 159.230795 17.011638 27.236313 41.641143 30.212692
-65.300476 159.229676 17.011638 27.236313 41.641143 30.207926
-65.299687 159.228557 17.011638 27.236313 41.641143 30.203160
-65.298896 159.227438 17.011638 27.236313 41.641143 30.198393
-65.298106 159.226319 17.011638 27.236313 41.641143 30.193627
-65.297317 159.225200 17.011638 27.236313 41.641143 30.188861
-65.296528 159.224081 17.011638 27.236313 41.641143 30.184095
-65.295738 159.222962 17.011638 27.236313 41.641143 30.179329
-65.294950 159.221843 17.011638 27.236313 41.641143 30.174563
-65.294161 159.220724 17.011638 27.236313 41.641143 30.169797
-65.293373 159.219604 17.011638 27.236313 41.641143 30.165031
-65.292585 159.218485 17.011638 27.236313 41.641143 30.160265
-65.291798 159.217366 17.011638 27.236313 41.641143 30.155499
-65.291010 159.216246 17.011638 27.236313 41.641143 30.150733
-65.290222 159.215126 17.011638 27.236313 41.641143 30.145966
-65.289435 159.214007 17.011638 27.236313 41.641143 30.141200
-65.288648 159.212887 17.011638 27.236313 41.641143 30.136434
-65.287862 159.211767 17.011638 27.236313 41.641143 30.131668
-65.287075 159.210648 17.011638 27.236313 41.641143 30.126903
-65.286289 159.209528 17.011638 27.236313 41.641143 30.122137
-65.285503 159.208408 17.011638 27.236313 41.641143 30.117371
-65.284717 159.207288 17.011638 27.236313 41.641143 30.112605
-65.283932 159.206168 17.011638 27.236313 41.641143 30.107839
-65.283146 159.205048 17.011638 27.236313 41.641143 30.103073
-65.282362 159.203928 17.011638 27.236313 41.641143 30.098307
-65.281576 159.202808 17.011638 27.236313 41.641143 30.093541
-65.280792 159.201687 17.011638 27.236313 41.641143 30.088775
-65.280007 159.200567 17.011638 27.236313 41.641143 30.084009
-65.279223 159.199446 17.011638 27.236313 41.641143 30.079243
-65.278440 159.198326 17.011638 27.236313 41.641143 30.074477
-65.277656 159.197206 17.011638 27.236313 41.641143 30.069712
-65.276873 159.196085 17.011638 27.236313 41.641143 30.064946
-65.276089 159.194964 17.011638 27.236313 41.641143 30.060180
-65.275306 159.193844 17.011638 27.236313 41.641143 30.055414
-65.274523 159.192723 17.011638 27.236313 41.641143 30.050648
-65.273741 159.191602 17.011638 27.236313 41.641143 30.045883
-65.272958 159.190481 17.011638 27.236313 41.641143 30.041117
-65.272176 159.189360 17.011638 27.236313 41.641143 30.036351
-65.271395 159.188239 17.011638 27.236313 41.641143 30.031585
-65.270613 159.187118 17.011638 27.236313 41.641143 30.026819
-65.269831 159.185997 17.011638 27.236313 41.641143 30.022054
-65.269050 159.184876 17.011638 27.236313 41.641143 30.017288
-65.268269 159.183754 17.011638 27.236313 41.641143 30.012522
-65.267489 159.182633 17.011638 27.236313 41.641143 30.007757
-65.266708 159.181512 17.011638 27.236313 41.641143 30.002991
-65.265928 159.180390 17.011638 27.236313 41.641143 29.998225
-65.265148 159.179269 17.011638 27.236313 41.641143 29.993460
-65.264368 159.178147 17.011638 27.236313 41.641143 29.988694
-65.263589 159.177026 17.011638 27.236313 41.641143 29.983928
-65.262810 159.175904 17.011638 27.236313 41.641143 29.979163
-65.262030 159.174782 17.011638 27.236313 41.641143 29.974397
-65.261251 159.173660 17.011638 27.236313 41.641143 29.969631
-65.260472 159.172539 17.011638 27.236313 41.641143 29.964866
-65.259694 159.171417 17.011638 27.236313 41.641143 29.960100
-65.258916 159.170295 17.011638 27.236313 41.641143 29.955334
-65.258138 159.169173 17.011638 27.236313 41.641143 29.950569
-65.257360 159.168050 17.011638 27.236313 41.641143 29.945803
-65.256583 159.166928 17.011638 27.236313 41.641143 29.941038
-65.255805 159.165806 17.011638 27.236313 41.641143 29.936272
-65.255028 159.164684 17.011638 27.236313 41.641143 29.931506
-65.254251 159.163561 17.011638 27.236313 41.641143 29.926741
-65.253475 159.162439 17.011638 27.236313 41.641143 29.921975
-65.252699 159.161317 17.011638 27.236313 41.641143 29.917210
-65.251922 159.160194 17.011638 27.236313 41.641143 29.912444
-65.251146 159.159071 17.011638 27.236313 41.641143 29.907679
-65.250370 159.157949 17.011638 27.236313 41.641143 29.902913
-65.249595 159.156826 17.011638 27.236313 41.641143 29.898148
-65.248820 159.155703 17.011638 27.236313 41.641143 29.893382
-65.248045 159.154580 17.011638 27.236313 41.641143 29.888617
-65.247270 159.153457 17.011638 27.236313 41.641143 29.883851
-65.246495 159.152334 17.011638 27.236313 41.641143 29.879086
-65.245721 159.151211 17.011638 27.236313 41.641143 29.874320
-65.244947 159.150088 17.011638 27.236313 41.641143 29.869555
-65.244173 159.148965 17.011638 27.236313 41.641143 29.864790
-65.243399 159.147842 17.011638 27.236313 41.641143 29.860024
-65.242625 159.146719 17.011638 27.236313 41.641143 29.855259
-65.241852 159.145595 17.011638 27.236313 41.641143 29.850493
-65.241079 159.144472 17.011638 27.236313 41.641143 29.845728
-65.240306 159.143348 17.011638 27.236313 41.641143 29.840962
-65.239534 159.142225 17.011638 27.236313 41.641143 29.836197
-65.238761 159.141101 17.011638 27.236313 41.641143 29.831432
-65.237989 159.139978 17.011638 27.236313 41.641143 29.826666
-65.237217 159.138854 17.011638 27.236313 41.641143 29.821901
-65.236445 159.137730 17.011638 27.236313 41.641143 29.817135
-65.235674 159.136606 17.011638 27.236313 41.641143 29.812370
-65.234902 159.135482 17.011638 27.236313 41.641143 29.807605
-65.234131 159.134358 17.011638 27.236313 41.641143 29.802839
-65.233361 159.133234 17.011638 27.236313 41.641143 29.798074
-65.232590 159.132110 17.011638 27.236313 41.641143 29.793309
-65.231820 159.130986 17.011638 27.236313 41.641143 29.788543
-65.231049 159.129862 17.011638 27.236313 41.641143 29.783778
-65.230279 159.128738 17.011638 27.236313 41.641143 29.779013
-65.229510 159.127614 17.011638 27.236313 41.641143 29.774248
-65.228740 159.126489 17.011638 27.236313 41.641143 29.769482
-65.227971 159.125365 17.011638 27.236313 41.641143 29.764717
-65.227202 159.124240 17.011638 27.236313 41.641143 29.759952
-65.226433 159.123115 17.011638 27.236313 41.641143 29.755186
-65.225664 159.121991 17.011638 27.236313 41.641143 29.750421
-65.224896 159.120866 17.011638 27.236313 41.641143 29.745656
-65.224127 159.119742 17.011638 27.236313 41.641143 29.740891
-65.223360 159.118617 17.011638 27.236313 41.641143 29.736125
-65.222591 159.117492 17.011638 27.236313 41.641143 29.731360
-65.221824 159.116367 17.011638 27.236313 41.641143 29.726595
-65.221057 159.115242 17.011638 27.236313 41.641143 29.721830
-65.220289 159.114117 17.011638 27.236313 41.641143 29.717064
-65.219523 159.112992 17.011638 27.236313 41.641143 29.712299
-65.218756 159.111866 17.011638 27.236313 41.641143 29.707534
-65.217989 159.110741 17.011638 27.236313 41.641143 29.702769
-65.217223 159.109616 17.011638 27.236313 41.641143 29.698004
-65.216457 159.108490 17.011638 27.236313 41.641143 29.693238
-65.215692 159.107365 17.011638 27.236313 41.641143 29.688473
-65.214925 159.106240 17.011638 27.236313 41.641143 29.683708
-65.214160 159.105114 17.011638 27.236313 41.641143 29.678943
-65.213395 159.103988 17.011638 27.236313 41.641143 29.674178
-65.212629 159.102863 17.011638 27.236313 41.641143 29.669412
-65.211865 159.101737 17.011638 27.236313 41.641143 29.664647
-65.211101 159.100611 17.011638 27.236313 41.641143 29.659882
-65.210337 159.099485 17.011638 27.236313 41.641143 29.655117
-65.209572 159.098359 17.011638 27.236313 41.641143 29.650352
-65.208808 159.097233 17.011638 27.236313 41.641143 29.645587
-65.208045 159.096107 17.011638 27.236313 41.641143 29.640822
-65.207281 159.094981 17.011638 27.236313 41.641143 29.636056
-65.206518 159.093855 17.011638 27.236313 41.641143 29.631291
-65.205755 159.092729 17.011638 27.236313 41.641143 29.626526
-65.204993 159.091603 17.011638 27.236313 41.641143 29.621761
-65.204230 159.090476 17.011638 27.236313 41.641143 29.616996
-65.203468 159.089350 17.011638 27.236313 41.641143 29.612231
-65.202705 159.088223 17.011638 27.236313 41.641143 29.607466
-65.201943 159.087097 17.011638 27.236313 41.641143 29.602701
-65.201181 159.085970 17.011638 27.236313 41.641143 29.597936
-65.200420 159.084844 17.011638 27.236313 41.641143 29.593171
-65.199658 159.083717 17.011638 27.236313 41.641143 29.588405
-65.198898 159.082590 17.011638 27.236313 41.641143 29.583640
-65.198136 159.081463 17.011638 27.236313 41.641143 29.578875
-65.197376 159.080336 17.011638 27.236313 41.641143 29.574110
-65.196615 159.079209 17.011638 27.236313 41.641143 29.569345
-65.195855 159.078082 17.011638 27.236313 41.641143 29.564580
-65.195095 159.076955 17.011638 27.236313 41.641143 29.559815
-65.194335 159.075828 17.011638 27.236313 41.641143 29.555050
-65.193575 159.074701 17.011638 27.236313 41.641143 29.550285
-65.192817 159.073573 17.011638 27.236313 41.641143 29.545520
-65.192057 159.072446 17.011638 27.236313 41.641143 29.540755
-65.191298 159.071319 17.011638 27.236313 41.641143 29.535990
-65.190539 159.070191 17.011638 27.236313 41.641143 29.531225
-65.189781 159.069064 17.011638 27.236313 41.641143 29.526460
-65.189023 159.067936 17.011638 27.236313 41.641143 29.521695
-65.188265 159.066808 17.011638 27.236313 41.641143 29.516930
-65.187507 159.065681 17.011638 27.236313 41.641143 29.512165
-65.186749 159.064553 17.011638 27.236313 41.641143 29.507400
-65.185991 159.063425 17.011638 27.236313 41.641143 29.502635
-65.185234 159.062297 17.011638 27.236313 41.641143 29.497870
-65.184477 159.061169 17.011638 27.236313 41.641143 29.493105
-65.183720 159.060041 17.011638 27.236313 41.641143 29.488340
-65.182964 159.058913 17.011638 27.236313 41.641143 29.483575
-65.182207 159.057785 17.011638 27.236313 41.641143 29.478810
-65.181450 159.056657 17.011638 27.236313 41.641143 29.474045
-65.180695 159.055528 17.011638 27.236313 41.641143 29.469280
-65.179939 159.054400 17.011638 27.236313 41.641143 29.464515
-65.179183 159.053272 17.011638 27.236313 41.641143 29.459750
-65.178428 159.052143 17.011638 27.236313 41.641143 29.454985
-65.177672 159.051015 17.011638 27.236313 41.641143 29.450220
-65.176918 159.049886 17.011638 27.236313 41.641143 29.445455
-65.176163 159.048757 17.011638 27.236313 41.641143 29.440690
-65.175409 159.047629 17.011638 27.236313 41.641143 29.435925
-65.174654 159.046500 17.011638 27.236313 41.641143 29.431160
-65.173900 159.045371 17.011638 27.236313 41.641143 29.426395
-65.173146 159.044242 17.011638 27.236313 41.641143 29.421630
-65.172392 159.043113 17.011638 27.236313 41.641143 29.416865
-65.171639 159.041984 17.011638 27.236313 41.641143 29.412100
-65.170886 159.040855 17.011638 27.236313 41.641143 29.407335
-65.170132 159.039726 17.011638 27.236313 41.641143 29.402570
-65.169379 159.038597 17.011638 27.236313 41.641143 29.397805
-65.168627 159.037468 17.011638 27.236313 41.641143 29.393040
-65.167874 159.036338 17.011638 27.236313 41.641143 29.388275
-65.167121 159.035209 17.011638 27.236313 41.641143 29.383510
-65.166370 159.034079 17.011638 27.236313 41.641143 29.378745
-65.165618 159.032950 17.011638 27.236313 41.641143 29.373980
-65.164866 159.031820 17.011638 27.236313 41.641143 29.369215
-65.164115 159.030691 17.011638 27.236313 41.641143 29.364451
-65.163364 159.029561 17.011638 27.236313 41.641143 29.359686
-65.162613 159.028431 17.011638 27.236313 41.641143 29.354921
-65.161862 159.027301 17.011638 27.236313 41.641143 29.350156
-65.161111 159.026172 17.011638 27.236313 41.641143 29.345391
-65.160361 159.025042 17.011638 27.236313 41.641143 29.340626
-65.159610 159.023912 17.011638 27.236313 41.641143 29.335861
-65.158860 159.022781 17.011638 27.236313 41.641143 29.331096
-65.158110 159.021651 17.011638 27.236313 41.641143 29.326331
-65.157361 159.020521 17.011638 27.236313 41.641143 29.321566
-65.156611 159.019391 17.011638 27.236313 41.641143 29.316801
-65.155862 159.018260 17.011638 27.236313 41.641143 29.312036
-65.155113 159.017130 17.011638 27.236313 41.641143 29.307271
-65.154364 159.016000 17.011638 27.236313 41.641143 29.302506
-65.153616 159.014869 17.011638 27.236313 41.641143 29.297742
-65.152868 159.013739 17.011638 27.236313 41.641143 29.292977
-65.152119 159.012608 17.011638 27.236313 41.641143 29.288212
-65.151371 159.011477 17.011638 27.236313 41.641143 29.283447
-65.150623 159.010347 17.011638 27.236313 41.641143 29.278682
-65.149876 159.009216 17.011638 27.236313 41.641143 29.273917
-65.149129 159.008085 17.011638 27.236313 41.641143 29.269152
-65.148382 159.006954 17.011638 27.236313 41.641143 29.264387
-65.147635 159.005823 17.011638 27.236313 41.641143 29.259622
-65.146888 159.004692 17.011638 27.236313 41.641143 29.254857
-65.146141 159.003561 17.011638 27.236313 41.641143 29.250092
-65.145394 159.002429 17.011638 27.236313 41.641143 29.245327
-65.144649 159.001298 17.011638 27.236313 41.641143 29.240563
-65.143902 159.000167 17.011638 27.236313 41.641143 29.235798
-65.143157 158.999036 17.011638 27.236313 41.641143 29.231033
-65.142412 158.997904 17.011638 27.236313 41.641143 29.226268
-65.141666 158.996773 17.011638 27.236313 41.641143 29.221503
-65.140921 158.995641 17.011638 27.236313 41.641143 29.216738
-65.140176 158.994509 17.011638 27.236313 41.641143 29.211973
-65.139431 158.993378 17.011638 27.236313 41.641143 29.207208
-65.138686 158.992246 17.011638 27.236313 41.641143 29.202443
-65.137942 158.991114 17.011638 27.236313 41.641143 29.197678
-65.137198 158.989982 17.011638 27.236313 41.641143 29.192913
-65.136454 158.988850 17.011638 27.236313 41.641143 29.188148
-65.135711 158.987718 17.011638 27.236313 41.641143 29.183384
-65.134967 158.986586 17.011638 27.236313 41.641143 29.178619
-65.134224 158.985454 17.011638 27.236313 41.641143 29.173854
-65.133481 158.984322 17.011638 27.236313 41.641143 29.169089
-65.132738 158.983190 17.011638 27.236313 41.641143 29.164324
-65.131995 158.982057 17.011638 27.236313 41.641143 29.159559
-65.131253 158.980925 17.011638 27.236313 41.641143 29.154794
-65.130510 158.979792 17.011638 27.236313 41.641143 29.150029
-65.129768 158.978660 17.011638 27.236313 41.641143 29.145264
