4.500592 155.047375 -71.393512 -173.037805 -44.795032 176.455135
4.500950 155.047517 -71.398257 -173.037616 -44.795015 176.454526
4.501308 155.047658 -71.403001 -173.037427 -44.794998 176.453917
4.501665 155.047800 -71.407746 -173.037238 -44.794981 176.453306
4.502024 155.047941 -71.412491 -173.037051 -44.794964 176.452698
4.502382 155.048082 -71.417236 -173.036862 -44.794947 176.452089
4.502740 155.048224 -71.421980 -173.036674 -44.794930 176.451481
4.503099 155.048365 -71.426726 -173.036487 -44.794913 176.450873
4.503459 155.048506 -71.431470 -173.036299 -44.794897 176.450265
4.503818 155.048647 -71.436216 -173.036112 -44.794879 176.449657
4.504178 155.048789 -71.440960 -173.035924 -44.794863 176.449050
4.504538 155.048931 -71.445705 -173.035737 -44.794846 176.448442
4.504899 155.049072 -71.450450 -173.035551 -44.794829 176.447836
4.505259 155.049213 -71.455194 -173.035363 -44.794812 176.447228
4.505620 155.049354 -71.459939 -173.035177 -44.794795 176.446622
4.505981 155.049495 -71.464684 -173.034991 -44.794779 176.446016
4.506343 155.049636 -71.469428 -173.034805 -44.794761 176.445408
4.506705 155.049777 -71.474173 -173.034619 -44.794745 176.444802
4.507066 155.049918 -71.478917 -173.034434 -44.794727 176.444197
4.507428 155.050058 -71.483662 -173.034248 -44.794711 176.443592
4.507791 155.050199 -71.488407 -173.034062 -44.794695 176.442986
4.508155 155.050340 -71.493151 -173.033878 -44.794677 176.442381
4.508517 155.050481 -71.497895 -173.033693 -44.794661 176.441776
4.508881 155.050623 -71.502640 -173.033508 -44.794644 176.441172
4.509244 155.050764 -71.507384 -173.033323 -44.794627 176.440567
4.509608 155.050904 -71.512129 -173.033139 -44.794610 176.439963
4.509972 155.051045 -71.516873 -173.032956 -44.794594 176.439360
4.510336 155.051185 -71.521618 -173.032771 -44.794577 176.438755
4.510702 155.051326 -71.526363 -173.032588 -44.794559 176.438151
4.511067 155.051467 -71.531107 -173.032403 -44.794543 176.437547
4.511432 155.051607 -71.535852 -173.032220 -44.794526 176.436945
4.511798 155.051747 -71.540595 -173.032037 -44.794510 176.436342
4.512164 155.051888 -71.545340 -173.031853 -44.794493 176.435739
4.512530 155.052028 -71.550084 -173.031671 -44.794476 176.435137
4.512896 155.052169 -71.554829 -173.031488 -44.794459 176.434535
4.513263 155.052309 -71.559572 -173.031306 -44.794443 176.433933
4.513631 155.052449 -71.564317 -173.031123 -44.794426 176.433331
4.513998 155.052589 -71.569061 -173.030941 -44.794409 176.432730
4.514365 155.052730 -71.573806 -173.030759 -44.794393 176.432127
4.514733 155.052870 -71.578550 -173.030578 -44.794375 176.431526
4.515101 155.053010 -71.583294 -173.030396 -44.794359 176.430925
4.515469 155.053150 -71.588038 -173.030215 -44.794342 176.430325
4.515838 155.053290 -71.592783 -173.030034 -44.794325 176.429725
4.516207 155.053430 -71.597526 -173.029853 -44.794309 176.429125
4.516576 155.053571 -71.602271 -173.029671 -44.794292 176.428524
4.516946 155.053711 -71.607015 -173.029491 -44.794275 176.427925
4.517316 155.053851 -71.611759 -173.029310 -44.794259 176.427325
4.517686 155.053991 -71.616503 -173.029130 -44.794242 176.426725
4.518056 155.054131 -71.621248 -173.028951 -44.794226 176.426126
4.518427 155.054271 -71.625991 -173.028770 -44.794209 176.425527
4.518797 155.054411 -71.630735 -173.028591 -44.794192 176.424929
4.519169 155.054550 -71.635480 -173.028411 -44.794175 176.424330
4.519540 155.054690 -71.640223 -173.028232 -44.794159 176.423732
4.519912 155.054830 -71.644968 -173.028053 -44.794142 176.423134
4.520284 155.054970 -71.649711 -173.027874 -44.794125 176.422536
4.520656 155.055109 -71.654455 -173.027695 -44.794109 176.421939
4.521029 155.055249 -71.659199 -173.027517 -44.794092 176.421341
4.521402 155.055388 -71.663943 -173.027338 -44.794075 176.420744
4.521775 155.055528 -71.668686 -173.027161 -44.794059 176.420147
4.522147 155.055667 -71.673431 -173.026983 -44.794042 176.419551
4.522521 155.055807 -71.678175 -173.026804 -44.794025 176.418954
4.522895 155.055946 -71.682918 -173.026627 -44.794008 176.418358
4.523270 155.056085 -71.687662 -173.026450 -44.793993 176.417763
4.523644 155.056225 -71.692406 -173.026273 -44.793976 176.417167
4.524019 155.056364 -71.697149 -173.026095 -44.793959 176.416570
4.524394 155.056503 -71.701894 -173.025919 -44.793942 176.415975
4.524770 155.056643 -71.706637 -173.025741 -44.793926 176.415379
4.525145 155.056782 -71.711381 -173.025565 -44.793909 176.414785
4.525520 155.056921 -71.716125 -173.025389 -44.793893 176.414190
4.525897 155.057060 -71.720869 -173.025213 -44.793876 176.413596
4.526273 155.057199 -71.725612 -173.025037 -44.793859 176.413001
4.526650 155.057338 -71.730355 -173.024862 -44.793843 176.412408
4.527027 155.057477 -71.735100 -173.024685 -44.793826 176.411813
4.527405 155.057616 -71.739843 -173.024511 -44.793810 176.411220
4.527782 155.057755 -71.744587 -173.024336 -44.793793 176.410627
4.528160 155.057894 -71.749330 -173.024161 -44.793776 176.410034
4.528538 155.058032 -71.754074 -173.023986 -44.793760 176.409441
4.528916 155.058171 -71.758817 -173.023812 -44.793744 176.408849
4.529295 155.058310 -71.763561 -173.023637 -44.793727 176.408256
4.529674 155.058449 -71.768304 -173.023462 -44.793710 176.407664
4.530053 155.058588 -71.773047 -173.023289 -44.793694 176.407071
4.530433 155.058726 -71.777792 -173.023115 -44.793677 176.406480
4.530813 155.058865 -71.782535 -173.022941 -44.793661 176.405888
4.531192 155.059003 -71.787278 -173.022767 -44.793644 176.405297
4.531573 155.059142 -71.792022 -173.022594 -44.793627 176.404705
4.531953 155.059281 -71.796765 -173.022422 -44.793612 176.404116
4.532335 155.059419 -71.801508 -173.022248 -44.793595 176.403525
4.532715 155.059558 -71.806252 -173.022075 -44.793578 176.402933
4.533097 155.059696 -71.810995 -173.021903 -44.793562 176.402343
4.533479 155.059835 -71.815739 -173.021731 -44.793545 176.401754
4.533860 155.059973 -71.820482 -173.021559 -44.793529 176.401164
4.534243 155.060111 -71.825225 -173.021387 -44.793512 176.400575
4.534625 155.060250 -71.829968 -173.021215 -44.793496 176.399985
4.535008 155.060388 -71.834711 -173.021043 -44.793479 176.399396
4.535391 155.060526 -71.839454 -173.020873 -44.793463 176.398807
4.535775 155.060665 -71.844198 -173.020701 -44.793446 176.398218
4.536158 155.060803 -71.848942 -173.020530 -44.793430 176.397630
4.536542 155.060940 -71.853685 -173.020360 -44.793413 176.397042
4.536927 155.061078 -71.858428 -173.020189 -44.793397 176.396454
4.537310 155.061216 -71.863171 -173.020019 -44.793380 176.395867
4.537696 155.061354 -71.867914 -173.019848 -44.793364 176.395279
4.538081 155.061492 -71.872657 -173.019677 -44.793347 176.394691
4.538466 155.061630 -71.877400 -173.019508 -44.793331 176.394104
4.538852 155.061768 -71.882143 -173.019338 -44.793315 176.393517
4.539237 155.061906 -71.886886 -173.019169 -44.793298 176.392931
4.539623 155.062044 -71.891629 -173.018999 -44.793282 176.392345
4.540010 155.062182 -71.896372 -173.018830 -44.793265 176.391759
4.540396 155.062320 -71.901115 -173.018661 -44.793249 176.391172
4.540784 155.062457 -71.905858 -173.018493 -44.793233 176.390587
4.541171 155.062594 -71.910601 -173.018324 -44.793216 176.390001
4.541558 155.062732 -71.915344 -173.018156 -44.793200 176.389417
4.541946 155.062869 -71.920087 -173.017987 -44.793184 176.388831
4.542334 155.063007 -71.924829 -173.017820 -44.793167 176.388247
4.542723 155.063145 -71.929572 -173.017652 -44.793151 176.387661
4.543111 155.063282 -71.934315 -173.017484 -44.793135 176.387077
4.543500 155.063420 -71.939058 -173.017318 -44.793118 176.386494
4.543889 155.063557 -71.943801 -173.017150 -44.793101 176.385910
4.544279 155.063695 -71.948544 -173.016982 -44.793085 176.385326
4.544669 155.063832 -71.953286 -173.016816 -44.793069 176.384743
4.545059 155.063968 -71.958029 -173.016650 -44.793053 176.384159
4.545449 155.064106 -71.962772 -173.016483 -44.793036 176.383576
4.545840 155.064243 -71.967515 -173.016317 -44.793020 176.382993
4.546230 155.064380 -71.972257 -173.016151 -44.793004 176.382411
4.546621 155.064518 -71.977000 -173.015984 -44.792987 176.381828
4.547013 155.064655 -71.981743 -173.015820 -44.792971 176.381247
4.547404 155.064792 -71.986485 -173.015653 -44.792954 176.380664
4.547797 155.064929 -71.991228 -173.015488 -44.792938 176.380083
4.548189 155.065065 -71.995971 -173.015323 -44.792922 176.379502
4.548582 155.065202 -72.000712 -173.015158 -44.792906 176.378921
4.548974 155.065339 -72.005455 -173.014994 -44.792889 176.378340
4.549367 155.065476 -72.010198 -173.014829 -44.792873 176.377759
4.549761 155.065613 -72.014941 -173.014665 -44.792857 176.377178
4.550154 155.065750 -72.019683 -173.014500 -44.792841 176.376598
4.550548 155.065887 -72.024425 -173.014337 -44.792825 176.376018
4.550942 155.066024 -72.029168 -173.014173 -44.792808 176.375439
4.551336 155.066160 -72.033911 -173.014010 -44.792792 176.374859
4.551732 155.066297 -72.038652 -173.013846 -44.792776 176.374279
4.552126 155.066433 -72.043395 -173.013683 -44.792759 176.373700
4.552521 155.066570 -72.048138 -173.013519 -44.792742 176.373121
4.552918 155.066707 -72.052880 -173.013357 -44.792727 176.372543
4.553313 155.066843 -72.057622 -173.013194 -44.792710 176.371964
4.553709 155.066979 -72.062364 -173.013031 -44.792695 176.371386
4.554106 155.067115 -72.067107 -173.012869 -44.792678 176.370808
4.554502 155.067252 -72.071849 -173.012707 -44.792662 176.370230
4.554899 155.067388 -72.076591 -173.012545 -44.792646 176.369653
4.555297 155.067525 -72.081334 -173.012384 -44.792630 176.369076
4.555694 155.067661 -72.086076 -173.012222 -44.792613 176.368499
4.556092 155.067797 -72.090818 -173.012062 -44.792597 176.367922
4.556490 155.067933 -72.095561 -173.011900 -44.792581 176.367345
4.556889 155.068069 -72.100302 -173.011739 -44.792564 176.366769
4.557287 155.068205 -72.105045 -173.011578 -44.792548 176.366193
4.557686 155.068342 -72.109786 -173.011418 -44.792532 176.365617
4.558085 155.068478 -72.114529 -173.011257 -44.792516 176.365040
4.558485 155.068613 -72.119271 -173.011098 -44.792500 176.364466
4.558884 155.068749 -72.124013 -173.010937 -44.792484 176.363890
4.559284 155.068885 -72.128755 -173.010778 -44.792467 176.363316
4.559684 155.069021 -72.133497 -173.010618 -44.792451 176.362741
4.560085 155.069157 -72.138239 -173.010459 -44.792435 176.362166
4.560486 155.069292 -72.142980 -173.010300 -44.792419 176.361592
4.560887 155.069428 -72.147723 -173.010141 -44.792403 176.361018
4.561288 155.069564 -72.152464 -173.009981 -44.792386 176.360444
4.561690 155.069700 -72.157207 -173.009824 -44.792370 176.359871
4.562092 155.069836 -72.161948 -173.009664 -44.792355 176.359296
4.562494 155.069971 -72.166691 -173.009506 -44.792338 176.358724
4.562897 155.070106 -72.171432 -173.009349 -44.792322 176.358151
4.563299 155.070242 -72.176174 -173.009191 -44.792306 176.357579
4.563702 155.070378 -72.180916 -173.009033 -44.792290 176.357006
4.564106 155.070514 -72.185658 -173.008875 -44.792273 176.356433
4.564509 155.070648 -72.190399 -173.008719 -44.792258 176.355862
4.564913 155.070784 -72.195141 -173.008561 -44.792242 176.355290
4.565318 155.070919 -72.199883 -173.008404 -44.792225 176.354719
4.565722 155.071055 -72.204624 -173.008248 -44.792210 176.354148
4.566127 155.071190 -72.209366 -173.008091 -44.792193 176.353576
4.566532 155.071325 -72.214108 -173.007935 -44.792177 176.353005
4.566937 155.071460 -72.218850 -173.007778 -44.792161 176.352434
4.567342 155.071595 -72.223591 -173.007622 -44.792145 176.351864
4.567748 155.071731 -72.228332 -173.007467 -44.792129 176.351294
4.568154 155.071865 -72.233075 -173.007310 -44.792113 176.350723
4.568561 155.072000 -72.237816 -173.007155 -44.792096 176.350154
4.568967 155.072136 -72.242557 -173.007000 -44.792081 176.349585
4.569374 155.072271 -72.247299 -173.006845 -44.792064 176.349016
4.569781 155.072405 -72.252040 -173.006690 -44.792049 176.348446
4.570189 155.072540 -72.256782 -173.006537 -44.792032 176.347878
4.570596 155.072675 -72.261524 -173.006382 -44.792017 176.347309
4.571005 155.072810 -72.266265 -173.006228 -44.792000 176.346741
4.571413 155.072944 -72.271006 -173.006073 -44.791984 176.346173
4.571821 155.073079 -72.275747 -173.005919 -44.791968 176.345604
4.572230 155.073214 -72.280489 -173.005766 -44.791952 176.345037
4.572640 155.073349 -72.285230 -173.005612 -44.791937 176.344470
4.573049 155.073483 -72.289971 -173.005460 -44.791920 176.343903
4.573459 155.073618 -72.294712 -173.005306 -44.791905 176.343335
4.573869 155.073752 -72.299455 -173.005154 -44.791888 176.342769
4.574279 155.073887 -72.304196 -173.005000 -44.791872 176.342202
4.574690 155.074021 -72.308937 -173.004848 -44.791857 176.341637
4.575101 155.074155 -72.313678 -173.004696 -44.791840 176.341070
4.575512 155.074290 -72.318419 -173.004544 -44.791825 176.340504
4.575923 155.074425 -72.323161 -173.004391 -44.791808 176.339939
4.576335 155.074558 -72.327902 -173.004241 -44.791792 176.339374
4.576747 155.074693 -72.332643 -173.004088 -44.791777 176.338809
4.577158 155.074827 -72.337384 -173.003938 -44.791761 176.338244
4.577571 155.074961 -72.342125 -173.003787 -44.791744 176.337680
4.577984 155.075095 -72.346866 -173.003635 -44.791729 176.337115
4.578397 155.075229 -72.351607 -173.003484 -44.791713 176.336551
4.578810 155.075364 -72.356349 -173.003334 -44.791696 176.335987
4.579224 155.075497 -72.361089 -173.003184 -44.791681 176.335423
4.579638 155.075632 -72.365830 -173.003033 -44.791665 176.334859
4.580051 155.075766 -72.370571 -173.002883 -44.791649 176.334297
4.580466 155.075899 -72.375312 -173.002734 -44.791634 176.333733
4.580881 155.076033 -72.380053 -173.002585 -44.791617 176.333171
4.581296 155.076167 -72.384794 -173.002435 -44.791601 176.332609
4.581712 155.076300 -72.389535 -173.002286 -44.791585 176.332047
4.582126 155.076434 -72.394276 -173.002136 -44.791570 176.331484
4.582542 155.076568 -72.399016 -173.001987 -44.791554 176.330922
4.582959 155.076702 -72.403757 -173.001839 -44.791537 176.330361
4.583375 155.076835 -72.408498 -173.001691 -44.791521 176.329800
4.583792 155.076969 -72.413239 -173.001542 -44.791506 176.329237
4.584208 155.077103 -72.417980 -173.001394 -44.791490 176.328677
4.584626 155.077236 -72.422721 -173.001246 -44.791474 176.328116
4.585043 155.077369 -72.427461 -173.001099 -44.791458 176.327557
4.585460 155.077503 -72.432202 -173.000951 -44.791443 176.326996
4.585879 155.077636 -72.436943 -173.000803 -44.791427 176.326435
4.586297 155.077770 -72.441684 -173.000657 -44.791411 176.325876
4.586716 155.077903 -72.446424 -173.000510 -44.791395 176.325317
4.587134 155.078036 -72.451164 -173.000363 -44.791379 176.324757
4.587554 155.078169 -72.455905 -173.000217 -44.791364 176.324199
4.587973 155.078303 -72.460645 -173.000070 -44.791348 176.323640
4.588392 155.078436 -72.465386 -172.999924 -44.791332 176.323081
4.588813 155.078569 -72.470127 -172.999779 -44.791316 176.322523
4.589233 155.078703 -72.474867 -172.999632 -44.791300 176.321964
4.589653 155.078835 -72.479608 -172.999487 -44.791284 176.321407
4.590074 155.078968 -72.484347 -172.999342 -44.791269 176.320850
4.590496 155.079100 -72.489088 -172.999196 -44.791253 176.320292
4.590916 155.079234 -72.493829 -172.999051 -44.791237 176.319735
4.591338 155.079367 -72.498569 -172.998906 -44.791221 176.319178
4.591760 155.079499 -72.503310 -172.998762 -44.791205 176.318622
4.592182 155.079632 -72.508050 -172.998617 -44.791189 176.318064
4.592605 155.079765 -72.512790 -172.998473 -44.791173 176.317509
4.593027 155.079898 -72.517531 -172.998330 -44.791157 176.316953
4.593451 155.080030 -72.522271 -172.998186 -44.791142 176.316397
4.593873 155.080164 -72.527011 -172.998042 -44.791127 176.315841
4.594297 155.080296 -72.531751 -172.997898 -44.791111 176.315286
4.594722 155.080429 -72.536492 -172.997755 -44.791095 176.314731
4.595145 155.080560 -72.541232 -172.997612 -44.791079 176.314176
4.595570 155.080693 -72.545972 -172.997470 -44.791063 176.313622
4.595994 155.080826 -72.550712 -172.997326 -44.791048 176.313067
4.596420 155.080958 -72.555453 -172.997184 -44.791032 176.312514
4.596844 155.081091 -72.560192 -172.997041 -44.791016 176.311959
4.597270 155.081222 -72.564933 -172.996901 -44.791000 176.311406
4.597696 155.081355 -72.569672 -172.996758 -44.790985 176.310853
4.598122 155.081488 -72.574413 -172.996616 -44.790969 176.310299
4.598548 155.081619 -72.579153 -172.996475 -44.790953 176.309746
4.598975 155.081752 -72.583892 -172.996334 -44.790938 176.309194
4.599401 155.081883 -72.588633 -172.996193 -44.790922 176.308642
4.599829 155.082016 -72.593372 -172.996052 -44.790906 176.308089
4.600256 155.082148 -72.598112 -172.995911 -44.790890 176.307537
4.600683 155.082280 -72.602853 -172.995770 -44.790875 176.306986
4.601112 155.082412 -72.607592 -172.995631 -44.790859 176.306434
4.601540 155.082543 -72.612332 -172.995490 -44.790844 176.305883
4.601969 155.082676 -72.617072 -172.995350 -44.790828 176.305332
4.602397 155.082808 -72.621812 -172.995211 -44.790812 176.304782
4.602827 155.082939 -72.626551 -172.995071 -44.790797 176.304230
4.603256 155.083071 -72.631292 -172.994932 -44.790781 176.303680
4.603685 155.083203 -72.636031 -172.994792 -44.790766 176.303130
4.604116 155.083335 -72.640771 -172.994653 -44.790750 176.302579
4.604546 155.083466 -72.645510 -172.994514 -44.790734 176.302030
4.604976 155.083598 -72.650251 -172.994376 -44.790718 176.301482
4.605407 155.083729 -72.654990 -172.994237 -44.790702 176.300932
4.605838 155.083861 -72.659729 -172.994099 -44.790687 176.300383
4.606269 155.083993 -72.664469 -172.993961 -44.790671 176.299834
4.606701 155.084123 -72.669209 -172.993824 -44.790656 176.299287
4.607133 155.084255 -72.673949 -172.993686 -44.790640 176.298738
4.607564 155.084386 -72.678688 -172.993549 -44.790625 176.298190
4.607997 155.084518 -72.683427 -172.993411 -44.790609 176.297642
4.608430 155.084649 -72.688167 -172.993274 -44.790593 176.297094
4.608863 155.084780 -72.692906 -172.993138 -44.790578 176.296548
4.609297 155.084911 -72.697646 -172.993001 -44.790562 176.296001
4.609730 155.085043 -72.702386 -172.992864 -44.790547 176.295454
4.610163 155.085173 -72.707125 -172.992727 -44.790531 176.294907
4.610597 155.085305 -72.711864 -172.992592 -44.790516 176.294361
4.611032 155.085436 -72.716604 -172.992457 -44.790500 176.293816
4.611467 155.085567 -72.721343 -172.992320 -44.790484 176.293269
4.611901 155.085698 -72.726082 -172.992185 -44.790469 176.292723
4.612336 155.085829 -72.730821 -172.992050 -44.790453 176.292178
4.612773 155.085960 -72.735561 -172.991914 -44.790438 176.291632
4.613208 155.086090 -72.740300 -172.991780 -44.790422 176.291089
4.613644 155.086221 -72.745039 -172.991645 -44.790407 176.290544
4.614080 155.086352 -72.749778 -172.991511 -44.790391 176.289999
4.614516 155.086483 -72.754518 -172.991376 -44.790376 176.289455
4.614954 155.086613 -72.759257 -172.991242 -44.790361 176.288911
4.615391 155.086744 -72.763996 -172.991108 -44.790344 176.288368
4.615828 155.086874 -72.768735 -172.990974 -44.790329 176.287824
4.616266 155.087006 -72.773474 -172.990842 -44.790314 176.287281
4.616704 155.087136 -72.778213 -172.990708 -44.790299 176.286738
4.617142 155.087266 -72.782952 -172.990574 -44.790282 176.286195
4.617580 155.087396 -72.787692 -172.990442 -44.790267 176.285653
4.618020 155.087527 -72.792431 -172.990309 -44.790252 176.285111
4.618459 155.087657 -72.797170 -172.990177 -44.790236 176.284568
4.618898 155.087788 -72.801909 -172.990044 -44.790221 176.284027
4.619337 155.087918 -72.806647 -172.989912 -44.790206 176.283485
4.619777 155.088048 -72.811386 -172.989781 -44.790190 176.282944
4.620217 155.088178 -72.816125 -172.989648 -44.790174 176.282403
4.620658 155.088308 -72.820864 -172.989517 -44.790159 176.281863
4.621098 155.088438 -72.825603 -172.989385 -44.790143 176.281321
4.621539 155.088568 -72.830342 -172.989254 -44.790128 176.280781
4.621981 155.088699 -72.835080 -172.989122 -44.790113 176.280241
4.622422 155.088828 -72.839819 -172.988993 -44.790097 176.279701
4.622864 155.088959 -72.844558 -172.988862 -44.790082 176.279162
4.623306 155.089088 -72.849297 -172.988731 -44.790067 176.278622
4.623748 155.089218 -72.854036 -172.988601 -44.790051 176.278083
4.624191 155.089348 -72.858774 -172.988471 -44.790036 176.277544
4.624634 155.089478 -72.863513 -172.988342 -44.790021 176.277006
4.625077 155.089608 -72.868252 -172.988212 -44.790005 176.276467
4.625521 155.089737 -72.872990 -172.988082 -44.789990 176.275929
4.625964 155.089867 -72.877729 -172.987953 -44.789974 176.275391
4.626409 155.089996 -72.882467 -172.987825 -44.789959 176.274853
4.626853 155.090126 -72.887206 -172.987695 -44.789943 176.274316
4.627298 155.090255 -72.891944 -172.987567 -44.789928 176.273779
4.627742 155.090385 -72.896683 -172.987438 -44.789913 176.273242
4.628188 155.090515 -72.901421 -172.987310 -44.789897 176.272705
4.628633 155.090644 -72.906160 -172.987182 -44.789882 176.272169
4.629079 155.090773 -72.910898 -172.987054 -44.789866 176.271632
4.629525 155.090902 -72.915636 -172.986927 -44.789851 176.271097
4.629970 155.091032 -72.920375 -172.986799 -44.789836 176.270561
4.630417 155.091161 -72.925113 -172.986672 -44.789821 176.270025
4.630864 155.091291 -72.929852 -172.986545 -44.789805 176.269490
4.631311 155.091420 -72.934590 -172.986418 -44.789790 176.268955
4.631759 155.091548 -72.939328 -172.986291 -44.789774 176.268420
4.632207 155.091678 -72.944067 -172.986164 -44.789759 176.267885
4.632655 155.091807 -72.948804 -172.986038 -44.789744 176.267351
4.633103 155.091936 -72.953543 -172.985912 -44.789729 176.266817
4.633551 155.092065 -72.958281 -172.985787 -44.789713 176.266283
4.634000 155.092194 -72.963019 -172.985660 -44.789698 176.265748
4.634449 155.092323 -72.967757 -172.985535 -44.789683 176.265215
4.634898 155.092451 -72.972496 -172.985410 -44.789668 176.264683
4.635348 155.092581 -72.977233 -172.985285 -44.789652 176.264150
4.635797 155.092709 -72.981971 -172.985160 -44.789637 176.263617
4.636247 155.092837 -72.986710 -172.985036 -44.789622 176.263086
4.636698 155.092967 -72.991448 -172.984910 -44.789606 176.262552
4.637149 155.093095 -72.996186 -172.984786 -44.789591 176.262021
4.637599 155.093223 -73.000923 -172.984662 -44.789576 176.261490
4.638051 155.093353 -73.005662 -172.984538 -44.789561 176.260957
4.638503 155.093481 -73.010399 -172.984414 -44.789545 176.260426
4.638955 155.093610 -73.015137 -172.984291 -44.789531 176.259895
4.639406 155.093738 -73.019876 -172.984167 -44.789515 176.259365
4.639859 155.093866 -73.024613 -172.984045 -44.789500 176.258835
4.640312 155.093995 -73.029351 -172.983921 -44.789485 176.258303
4.640764 155.094123 -73.034089 -172.983798 -44.789469 176.257774
4.641217 155.094251 -73.038826 -172.983676 -44.789454 176.257244
4.641671 155.094379 -73.043564 -172.983554 -44.789439 176.256715
4.642124 155.094507 -73.048302 -172.983432 -44.789424 176.256186
4.642578 155.094635 -73.053040 -172.983309 -44.789408 176.255657
4.643033 155.094764 -73.057777 -172.983188 -44.789394 176.255128
4.643487 155.094891 -73.062515 -172.983067 -44.789378 176.254600
4.643942 155.095019 -73.067253 -172.982944 -44.789363 176.254071
4.644398 155.095148 -73.071990 -172.982823 -44.789348 176.253542
4.644852 155.095275 -73.076728 -172.982703 -44.789333 176.253016
4.645308 155.095403 -73.081465 -172.982582 -44.789317 176.252487
4.645765 155.095532 -73.086203 -172.982461 -44.789303 176.251960
4.646220 155.095659 -73.090941 -172.982341 -44.789287 176.251434
4.646677 155.095787 -73.095678 -172.982221 -44.789272 176.250906
4.647134 155.095915 -73.100415 -172.982100 -44.789256 176.250379
4.647591 155.096042 -73.105153 -172.981980 -44.789242 176.249852
4.648048 155.096169 -73.109890 -172.981862 -44.789227 176.249328
4.648506 155.096298 -73.114628 -172.981742 -44.789211 176.248802
4.648964 155.096425 -73.119366 -172.981622 -44.789197 176.248275
4.649422 155.096552 -73.124103 -172.981504 -44.789182 176.247751
4.649881 155.096680 -73.128840 -172.981386 -44.789166 176.247226
4.650339 155.096808 -73.133577 -172.981266 -44.789151 176.246700
4.650797 155.096935 -73.138314 -172.981148 -44.789136 176.246176
4.651257 155.097062 -73.143052 -172.981029 -44.789121 176.245651
4.651717 155.097190 -73.147789 -172.980912 -44.789106 176.245128
4.652177 155.097317 -73.152526 -172.980794 -44.789091 176.244604
4.652636 155.097444 -73.157263 -172.980677 -44.789075 176.244080
4.653097 155.097571 -73.162000 -172.980559 -44.789060 176.243556
4.653557 155.097699 -73.166737 -172.980441 -44.789046 176.243032
4.654019 155.097825 -73.171474 -172.980325 -44.789031 176.242510
4.654480 155.097952 -73.176212 -172.980208 -44.789015 176.241988
4.654942 155.098080 -73.180949 -172.980091 -44.789000 176.241464
4.655403 155.098207 -73.185686 -172.979975 -44.788985 176.240943
4.655865 155.098333 -73.190423 -172.979858 -44.788970 176.240421
4.656328 155.098460 -73.195160 -172.979743 -44.788956 176.239899
4.656790 155.098587 -73.199897 -172.979627 -44.788941 176.239378
4.657253 155.098714 -73.204634 -172.979511 -44.788925 176.238856
4.657716 155.098840 -73.209371 -172.979396 -44.788910 176.238336
4.658179 155.098967 -73.214108 -172.979280 -44.788895 176.237814
4.658643 155.099094 -73.218845 -172.979165 -44.788880 176.237294
4.659107 155.099221 -73.223581 -172.979051 -44.788865 176.236774
4.659571 155.099347 -73.228318 -172.978935 -44.788850 176.236253
4.660036 155.099473 -73.233055 -172.978821 -44.788835 176.235734
4.660501 155.099600 -73.237792 -172.978707 -44.788820 176.235214
4.660966 155.099727 -73.242528 -172.978593 -44.788806 176.234695
4.661431 155.099853 -73.247264 -172.978479 -44.788791 176.234176
4.661897 155.099979 -73.252001 -172.978366 -44.788776 176.233658
4.662362 155.100105 -73.256738 -172.978252 -44.788761 176.233139
4.662829 155.100232 -73.261475 -172.978139 -44.788746 176.232621
4.663295 155.100359 -73.266212 -172.978025 -44.788730 176.232102
4.663762 155.100485 -73.270948 -172.977912 -44.788716 176.231585
4.664229 155.100610 -73.275684 -172.977799 -44.788701 176.231067
4.664697 155.100736 -73.280421 -172.977687 -44.788686 176.230550
4.665164 155.100863 -73.285158 -172.977575 -44.788671 176.230033
4.665632 155.100989 -73.289894 -172.977463 -44.788656 176.229516
4.666099 155.101115 -73.294631 -172.977351 -44.788641 176.228999
4.666569 155.101241 -73.299367 -172.977240 -44.788626 176.228483
4.667037 155.101366 -73.304103 -172.977127 -44.788611 176.227967
4.667506 155.101493 -73.308840 -172.977016 -44.788596 176.227450
4.667975 155.101619 -73.313576 -172.976906 -44.788581 176.226936
4.668444 155.101744 -73.318312 -172.976795 -44.788566 176.226420
4.668914 155.101870 -73.323049 -172.976683 -44.788552 176.225905
4.669385 155.101995 -73.327784 -172.976573 -44.788537 176.225391
4.669855 155.102122 -73.332521 -172.976463 -44.788522 176.224876
4.670325 155.102247 -73.337258 -172.976353 -44.788507 176.224362
4.670796 155.102373 -73.341993 -172.976244 -44.788491 176.223847
4.671267 155.102498 -73.346730 -172.976134 -44.788477 176.223334
4.671739 155.102624 -73.351466 -172.976024 -44.788462 176.222819
4.672210 155.102749 -73.356202 -172.975914 -44.788447 176.222306
4.672682 155.102875 -73.360939 -172.975805 -44.788432 176.221794
4.673155 155.103000 -73.365674 -172.975697 -44.788417 176.221280
4.673628 155.103126 -73.370411 -172.975587 -44.788403 176.220767
4.674100 155.103251 -73.375146 -172.975478 -44.788388 176.220254
4.674574 155.103376 -73.379882 -172.975371 -44.788373 176.219744
4.675047 155.103501 -73.384618 -172.975263 -44.788359 176.219231
4.675520 155.103626 -73.389355 -172.975154 -44.788343 176.218719
4.675994 155.103752 -73.394090 -172.975047 -44.788328 176.218209
4.676469 155.103877 -73.398826 -172.974940 -44.788314 176.217697
4.676943 155.104002 -73.403562 -172.974832 -44.788299 176.217186
4.677418 155.104126 -73.408298 -172.974725 -44.788284 176.216675
4.677893 155.104251 -73.413034 -172.974617 -44.788270 176.216165
4.678368 155.104376 -73.417769 -172.974512 -44.788254 176.215655
4.678844 155.104501 -73.422505 -172.974405 -44.788239 176.215145
4.679320 155.104625 -73.427241 -172.974299 -44.788225 176.214635
4.679796 155.104751 -73.431977 -172.974192 -44.788210 176.214125
4.680272 155.104876 -73.436712 -172.974086 -44.788196 176.213617
4.680749 155.105000 -73.441448 -172.973981 -44.788180 176.213107
4.681226 155.105125 -73.446183 -172.973875 -44.788166 176.212599
4.681703 155.105249 -73.450919 -172.973769 -44.788151 176.212090
4.682180 155.105374 -73.455655 -172.973665 -44.788137 176.211583
4.682658 155.105498 -73.460390 -172.973559 -44.788121 176.211074
4.683136 155.105622 -73.465126 -172.973455 -44.788107 176.210567
4.683614 155.105747 -73.469862 -172.973351 -44.788092 176.210059
4.684093 155.105871 -73.474597 -172.973246 -44.788078 176.209552
4.684572 155.105995 -73.479332 -172.973142 -44.788062 176.209046
4.685052 155.106121 -73.484067 -172.973038 -44.788048 176.208538
4.685531 155.106245 -73.488804 -172.972934 -44.788033 176.208032
4.686010 155.106369 -73.493539 -172.972831 -44.788019 176.207526
4.686490 155.106493 -73.498274 -172.972728 -44.788004 176.207021
4.686971 155.106617 -73.503009 -172.972624 -44.787989 176.206513
4.687451 155.106741 -73.507744 -172.972521 -44.787975 176.206009
4.687932 155.106865 -73.512480 -172.972418 -44.787959 176.205503
4.688414 155.106989 -73.517215 -172.972316 -44.787945 176.204999
4.688894 155.107113 -73.521951 -172.972214 -44.787931 176.204493
4.689376 155.107237 -73.526686 -172.972112 -44.787916 176.203990
4.689858 155.107361 -73.531421 -172.972009 -44.787901 176.203484
4.690341 155.107484 -73.536156 -172.971908 -44.787887 176.202981
4.690823 155.107608 -73.540891 -172.971806 -44.787872 176.202478
4.691306 155.107732 -73.545626 -172.971705 -44.787857 176.201974
4.691789 155.107855 -73.550361 -172.971603 -44.787843 176.201471
4.692273 155.107979 -73.555096 -172.971503 -44.787828 176.200968
4.692755 155.108103 -73.559831 -172.971402 -44.787814 176.200465
4.693240 155.108226 -73.564567 -172.971302 -44.787798 176.199963
4.693724 155.108350 -73.569302 -172.971200 -44.787784 176.199460
4.694208 155.108473 -73.574035 -172.971100 -44.787770 176.198958
4.694693 155.108598 -73.578771 -172.971000 -44.787755 176.198456
4.695178 155.108721 -73.583505 -172.970902 -44.787741 176.197955
4.695663 155.108844 -73.588241 -172.970802 -44.787725 176.197454
4.696148 155.108968 -73.592976 -172.970702 -44.787711 176.196952
4.696635 155.109091 -73.597711 -172.970603 -44.787696 176.196452
4.697120 155.109214 -73.602445 -172.970504 -44.787682 176.195951
4.697607 155.109337 -73.607180 -172.970406 -44.787668 176.195452
4.698094 155.109460 -73.611914 -172.970307 -44.787653 176.194951
4.698580 155.109583 -73.616649 -172.970208 -44.787639 176.194452
4.699068 155.109707 -73.621384 -172.970110 -44.787623 176.193951
4.699556 155.109829 -73.626119 -172.970013 -44.787609 176.193453
4.700043 155.109952 -73.630853 -172.969914 -44.787594 176.192953
4.700531 155.110074 -73.635588 -172.969817 -44.787580 176.192455
4.701019 155.110197 -73.640323 -172.969720 -44.787565 176.191957
4.701508 155.110320 -73.645057 -172.969622 -44.787551 176.191458
4.701996 155.110443 -73.649791 -172.969525 -44.787536 176.190961
4.702486 155.110566 -73.654526 -172.969429 -44.787522 176.190463
4.702974 155.110688 -73.659261 -172.969332 -44.787507 176.189966
4.703465 155.110811 -73.663994 -172.969236 -44.787493 176.189468
