-63.444030 153.616891 17.011638 27.236313 41.641143 8.558790
-63.443971 153.615571 17.011638 27.236313 41.641143 8.554035
-63.443913 153.614252 17.011638 27.236313 41.641143 8.549281
-63.443854 153.612931 17.011638 27.236313 41.641143 8.544526
-63.443796 153.611611 17.011638 27.236313 41.641143 8.539771
-63.443739 153.610292 17.011638 27.236313 41.641143 8.535017
-63.443680 153.608971 17.011638 27.236313 41.641143 8.530262
-63.443623 153.607652 17.011638 27.236313 41.641143 8.525508
-63.443566 153.606331 17.011638 27.236313 41.641143 8.520753
-63.443508 153.605011 17.011638 27.236313 41.641143 8.515999
-63.443451 153.603691 17.011638 27.236313 41.641143 8.511244
-63.443394 153.602371 17.011638 27.236313 41.641143 8.506489
-63.443337 153.601051 17.011638 27.236313 41.641143 8.501735
-63.443281 153.599731 17.011638 27.236313 41.641143 8.496980
-63.443224 153.598410 17.011638 27.236313 41.641143 8.492226
-63.443167 153.597090 17.011638 27.236313 41.641143 8.487471
-63.443111 153.595770 17.011638 27.236313 41.641143 8.482717
-63.443055 153.594450 17.011638 27.236313 41.641143 8.477962
-63.442999 153.593129 17.011638 27.236313 41.641143 8.473208
-63.442943 153.591809 17.011638 27.236313 41.641143 8.468454
-63.442888 153.590489 17.011638 27.236313 41.641143 8.463699
-63.442832 153.589168 17.011638 27.236313 41.641143 8.458945
-63.442777 153.587848 17.011638 27.236313 41.641143 8.454190
-63.442722 153.586528 17.011638 27.236313 41.641143 8.449436
-63.442667 153.585207 17.011638 27.236313 41.641143 8.444681
-63.442612 153.583887 17.011638 27.236313 41.641143 8.439927
-63.442558 153.582566 17.011638 27.236313 41.641143 8.435173
-63.442503 153.581246 17.011638 27.236313 41.641143 8.430418
-63.442448 153.579925 17.011638 27.236313 41.641143 8.425664
-63.442394 153.578605 17.011638 27.236313 41.641143 8.420910
-63.442340 153.577284 17.011638 27.236313 41.641143 8.416155
-63.442287 153.575964 17.011638 27.236313 41.641143 8.411401
-63.442233 153.574643 17.011638 27.236313 41.641143 8.406647
-63.442179 153.573322 17.011638 27.236313 41.641143 8.401892
-63.442126 153.572002 17.011638 27.236313 41.641143 8.397138
-63.442073 153.570681 17.011638 27.236313 41.641143 8.392384
-63.442019 153.569360 17.011638 27.236313 41.641143 8.387629
-63.441967 153.568040 17.011638 27.236313 41.641143 8.382875
-63.441914 153.566719 17.011638 27.236313 41.641143 8.378121
-63.441861 153.565398 17.011638 27.236313 41.641143 8.373366
-63.441810 153.564077 17.011638 27.236313 41.641143 8.368612
-63.441757 153.562756 17.011638 27.236313 41.641143 8.363858
-63.441704 153.561436 17.011638 27.236313 41.641143 8.359104
-63.441653 153.560115 17.011638 27.236313 41.641143 8.354349
-63.441600 153.558794 17.011638 27.236313 41.641143 8.349595
-63.441549 153.557473 17.011638 27.236313 41.641143 8.344841
-63.441498 153.556152 17.011638 27.236313 41.641143 8.340087
-63.441446 153.554831 17.011638 27.236313 41.641143 8.335332
-63.441395 153.553510 17.011638 27.236313 41.641143 8.330578
-63.441344 153.552189 17.011638 27.236313 41.641143 8.325824
-63.441294 153.550868 17.011638 27.236313 41.641143 8.321070
-63.441243 153.549547 17.011638 27.236313 41.641143 8.316316
-63.441193 153.548226 17.011638 27.236313 41.641143 8.311561
-63.441142 153.546905 17.011638 27.236313 41.641143 8.306807
-63.441092 153.545584 17.011638 27.236313 41.641143 8.302053
-63.441042 153.544263 17.011638 27.236313 41.641143 8.297299
-63.440992 153.542941 17.011638 27.236313 41.641143 8.292544
-63.440942 153.541620 17.011638 27.236313 41.641143 8.287790
-63.440892 153.540299 17.011638 27.236313 41.641143 8.283036
-63.440843 153.538978 17.011638 27.236313 41.641143 8.278282
-63.440794 153.537657 17.011638 27.236313 41.641143 8.273528
-63.440744 153.536336 17.011638 27.236313 41.641143 8.268774
-63.440696 153.535014 17.011638 27.236313 41.641143 8.264019
-63.440647 153.533693 17.011638 27.236313 41.641143 8.259265
-63.440598 153.532371 17.011638 27.236313 41.641143 8.254511
-63.440549 153.531050 17.011638 27.236313 41.641143 8.249757
-63.440501 153.529729 17.011638 27.236313 41.641143 8.245003
-63.440454 153.528407 17.011638 27.236313 41.641143 8.240248
-63.440405 153.527086 17.011638 27.236313 41.641143 8.235494
-63.440357 153.525764 17.011638 27.236313 41.641143 8.230740
-63.440310 153.524443 17.011638 27.236313 41.641143 8.225986
-63.440262 153.523121 17.011638 27.236313 41.641143 8.221232
-63.440215 153.521800 17.011638 27.236313 41.641143 8.216478
-63.440168 153.520478 17.011638 27.236313 41.641143 8.211723
-63.440121 153.519157 17.011638 27.236313 41.641143 8.206969
-63.440074 153.517835 17.011638 27.236313 41.641143 8.202215
-63.440027 153.516513 17.011638 27.236313 41.641143 8.197461
-63.439980 153.515192 17.011638 27.236313 41.641143 8.192707
-63.439934 153.513870 17.011638 27.236313 41.641143 8.187953
-63.439888 153.512548 17.011638 27.236313 41.641143 8.183198
-63.439842 153.511227 17.011638 27.236313 41.641143 8.178444
-63.439796 153.509905 17.011638 27.236313 41.641143 8.173690
-63.439750 153.508583 17.011638 27.236313 41.641143 8.168936
-63.439704 153.507261 17.011638 27.236313 41.641143 8.164182
-63.439659 153.505939 17.011638 27.236313 41.641143 8.159427
-63.439613 153.504617 17.011638 27.236313 41.641143 8.154673
-63.439569 153.503296 17.011638 27.236313 41.641143 8.149919
-63.439524 153.501974 17.011638 27.236313 41.641143 8.145165
-63.439479 153.500652 17.011638 27.236313 41.641143 8.140411
-63.439434 153.499330 17.011638 27.236313 41.641143 8.135657
-63.439390 153.498008 17.011638 27.236313 41.641143 8.130902
-63.439346 153.496686 17.011638 27.236313 41.641143 8.126148
-63.439302 153.495364 17.011638 27.236313 41.641143 8.121394
-63.439258 153.494042 17.011638 27.236313 41.641143 8.116640
-63.439214 153.492720 17.011638 27.236313 41.641143 8.111885
-63.439170 153.491398 17.011638 27.236313 41.641143 8.107131
-63.439126 153.490075 17.011638 27.236313 41.641143 8.102377
-63.439083 153.488753 17.011638 27.236313 41.641143 8.097623
-63.439039 153.487431 17.011638 27.236313 41.641143 8.092869
-63.438996 153.486109 17.011638 27.236313 41.641143 8.088114
-63.438954 153.484787 17.011638 27.236313 41.641143 8.083360
-63.438911 153.483464 17.011638 27.236313 41.641143 8.078606
-63.438868 153.482142 17.011638 27.236313 41.641143 8.073852
-63.438826 153.480820 17.011638 27.236313 41.641143 8.069097
-63.438783 153.479497 17.011638 27.236313 41.641143 8.064343
-63.438741 153.478175 17.011638 27.236313 41.641143 8.059589
-63.438699 153.476853 17.011638 27.236313 41.641143 8.054834
-63.438657 153.475530 17.011638 27.236313 41.641143 8.050080
-63.438616 153.474208 17.011638 27.236313 41.641143 8.045326
-63.438575 153.472886 17.011638 27.236313 41.641143 8.040572
-63.438533 153.471563 17.011638 27.236313 41.641143 8.035817
-63.438492 153.470240 17.011638 27.236313 41.641143 8.031063
-63.438451 153.468918 17.011638 27.236313 41.641143 8.026309
-63.438410 153.467595 17.011638 27.236313 41.641143 8.021554
-63.438369 153.466273 17.011638 27.236313 41.641143 8.016800
-63.438329 153.464950 17.011638 27.236313 41.641143 8.012046
-63.438288 153.463627 17.011638 27.236313 41.641143 8.007291
-63.438248 153.462305 17.011638 27.236313 41.641143 8.002537
-63.438208 153.460982 17.011638 27.236313 41.641143 7.997782
-63.438169 153.459659 17.011638 27.236313 41.641143 7.993028
-63.438129 153.458337 17.011638 27.236313 41.641143 7.988274
-63.438089 153.457014 17.011638 27.236313 41.641143 7.983519
-63.438050 153.455691 17.011638 27.236313 41.641143 7.978765
-63.438010 153.454368 17.011638 27.236313 41.641143 7.974010
-63.437971 153.453045 17.011638 27.236313 41.641143 7.969256
-63.437932 153.451722 17.011638 27.236313 41.641143 7.964502
-63.437894 153.450399 17.011638 27.236313 41.641143 7.959747
-63.437854 153.449077 17.011638 27.236313 41.641143 7.954993
-63.437816 153.447754 17.011638 27.236313 41.641143 7.950238
-63.437778 153.446431 17.011638 27.236313 41.641143 7.945484
-63.437740 153.445107 17.011638 27.236313 41.641143 7.940729
-63.437701 153.443785 17.011638 27.236313 41.641143 7.935975
-63.437664 153.442461 17.011638 27.236313 41.641143 7.931220
-63.437626 153.441138 17.011638 27.236313 41.641143 7.926466
-63.437589 153.439815 17.011638 27.236313 41.641143 7.921711
-63.437551 153.438492 17.011638 27.236313 41.641143 7.916956
-63.437514 153.437169 17.011638 27.236313 41.641143 7.912202
-63.437477 153.435846 17.011638 27.236313 41.641143 7.907447
-63.437441 153.434522 17.011638 27.236313 41.641143 7.902693
-63.437404 153.433199 17.011638 27.236313 41.641143 7.897938
-63.437367 153.431876 17.011638 27.236313 41.641143 7.893184
-63.437330 153.430553 17.011638 27.236313 41.641143 7.888429
-63.437295 153.429229 17.011638 27.236313 41.641143 7.883674
-63.437258 153.427906 17.011638 27.236313 41.641143 7.878920
-63.437223 153.426582 17.011638 27.236313 41.641143 7.874165
-63.437186 153.425259 17.011638 27.236313 41.641143 7.869410
-63.437151 153.423935 17.011638 27.236313 41.641143 7.864655
-63.437115 153.422612 17.011638 27.236313 41.641143 7.859901
-63.437080 153.421288 17.011638 27.236313 41.641143 7.855146
-63.437045 153.419965 17.011638 27.236313 41.641143 7.850391
-63.437010 153.418642 17.011638 27.236313 41.641143 7.845637
-63.436975 153.417318 17.011638 27.236313 41.641143 7.840882
-63.436940 153.415994 17.011638 27.236313 41.641143 7.836127
-63.436906 153.414670 17.011638 27.236313 41.641143 7.831372
-63.436871 153.413347 17.011638 27.236313 41.641143 7.826617
-63.436837 153.412023 17.011638 27.236313 41.641143 7.821862
-63.436803 153.410700 17.011638 27.236313 41.641143 7.817108
-63.436769 153.409376 17.011638 27.236313 41.641143 7.812353
-63.436736 153.408052 17.011638 27.236313 41.641143 7.807598
-63.436703 153.406728 17.011638 27.236313 41.641143 7.802843
-63.436669 153.405404 17.011638 27.236313 41.641143 7.798088
-63.436635 153.404080 17.011638 27.236313 41.641143 7.793333
-63.436603 153.402756 17.011638 27.236313 41.641143 7.788578
-63.436570 153.401432 17.011638 27.236313 41.641143 7.783823
-63.436537 153.400108 17.011638 27.236313 41.641143 7.779068
-63.436504 153.398784 17.011638 27.236313 41.641143 7.774313
-63.436472 153.397460 17.011638 27.236313 41.641143 7.769558
-63.436439 153.396136 17.011638 27.236313 41.641143 7.764803
-63.436407 153.394812 17.011638 27.236313 41.641143 7.760048
-63.436376 153.393488 17.011638 27.236313 41.641143 7.755293
-63.436344 153.392164 17.011638 27.236313 41.641143 7.750538
-63.436312 153.390840 17.011638 27.236313 41.641143 7.745783
-63.436280 153.389516 17.011638 27.236313 41.641143 7.741027
-63.436249 153.388191 17.011638 27.236313 41.641143 7.736272
-63.436218 153.386867 17.011638 27.236313 41.641143 7.731517
-63.436187 153.385543 17.011638 27.236313 41.641143 7.726762
-63.436156 153.384219 17.011638 27.236313 41.641143 7.722007
-63.436125 153.382894 17.011638 27.236313 41.641143 7.717251
-63.436095 153.381570 17.011638 27.236313 41.641143 7.712496
-63.436065 153.380246 17.011638 27.236313 41.641143 7.707741
-63.436034 153.378921 17.011638 27.236313 41.641143 7.702986
-63.436004 153.377597 17.011638 27.236313 41.641143 7.698230
-63.435975 153.376272 17.011638 27.236313 41.641143 7.693475
-63.435945 153.374948 17.011638 27.236313 41.641143 7.688719
-63.435915 153.373623 17.011638 27.236313 41.641143 7.683964
-63.435886 153.372299 17.011638 27.236313 41.641143 7.679209
-63.435857 153.370974 17.011638 27.236313 41.641143 7.674453
-63.435827 153.369650 17.011638 27.236313 41.641143 7.669698
-63.435798 153.368325 17.011638 27.236313 41.641143 7.664942
-63.435770 153.367000 17.011638 27.236313 41.641143 7.660187
-63.435741 153.365675 17.011638 27.236313 41.641143 7.655431
-63.435712 153.364351 17.011638 27.236313 41.641143 7.650676
-63.435684 153.363026 17.011638 27.236313 41.641143 7.645920
-63.435656 153.361701 17.011638 27.236313 41.641143 7.641164
-63.435628 153.360376 17.011638 27.236313 41.641143 7.636409
-63.435600 153.359051 17.011638 27.236313 41.641143 7.631653
-63.435572 153.357727 17.011638 27.236313 41.641143 7.626898
-63.435545 153.356402 17.011638 27.236313 41.641143 7.622142
-63.435518 153.355077 17.011638 27.236313 41.641143 7.617386
-63.435491 153.353751 17.011638 27.236313 41.641143 7.612630
-63.435463 153.352427 17.011638 27.236313 41.641143 7.607875
-63.435436 153.351102 17.011638 27.236313 41.641143 7.603119
-63.435410 153.349776 17.011638 27.236313 41.641143 7.598363
-63.435383 153.348451 17.011638 27.236313 41.641143 7.593607
-63.435357 153.347126 17.011638 27.236313 41.641143 7.588851
-63.435330 153.345801 17.011638 27.236313 41.641143 7.584095
-63.435305 153.344476 17.011638 27.236313 41.641143 7.579339
-63.435278 153.343150 17.011638 27.236313 41.641143 7.574583
-63.435253 153.341825 17.011638 27.236313 41.641143 7.569827
-63.435227 153.340500 17.011638 27.236313 41.641143 7.565071
-63.435202 153.339175 17.011638 27.236313 41.641143 7.560315
-63.435177 153.337849 17.011638 27.236313 41.641143 7.555559
-63.435151 153.336524 17.011638 27.236313 41.641143 7.550803
-63.435126 153.335199 17.011638 27.236313 41.641143 7.546047
-63.435101 153.333873 17.011638 27.236313 41.641143 7.541291
-63.435077 153.332548 17.011638 27.236313 41.641143 7.536535
-63.435052 153.331222 17.011638 27.236313 41.641143 7.531779
-63.435028 153.329897 17.011638 27.236313 41.641143 7.527022
-63.435004 153.328571 17.011638 27.236313 41.641143 7.522266
-63.434980 153.327246 17.011638 27.236313 41.641143 7.517510
-63.434956 153.325920 17.011638 27.236313 41.641143 7.512754
-63.434933 153.324594 17.011638 27.236313 41.641143 7.507997
-63.434909 153.323269 17.011638 27.236313 41.641143 7.503241
-63.434885 153.321943 17.011638 27.236313 41.641143 7.498484
-63.434862 153.320617 17.011638 27.236313 41.641143 7.493728
-63.434840 153.319291 17.011638 27.236313 41.641143 7.488972
-63.434816 153.317965 17.011638 27.236313 41.641143 7.484215
-63.434794 153.316640 17.011638 27.236313 41.641143 7.479459
-63.434770 153.315314 17.011638 27.236313 41.641143 7.474702
-63.434748 153.313988 17.011638 27.236313 41.641143 7.469945
-63.434726 153.312662 17.011638 27.236313 41.641143 7.465189
-63.434704 153.311336 17.011638 27.236313 41.641143 7.460432
-63.434682 153.310010 17.011638 27.236313 41.641143 7.455675
-63.434661 153.308684 17.011638 27.236313 41.641143 7.450919
-63.434639 153.307358 17.011638 27.236313 41.641143 7.446162
-63.434617 153.306032 17.011638 27.236313 41.641143 7.441405
-63.434596 153.304705 17.011638 27.236313 41.641143 7.436648
-63.434575 153.303380 17.011638 27.236313 41.641143 7.431892
-63.434554 153.302053 17.011638 27.236313 41.641143 7.427135
-63.434532 153.300727 17.011638 27.236313 41.641143 7.422378
-63.434512 153.299401 17.011638 27.236313 41.641143 7.417621
-63.434492 153.298075 17.011638 27.236313 41.641143 7.412864
-63.434471 153.296748 17.011638 27.236313 41.641143 7.408107
-63.434451 153.295422 17.011638 27.236313 41.641143 7.403350
-63.434431 153.294095 17.011638 27.236313 41.641143 7.398593
-63.434411 153.292769 17.011638 27.236313 41.641143 7.393836
-63.434392 153.291443 17.011638 27.236313 41.641143 7.389079
-63.434372 153.290116 17.011638 27.236313 41.641143 7.384321
-63.434352 153.288790 17.011638 27.236313 41.641143 7.379564
-63.434333 153.287463 17.011638 27.236313 41.641143 7.374807
-63.434315 153.286137 17.011638 27.236313 41.641143 7.370050
-63.434295 153.284810 17.011638 27.236313 41.641143 7.365292
-63.434276 153.283483 17.011638 27.236313 41.641143 7.360535
-63.434258 153.282157 17.011638 27.236313 41.641143 7.355778
-63.434239 153.280830 17.011638 27.236313 41.641143 7.351020
-63.434221 153.279503 17.011638 27.236313 41.641143 7.346263
-63.434203 153.278176 17.011638 27.236313 41.641143 7.341505
-63.434185 153.276850 17.011638 27.236313 41.641143 7.336748
-63.434167 153.275523 17.011638 27.236313 41.641143 7.331990
-63.434149 153.274196 17.011638 27.236313 41.641143 7.327233
-63.434131 153.272869 17.011638 27.236313 41.641143 7.322475
-63.434115 153.271542 17.011638 27.236313 41.641143 7.317717
-63.434097 153.270215 17.011638 27.236313 41.641143 7.312960
-63.434081 153.268888 17.011638 27.236313 41.641143 7.308202
-63.434063 153.267561 17.011638 27.236313 41.641143 7.303444
-63.434047 153.266234 17.011638 27.236313 41.641143 7.298686
-63.434030 153.264907 17.011638 27.236313 41.641143 7.293928
-63.434014 153.263580 17.011638 27.236313 41.641143 7.289171
-63.433998 153.262253 17.011638 27.236313 41.641143 7.284413
-63.433982 153.260925 17.011638 27.236313 41.641143 7.279655
-63.433966 153.259598 17.011638 27.236313 41.641143 7.274897
-63.433950 153.258271 17.011638 27.236313 41.641143 7.270139
-63.433934 153.256944 17.011638 27.236313 41.641143 7.265381
-63.433919 153.255616 17.011638 27.236313 41.641143 7.260622
-63.433903 153.254289 17.011638 27.236313 41.641143 7.255864
-63.433888 153.252961 17.011638 27.236313 41.641143 7.251106
-63.433874 153.251634 17.011638 27.236313 41.641143 7.246348
-63.433859 153.250306 17.011638 27.236313 41.641143 7.241589
-63.433844 153.248979 17.011638 27.236313 41.641143 7.236831
-63.433829 153.247652 17.011638 27.236313 41.641143 7.232073
-63.433816 153.246324 17.011638 27.236313 41.641143 7.227314
-63.433801 153.244996 17.011638 27.236313 41.641143 7.222556
-63.433788 153.243669 17.011638 27.236313 41.641143 7.217797
-63.433773 153.242341 17.011638 27.236313 41.641143 7.213039
-63.433760 153.241013 17.011638 27.236313 41.641143 7.208280
-63.433746 153.239686 17.011638 27.236313 41.641143 7.203522
-63.433733 153.238358 17.011638 27.236313 41.641143 7.198763
-63.433720 153.237030 17.011638 27.236313 41.641143 7.194004
-63.433706 153.235702 17.011638 27.236313 41.641143 7.189246
-63.433694 153.234374 17.011638 27.236313 41.641143 7.184487
-63.433681 153.233046 17.011638 27.236313 41.641143 7.179728
-63.433669 153.231718 17.011638 27.236313 41.641143 7.174969
-63.433656 153.230390 17.011638 27.236313 41.641143 7.170210
-63.433644 153.229062 17.011638 27.236313 41.641143 7.165451
-63.433632 153.227734 17.011638 27.236313 41.641143 7.160692
-63.433620 153.226406 17.011638 27.236313 41.641143 7.155933
-63.433608 153.225078 17.011638 27.236313 41.641143 7.151174
-63.433596 153.223750 17.011638 27.236313 41.641143 7.146415
-63.433585 153.222422 17.011638 27.236313 41.641143 7.141656
-63.433574 153.221094 17.011638 27.236313 41.641143 7.136897
-63.433562 153.219765 17.011638 27.236313 41.641143 7.132137
-63.433552 153.218437 17.011638 27.236313 41.641143 7.127378
-63.433540 153.217109 17.011638 27.236313 41.641143 7.122619
-63.433530 153.215780 17.011638 27.236313 41.641143 7.117859
-63.433519 153.214452 17.011638 27.236313 41.641143 7.113100
-63.433509 153.213123 17.011638 27.236313 41.641143 7.108340
-63.433499 153.211795 17.011638 27.236313 41.641143 7.103581
-63.433489 153.210467 17.011638 27.236313 41.641143 7.098821
-63.433479 153.209138 17.011638 27.236313 41.641143 7.094062
-63.433469 153.207809 17.011638 27.236313 41.641143 7.089302
-63.433460 153.206481 17.011638 27.236313 41.641143 7.084542
-63.433451 153.205152 17.011638 27.236313 41.641143 7.079783
-63.433442 153.203824 17.011638 27.236313 41.641143 7.075023
-63.433432 153.202495 17.011638 27.236313 41.641143 7.070263
-63.433423 153.201166 17.011638 27.236313 41.641143 7.065503
-63.433415 153.199837 17.011638 27.236313 41.641143 7.060743
-63.433406 153.198509 17.011638 27.236313 41.641143 7.055983
-63.433398 153.197180 17.011638 27.236313 41.641143 7.051223
-63.433390 153.195851 17.011638 27.236313 41.641143 7.046463
-63.433381 153.194522 17.011638 27.236313 41.641143 7.041703
-63.433374 153.193193 17.011638 27.236313 41.641143 7.036943
-63.433365 153.191864 17.011638 27.236313 41.641143 7.032182
-63.433358 153.190535 17.011638 27.236313 41.641143 7.027422
-63.433350 153.189206 17.011638 27.236313 41.641143 7.022662
-63.433343 153.187877 17.011638 27.236313 41.641143 7.017901
-63.433336 153.186548 17.011638 27.236313 41.641143 7.013141
-63.433329 153.185218 17.011638 27.236313 41.641143 7.008380
-63.433322 153.183889 17.011638 27.236313 41.641143 7.003620
-63.433316 153.182560 17.011638 27.236313 41.641143 6.998859
-63.433309 153.181231 17.011638 27.236313 41.641143 6.994099
-63.433303 153.179901 17.011638 27.236313 41.641143 6.989338
-63.433297 153.178572 17.011638 27.236313 41.641143 6.984577
-63.433291 153.177243 17.011638 27.236313 41.641143 6.979816
-63.433285 153.175913 17.011638 27.236313 41.641143 6.975056
-63.433279 153.174584 17.011638 27.236313 41.641143 6.970295
-63.433273 153.173254 17.011638 27.236313 41.641143 6.965534
-63.433268 153.171925 17.011638 27.236313 41.641143 6.960773
-63.433262 153.170595 17.011638 27.236313 41.641143 6.956012
-63.433258 153.169266 17.011638 27.236313 41.641143 6.951251
-63.433253 153.167936 17.011638 27.236313 41.641143 6.946489
-63.433248 153.166606 17.011638 27.236313 41.641143 6.941728
-63.433243 153.165277 17.011638 27.236313 41.641143 6.936967
-63.433239 153.163947 17.011638 27.236313 41.641143 6.932206
-63.433234 153.162617 17.011638 27.236313 41.641143 6.927444
-63.433231 153.161287 17.011638 27.236313 41.641143 6.922683
-63.433227 153.159957 17.011638 27.236313 41.641143 6.917921
-63.433222 153.158627 17.011638 27.236313 41.641143 6.913160
-63.433219 153.157297 17.011638 27.236313 41.641143 6.908398
-63.433216 153.155968 17.011638 27.236313 41.641143 6.903637
-63.433212 153.154638 17.011638 27.236313 41.641143 6.898875
-63.433209 153.153307 17.011638 27.236313 41.641143 6.894113
-63.433206 153.151977 17.011638 27.236313 41.641143 6.889351
-63.433203 153.150647 17.011638 27.236313 41.641143 6.884590
-63.433201 153.149317 17.011638 27.236313 41.641143 6.879828
-63.433198 153.147987 17.011638 27.236313 41.641143 6.875066
-63.433195 153.146657 17.011638 27.236313 41.641143 6.870304
-63.433194 153.145327 17.011638 27.236313 41.641143 6.865542
-63.433191 153.143996 17.011638 27.236313 41.641143 6.860779
-63.433189 153.142666 17.011638 27.236313 41.641143 6.856017
-63.433188 153.141335 17.011638 27.236313 41.641143 6.851255
-63.433186 153.140005 17.011638 27.236313 41.641143 6.846493
-63.433185 153.138674 17.011638 27.236313 41.641143 6.841730
-63.433183 153.137344 17.011638 27.236313 41.641143 6.836968
-63.433183 153.136014 17.011638 27.236313 41.641143 6.832206
-63.433182 153.134683 17.011638 27.236313 41.641143 6.827443
-63.433181 153.133352 17.011638 27.236313 41.641143 6.822680
-63.433180 153.132022 17.011638 27.236313 41.641143 6.817918
-63.433180 153.130691 17.011638 27.236313 41.641143 6.813155
-63.433179 153.129360 17.011638 27.236313 41.641143 6.808392
-63.433179 153.128030 17.011638 27.236313 41.641143 6.803630
-63.433179 153.126699 17.011638 27.236313 41.641143 6.798867
-63.433180 153.125368 17.011638 27.236313 41.641143 6.794104
-63.433180 153.124037 17.011638 27.236313 41.641143 6.789341
-63.433180 153.122706 17.011638 27.236313 41.641143 6.784578
-63.433182 153.121375 17.011638 27.236313 41.641143 6.779815
-63.433182 153.120044 17.011638 27.236313 41.641143 6.775051
-63.433183 153.118713 17.011638 27.236313 41.641143 6.770288
-63.433185 153.117382 17.011638 27.236313 41.641143 6.765525
-63.433186 153.116051 17.011638 27.236313 41.641143 6.760762
-63.433187 153.114720 17.011638 27.236313 41.641143 6.755998
-63.433189 153.113389 17.011638 27.236313 41.641143 6.751235
-63.433191 153.112057 17.011638 27.236313 41.641143 6.746471
-63.433192 153.110726 17.011638 27.236313 41.641143 6.741708
-63.433195 153.109395 17.011638 27.236313 41.641143 6.736944
-63.433197 153.108063 17.011638 27.236313 41.641143 6.732180
-63.433199 153.106732 17.011638 27.236313 41.641143 6.727416
-63.433202 153.105401 17.011638 27.236313 41.641143 6.722653
-63.433204 153.104069 17.011638 27.236313 41.641143 6.717889
-63.433207 153.102738 17.011638 27.236313 41.641143 6.713125
-63.433210 153.101406 17.011638 27.236313 41.641143 6.708361
-63.433214 153.100075 17.011638 27.236313 41.641143 6.703597
-63.433217 153.098743 17.011638 27.236313 41.641143 6.698833
-63.433220 153.097411 17.011638 27.236313 41.641143 6.694068
-63.433225 153.096080 17.011638 27.236313 41.641143 6.689304
-63.433228 153.094748 17.011638 27.236313 41.641143 6.684540
-63.433232 153.093416 17.011638 27.236313 41.641143 6.679775
-63.433237 153.092085 17.011638 27.236313 41.641143 6.675011
-63.433241 153.090753 17.011638 27.236313 41.641143 6.670246
-63.433245 153.089421 17.011638 27.236313 41.641143 6.665482
-63.433250 153.088089 17.011638 27.236313 41.641143 6.660717
-63.433255 153.086757 17.011638 27.236313 41.641143 6.655953
-63.433260 153.085425 17.011638 27.236313 41.641143 6.651188
-63.433265 153.084093 17.011638 27.236313 41.641143 6.646423
-63.433271 153.082761 17.011638 27.236313 41.641143 6.641658
-63.433275 153.081429 17.011638 27.236313 41.641143 6.636893
-63.433281 153.080097 17.011638 27.236313 41.641143 6.632128
-63.433287 153.078764 17.011638 27.236313 41.641143 6.627363
-63.433293 153.077432 17.011638 27.236313 41.641143 6.622598
-63.433299 153.076100 17.011638 27.236313 41.641143 6.617832
-63.433305 153.074768 17.011638 27.236313 41.641143 6.613067
-63.433312 153.073435 17.011638 27.236313 41.641143 6.608302
-63.433318 153.072103 17.011638 27.236313 41.641143 6.603536
-63.433326 153.070770 17.011638 27.236313 41.641143 6.598771
-63.433332 153.069438 17.011638 27.236313 41.641143 6.594005
-63.433339 153.068106 17.011638 27.236313 41.641143 6.589240
-63.433346 153.066773 17.011638 27.236313 41.641143 6.584474
-63.433354 153.065440 17.011638 27.236313 41.641143 6.579708
-63.433361 153.064108 17.011638 27.236313 41.641143 6.574942
-63.433369 153.062775 17.011638 27.236313 41.641143 6.570177
-63.433376 153.061442 17.011638 27.236313 41.641143 6.565411
-63.433385 153.060110 17.011638 27.236313 41.641143 6.560645
-63.433393 153.058777 17.011638 27.236313 41.641143 6.555878
-63.433402 153.057444 17.011638 27.236313 41.641143 6.551112
-63.433410 153.056111 17.011638 27.236313 41.641143 6.546346
-63.433418 153.054778 17.011638 27.236313 41.641143 6.541580
-63.433427 153.053445 17.011638 27.236313 41.641143 6.536813
-63.433436 153.052112 17.011638 27.236313 41.641143 6.532047
-63.433446 153.050779 17.011638 27.236313 41.641143 6.527280
-63.433455 153.049446 17.011638 27.236313 41.641143 6.522514
-63.433464 153.048113 17.011638 27.236313 41.641143 6.517747
-63.433474 153.046780 17.011638 27.236313 41.641143 6.512980
-63.433484 153.045447 17.011638 27.236313 41.641143 6.508214
-63.433494 153.044113 17.011638 27.236313 41.641143 6.503447
-63.433504 153.042780 17.011638 27.236313 41.641143 6.498680
-63.433515 153.041447 17.011638 27.236313 41.641143 6.493913
-63.433525 153.040114 17.011638 27.236313 41.641143 6.489146
-63.433535 153.038780 17.011638 27.236313 41.641143 6.484379
-63.433546 153.037447 17.011638 27.236313 41.641143 6.479611
-63.433557 153.036113 17.011638 27.236313 41.641143 6.474844
-63.433568 153.034780 17.011638 27.236313 41.641143 6.470077
-63.433579 153.033446 17.011638 27.236313 41.641143 6.465309
-63.433591 153.032113 17.011638 27.236313 41.641143 6.460542
-63.433602 153.030779 17.011638 27.236313 41.641143 6.455774
-63.433613 153.029445 17.011638 27.236313 41.641143 6.451006
-63.433625 153.028111 17.011638 27.236313 41.641143 6.446239
-63.433638 153.026778 17.011638 27.236313 41.641143 6.441471
-63.433650 153.025444 17.011638 27.236313 41.641143 6.436703
-63.433662 153.024110 17.011638 27.236313 41.641143 6.431935
-63.433674 153.022776 17.011638 27.236313 41.641143 6.427167
-63.433687 153.021442 17.011638 27.236313 41.641143 6.422399
-63.433701 153.020108 17.011638 27.236313 41.641143 6.417631
-63.433713 153.018774 17.011638 27.236313 41.641143 6.412863
-63.433726 153.017440 17.011638 27.236313 41.641143 6.408094
-63.433740 153.016106 17.011638 27.236313 41.641143 6.403326
-63.433753 153.014772 17.011638 27.236313 41.641143 6.398557
-63.433767 153.013438 17.011638 27.236313 41.641143 6.393789
-63.433780 153.012103 17.011638 27.236313 41.641143 6.389020
-63.433795 153.010769 17.011638 27.236313 41.641143 6.384252
-63.433808 153.009435 17.011638 27.236313 41.641143 6.379483
-63.433823 153.008100 17.011638 27.236313 41.641143 6.374714
-63.433837 153.006766 17.011638 27.236313 41.641143 6.369945
-63.433852 153.005432 17.011638 27.236313 41.641143 6.365176
-63.433866 153.004097 17.011638 27.236313 41.641143 6.360407
-63.433881 153.002763 17.011638 27.236313 41.641143 6.355638
-63.433896 153.001428 17.011638 27.236313 41.641143 6.350869
-63.433911 153.000093 17.011638 27.236313 41.641143 6.346099
-63.433927 152.998759 17.011638 27.236313 41.641143 6.341330
-63.433943 152.997424 17.011638 27.236313 41.641143 6.336560
-63.433959 152.996089 17.011638 27.236313 41.641143 6.331791
-63.433974 152.994754 17.011638 27.236313 41.641143 6.327021
-63.433990 152.993420 17.011638 27.236313 41.641143 6.322252
-63.434007 152.992085 17.011638 27.236313 41.641143 6.317482
-63.434023 152.990750 17.011638 27.236313 41.641143 6.312712
-63.434039 152.989415 17.011638 27.236313 41.641143 6.307942
-63.434056 152.988080 17.011638 27.236313 41.641143 6.303172
-63.434074 152.986745 17.011638 27.236313 41.641143 6.298402
-63.434090 152.985410 17.011638 27.236313 41.641143 6.293632
-63.434107 152.984075 17.011638 27.236313 41.641143 6.288862
-63.434124 152.982740 17.011638 27.236313 41.641143 6.284091
-63.434142 152.981404 17.011638 27.236313 41.641143 6.279321
