64.582853 155.001338 9.401701 -179.862048 32.204782 178.027185
64.583973 155.001258 9.402947 -179.862041 32.200583 178.027563
64.585092 155.001178 9.404193 -179.862033 32.196384 178.027941
64.586210 155.001099 9.405439 -179.862026 32.192184 178.028321
64.587329 155.001020 9.406684 -179.862018 32.187984 178.028699
64.588446 155.000941 9.407929 -179.862010 32.183784 178.029077
64.589564 155.000861 9.409174 -179.862003 32.179584 178.029457
64.590681 155.000781 9.410420 -179.861995 32.175384 178.029835
64.591798 155.000702 9.411665 -179.861988 32.171184 178.030214
64.592914 155.000622 9.412911 -179.861980 32.166983 178.030592
64.594030 155.000543 9.414156 -179.861972 32.162782 178.030971
64.595145 155.000464 9.415400 -179.861965 32.158581 178.031349
64.596261 155.000385 9.416645 -179.861958 32.154380 178.031729
64.597375 155.000305 9.417890 -179.861950 32.150178 178.032108
64.598489 155.000226 9.419136 -179.861943 32.145976 178.032486
64.599603 155.000146 9.420380 -179.861935 32.141774 178.032865
64.600716 155.000067 9.421624 -179.861928 32.137571 178.033244
64.601830 154.999987 9.422870 -179.861920 32.133369 178.033622
64.602942 154.999908 9.424114 -179.861913 32.129166 178.034001
64.604055 154.999828 9.425358 -179.861906 32.124963 178.034380
64.605166 154.999749 9.426603 -179.861898 32.120760 178.034759
64.606279 154.999670 9.427847 -179.861891 32.116557 178.035137
64.607389 154.999590 9.429092 -179.861884 32.112353 178.035517
64.608500 154.999510 9.430336 -179.861877 32.108149 178.035896
64.609610 154.999431 9.431580 -179.861869 32.103945 178.036274
64.610720 154.999351 9.432823 -179.861862 32.099741 178.036653
64.611829 154.999272 9.434068 -179.861855 32.095537 178.037031
64.612938 154.999193 9.435311 -179.861847 32.091332 178.037410
64.614047 154.999113 9.436555 -179.861840 32.087127 178.037790
64.615155 154.999034 9.437799 -179.861833 32.082921 178.038169
64.616263 154.998955 9.439043 -179.861826 32.078716 178.038548
64.617371 154.998876 9.440287 -179.861819 32.074510 178.038926
64.618478 154.998796 9.441530 -179.861812 32.070304 178.039305
64.619584 154.998716 9.442774 -179.861805 32.066098 178.039684
64.620690 154.998637 9.444017 -179.861797 32.061892 178.040063
64.621797 154.998558 9.445260 -179.861790 32.057686 178.040442
64.622902 154.998478 9.446504 -179.861783 32.053479 178.040822
64.624007 154.998399 9.447747 -179.861776 32.049272 178.041201
64.625112 154.998320 9.448990 -179.861769 32.045065 178.041579
64.626216 154.998240 9.450233 -179.861762 32.040858 178.041958
64.627319 154.998160 9.451476 -179.861755 32.036650 178.042338
64.628424 154.998081 9.452719 -179.861748 32.032443 178.042717
64.629527 154.998002 9.453962 -179.861741 32.028234 178.043095
64.630629 154.997922 9.455204 -179.861734 32.024025 178.043475
64.631731 154.997843 9.456447 -179.861727 32.019817 178.043854
64.632833 154.997764 9.457690 -179.861721 32.015608 178.044233
64.633934 154.997684 9.458933 -179.861714 32.011399 178.044612
64.635035 154.997605 9.460174 -179.861707 32.007190 178.044992
64.636137 154.997526 9.461417 -179.861700 32.002981 178.045371
64.637237 154.997446 9.462660 -179.861693 31.998772 178.045749
64.638337 154.997367 9.463902 -179.861686 31.994562 178.046129
64.639437 154.997288 9.465144 -179.861679 31.990352 178.046508
64.640536 154.997209 9.466386 -179.861673 31.986142 178.046888
64.641634 154.997130 9.467628 -179.861666 31.981931 178.047267
64.642733 154.997050 9.468870 -179.861659 31.977721 178.047646
64.643830 154.996971 9.470112 -179.861652 31.973509 178.048025
64.644928 154.996891 9.471354 -179.861645 31.969298 178.048404
64.646025 154.996812 9.472596 -179.861639 31.965087 178.048783
64.647122 154.996733 9.473837 -179.861632 31.960875 178.049163
64.648218 154.996653 9.475078 -179.861625 31.956663 178.049543
64.649314 154.996574 9.476320 -179.861619 31.952451 178.049922
64.650410 154.996494 9.477562 -179.861612 31.948239 178.050301
64.651505 154.996416 9.478803 -179.861605 31.944027 178.050681
64.652600 154.996336 9.480044 -179.861599 31.939814 178.051060
64.653694 154.996257 9.481285 -179.861592 31.935602 178.051439
64.654788 154.996177 9.482527 -179.861586 31.931388 178.051818
64.655882 154.996099 9.483768 -179.861579 31.927175 178.052198
64.656975 154.996019 9.485008 -179.861572 31.922962 178.052577
64.658068 154.995939 9.486250 -179.861566 31.918747 178.052957
64.659160 154.995861 9.487490 -179.861559 31.914533 178.053336
64.660252 154.995781 9.488731 -179.861553 31.910319 178.053715
64.661344 154.995702 9.489973 -179.861546 31.906105 178.054095
64.662435 154.995623 9.491213 -179.861540 31.901890 178.054474
64.663525 154.995543 9.492453 -179.861533 31.897675 178.054854
64.664616 154.995464 9.493694 -179.861527 31.893460 178.055234
64.665706 154.995384 9.494934 -179.861521 31.889245 178.055613
64.666796 154.995306 9.496175 -179.861514 31.885030 178.055993
64.667885 154.995226 9.497415 -179.861508 31.880814 178.056373
64.668974 154.995147 9.498655 -179.861502 31.876598 178.056752
64.670063 154.995067 9.499895 -179.861495 31.872382 178.057132
64.671150 154.994989 9.501135 -179.861489 31.868166 178.057511
64.672238 154.994909 9.502375 -179.861482 31.863948 178.057890
64.673326 154.994830 9.503616 -179.861476 31.859732 178.058270
64.674413 154.994751 9.504855 -179.861470 31.855515 178.058649
64.675499 154.994671 9.506095 -179.861463 31.851298 178.059029
64.676585 154.994592 9.507334 -179.861457 31.847080 178.059408
64.677671 154.994512 9.508574 -179.861451 31.842863 178.059789
64.678756 154.994434 9.509814 -179.861445 31.838645 178.060168
64.679841 154.994355 9.511053 -179.861439 31.834427 178.060548
64.680925 154.994275 9.512292 -179.861432 31.830208 178.060927
64.682009 154.994196 9.513532 -179.861426 31.825990 178.061308
64.683093 154.994117 9.514771 -179.861420 31.821771 178.061687
64.684177 154.994038 9.516010 -179.861414 31.817552 178.062067
64.685259 154.993958 9.517249 -179.861408 31.813333 178.062446
64.686342 154.993879 9.518488 -179.861402 31.809113 178.062826
64.687425 154.993800 9.519727 -179.861396 31.804893 178.063206
64.688507 154.993721 9.520966 -179.861390 31.800674 178.063586
64.689587 154.993642 9.522204 -179.861384 31.796454 178.063965
64.690669 154.993562 9.523444 -179.861378 31.792233 178.064345
64.691750 154.993483 9.524682 -179.861372 31.788013 178.064725
64.692829 154.993404 9.525921 -179.861366 31.783792 178.065105
64.693909 154.993325 9.527159 -179.861360 31.779572 178.065485
64.694989 154.993246 9.528398 -179.861354 31.775351 178.065865
64.696068 154.993167 9.529635 -179.861348 31.771129 178.066245
64.697147 154.993088 9.530874 -179.861342 31.766908 178.066624
64.698224 154.993008 9.532112 -179.861336 31.762686 178.067004
64.699303 154.992929 9.533351 -179.861330 31.758463 178.067384
64.700380 154.992850 9.534589 -179.861324 31.754241 178.067764
64.701457 154.992771 9.535826 -179.861318 31.750019 178.068144
64.702534 154.992692 9.537064 -179.861312 31.745796 178.068524
64.703610 154.992613 9.538302 -179.861306 31.741573 178.068903
64.704686 154.992533 9.539540 -179.861301 31.737350 178.069283
64.705762 154.992454 9.540777 -179.861295 31.733127 178.069663
64.706837 154.992375 9.542015 -179.861289 31.728904 178.070044
64.707912 154.992296 9.543253 -179.861283 31.724680 178.070424
64.708986 154.992217 9.544489 -179.861277 31.720456 178.070803
64.710060 154.992137 9.545727 -179.861272 31.716232 178.071183
64.711133 154.992058 9.546964 -179.861266 31.712008 178.071564
64.712207 154.991979 9.548202 -179.861260 31.707782 178.071944
64.713279 154.991901 9.549439 -179.861255 31.703557 178.072323
64.714352 154.991821 9.550675 -179.861249 31.699332 178.072704
64.715423 154.991742 9.551913 -179.861243 31.695107 178.073083
64.716496 154.991662 9.553149 -179.861238 31.690882 178.073464
64.717566 154.991583 9.554386 -179.861232 31.686656 178.073843
64.718638 154.991505 9.555623 -179.861226 31.682431 178.074224
64.719709 154.991425 9.556859 -179.861221 31.678205 178.074604
64.720778 154.991346 9.558096 -179.861215 31.673978 178.074984
64.721847 154.991267 9.559333 -179.861210 31.669752 178.075364
64.722917 154.991188 9.560569 -179.861204 31.665525 178.075744
64.723986 154.991109 9.561805 -179.861199 31.661298 178.076125
64.725055 154.991029 9.563042 -179.861193 31.657071 178.076505
64.726123 154.990951 9.564277 -179.861188 31.652843 178.076884
64.727190 154.990871 9.565514 -179.861182 31.648615 178.077265
64.728258 154.990793 9.566749 -179.861177 31.644388 178.077645
64.729324 154.990713 9.567985 -179.861171 31.640160 178.078026
64.730392 154.990634 9.569221 -179.861166 31.635932 178.078406
64.731457 154.990556 9.570457 -179.861160 31.631703 178.078785
64.732524 154.990476 9.571692 -179.861155 31.627475 178.079166
64.733589 154.990397 9.572929 -179.861150 31.623246 178.079546
64.734653 154.990318 9.574164 -179.861144 31.619017 178.079926
64.735719 154.990239 9.575399 -179.861139 31.614788 178.080307
64.736783 154.990160 9.576634 -179.861134 31.610558 178.080686
64.737847 154.990081 9.577870 -179.861128 31.606329 178.081067
64.738910 154.990002 9.579105 -179.861123 31.602098 178.081448
64.739973 154.989923 9.580340 -179.861118 31.597868 178.081828
64.741035 154.989844 9.581575 -179.861113 31.593637 178.082209
64.742098 154.989765 9.582811 -179.861107 31.589407 178.082589
64.743160 154.989686 9.584045 -179.861102 31.585176 178.082969
64.744222 154.989606 9.585280 -179.861097 31.580945 178.083350
64.745283 154.989528 9.586514 -179.861092 31.576714 178.083729
64.746343 154.989449 9.587749 -179.861087 31.572483 178.084111
64.747405 154.989369 9.588984 -179.861081 31.568251 178.084490
64.748464 154.989291 9.590218 -179.861076 31.564019 178.084871
64.749524 154.989212 9.591453 -179.861071 31.559787 178.085251
64.750583 154.989133 9.592687 -179.861066 31.555555 178.085632
64.751642 154.989053 9.593921 -179.861061 31.551322 178.086012
64.752700 154.988975 9.595155 -179.861056 31.547089 178.086393
64.753758 154.988896 9.596390 -179.861051 31.542856 178.086773
64.754816 154.988817 9.597624 -179.861046 31.538623 178.087154
64.755874 154.988737 9.598857 -179.861041 31.534390 178.087534
64.756930 154.988658 9.600091 -179.861036 31.530157 178.087915
64.757987 154.988580 9.601325 -179.861031 31.525923 178.088295
64.759044 154.988501 9.602559 -179.861026 31.521689 178.088676
64.760099 154.988422 9.603792 -179.861021 31.517455 178.089057
64.761154 154.988343 9.605026 -179.861016 31.513221 178.089436
64.762209 154.988264 9.606260 -179.861011 31.508986 178.089818
64.763263 154.988185 9.607493 -179.861006 31.504751 178.090198
64.764318 154.988106 9.608726 -179.861001 31.500515 178.090578
64.765372 154.988027 9.609960 -179.860996 31.496280 178.090959
64.766425 154.987947 9.611192 -179.860992 31.492045 178.091340
64.767478 154.987868 9.612426 -179.860987 31.487809 178.091721
64.768531 154.987789 9.613658 -179.860982 31.483573 178.092101
64.769583 154.987711 9.614891 -179.860977 31.479337 178.092482
64.770636 154.987633 9.616124 -179.860972 31.475101 178.092862
64.771687 154.987554 9.617357 -179.860967 31.470865 178.093243
64.772738 154.987475 9.618589 -179.860963 31.466628 178.093623
64.773789 154.987396 9.619822 -179.860958 31.462391 178.094004
64.774839 154.987317 9.621054 -179.860953 31.458154 178.094385
64.775890 154.987238 9.622286 -179.860948 31.453917 178.094765
64.776939 154.987158 9.623519 -179.860944 31.449679 178.095146
64.777988 154.987079 9.624752 -179.860939 31.445441 178.095527
64.779037 154.987001 9.625984 -179.860934 31.441203 178.095908
64.780085 154.986922 9.627215 -179.860930 31.436965 178.096289
64.781133 154.986843 9.628448 -179.860925 31.432726 178.096669
64.782181 154.986764 9.629680 -179.860921 31.428488 178.097050
64.783229 154.986685 9.630912 -179.860916 31.424249 178.097430
64.784276 154.986607 9.632143 -179.860911 31.420010 178.097812
64.785322 154.986527 9.633375 -179.860907 31.415771 178.098193
64.786368 154.986448 9.634606 -179.860902 31.411532 178.098573
64.787414 154.986370 9.635838 -179.860897 31.407292 178.098954
64.788460 154.986291 9.637069 -179.860893 31.403052 178.099335
64.789504 154.986212 9.638300 -179.860889 31.398811 178.099715
64.790549 154.986133 9.639532 -179.860884 31.394571 178.100096
64.791593 154.986054 9.640763 -179.860880 31.390331 178.100477
64.792637 154.985975 9.641994 -179.860875 31.386090 178.100858
64.793681 154.985897 9.643225 -179.860871 31.381849 178.101239
64.794724 154.985817 9.644456 -179.860866 31.377608 178.101620
64.795767 154.985739 9.645687 -179.860862 31.373367 178.102001
64.796810 154.985660 9.646917 -179.860857 31.369125 178.102382
64.797852 154.985581 9.648148 -179.860853 31.364884 178.102764
64.798893 154.985502 9.649379 -179.860849 31.360642 178.103144
64.799934 154.985424 9.650609 -179.860844 31.356400 178.103525
64.800975 154.985344 9.651839 -179.860840 31.352157 178.103906
64.802016 154.985266 9.653070 -179.860836 31.347914 178.104287
64.803056 154.985187 9.654301 -179.860832 31.343671 178.104668
64.804095 154.985108 9.655530 -179.860827 31.339428 178.105049
64.805135 154.985029 9.656761 -179.860823 31.335185 178.105430
64.806174 154.984950 9.657990 -179.860819 31.330942 178.105810
64.807212 154.984872 9.659221 -179.860815 31.326698 178.106191
64.808250 154.984793 9.660450 -179.860810 31.322455 178.106572
64.809288 154.984714 9.661680 -179.860806 31.318211 178.106953
64.810326 154.984635 9.662909 -179.860802 31.313966 178.107334
64.811363 154.984556 9.664139 -179.860798 31.309722 178.107716
64.812399 154.984478 9.665369 -179.860794 31.305477 178.108097
64.813436 154.984399 9.666598 -179.860790 31.301232 178.108478
64.814472 154.984320 9.667827 -179.860785 31.296987 178.108859
64.815507 154.984241 9.669057 -179.860781 31.292741 178.109239
64.816542 154.984163 9.670286 -179.860777 31.288496 178.109621
64.817577 154.984084 9.671515 -179.860773 31.284250 178.110002
64.818612 154.984004 9.672744 -179.860769 31.280005 178.110383
64.819646 154.983926 9.673973 -179.860765 31.275758 178.110765
64.820679 154.983847 9.675202 -179.860761 31.271512 178.111146
64.821713 154.983769 9.676431 -179.860757 31.267266 178.111526
64.822746 154.983690 9.677659 -179.860753 31.263019 178.111907
64.823777 154.983611 9.678888 -179.860749 31.258772 178.112290
64.824809 154.983533 9.680117 -179.860745 31.254525 178.112671
64.825841 154.983454 9.681344 -179.860741 31.250277 178.113051
64.826873 154.983375 9.682573 -179.860738 31.246029 178.113433
64.827904 154.983296 9.683801 -179.860734 31.241782 178.113814
64.828934 154.983217 9.685029 -179.860730 31.237534 178.114194
64.829965 154.983138 9.686257 -179.860726 31.233286 178.114576
64.830995 154.983060 9.687485 -179.860722 31.229037 178.114957
64.832024 154.982981 9.688713 -179.860718 31.224789 178.115339
64.833053 154.982903 9.689941 -179.860714 31.220540 178.115719
64.834082 154.982824 9.691169 -179.860711 31.216291 178.116102
64.835110 154.982745 9.692397 -179.860707 31.212042 178.116483
64.836139 154.982667 9.693624 -179.860703 31.207793 178.116864
64.837165 154.982588 9.694851 -179.860699 31.203542 178.117246
64.838193 154.982509 9.696079 -179.860696 31.199292 178.117626
64.839220 154.982430 9.697306 -179.860692 31.195042 178.118008
64.840246 154.982351 9.698534 -179.860688 31.190792 178.118390
64.841272 154.982272 9.699761 -179.860684 31.186542 178.118771
64.842298 154.982195 9.700987 -179.860681 31.182291 178.119152
64.843324 154.982116 9.702214 -179.860677 31.178040 178.119533
64.844348 154.982037 9.703442 -179.860674 31.173789 178.119915
64.845372 154.981958 9.704668 -179.860670 31.169538 178.120296
64.846397 154.981880 9.705895 -179.860666 31.165287 178.120678
64.847421 154.981801 9.707122 -179.860663 31.161035 178.121058
64.848444 154.981722 9.708347 -179.860659 31.156783 178.121440
64.849468 154.981644 9.709574 -179.860656 31.152530 178.121821
64.850490 154.981565 9.710800 -179.860652 31.148278 178.122203
64.851513 154.981486 9.712026 -179.860649 31.144026 178.122584
64.852534 154.981408 9.713253 -179.860645 31.139773 178.122966
64.853556 154.981329 9.714479 -179.860642 31.135520 178.123347
64.854577 154.981250 9.715705 -179.860638 31.131267 178.123729
64.855598 154.981172 9.716931 -179.860635 31.127014 178.124111
64.856619 154.981093 9.718157 -179.860631 31.122760 178.124492
64.857639 154.981015 9.719383 -179.860628 31.118507 178.124873
64.858658 154.980936 9.720609 -179.860624 31.114253 178.125254
64.859677 154.980858 9.721834 -179.860621 31.109999 178.125636
64.860697 154.980779 9.723059 -179.860617 31.105743 178.126017
64.861715 154.980701 9.724285 -179.860614 31.101489 178.126400
64.862734 154.980622 9.725510 -179.860611 31.097234 178.126781
64.863751 154.980544 9.726735 -179.860608 31.092979 178.127162
64.864768 154.980464 9.727960 -179.860604 31.088724 178.127545
64.865786 154.980386 9.729185 -179.860601 31.084469 178.127926
64.866802 154.980307 9.730411 -179.860598 31.080213 178.128307
64.867819 154.980229 9.731635 -179.860594 31.075958 178.128689
64.868835 154.980151 9.732859 -179.860591 31.071702 178.129070
64.869850 154.980071 9.734084 -179.860588 31.067446 178.129452
64.870865 154.979993 9.735309 -179.860585 31.063189 178.129833
64.871880 154.979915 9.736534 -179.860582 31.058932 178.130216
64.872895 154.979836 9.737758 -179.860578 31.054675 178.130597
64.873908 154.979758 9.738983 -179.860575 31.050418 178.130978
64.874922 154.979679 9.740206 -179.860572 31.046161 178.131359
64.875936 154.979601 9.741431 -179.860569 31.041904 178.131742
64.876949 154.979522 9.742655 -179.860566 31.037646 178.132124
64.877961 154.979443 9.743879 -179.860563 31.033388 178.132505
64.878973 154.979365 9.745103 -179.860560 31.029130 178.132887
64.879985 154.979287 9.746327 -179.860556 31.024872 178.133269
64.880997 154.979208 9.747550 -179.860553 31.020614 178.133651
64.882009 154.979129 9.748774 -179.860550 31.016355 178.134032
64.883018 154.979051 9.749998 -179.860548 31.012095 178.134414
64.884029 154.978972 9.751221 -179.860544 31.007836 178.134795
64.885039 154.978894 9.752444 -179.860541 31.003577 178.135177
64.886049 154.978815 9.753667 -179.860538 30.999318 178.135559
64.887058 154.978737 9.754890 -179.860536 30.995058 178.135941
64.888067 154.978658 9.756113 -179.860532 30.990799 178.136323
64.889076 154.978580 9.757336 -179.860530 30.986539 178.136704
64.890084 154.978502 9.758559 -179.860527 30.982278 178.137086
64.891091 154.978423 9.759783 -179.860524 30.978018 178.137468
64.892099 154.978345 9.761005 -179.860521 30.973757 178.137849
64.893106 154.978266 9.762227 -179.860518 30.969497 178.138232
64.894113 154.978188 9.763450 -179.860515 30.965235 178.138614
64.895118 154.978109 9.764673 -179.860513 30.960973 178.138996
64.896124 154.978031 9.765894 -179.860510 30.956712 178.139377
64.897130 154.977952 9.767117 -179.860507 30.952450 178.139759
64.898136 154.977874 9.768339 -179.860504 30.948189 178.140141
64.899140 154.977796 9.769561 -179.860501 30.943927 178.140522
64.900144 154.977717 9.770784 -179.860499 30.939664 178.140905
64.901149 154.977639 9.772005 -179.860496 30.935402 178.141287
64.902152 154.977560 9.773227 -179.860493 30.931139 178.141668
64.903155 154.977481 9.774449 -179.860490 30.926877 178.142051
64.904158 154.977404 9.775670 -179.860488 30.922614 178.142433
64.905161 154.977325 9.776892 -179.860485 30.918350 178.142814
64.906163 154.977246 9.778114 -179.860483 30.914086 178.143197
64.907165 154.977168 9.779335 -179.860480 30.909822 178.143578
64.908167 154.977090 9.780556 -179.860477 30.905559 178.143959
64.909168 154.977011 9.781777 -179.860475 30.901295 178.144342
64.910168 154.976933 9.782998 -179.860472 30.897030 178.144723
64.911169 154.976855 9.784220 -179.860469 30.892766 178.145106
64.912169 154.976776 9.785440 -179.860467 30.888501 178.145488
64.913168 154.976698 9.786662 -179.860464 30.884236 178.145870
64.914167 154.976620 9.787882 -179.860462 30.879971 178.146252
64.915167 154.976541 9.789102 -179.860459 30.875706 178.146633
64.916165 154.976463 9.790323 -179.860457 30.871441 178.147016
64.917163 154.976384 9.791544 -179.860454 30.867174 178.147398
64.918161 154.976306 9.792764 -179.860452 30.862908 178.147780
64.919159 154.976227 9.793984 -179.860450 30.858642 178.148162
64.920155 154.976150 9.795205 -179.860447 30.854376 178.148544
64.921152 154.976071 9.796425 -179.860445 30.850110 178.148926
64.922148 154.975993 9.797645 -179.860442 30.845843 178.149308
64.923145 154.975914 9.798864 -179.860440 30.841576 178.149690
64.924140 154.975836 9.800084 -179.860438 30.837309 178.150072
64.925135 154.975758 9.801304 -179.860435 30.833042 178.150455
64.926130 154.975679 9.802524 -179.860433 30.828775 178.150837
64.927124 154.975601 9.803744 -179.860431 30.824506 178.151219
64.928118 154.975524 9.804963 -179.860428 30.820238 178.151600
64.929112 154.975445 9.806182 -179.860426 30.815970 178.151983
64.930106 154.975367 9.807401 -179.860424 30.811702 178.152364
64.931098 154.975289 9.808621 -179.860422 30.807433 178.152747
64.932091 154.975210 9.809839 -179.860419 30.803165 178.153129
64.933084 154.975131 9.811059 -179.860417 30.798896 178.153512
64.934075 154.975053 9.812278 -179.860415 30.794627 178.153894
64.935067 154.974975 9.813497 -179.860413 30.790358 178.154277
64.936058 154.974896 9.814715 -179.860411 30.786088 178.154658
64.937048 154.974818 9.815934 -179.860409 30.781819 178.155041
64.938039 154.974740 9.817152 -179.860406 30.777548 178.155422
64.939029 154.974662 9.818370 -179.860404 30.773278 178.155804
64.940019 154.974584 9.819588 -179.860402 30.769008 178.156187
64.941008 154.974506 9.820807 -179.860400 30.764737 178.156569
64.941997 154.974427 9.822026 -179.860398 30.760467 178.156952
64.942986 154.974349 9.823243 -179.860396 30.756196 178.157334
64.943974 154.974270 9.824461 -179.860394 30.751925 178.157717
64.944962 154.974192 9.825679 -179.860392 30.747654 178.158098
64.945950 154.974114 9.826897 -179.860390 30.743382 178.158481
64.946936 154.974036 9.828114 -179.860388 30.739111 178.158863
64.947923 154.973958 9.829332 -179.860386 30.734839 178.159245
64.948910 154.973880 9.830550 -179.860384 30.730566 178.159627
64.949896 154.973801 9.831767 -179.860382 30.726294 178.160010
64.950881 154.973723 9.832985 -179.860380 30.722021 178.160392
64.951867 154.973645 9.834201 -179.860378 30.717749 178.160774
64.952852 154.973567 9.835419 -179.860376 30.713476 178.161157
64.953836 154.973489 9.836636 -179.860374 30.709203 178.161539
64.954821 154.973411 9.837853 -179.860373 30.704930 178.161922
64.955805 154.973333 9.839070 -179.860371 30.700656 178.162304
64.956788 154.973254 9.840286 -179.860369 30.696383 178.162686
64.957771 154.973176 9.841503 -179.860367 30.692109 178.163069
64.958754 154.973098 9.842720 -179.860365 30.687835 178.163451
64.959736 154.973020 9.843936 -179.860363 30.683560 178.163834
64.960718 154.972942 9.845152 -179.860362 30.679285 178.164215
64.961700 154.972864 9.846369 -179.860360 30.675011 178.164598
64.962682 154.972785 9.847584 -179.860358 30.670736 178.164981
64.963662 154.972708 9.848801 -179.860356 30.666461 178.165363
64.964643 154.972629 9.850017 -179.860355 30.662186 178.165746
64.965623 154.972551 9.851232 -179.860353 30.657911 178.166128
64.966602 154.972474 9.852449 -179.860351 30.653635 178.166510
64.967582 154.972395 9.853664 -179.860350 30.649359 178.166892
64.968561 154.972317 9.854880 -179.860348 30.645083 178.167275
64.969540 154.972239 9.856095 -179.860347 30.640807 178.167658
64.970518 154.972161 9.857311 -179.860345 30.636530 178.168040
64.971497 154.972083 9.858526 -179.860343 30.632253 178.168422
64.972475 154.972005 9.859741 -179.860342 30.627977 178.168805
64.973451 154.971926 9.860956 -179.860340 30.623700 178.169188
64.974428 154.971849 9.862171 -179.860339 30.619423 178.169570
64.975405 154.971770 9.863386 -179.860337 30.615145 178.169953
64.976381 154.971692 9.864602 -179.860336 30.610868 178.170335
64.977357 154.971614 9.865816 -179.860334 30.606590 178.170718
64.978333 154.971536 9.867031 -179.860333 30.602312 178.171100
64.979308 154.971459 9.868245 -179.860331 30.598034 178.171483
64.980282 154.971380 9.869460 -179.860330 30.593755 178.171865
64.981257 154.971302 9.870675 -179.860328 30.589476 178.172248
64.982230 154.971224 9.871889 -179.860327 30.585197 178.172631
64.983204 154.971146 9.873102 -179.860326 30.580919 178.173013
64.984178 154.971068 9.874317 -179.860324 30.576639 178.173396
64.985151 154.970990 9.875531 -179.860323 30.572360 178.173778
64.986124 154.970912 9.876744 -179.860321 30.568081 178.174160
64.987095 154.970834 9.877958 -179.860320 30.563801 178.174544
64.988068 154.970756 9.879172 -179.860319 30.559521 178.174926
64.989039 154.970678 9.880386 -179.860317 30.555241 178.175309
64.990010 154.970600 9.881599 -179.860316 30.550961 178.175692
64.990981 154.970522 9.882812 -179.860315 30.546679 178.176075
64.991952 154.970444 9.884026 -179.860314 30.542399 178.176457
64.992921 154.970366 9.885239 -179.860313 30.538118 178.176840
64.993891 154.970288 9.886452 -179.860311 30.533837 178.177222
64.994861 154.970210 9.887666 -179.860310 30.529556 178.177605
64.995830 154.970132 9.888878 -179.860309 30.525274 178.177987
64.996799 154.970054 9.890090 -179.860308 30.520993 178.178370
64.997766 154.969977 9.891304 -179.860307 30.516711 178.178753
64.998734 154.969899 9.892517 -179.860305 30.512429 178.179135
64.999702 154.969821 9.893728 -179.860304 30.508147 178.179518
65.000669 154.969743 9.894941 -179.860303 30.503863 178.179901
65.001636 154.969665 9.896153 -179.860302 30.499581 178.180283
65.002603 154.969587 9.897365 -179.860301 30.495298 178.180666
65.003569 154.969509 9.898578 -179.860300 30.491015 178.181049
65.004534 154.969431 9.899790 -179.860299 30.486732 178.181432
65.005500 154.969353 9.901002 -179.860298 30.482448 178.181815
65.006465 154.969275 9.902214 -179.860297 30.478165 178.182198
65.007429 154.969197 9.903425 -179.860296 30.473881 178.182581
65.008393 154.969119 9.904637 -179.860295 30.469597 178.182964
65.009358 154.969041 9.905849 -179.860294 30.465313 178.183346
65.010321 154.968963 9.907060 -179.860293 30.461029 178.183729
65.011284 154.968885 9.908272 -179.860292 30.456743 178.184112
65.012247 154.968807 9.909483 -179.860291 30.452458 178.184494
65.013210 154.968730 9.910694 -179.860290 30.448173 178.184877
65.014172 154.968652 9.911905 -179.860289 30.443888 178.185260
65.015134 154.968574 9.913116 -179.860288 30.439603 178.185642
65.016095 154.968496 9.914327 -179.860288 30.435317 178.186025
65.017056 154.968419 9.915537 -179.860287 30.431032 178.186408
65.018017 154.968341 9.916748 -179.860286 30.426746 178.186791
65.018978 154.968263 9.917959 -179.860285 30.422460 178.187173
65.019937 154.968185 9.919169 -179.860284 30.418174 178.187557
65.020897 154.968107 9.920380 -179.860284 30.413886 178.187940
65.021857 154.968029 9.921590 -179.860283 30.409599 178.188322
65.022816 154.967952 9.922800 -179.860282 30.405313 178.188705
65.023775 154.967874 9.924010 -179.860281 30.401026 178.189089
65.024732 154.967796 9.925220 -179.860281 30.396738 178.189471
65.025690 154.967718 9.926430 -179.860280 30.392451 178.189853
65.026648 154.967640 9.927640 -179.860279 30.388163 178.190237
65.027605 154.967563 9.928849 -179.860279 30.383875 178.190620
65.028561 154.967485 9.930059 -179.860278 30.379587 178.191002
65.029518 154.967407 9.931268 -179.860277 30.375299 178.191386
65.030474 154.967329 9.932477 -179.860277 30.371011 178.191768
65.031430 154.967252 9.933687 -179.860276 30.366721 178.192152
65.032386 154.967174 9.934896 -179.860275 30.362433 178.192534
65.033341 154.967096 9.936105 -179.860275 30.358144 178.192917
65.034295 154.967018 9.937314 -179.860274 30.353854 178.193300
65.035249 154.966940 9.938524 -179.860274 30.349565 178.193683
65.036203 154.966863 9.939732 -179.860273 30.345276 178.194067
65.037157 154.966785 9.940940 -179.860273 30.340986 178.194449
65.038111 154.966707 9.942149 -179.860272 30.336696 178.194832
65.039063 154.966630 9.943357 -179.860272 30.332406 178.195216
65.040015 154.966552 9.944566 -179.860271 30.328116 178.195598
65.040968 154.966474 9.945775 -179.860271 30.323824 178.195982
65.041920 154.966397 9.946982 -179.860271 30.319533 178.196365
65.042871 154.966319 9.948190 -179.860270 30.315242 178.196747
65.043822 154.966241 9.949398 -179.860270 30.310951 178.197130
65.044773 154.966163 9.950607 -179.860269 30.306660 178.197514
65.045723 154.966086 9.951814 -179.860269 30.302369 178.197897
65.046673 154.966008 9.953021 -179.860269 30.298077 178.198280
65.047623 154.965931 9.954229 -179.860268 30.293785 178.198663
65.048573 154.965853 9.955436 -179.860268 30.289493 178.199046
65.049522 154.965775 9.956644 -179.860268 30.285201 178.199428
65.050471 154.965697 9.957851 -179.860267 30.280908 178.199811
65.051418 154.965620 9.959058 -179.860267 30.276615 178.200195
65.052366 154.965542 9.960266 -179.860267 30.272322 178.200578
65.053314 154.965465 9.961473 -179.860267 30.268029 178.200960
65.054261 154.965387 9.962679 -179.860266 30.263736 178.201344
65.055208 154.965309 9.963886 -179.860266 30.259443 178.201727
65.056155 154.965232 9.965093 -179.860266 30.255149 178.202111
65.057101 154.965154 9.966299 -179.860266 30.250856 178.202494
65.058047 154.965076 9.967506 -179.860266 30.246562 178.202877
65.058991 154.964999 9.968712 -179.860265 30.242267 178.203260
65.059937 154.964921 9.969919 -179.860265 30.237973 178.203643
65.060881 154.964843 9.971124 -179.860265 30.233678 178.204026
65.061826 154.964767 9.972331 -179.860265 30.229383 178.204409
65.062770 154.964689 9.973536 -179.860265 30.225088 178.204793
65.063714 154.964611 9.974742 -179.860265 30.220793 178.205176
65.064657 154.964534 9.975948 -179.860265 30.216498 178.205558
65.065600 154.964456 9.977154 -179.860265 30.212202 178.205942
65.066543 154.964378 9.978359 -179.860265 30.207907 178.206326
65.067485 154.964301 9.979564 -179.860265 30.203611 178.206708
65.068426 154.964223 9.980770 -179.860265 30.199315 178.207092
65.069368 154.964146 9.981975 -179.860265 30.195019 178.207474
65.070309 154.964068 9.983181 -179.860265 30.190721 178.207858
65.071250 154.963991 9.984385 -179.860265 30.186425 178.208241
65.072191 154.963913 9.985590 -179.860265 30.182128 178.208624
65.073131 154.963835 9.986795 -179.860265 30.177831 178.209008
65.074071 154.963758 9.988000 -179.860265 30.173534 178.209390
65.075010 154.963681 9.989205 -179.860266 30.169237 178.209774
