64.645218 155.849106 -10.850277 179.974287 -26.150529 -179.992406
64.647175 155.848745 -10.851159 179.974175 -26.154366 -179.992363
64.649135 155.848385 -10.852041 179.974062 -26.158203 -179.992320
64.651097 155.848025 -10.852919 179.973947 -26.162041 -179.992276
64.653063 155.847667 -10.853796 179.973834 -26.165880 -179.992234
64.655031 155.847309 -10.854670 179.973721 -26.169720 -179.992191
64.657000 155.846951 -10.855541 179.973607 -26.173561 -179.992147
64.658974 155.846594 -10.856411 179.973493 -26.177403 -179.992104
64.660950 155.846237 -10.857279 179.973379 -26.181246 -179.992060
64.662927 155.845881 -10.858144 179.973265 -26.185090 -179.992017
64.664907 155.845525 -10.859008 179.973150 -26.188934 -179.991973
64.666890 155.845170 -10.859868 179.973036 -26.192780 -179.991929
64.668876 155.844816 -10.860728 179.972920 -26.196626 -179.991885
64.670864 155.844462 -10.861584 179.972806 -26.200474 -179.991841
64.672854 155.844109 -10.862440 179.972691 -26.204322 -179.991797
64.674847 155.843757 -10.863291 179.972575 -26.208171 -179.991753
64.676842 155.843405 -10.864142 179.972461 -26.212021 -179.991709
64.678839 155.843053 -10.864990 179.972345 -26.215872 -179.991665
64.680839 155.842702 -10.865836 179.972228 -26.219723 -179.991619
64.682843 155.842352 -10.866681 179.972113 -26.223575 -179.991575
64.684847 155.842002 -10.867523 179.971997 -26.227429 -179.991531
64.686855 155.841653 -10.868363 179.971881 -26.231284 -179.991485
64.688865 155.841305 -10.869200 179.971765 -26.235139 -179.991441
64.690877 155.840957 -10.870036 179.971649 -26.238995 -179.991397
64.692891 155.840609 -10.870870 179.971532 -26.242852 -179.991351
64.694909 155.840262 -10.871702 179.971415 -26.246710 -179.991306
64.696928 155.839916 -10.872531 179.971299 -26.250569 -179.991261
64.698951 155.839570 -10.873359 179.971182 -26.254429 -179.991216
64.700975 155.839225 -10.874184 179.971064 -26.258289 -179.991170
64.703001 155.838880 -10.875007 179.970947 -26.262151 -179.991125
64.705030 155.838536 -10.875829 179.970830 -26.266013 -179.991079
64.707062 155.838193 -10.876648 179.970712 -26.269876 -179.991033
64.709096 155.837849 -10.877465 179.970594 -26.273740 -179.990987
64.711132 155.837507 -10.878281 179.970476 -26.277605 -179.990942
64.713170 155.837165 -10.879094 179.970358 -26.281471 -179.990897
64.715211 155.836823 -10.879905 179.970240 -26.285337 -179.990850
64.717254 155.836483 -10.880714 179.970122 -26.289204 -179.990805
64.719300 155.836143 -10.881520 179.970004 -26.293073 -179.990758
64.721348 155.835803 -10.882327 179.969886 -26.296942 -179.990713
64.723397 155.835464 -10.883129 179.969767 -26.300812 -179.990665
64.725449 155.835125 -10.883930 179.969648 -26.304683 -179.990619
64.727504 155.834786 -10.884729 179.969529 -26.308554 -179.990573
64.729561 155.834449 -10.885526 179.969410 -26.312427 -179.990527
64.731620 155.834112 -10.886322 179.969291 -26.316299 -179.990480
64.733682 155.833775 -10.887115 179.969171 -26.320173 -179.990433
64.735745 155.833440 -10.887906 179.969051 -26.324048 -179.990387
64.737811 155.833104 -10.888697 179.968931 -26.327924 -179.990339
64.739880 155.832768 -10.889484 179.968812 -26.331800 -179.990292
64.741950 155.832434 -10.890269 179.968692 -26.335678 -179.990245
64.744023 155.832100 -10.891053 179.968572 -26.339556 -179.990198
64.746097 155.831767 -10.891835 179.968452 -26.343435 -179.990151
64.748175 155.831435 -10.892614 179.968332 -26.347315 -179.990104
64.750253 155.831101 -10.893392 179.968210 -26.351196 -179.990056
64.752335 155.830770 -10.894168 179.968090 -26.355077 -179.990008
64.754419 155.830439 -10.894942 179.967970 -26.358960 -179.989961
64.756505 155.830108 -10.895714 179.967848 -26.362843 -179.989913
64.758593 155.829777 -10.896484 179.967727 -26.366727 -179.989865
64.760683 155.829447 -10.897253 179.967606 -26.370612 -179.989818
64.762775 155.829118 -10.898019 179.967484 -26.374497 -179.989770
64.764870 155.828790 -10.898784 179.967363 -26.378383 -179.989722
64.766966 155.828462 -10.899546 179.967242 -26.382271 -179.989674
64.769066 155.828133 -10.900308 179.967120 -26.386159 -179.989626
64.771166 155.827806 -10.901066 179.966998 -26.390047 -179.989577
64.773270 155.827480 -10.901824 179.966876 -26.393937 -179.989529
64.775374 155.827154 -10.902580 179.966754 -26.397827 -179.989482
64.777482 155.826827 -10.903332 179.966632 -26.401718 -179.989434
64.779591 155.826503 -10.904084 179.966510 -26.405609 -179.989385
64.781703 155.826178 -10.904834 179.966387 -26.409502 -179.989336
64.783816 155.825854 -10.905582 179.966265 -26.413395 -179.989288
64.785932 155.825530 -10.906328 179.966142 -26.417290 -179.989239
64.788050 155.825207 -10.907073 179.966019 -26.421185 -179.989190
64.790170 155.824883 -10.907815 179.965896 -26.425080 -179.989141
64.792292 155.824561 -10.908556 179.965772 -26.428977 -179.989092
64.794415 155.824240 -10.909295 179.965650 -26.432874 -179.989043
64.796541 155.823918 -10.910032 179.965526 -26.436773 -179.988993
64.798670 155.823597 -10.910767 179.965402 -26.440671 -179.988945
64.800800 155.823277 -10.911502 179.965279 -26.444571 -179.988895
64.802931 155.822957 -10.912234 179.965155 -26.448471 -179.988845
64.805066 155.822638 -10.912963 179.965031 -26.452373 -179.988797
64.807202 155.822319 -10.913692 179.964907 -26.456275 -179.988747
64.809340 155.822001 -10.914419 179.964784 -26.460177 -179.988698
64.811480 155.821683 -10.915143 179.964659 -26.464081 -179.988648
64.813623 155.821366 -10.915867 179.964535 -26.467985 -179.988598
64.815767 155.821048 -10.916588 179.964410 -26.471890 -179.988548
64.817913 155.820732 -10.917307 179.964285 -26.475795 -179.988498
64.820061 155.820416 -10.918025 179.964161 -26.479702 -179.988449
64.822211 155.820100 -10.918742 179.964036 -26.483608 -179.988399
64.824363 155.819785 -10.919457 179.963911 -26.487516 -179.988349
64.826516 155.819470 -10.920169 179.963786 -26.491425 -179.988298
64.828673 155.819156 -10.920881 179.963660 -26.495334 -179.988248
64.830830 155.818842 -10.921590 179.963535 -26.499244 -179.988198
64.832990 155.818529 -10.922298 179.963410 -26.503155 -179.988148
64.835152 155.818217 -10.923004 179.963284 -26.507067 -179.988098
64.837315 155.817904 -10.923708 179.963158 -26.510979 -179.988046
64.839480 155.817592 -10.924411 179.963033 -26.514892 -179.987997
64.841648 155.817280 -10.925112 179.962907 -26.518806 -179.987945
64.843817 155.816970 -10.925811 179.962781 -26.522720 -179.987895
64.845988 155.816660 -10.926509 179.962655 -26.526635 -179.987844
64.848161 155.816349 -10.927206 179.962529 -26.530551 -179.987793
64.850336 155.816039 -10.927900 179.962401 -26.534468 -179.987742
64.852513 155.815730 -10.928593 179.962275 -26.538385 -179.987691
64.854691 155.815422 -10.929284 179.962149 -26.542303 -179.987640
64.856872 155.815113 -10.929974 179.962022 -26.546222 -179.987589
64.859054 155.814806 -10.930662 179.961896 -26.550142 -179.987538
64.861238 155.814498 -10.931348 179.961768 -26.554061 -179.987486
64.863424 155.814191 -10.932033 179.961641 -26.557982 -179.987435
64.865612 155.813884 -10.932716 179.961514 -26.561903 -179.987383
64.867801 155.813579 -10.933398 179.961386 -26.565825 -179.987332
64.869993 155.813273 -10.934079 179.961259 -26.569748 -179.987280
64.872186 155.812968 -10.934757 179.961131 -26.573672 -179.987229
64.874381 155.812663 -10.935433 179.961004 -26.577596 -179.987177
64.876578 155.812359 -10.936109 179.960877 -26.581522 -179.987126
64.878776 155.812054 -10.936783 179.960748 -26.585447 -179.987074
64.880976 155.811750 -10.937454 179.960621 -26.589374 -179.987022
64.883178 155.811448 -10.938126 179.960492 -26.593301 -179.986969
64.885382 155.811145 -10.938795 179.960364 -26.597229 -179.986917
64.887588 155.810843 -10.939462 179.960236 -26.601157 -179.986866
64.889795 155.810541 -10.940128 179.960108 -26.605086 -179.986814
64.892003 155.810240 -10.940792 179.959979 -26.609016 -179.986762
64.894214 155.809939 -10.941456 179.959850 -26.612947 -179.986709
64.896427 155.809639 -10.942117 179.959722 -26.616878 -179.986656
64.898641 155.809338 -10.942777 179.959592 -26.620809 -179.986604
64.900857 155.809038 -10.943436 179.959464 -26.624741 -179.986551
64.903074 155.808739 -10.944093 179.959335 -26.628674 -179.986499
64.905294 155.808440 -10.944748 179.959205 -26.632608 -179.986446
64.907514 155.808142 -10.945402 179.959076 -26.636542 -179.986394
64.909737 155.807844 -10.946054 179.958947 -26.640478 -179.986341
64.911961 155.807547 -10.946705 179.958817 -26.644413 -179.986288
64.914187 155.807249 -10.947355 179.958687 -26.648350 -179.986235
64.916415 155.806952 -10.948003 179.958558 -26.652287 -179.986183
64.918644 155.806656 -10.948650 179.958429 -26.656225 -179.986130
64.920874 155.806359 -10.949295 179.958299 -26.660163 -179.986077
64.923107 155.806063 -10.949939 179.958168 -26.664102 -179.986023
64.925340 155.805769 -10.950582 179.958038 -26.668042 -179.985970
64.927576 155.805474 -10.951222 179.957908 -26.671982 -179.985917
64.929814 155.805180 -10.951862 179.957777 -26.675923 -179.985863
64.932053 155.804885 -10.952500 179.957647 -26.679865 -179.985810
64.934293 155.804591 -10.953137 179.957516 -26.683807 -179.985756
64.936536 155.804299 -10.953772 179.957386 -26.687749 -179.985703
64.938779 155.804005 -10.954406 179.957255 -26.691692 -179.985649
64.941024 155.803713 -10.955038 179.957124 -26.695636 -179.985595
64.943271 155.803421 -10.955669 179.956993 -26.699581 -179.985542
64.945519 155.803129 -10.956298 179.956863 -26.703527 -179.985489
64.947769 155.802837 -10.956927 179.956732 -26.707473 -179.985436
64.950020 155.802547 -10.957554 179.956600 -26.711419 -179.985381
64.952273 155.802256 -10.958180 179.956469 -26.715366 -179.985327
64.954528 155.801966 -10.958803 179.956338 -26.719314 -179.985273
64.956784 155.801677 -10.959426 179.956206 -26.723263 -179.985219
64.959041 155.801387 -10.960048 179.956074 -26.727212 -179.985164
64.961300 155.801098 -10.960669 179.955943 -26.731161 -179.985111
64.963561 155.800810 -10.961287 179.955811 -26.735112 -179.985057
64.965823 155.800521 -10.961905 179.955680 -26.739063 -179.985003
64.968086 155.800233 -10.962520 179.955547 -26.743014 -179.984948
64.970351 155.799945 -10.963135 179.955415 -26.746965 -179.984893
64.972617 155.799658 -10.963748 179.955283 -26.750918 -179.984840
64.974886 155.799371 -10.964361 179.955150 -26.754871 -179.984785
64.977155 155.799084 -10.964972 179.955018 -26.758825 -179.984730
64.979425 155.798798 -10.965582 179.954886 -26.762779 -179.984675
64.981698 155.798513 -10.966190 179.954753 -26.766735 -179.984620
64.983971 155.798227 -10.966797 179.954621 -26.770690 -179.984567
64.986246 155.797942 -10.967403 179.954489 -26.774646 -179.984512
64.988523 155.797657 -10.968007 179.954355 -26.778603 -179.984456
64.990801 155.797374 -10.968611 179.954223 -26.782561 -179.984401
64.993081 155.797089 -10.969212 179.954090 -26.786519 -179.984348
64.995361 155.796805 -10.969813 179.953957 -26.790477 -179.984292
64.997643 155.796522 -10.970413 179.953823 -26.794436 -179.984236
64.999927 155.796240 -10.971011 179.953691 -26.798396 -179.984182
65.002212 155.795957 -10.971608 179.953557 -26.802355 -179.984127
65.004498 155.795674 -10.972204 179.953423 -26.806316 -179.984071
65.006785 155.795393 -10.972798 179.953290 -26.810278 -179.984017
65.009075 155.795112 -10.973392 179.953156 -26.814239 -179.983961
65.011364 155.794830 -10.973984 179.953022 -26.818202 -179.983905
65.013656 155.794549 -10.974574 179.952889 -26.822165 -179.983850
65.015949 155.794268 -10.975164 179.952755 -26.826129 -179.983795
65.018243 155.793988 -10.975752 179.952621 -26.830093 -179.983739
65.020539 155.793709 -10.976339 179.952488 -26.834058 -179.983684
65.022836 155.793429 -10.976926 179.952353 -26.838023 -179.983628
65.025135 155.793150 -10.977511 179.952219 -26.841989 -179.983572
65.027434 155.792871 -10.978094 179.952084 -26.845955 -179.983517
65.029735 155.792592 -10.978677 179.951951 -26.849922 -179.983461
65.032037 155.792315 -10.979258 179.951816 -26.853890 -179.983405
65.034340 155.792037 -10.979838 179.951682 -26.857857 -179.983350
65.036644 155.791759 -10.980418 179.951547 -26.861825 -179.983293
65.038951 155.791482 -10.980995 179.951412 -26.865794 -179.983238
65.041257 155.791205 -10.981572 179.951277 -26.869764 -179.983181
65.043566 155.790929 -10.982148 179.951142 -26.873734 -179.983125
65.045876 155.790652 -10.982722 179.951007 -26.877705 -179.983069
65.048186 155.790376 -10.983296 179.950872 -26.881676 -179.983013
65.050498 155.790101 -10.983869 179.950737 -26.885648 -179.982957
65.052812 155.789825 -10.984439 179.950602 -26.889620 -179.982900
65.055126 155.789550 -10.985009 179.950467 -26.893593 -179.982844
65.057442 155.789275 -10.985579 179.950332 -26.897566 -179.982788
65.059759 155.789002 -10.986147 179.950196 -26.901540 -179.982731
65.062077 155.788728 -10.986714 179.950061 -26.905514 -179.982675
65.064396 155.788454 -10.987279 179.949926 -26.909488 -179.982619
65.066717 155.788180 -10.987844 179.949790 -26.913464 -179.982562
65.069038 155.787907 -10.988407 179.949655 -26.917440 -179.982506
65.071361 155.787634 -10.988970 179.949519 -26.921416 -179.982449
65.073685 155.787361 -10.989532 179.949383 -26.925393 -179.982392
65.076010 155.787089 -10.990092 179.949247 -26.929370 -179.982335
65.078337 155.786818 -10.990652 179.949111 -26.933348 -179.982279
65.080663 155.786546 -10.991210 179.948975 -26.937326 -179.982222
65.082992 155.786275 -10.991767 179.948839 -26.941305 -179.982165
65.085321 155.786004 -10.992323 179.948702 -26.945285 -179.982108
65.087652 155.785733 -10.992878 179.948566 -26.949265 -179.982051
65.089984 155.785462 -10.993433 179.948430 -26.953245 -179.981994
65.092316 155.785192 -10.993987 179.948293 -26.957226 -179.981937
65.094651 155.784922 -10.994539 179.948157 -26.961206 -179.981879
65.096986 155.784652 -10.995090 179.948021 -26.965188 -179.981823
65.099321 155.784383 -10.995640 179.947884 -26.969170 -179.981765
65.101659 155.784114 -10.996189 179.947748 -26.973153 -179.981709
65.103997 155.783846 -10.996738 179.947610 -26.977136 -179.981652
65.106336 155.783577 -10.997285 179.947474 -26.981120 -179.981594
65.108677 155.783309 -10.997832 179.947338 -26.985104 -179.981537
65.111018 155.783041 -10.998377 179.947200 -26.989089 -179.981479
65.113361 155.782774 -10.998922 179.947064 -26.993074 -179.981422
65.115703 155.782506 -10.999465 179.946926 -26.997060 -179.981364
65.118047 155.782239 -11.000008 179.946788 -27.001046 -179.981307
65.120394 155.781972 -11.000549 179.946652 -27.005032 -179.981250
65.122740 155.781706 -11.001089 179.946514 -27.009018 -179.981192
65.125087 155.781439 -11.001629 179.946377 -27.013006 -179.981134
65.127435 155.781173 -11.002168 179.946240 -27.016994 -179.981077
65.129785 155.780907 -11.002706 179.946102 -27.020982 -179.981019
65.132135 155.780642 -11.003243 179.945965 -27.024971 -179.980961
65.134486 155.780377 -11.003780 179.945827 -27.028960 -179.980903
65.136839 155.780112 -11.004314 179.945689 -27.032950 -179.980846
65.139191 155.779847 -11.004849 179.945552 -27.036940 -179.980787
65.141546 155.779583 -11.005382 179.945414 -27.040930 -179.980730
65.143901 155.779318 -11.005915 179.945276 -27.044921 -179.980671
65.146257 155.779054 -11.006447 179.945138 -27.048913 -179.980614
65.148614 155.778791 -11.006977 179.945001 -27.052905 -179.980556
65.150971 155.778527 -11.007508 179.944862 -27.056896 -179.980497
65.153330 155.778264 -11.008036 179.944724 -27.060889 -179.980440
65.155690 155.778001 -11.008565 179.944586 -27.064882 -179.980382
65.158050 155.777739 -11.009092 179.944448 -27.068876 -179.980324
65.160412 155.777476 -11.009618 179.944309 -27.072870 -179.980265
65.162774 155.777214 -11.010145 179.944171 -27.076864 -179.980207
65.165138 155.776952 -11.010670 179.944032 -27.080859 -179.980148
65.167501 155.776690 -11.011194 179.943895 -27.084854 -179.980091
65.169866 155.776429 -11.011716 179.943756 -27.088850 -179.980031
65.172232 155.776168 -11.012239 179.943618 -27.092846 -179.979974
65.174598 155.775907 -11.012760 179.943479 -27.096843 -179.979916
65.176966 155.775646 -11.013282 179.943341 -27.100839 -179.979857
65.179334 155.775386 -11.013802 179.943202 -27.104836 -179.979799
65.181703 155.775125 -11.014321 179.943062 -27.108834 -179.979740
65.184072 155.774865 -11.014840 179.942923 -27.112832 -179.979681
65.186443 155.774606 -11.015357 179.942785 -27.116831 -179.979623
65.188814 155.774346 -11.015874 179.942646 -27.120830 -179.979564
65.191186 155.774087 -11.016390 179.942507 -27.124829 -179.979505
65.193560 155.773828 -11.016906 179.942368 -27.128829 -179.979447
65.195934 155.773569 -11.017420 179.942229 -27.132829 -179.979387
65.198308 155.773310 -11.017935 179.942089 -27.136830 -179.979329
65.200683 155.773052 -11.018448 179.941950 -27.140830 -179.979271
65.203059 155.772794 -11.018960 179.941811 -27.144831 -179.979211
65.205436 155.772536 -11.019472 179.941672 -27.148833 -179.979153
65.207813 155.772278 -11.019983 179.941533 -27.152835 -179.979094
65.210192 155.772019 -11.020493 179.941393 -27.156837 -179.979035
65.212570 155.771763 -11.021003 179.941254 -27.160840 -179.978976
65.214950 155.771506 -11.021512 179.941115 -27.164843 -179.978918
65.217331 155.771248 -11.022020 179.940975 -27.168847 -179.978858
65.219711 155.770992 -11.022528 179.940835 -27.172851 -179.978799
65.222094 155.770735 -11.023035 179.940696 -27.176855 -179.978740
65.224476 155.770479 -11.023541 179.940556 -27.180860 -179.978681
65.226859 155.770223 -11.024047 179.940417 -27.184865 -179.978622
65.229243 155.769967 -11.024552 179.940276 -27.188869 -179.978563
65.231627 155.769711 -11.025056 179.940137 -27.192875 -179.978503
65.234012 155.769456 -11.025559 179.939996 -27.196881 -179.978444
65.236398 155.769201 -11.026062 179.939857 -27.200888 -179.978385
65.238784 155.768946 -11.026564 179.939717 -27.204895 -179.978326
65.241171 155.768691 -11.027065 179.939577 -27.208902 -179.978266
65.243560 155.768436 -11.027567 179.939437 -27.212910 -179.978208
65.245948 155.768181 -11.028067 179.939297 -27.216918 -179.978147
65.248336 155.767926 -11.028566 179.939157 -27.220926 -179.978089
65.250726 155.767672 -11.029066 179.939017 -27.224934 -179.978029
65.253116 155.767419 -11.029565 179.938877 -27.228942 -179.977970
65.255507 155.767165 -11.030062 179.938736 -27.232952 -179.977910
65.257899 155.766911 -11.030559 179.938596 -27.236961 -179.977851
65.260290 155.766658 -11.031056 179.938456 -27.240971 -179.977791
65.262682 155.766405 -11.031552 179.938315 -27.244982 -179.977732
65.265075 155.766152 -11.032047 179.938175 -27.248992 -179.977672
65.267469 155.765898 -11.032543 179.938035 -27.253003 -179.977613
65.269863 155.765646 -11.033037 179.937894 -27.257015 -179.977553
65.272257 155.765393 -11.033531 179.937753 -27.261026 -179.977493
65.274653 155.765141 -11.034024 179.937613 -27.265038 -179.977433
65.277049 155.764889 -11.034517 179.937473 -27.269049 -179.977375
65.279445 155.764637 -11.035009 179.937332 -27.273062 -179.977314
65.281842 155.764386 -11.035501 179.937191 -27.277075 -179.977255
65.284238 155.764134 -11.035992 179.937050 -27.281088 -179.977195
65.286637 155.763882 -11.036482 179.936909 -27.285102 -179.977135
65.289035 155.763630 -11.036972 179.936769 -27.289116 -179.977075
65.291433 155.763379 -11.037462 179.936628 -27.293130 -179.977015
65.293832 155.763129 -11.037951 179.936488 -27.297144 -179.976956
65.296232 155.762878 -11.038439 179.936347 -27.301159 -179.976896
65.298632 155.762627 -11.038927 179.936206 -27.305174 -179.976837
65.301033 155.762377 -11.039415 179.936065 -27.309188 -179.976776
65.303434 155.762127 -11.039902 179.935924 -27.313204 -179.976716
65.305836 155.761876 -11.040389 179.935783 -27.317220 -179.976656
65.308237 155.761626 -11.040875 179.935642 -27.321236 -179.976596
65.310640 155.761376 -11.041360 179.935501 -27.325253 -179.976537
65.313042 155.761127 -11.041846 179.935360 -27.329270 -179.976476
65.315446 155.760877 -11.042330 179.935219 -27.333287 -179.976416
65.317850 155.760628 -11.042814 179.935078 -27.337304 -179.976357
65.320253 155.760378 -11.043298 179.934936 -27.341322 -179.976296
65.322657 155.760129 -11.043781 179.934795 -27.345340 -179.976236
65.325062 155.759880 -11.044265 179.934654 -27.349357 -179.976176
65.327467 155.759631 -11.044747 179.934512 -27.353376 -179.976115
65.329873 155.759383 -11.045230 179.934371 -27.357394 -179.976056
65.332278 155.759134 -11.045711 179.934230 -27.361413 -179.975995
65.334684 155.758885 -11.046192 179.934088 -27.365433 -179.975935
65.337091 155.758637 -11.046673 179.933947 -27.369452 -179.975875
65.339498 155.758389 -11.047153 179.933806 -27.373472 -179.975815
65.341906 155.758141 -11.047633 179.933665 -27.377492 -179.975755
65.344313 155.757893 -11.048113 179.933523 -27.381513 -179.975694
65.346721 155.757646 -11.048593 179.933381 -27.385532 -179.975634
65.349128 155.757397 -11.049071 179.933240 -27.389553 -179.975573
65.351537 155.757150 -11.049550 179.933098 -27.393574 -179.975513
65.353946 155.756902 -11.050028 179.932957 -27.397596 -179.975453
65.356355 155.756655 -11.050506 179.932816 -27.401618 -179.975393
65.358764 155.756408 -11.050984 179.932674 -27.405639 -179.975333
65.361173 155.756161 -11.051461 179.932532 -27.409662 -179.975272
65.363583 155.755914 -11.051937 179.932390 -27.413684 -179.975212
65.365994 155.755667 -11.052414 179.932249 -27.417707 -179.975151
65.368404 155.755421 -11.052890 179.932107 -27.421730 -179.975091
65.370814 155.755174 -11.053366 179.931966 -27.425752 -179.975030
65.373225 155.754928 -11.053841 179.931823 -27.429775 -179.974970
65.375637 155.754681 -11.054317 179.931682 -27.433799 -179.974909
65.378047 155.754435 -11.054792 179.931540 -27.437822 -179.974849
65.380459 155.754189 -11.055266 179.931399 -27.441846 -179.974788
65.382871 155.753943 -11.055741 179.931256 -27.445871 -179.974728
65.385283 155.753697 -11.056214 179.931115 -27.449895 -179.974667
65.387695 155.753451 -11.056688 179.930973 -27.453920 -179.974607
65.390107 155.753205 -11.057162 179.930832 -27.457945 -179.974547
65.392519 155.752960 -11.057635 179.930690 -27.461969 -179.974486
65.394932 155.752715 -11.058108 179.930547 -27.465994 -179.974426
65.397344 155.752469 -11.058580 179.930406 -27.470020 -179.974365
65.399758 155.752223 -11.059053 179.930264 -27.474046 -179.974304
65.402170 155.751978 -11.059525 179.930122 -27.478072 -179.974244
65.404584 155.751734 -11.059997 179.929981 -27.482098 -179.974183
65.406997 155.751489 -11.060469 179.929838 -27.486125 -179.974122
65.409410 155.751243 -11.060941 179.929696 -27.490151 -179.974061
65.411824 155.750998 -11.061412 179.929554 -27.494178 -179.974001
65.414238 155.750754 -11.061883 179.929413 -27.498204 -179.973940
65.416652 155.750510 -11.062354 179.929271 -27.502231 -179.973880
65.419066 155.750265 -11.062825 179.929129 -27.506259 -179.973820
65.421480 155.750020 -11.063295 179.928986 -27.510286 -179.973759
65.423894 155.749776 -11.063766 179.928844 -27.514314 -179.973698
65.426307 155.749532 -11.064235 179.928702 -27.518342 -179.973638
65.428722 155.749288 -11.064705 179.928561 -27.522370 -179.973577
65.431136 155.749043 -11.065175 179.928419 -27.526399 -179.973516
65.433551 155.748799 -11.065645 179.928277 -27.530426 -179.973456
65.435965 155.748555 -11.066114 179.928135 -27.534455 -179.973395
65.438380 155.748311 -11.066583 179.927992 -27.538484 -179.973334
65.440794 155.748068 -11.067052 179.927850 -27.542513 -179.973273
65.443209 155.747823 -11.067521 179.927708 -27.546542 -179.973212
65.445623 155.747580 -11.067990 179.927566 -27.550572 -179.973152
65.448037 155.747336 -11.068459 179.927424 -27.554601 -179.973091
65.450452 155.747093 -11.068927 179.927282 -27.558631 -179.973030
65.452867 155.746848 -11.069395 179.927140 -27.562661 -179.972970
65.455281 155.746605 -11.069864 179.926998 -27.566690 -179.972909
65.457695 155.746362 -11.070333 179.926856 -27.570720 -179.972848
65.460110 155.746119 -11.070800 179.926714 -27.574751 -179.972787
65.462524 155.745875 -11.071268 179.926572 -27.578781 -179.972726
65.464939 155.745632 -11.071736 179.926430 -27.582812 -179.972666
65.467353 155.745389 -11.072204 179.926287 -27.586843 -179.972605
65.469767 155.745146 -11.072672 179.926145 -27.590874 -179.972544
65.472182 155.744902 -11.073139 179.926003 -27.594905 -179.972483
65.474596 155.744659 -11.073607 179.925861 -27.598937 -179.972423
65.477010 155.744417 -11.074075 179.925719 -27.602967 -179.972361
65.479424 155.744174 -11.074542 179.925577 -27.606999 -179.972300
65.481838 155.743931 -11.075010 179.925434 -27.611030 -179.972240
65.484251 155.743688 -11.075477 179.925292 -27.615062 -179.972179
65.486665 155.743445 -11.075944 179.925151 -27.619094 -179.972118
65.489079 155.743203 -11.076412 179.925009 -27.623126 -179.972057
65.491492 155.742960 -11.076878 179.924866 -27.627159 -179.971997
65.493906 155.742717 -11.077346 179.924724 -27.631191 -179.971936
65.496318 155.742475 -11.077814 179.924582 -27.635223 -179.971875
65.498732 155.742232 -11.078280 179.924440 -27.639255 -179.971814
65.501145 155.741990 -11.078748 179.924298 -27.643288 -179.971754
65.503558 155.741747 -11.079215 179.924156 -27.647321 -179.971693
65.505969 155.741504 -11.079683 179.924014 -27.651354 -179.971632
65.508382 155.741262 -11.080149 179.923872 -27.655387 -179.971571
65.510794 155.741020 -11.080617 179.923730 -27.659420 -179.971510
65.513207 155.740777 -11.081084 179.923588 -27.663454 -179.971449
65.515618 155.740535 -11.081552 179.923446 -27.667486 -179.971389
65.518030 155.740293 -11.082019 179.923303 -27.671520 -179.971328
65.520442 155.740051 -11.082486 179.923162 -27.675554 -179.971267
65.522852 155.739808 -11.082955 179.923019 -27.679587 -179.971206
65.525264 155.739565 -11.083422 179.922878 -27.683621 -179.971145
65.527674 155.739323 -11.083889 179.922735 -27.687655 -179.971084
65.530085 155.739081 -11.084357 179.922594 -27.691689 -179.971024
65.532495 155.738838 -11.084824 179.922451 -27.695724 -179.970963
65.534905 155.738597 -11.085293 179.922310 -27.699757 -179.970903
65.537315 155.738355 -11.085760 179.922168 -27.703791 -179.970842
65.539725 155.738113 -11.086228 179.922026 -27.707826 -179.970781
65.542134 155.737870 -11.086696 179.921884 -27.711860 -179.970720
65.544543 155.737628 -11.087164 179.921741 -27.715895 -179.970659
65.546951 155.737386 -11.087633 179.921600 -27.719930 -179.970598
65.549360 155.737144 -11.088101 179.921458 -27.723964 -179.970538
65.551768 155.736901 -11.088569 179.921316 -27.727999 -179.970477
65.554176 155.736659 -11.089038 179.921175 -27.732033 -179.970416
65.556583 155.736417 -11.089507 179.921032 -27.736068 -179.970355
65.558990 155.736175 -11.089976 179.920890 -27.740103 -179.970294
65.561397 155.735932 -11.090445 179.920749 -27.744138 -179.970234
65.563804 155.735690 -11.090914 179.920607 -27.748174 -179.970173
65.566210 155.735449 -11.091384 179.920465 -27.752209 -179.970112
65.568616 155.735207 -11.091853 179.920324 -27.756244 -179.970052
65.571021 155.734964 -11.092323 179.920182 -27.760280 -179.969991
65.573426 155.734722 -11.092793 179.920040 -27.764314 -179.969930
65.575830 155.734480 -11.093263 179.919898 -27.768350 -179.969870
65.578234 155.734238 -11.093733 179.919756 -27.772385 -179.969809
65.580638 155.733995 -11.094204 179.919615 -27.776421 -179.969748
65.583041 155.733753 -11.094674 179.919473 -27.780457 -179.969688
65.585445 155.733511 -11.095145 179.919332 -27.784492 -179.969627
65.587847 155.733268 -11.095616 179.919190 -27.788528 -179.969566
65.590249 155.733026 -11.096087 179.919048 -27.792564 -179.969505
65.592651 155.732784 -11.096559 179.918907 -27.796599 -179.969445
65.595053 155.732542 -11.097031 179.918765 -27.800635 -179.969385
65.597454 155.732299 -11.097502 179.918623 -27.804671 -179.969324
65.599854 155.732056 -11.097974 179.918483 -27.808707 -179.969264
65.602254 155.731814 -11.098447 179.918341 -27.812743 -179.969202
65.604653 155.731572 -11.098920 179.918200 -27.816779 -179.969142
65.607053 155.731329 -11.099393 179.918058 -27.820815 -179.969081
65.609451 155.731086 -11.099865 179.917917 -27.824851 -179.969021
65.611849 155.730844 -11.100339 179.917775 -27.828886 -179.968960
65.614247 155.730602 -11.100813 179.917634 -27.832922 -179.968899
65.616645 155.730358 -11.101287 179.917493 -27.836958 -179.968839
65.619041 155.730116 -11.101761 179.917351 -27.840995 -179.968779
65.621437 155.729873 -11.102235 179.917209 -27.845031 -179.968718
65.623833 155.729631 -11.102710 179.917068 -27.849067 -179.968657
65.626228 155.729387 -11.103186 179.916927 -27.853103 -179.968597
65.628622 155.729145 -11.103662 179.916786 -27.857138 -179.968537
65.631016 155.728902 -11.104138 179.916645 -27.861175 -179.968476
65.633410 155.728659 -11.104613 179.916504 -27.865211 -179.968416
65.635802 155.728417 -11.105089 179.916363 -27.869247 -179.968356
65.638195 155.728173 -11.105566 179.916222 -27.873283 -179.968295
65.640586 155.727930 -11.106044 179.916081 -27.877320 -179.968235
65.642977 155.727686 -11.106521 179.915939 -27.881356 -179.968174
65.645368 155.727443 -11.106999 179.915798 -27.885392 -179.968114
65.647758 155.727200 -11.107478 179.915658 -27.889427 -179.968054
65.650147 155.726957 -11.107955 179.915517 -27.893464 -179.967993
65.652536 155.726714 -11.108434 179.915376 -27.897500 -179.967933
65.654924 155.726470 -11.108914 179.915235 -27.901536 -179.967873
65.657312 155.726227 -11.109393 179.915094 -27.905572 -179.967813
65.659699 155.725983 -11.109874 179.914953 -27.909608 -179.967751
65.662085 155.725740 -11.110353 179.914813 -27.913645 -179.967692
65.664470 155.725496 -11.110834 179.914671 -27.917680 -179.967631
65.666856 155.725252 -11.111315 179.914531 -27.921716 -179.967571
65.669240 155.725008 -11.111797 179.914391 -27.925752 -179.967511
65.671624 155.724765 -11.112279 179.914249 -27.929788 -179.967451
65.674006 155.724520 -11.112762 179.914109 -27.933824 -179.967390
65.676389 155.724276 -11.113244 179.913969 -27.937860 -179.967331
65.678770 155.724032 -11.113728 179.913828 -27.941896 -179.967271
65.681151 155.723788 -11.114212 179.913688 -27.945932 -179.967211
65.683531 155.723543 -11.114696 179.913548 -27.949967 -179.967151
65.685911 155.723299 -11.115180 179.913407 -27.954002 -179.967090
65.688290 155.723055 -11.115665 179.913267 -27.958038 -179.967031
65.690668 155.722811 -11.116151 179.913126 -27.962074 -179.966970
65.693045 155.722565 -11.116637 179.912986 -27.966110 -179.966910
65.695422 155.722321 -11.117124 179.912846 -27.970145 -179.966850
65.697798 155.722076 -11.117611 179.912706 -27.974181 -179.966791
65.700172 155.721832 -11.118098 179.912566 -27.978215 -179.966730
65.702547 155.721587 -11.118586 179.912425 -27.982251 -179.966671
65.704920 155.721341 -11.119074 179.912286 -27.986286 -179.966611
65.707293 155.721096 -11.119563 179.912145 -27.990322 -179.966550
65.709665 155.720851 -11.120053 179.912006 -27.994357 -179.966491
65.712037 155.720606 -11.120543 179.911866 -27.998392 -179.966432
65.714406 155.720360 -11.121033 179.911726 -28.002427 -179.966371
65.716776 155.720115 -11.121525 179.911586 -28.006461 -179.966312
65.719144 155.719869 -11.122016 179.911447 -28.010496 -179.966252
65.721512 155.719624 -11.122509 179.911307 -28.014531 -179.966192
65.723880 155.719377 -11.123001 179.911166 -28.018566 -179.966133
65.726246 155.719132 -11.123494 179.911027 -28.022601 -179.966073
65.728611 155.718886 -11.123988 179.910887 -28.026636 -179.966013
65.730976 155.718640 -11.124482 179.910749 -28.030670 -179.965954
65.733340 155.718393 -11.124977 179.910609 -28.034704 -179.965894
65.735703 155.718147 -11.125472 179.910469 -28.038738 -179.965834
65.738065 155.717900 -11.125968 179.910330 -28.042773 -179.965775
65.740425 155.717654 -11.126464 179.910190 -28.046807 -179.965715
65.742786 155.717407 -11.126962 179.910051 -28.050841 -179.965656
65.745145 155.717160 -11.127460 179.909912 -28.054875 -179.965596
