-37.739334 155.150920 -8.930432 -172.748685 -69.075726 174.324776
-37.739596 155.150815 -8.928921 -172.747860 -69.080315 174.323868
-37.739857 155.150709 -8.927408 -172.747037 -69.084905 174.322962
-37.740119 155.150604 -8.925895 -172.746211 -69.089494 174.322053
-37.740380 155.150499 -8.924384 -172.745385 -69.094084 174.321145
-37.740642 155.150393 -8.922872 -172.744559 -69.098674 174.320236
-37.740903 155.150288 -8.921361 -172.743732 -69.103263 174.319327
-37.741166 155.150183 -8.919850 -172.742905 -69.107852 174.318417
-37.741427 155.150077 -8.918339 -172.742077 -69.112442 174.317506
-37.741688 155.149972 -8.916827 -172.741252 -69.117031 174.316598
-37.741949 155.149866 -8.915317 -172.740423 -69.121622 174.315686
-37.742210 155.149761 -8.913807 -172.739594 -69.126211 174.314775
-37.742472 155.149655 -8.912297 -172.738765 -69.130801 174.313864
-37.742733 155.149550 -8.910787 -172.737936 -69.135390 174.312952
-37.742994 155.149445 -8.909278 -172.737103 -69.139980 174.312037
-37.743255 155.149339 -8.907769 -172.736273 -69.144569 174.311124
-37.743516 155.149234 -8.906260 -172.735442 -69.149159 174.310210
-37.743777 155.149129 -8.904752 -172.734611 -69.153749 174.309296
-37.744038 155.149023 -8.903243 -172.733780 -69.158339 174.308382
-37.744299 155.148919 -8.901734 -172.732948 -69.162929 174.307468
-37.744559 155.148813 -8.900226 -172.732116 -69.167518 174.306553
-37.744821 155.148708 -8.898719 -172.731280 -69.172108 174.305635
-37.745082 155.148603 -8.897211 -172.730447 -69.176698 174.304719
-37.745342 155.148497 -8.895704 -172.729614 -69.181287 174.303803
-37.745603 155.148393 -8.894197 -172.728780 -69.185877 174.302886
-37.745863 155.148288 -8.892690 -172.727944 -69.190467 174.301967
-37.746124 155.148182 -8.891184 -172.727109 -69.195056 174.301050
-37.746384 155.148077 -8.889677 -172.726274 -69.199646 174.300133
-37.746645 155.147972 -8.888171 -172.725436 -69.204236 174.299212
-37.746905 155.147867 -8.886666 -172.724601 -69.208825 174.298294
-37.747166 155.147762 -8.885160 -172.723765 -69.213415 174.297374
-37.747426 155.147657 -8.883655 -172.722925 -69.218005 174.296453
-37.747686 155.147552 -8.882149 -172.722088 -69.222595 174.295533
-37.747947 155.147447 -8.880645 -172.721249 -69.227185 174.294610
-37.748207 155.147342 -8.879141 -172.720411 -69.231774 174.293690
-37.748467 155.147237 -8.877636 -172.719571 -69.236364 174.292767
-37.748727 155.147132 -8.876132 -172.718732 -69.240954 174.291845
-37.748987 155.147027 -8.874628 -172.717891 -69.245544 174.290921
-37.749247 155.146923 -8.873124 -172.717051 -69.250134 174.290000
-37.749506 155.146817 -8.871621 -172.716209 -69.254724 174.289075
-37.749766 155.146712 -8.870118 -172.715369 -69.259314 174.288152
-37.750027 155.146607 -8.868615 -172.714526 -69.263904 174.287226
-37.750286 155.146502 -8.867112 -172.713683 -69.268493 174.286301
-37.750546 155.146398 -8.865610 -172.712842 -69.273083 174.285376
-37.750805 155.146293 -8.864108 -172.711998 -69.277673 174.284450
-37.751065 155.146188 -8.862606 -172.711153 -69.282263 174.283522
-37.751325 155.146084 -8.861104 -172.710308 -69.286853 174.282595
-37.751585 155.145978 -8.859603 -172.709466 -69.291443 174.281669
-37.751844 155.145874 -8.858102 -172.708620 -69.296033 174.280741
-37.752104 155.145769 -8.856601 -172.707774 -69.300622 174.279812
-37.752363 155.145664 -8.855100 -172.706927 -69.305212 174.278883
-37.752622 155.145560 -8.853600 -172.706080 -69.309802 174.277953
-37.752881 155.145454 -8.852100 -172.705235 -69.314393 174.277025
-37.753141 155.145350 -8.850599 -172.704388 -69.318983 174.276094
-37.753399 155.145246 -8.849100 -172.703540 -69.323573 174.275164
-37.753659 155.145141 -8.847600 -172.702691 -69.328163 174.274233
-37.753918 155.145036 -8.846101 -172.701842 -69.332752 174.273301
-37.754176 155.144932 -8.844603 -172.700993 -69.337342 174.272369
-37.754436 155.144827 -8.843104 -172.700144 -69.341932 174.271438
-37.754695 155.144723 -8.841605 -172.699294 -69.346522 174.270505
-37.754954 155.144617 -8.840107 -172.698443 -69.351113 174.269571
-37.755213 155.144513 -8.838609 -172.697592 -69.355703 174.268638
-37.755472 155.144408 -8.837111 -172.696741 -69.360292 174.267704
-37.755730 155.144304 -8.835614 -172.695889 -69.364882 174.266769
-37.755988 155.144200 -8.834116 -172.695037 -69.369473 174.265834
-37.756247 155.144095 -8.832620 -172.694182 -69.374063 174.264897
-37.756506 155.143991 -8.831122 -172.693329 -69.378652 174.263961
-37.756764 155.143886 -8.829626 -172.692476 -69.383242 174.263025
-37.757023 155.143781 -8.828130 -172.691622 -69.387833 174.262089
-37.757282 155.143677 -8.826634 -172.690768 -69.392423 174.261152
-37.757541 155.143572 -8.825138 -172.689912 -69.397012 174.260213
-37.757799 155.143468 -8.823642 -172.689056 -69.401603 174.259275
-37.758057 155.143364 -8.822147 -172.688201 -69.406193 174.258337
-37.758315 155.143259 -8.820651 -172.687346 -69.410783 174.257398
-37.758574 155.143155 -8.819156 -172.686487 -69.415373 174.256457
-37.758832 155.143051 -8.817662 -172.685631 -69.419963 174.255518
-37.759089 155.142946 -8.816168 -172.684774 -69.424554 174.254578
-37.759347 155.142842 -8.814674 -172.683914 -69.429143 174.253636
-37.759606 155.142737 -8.813180 -172.683056 -69.433733 174.252695
-37.759864 155.142634 -8.811686 -172.682196 -69.438324 174.251752
-37.760122 155.142530 -8.810192 -172.681337 -69.442913 174.250810
-37.760379 155.142426 -8.808700 -172.680476 -69.447504 174.249866
-37.760638 155.142321 -8.807207 -172.679617 -69.452094 174.248923
-37.760895 155.142217 -8.805714 -172.678754 -69.456684 174.247979
-37.761153 155.142112 -8.804222 -172.677894 -69.461274 174.247036
-37.761410 155.142008 -8.802730 -172.677031 -69.465865 174.246090
-37.761668 155.141905 -8.801238 -172.676170 -69.470454 174.245146
-37.761926 155.141800 -8.799746 -172.675306 -69.475045 174.244200
-37.762183 155.141696 -8.798254 -172.674445 -69.479636 174.243255
-37.762441 155.141591 -8.796763 -172.673580 -69.484225 174.242308
-37.762699 155.141488 -8.795273 -172.672715 -69.488816 174.241360
-37.762956 155.141384 -8.793781 -172.671852 -69.493405 174.240414
-37.763214 155.141279 -8.792290 -172.670986 -69.497996 174.239466
-37.763470 155.141176 -8.790801 -172.670120 -69.502586 174.238517
-37.763728 155.141072 -8.789311 -172.669253 -69.507176 174.237567
-37.763985 155.140967 -8.787821 -172.668389 -69.511767 174.236620
-37.764242 155.140864 -8.786331 -172.667521 -69.516357 174.235669
-37.764499 155.140759 -8.784842 -172.666653 -69.520947 174.234719
-37.764757 155.140655 -8.783353 -172.665785 -69.525537 174.233768
-37.765013 155.140552 -8.781865 -172.664916 -69.530128 174.232816
-37.765270 155.140447 -8.780376 -172.664047 -69.534718 174.231864
-37.765527 155.140344 -8.778888 -172.663180 -69.539308 174.230914
-37.765785 155.140240 -8.777399 -172.662310 -69.543898 174.229961
-37.766042 155.140136 -8.775911 -172.661439 -69.548489 174.229008
-37.766298 155.140032 -8.774423 -172.660569 -69.553079 174.228054
-37.766555 155.139928 -8.772937 -172.659697 -69.557670 174.227100
-37.766811 155.139824 -8.771449 -172.658826 -69.562259 174.226146
-37.767069 155.139721 -8.769963 -172.657954 -69.566850 174.225191
-37.767325 155.139616 -8.768476 -172.657081 -69.571440 174.224236
-37.767581 155.139513 -8.766990 -172.656208 -69.576031 174.223281
-37.767838 155.139409 -8.765503 -172.655335 -69.580621 174.222324
-37.768094 155.139305 -8.764017 -172.654461 -69.585212 174.221367
-37.768351 155.139201 -8.762532 -172.653585 -69.589802 174.220408
-37.768607 155.139097 -8.761046 -172.652710 -69.594392 174.219451
-37.768864 155.138994 -8.759561 -172.651836 -69.598982 174.218493
-37.769120 155.138890 -8.758076 -172.650960 -69.603572 174.217535
-37.769376 155.138786 -8.756591 -172.650084 -69.608163 174.216577
-37.769632 155.138683 -8.755107 -172.649206 -69.612753 174.215616
-37.769888 155.138579 -8.753623 -172.648329 -69.617344 174.214656
-37.770145 155.138475 -8.752139 -172.647452 -69.621934 174.213695
-37.770401 155.138372 -8.750655 -172.646575 -69.626524 174.212735
-37.770656 155.138269 -8.749172 -172.645694 -69.631115 174.211772
-37.770913 155.138164 -8.747688 -172.644816 -69.635705 174.210811
-37.771169 155.138061 -8.746206 -172.643937 -69.640295 174.209850
-37.771425 155.137957 -8.744722 -172.643056 -69.644887 174.208886
-37.771680 155.137854 -8.743240 -172.642176 -69.649477 174.207923
-37.771935 155.137750 -8.741758 -172.641296 -69.654067 174.206960
-37.772191 155.137647 -8.740276 -172.640413 -69.658658 174.205994
-37.772447 155.137543 -8.738794 -172.639533 -69.663248 174.205031
-37.772702 155.137440 -8.737313 -172.638649 -69.667838 174.204064
-37.772958 155.137336 -8.735832 -172.637767 -69.672429 174.203100
-37.773214 155.137233 -8.734350 -172.636883 -69.677019 174.202133
-37.773470 155.137129 -8.732869 -172.636000 -69.681610 174.201167
-37.773725 155.137026 -8.731388 -172.635115 -69.686201 174.200200
-37.773980 155.136923 -8.729909 -172.634232 -69.690791 174.199232
-37.774236 155.136819 -8.728428 -172.633345 -69.695381 174.198264
-37.774491 155.136716 -8.726949 -172.632459 -69.699971 174.197295
-37.774747 155.136612 -8.725469 -172.631574 -69.704563 174.196327
-37.775002 155.136509 -8.723990 -172.630687 -69.709153 174.195357
-37.775256 155.136406 -8.722510 -172.629799 -69.713743 174.194387
-37.775512 155.136302 -8.721031 -172.628913 -69.718333 174.193417
-37.775767 155.136199 -8.719553 -172.628024 -69.722925 174.192445
-37.776021 155.136096 -8.718075 -172.627135 -69.727515 174.191474
-37.776277 155.135992 -8.716596 -172.626245 -69.732105 174.190502
-37.776531 155.135889 -8.715118 -172.625358 -69.736696 174.189531
-37.776787 155.135785 -8.713641 -172.624467 -69.741286 174.188558
-37.777041 155.135683 -8.712163 -172.623577 -69.745877 174.187584
-37.777296 155.135580 -8.710686 -172.622685 -69.750468 174.186610
-37.777550 155.135476 -8.709209 -172.621793 -69.755058 174.185635
-37.777805 155.135373 -8.707732 -172.620904 -69.759648 174.184663
-37.778060 155.135270 -8.706255 -172.620011 -69.764239 174.183687
-37.778315 155.135166 -8.704780 -172.619118 -69.768830 174.182711
-37.778569 155.135064 -8.703303 -172.618225 -69.773421 174.181735
-37.778824 155.134961 -8.701828 -172.617331 -69.778011 174.180758
-37.779078 155.134857 -8.700352 -172.616437 -69.782602 174.179781
-37.779333 155.134755 -8.698877 -172.615542 -69.787192 174.178804
-37.779587 155.134651 -8.697401 -172.614647 -69.791783 174.177825
-37.779841 155.134548 -8.695927 -172.613751 -69.796373 174.176847
-37.780095 155.134445 -8.694452 -172.612855 -69.800964 174.175868
-37.780349 155.134342 -8.692978 -172.611959 -69.805554 174.174889
-37.780604 155.134239 -8.691504 -172.611059 -69.810145 174.173907
-37.780858 155.134137 -8.690031 -172.610162 -69.814736 174.172926
-37.781112 155.134033 -8.688557 -172.609264 -69.819327 174.171946
-37.781366 155.133930 -8.687083 -172.608366 -69.823917 174.170965
-37.781621 155.133827 -8.685610 -172.607468 -69.828508 174.169984
-37.781874 155.133724 -8.684137 -172.606568 -69.833099 174.169001
-37.782128 155.133622 -8.682665 -172.605667 -69.837689 174.168017
-37.782382 155.133518 -8.681192 -172.604767 -69.842280 174.167034
-37.782635 155.133416 -8.679720 -172.603867 -69.846870 174.166051
-37.782890 155.133313 -8.678248 -172.602966 -69.851461 174.165067
-37.783143 155.133210 -8.676776 -172.602062 -69.856052 174.164080
-37.783396 155.133107 -8.675305 -172.601160 -69.860642 174.163096
-37.783651 155.133004 -8.673833 -172.600258 -69.865233 174.162111
-37.783904 155.132901 -8.672363 -172.599353 -69.869824 174.161124
-37.784158 155.132799 -8.670892 -172.598450 -69.874415 174.160137
-37.784411 155.132695 -8.669421 -172.597545 -69.879005 174.159149
-37.784665 155.132593 -8.667952 -172.596641 -69.883596 174.158162
-37.784918 155.132490 -8.666481 -172.595737 -69.888187 174.157175
-37.785171 155.132387 -8.665011 -172.594829 -69.892778 174.156185
-37.785424 155.132285 -8.663542 -172.593924 -69.897368 174.155197
-37.785678 155.132182 -8.662072 -172.593016 -69.901959 174.154206
-37.785931 155.132079 -8.660604 -172.592110 -69.906550 174.153217
-37.786184 155.131977 -8.659134 -172.591201 -69.911141 174.152225
-37.786437 155.131874 -8.657666 -172.590292 -69.915731 174.151233
-37.786690 155.131771 -8.656198 -172.589385 -69.920321 174.150243
-37.786943 155.131669 -8.654730 -172.588475 -69.924912 174.149250
-37.787196 155.131566 -8.653262 -172.587567 -69.929503 174.148259
-37.787449 155.131464 -8.651794 -172.586655 -69.934094 174.147265
-37.787702 155.131361 -8.650327 -172.585744 -69.938685 174.146271
-37.787954 155.131258 -8.648860 -172.584834 -69.943276 174.145278
-37.788207 155.131156 -8.647393 -172.583922 -69.947867 174.144283
-37.788460 155.131053 -8.645926 -172.583009 -69.952458 174.143287
-37.788713 155.130951 -8.644460 -172.582096 -69.957048 174.142291
-37.788965 155.130849 -8.642994 -172.581185 -69.961639 174.141296
-37.789218 155.130746 -8.641528 -172.580270 -69.966230 174.140300
-37.789470 155.130644 -8.640062 -172.579356 -69.970821 174.139303
-37.789724 155.130541 -8.638596 -172.578441 -69.975412 174.138304
-37.789976 155.130438 -8.637131 -172.577525 -69.980002 174.137306
-37.790228 155.130336 -8.635667 -172.576612 -69.984593 174.136309
-37.790480 155.130233 -8.634201 -172.575695 -69.989184 174.135310
-37.790733 155.130131 -8.632737 -172.574779 -69.993775 174.134310
-37.790985 155.130029 -8.631273 -172.573861 -69.998366 174.133310
-37.791237 155.129926 -8.629809 -172.572944 -70.002956 174.132309
-37.791490 155.129824 -8.628345 -172.572025 -70.007547 174.131308
-37.791742 155.129721 -8.626882 -172.571107 -70.012138 174.130307
-37.791993 155.129619 -8.625419 -172.570188 -70.016729 174.129306
-37.792246 155.129517 -8.623955 -172.569268 -70.021319 174.128303
-37.792497 155.129415 -8.622492 -172.568349 -70.025910 174.127300
-37.792750 155.129313 -8.621030 -172.567428 -70.030502 174.126297
-37.793002 155.129211 -8.619567 -172.566507 -70.035093 174.125292
-37.793253 155.129108 -8.618106 -172.565586 -70.039683 174.124288
-37.793505 155.129006 -8.616644 -172.564662 -70.044274 174.123282
-37.793757 155.128904 -8.615182 -172.563740 -70.048865 174.122276
-37.794009 155.128801 -8.613721 -172.562817 -70.053455 174.121271
-37.794260 155.128700 -8.612260 -172.561894 -70.058047 174.120265
-37.794512 155.128597 -8.610799 -172.560971 -70.062638 174.119258
-37.794764 155.128495 -8.609338 -172.560044 -70.067228 174.118249
-37.795015 155.128393 -8.607878 -172.559120 -70.071819 174.117242
-37.795266 155.128291 -8.606417 -172.558195 -70.076411 174.116234
-37.795518 155.128189 -8.604957 -172.557270 -70.081001 174.115226
-37.795770 155.128086 -8.603497 -172.556341 -70.085592 174.114215
-37.796021 155.127984 -8.602038 -172.555415 -70.090184 174.113205
-37.796272 155.127883 -8.600579 -172.554488 -70.094774 174.112196
-37.796523 155.127780 -8.599120 -172.553559 -70.099365 174.111184
-37.796774 155.127678 -8.597661 -172.552631 -70.103957 174.110173
-37.797026 155.127577 -8.596202 -172.551701 -70.108547 174.109160
-37.797277 155.127474 -8.594744 -172.550772 -70.113138 174.108148
-37.797528 155.127373 -8.593286 -172.549843 -70.117729 174.107136
-37.797779 155.127270 -8.591829 -172.548912 -70.122320 174.106122
-37.798030 155.127168 -8.590371 -172.547982 -70.126910 174.105108
-37.798281 155.127067 -8.588913 -172.547049 -70.131502 174.104093
-37.798532 155.126964 -8.587457 -172.546118 -70.136093 174.103080
-37.798783 155.126863 -8.586000 -172.545185 -70.140684 174.102062
-37.799033 155.126761 -8.584543 -172.544251 -70.145275 174.101046
-37.799285 155.126659 -8.583087 -172.543318 -70.149866 174.100031
-37.799535 155.126557 -8.581630 -172.542383 -70.154457 174.099013
-37.799785 155.126455 -8.580174 -172.541450 -70.159048 174.097997
-37.800036 155.126353 -8.578719 -172.540515 -70.163639 174.096978
-37.800287 155.126252 -8.577263 -172.539578 -70.168230 174.095959
-37.800537 155.126150 -8.575808 -172.538644 -70.172821 174.094941
-37.800788 155.126048 -8.574354 -172.537706 -70.177412 174.093921
-37.801038 155.125947 -8.572898 -172.536769 -70.182003 174.092901
-37.801289 155.125844 -8.571444 -172.535830 -70.186594 174.091880
-37.801540 155.125743 -8.569990 -172.534894 -70.191185 174.090860
-37.801789 155.125641 -8.568536 -172.533955 -70.195776 174.089838
-37.802040 155.125539 -8.567083 -172.533015 -70.200367 174.088815
-37.802290 155.125438 -8.565629 -172.532076 -70.204958 174.087793
-37.802540 155.125336 -8.564176 -172.531135 -70.209549 174.086769
-37.802791 155.125235 -8.562722 -172.530197 -70.214140 174.085747
-37.803040 155.125132 -8.561269 -172.529255 -70.218731 174.084723
-37.803290 155.125031 -8.559817 -172.528313 -70.223323 174.083698
-37.803540 155.124930 -8.558365 -172.527371 -70.227913 174.082673
-37.803790 155.124828 -8.556913 -172.526428 -70.232504 174.081648
-37.804040 155.124726 -8.555461 -172.525485 -70.237096 174.080621
-37.804290 155.124625 -8.554010 -172.524541 -70.241686 174.079595
-37.804539 155.124523 -8.552559 -172.523597 -70.246277 174.078567
-37.804790 155.124422 -8.551107 -172.522652 -70.250869 174.077539
-37.805040 155.124321 -8.549656 -172.521707 -70.255460 174.076511
-37.805289 155.124219 -8.548206 -172.520762 -70.260051 174.075483
-37.805539 155.124118 -8.546755 -172.519816 -70.264642 174.074454
-37.805788 155.124015 -8.545305 -172.518869 -70.269233 174.073424
-37.806038 155.123914 -8.543855 -172.517922 -70.273825 174.072394
-37.806287 155.123813 -8.542405 -172.516972 -70.278415 174.071361
-37.806537 155.123711 -8.540955 -172.516024 -70.283006 174.070331
-37.806787 155.123610 -8.539507 -172.515076 -70.287597 174.069299
-37.807035 155.123508 -8.538058 -172.514127 -70.292189 174.068267
-37.807285 155.123407 -8.536608 -172.513178 -70.296780 174.067235
-37.807534 155.123306 -8.535160 -172.512225 -70.301371 174.066200
-37.807784 155.123204 -8.533712 -172.511275 -70.305961 174.065167
-37.808033 155.123103 -8.532264 -172.510325 -70.310553 174.064133
-37.808282 155.123001 -8.530816 -172.509374 -70.315144 174.063099
-37.808531 155.122901 -8.529369 -172.508419 -70.319735 174.062062
-37.808780 155.122800 -8.527922 -172.507467 -70.324326 174.061027
-37.809029 155.122698 -8.526474 -172.506515 -70.328918 174.059991
-37.809278 155.122597 -8.525027 -172.505559 -70.333509 174.058953
-37.809527 155.122495 -8.523580 -172.504606 -70.338100 174.057916
-37.809776 155.122394 -8.522135 -172.503649 -70.342691 174.056877
-37.810025 155.122293 -8.520688 -172.502695 -70.347282 174.055840
-37.810273 155.122192 -8.519242 -172.501740 -70.351874 174.054801
-37.810522 155.122091 -8.517796 -172.500782 -70.356465 174.053761
-37.810770 155.121990 -8.516351 -172.499826 -70.361056 174.052721
-37.811019 155.121888 -8.514906 -172.498867 -70.365647 174.051680
-37.811268 155.121787 -8.513461 -172.497911 -70.370238 174.050639
-37.811516 155.121686 -8.512016 -172.496951 -70.374829 174.049597
-37.811765 155.121585 -8.510572 -172.495991 -70.379421 174.048554
-37.812013 155.121484 -8.509128 -172.495032 -70.384012 174.047513
-37.812262 155.121383 -8.507684 -172.494071 -70.388603 174.046469
-37.812511 155.121282 -8.506240 -172.493112 -70.393194 174.045426
-37.812759 155.121180 -8.504797 -172.492150 -70.397785 174.044382
-37.813007 155.121080 -8.503354 -172.491187 -70.402376 174.043336
-37.813255 155.120979 -8.501910 -172.490227 -70.406967 174.042293
-37.813503 155.120877 -8.500467 -172.489263 -70.411559 174.041245
-37.813752 155.120777 -8.499025 -172.488299 -70.416150 174.040199
-37.814000 155.120676 -8.497583 -172.487335 -70.420741 174.039151
-37.814247 155.120575 -8.496140 -172.486372 -70.425333 174.038106
-37.814496 155.120474 -8.494698 -172.485407 -70.429924 174.037057
-37.814743 155.120373 -8.493257 -172.484441 -70.434515 174.036009
-37.814992 155.120272 -8.491815 -172.483474 -70.439107 174.034959
-37.815239 155.120172 -8.490374 -172.482508 -70.443698 174.033910
-37.815487 155.120070 -8.488934 -172.481543 -70.448289 174.032861
-37.815735 155.119970 -8.487493 -172.480575 -70.452880 174.031811
-37.815983 155.119868 -8.486053 -172.479607 -70.457471 174.030759
-37.816231 155.119768 -8.484612 -172.478638 -70.462063 174.029707
-37.816478 155.119667 -8.483173 -172.477669 -70.466654 174.028655
-37.816726 155.119566 -8.481733 -172.476699 -70.471245 174.027603
-37.816974 155.119465 -8.480293 -172.475729 -70.475837 174.026549
-37.817221 155.119364 -8.478854 -172.474758 -70.480428 174.025496
-37.817468 155.119264 -8.477414 -172.473787 -70.485019 174.024441
-37.817716 155.119163 -8.475976 -172.472815 -70.489610 174.023387
-37.817963 155.119062 -8.474537 -172.471843 -70.494201 174.022331
-37.818211 155.118962 -8.473099 -172.470871 -70.498792 174.021276
-37.818458 155.118860 -8.471661 -172.469897 -70.503384 174.020219
-37.818705 155.118760 -8.470223 -172.468924 -70.507975 174.019163
-37.818953 155.118660 -8.468786 -172.467950 -70.512566 174.018106
-37.819200 155.118559 -8.467348 -172.466973 -70.517158 174.017046
-37.819447 155.118458 -8.465911 -172.465998 -70.521749 174.015988
-37.819694 155.118358 -8.464474 -172.465022 -70.526340 174.014929
-37.819941 155.118257 -8.463037 -172.464046 -70.530932 174.013870
-37.820188 155.118157 -8.461601 -172.463070 -70.535523 174.012810
-37.820435 155.118055 -8.460165 -172.462090 -70.540114 174.011748
-37.820682 155.117955 -8.458730 -172.461113 -70.544705 174.010687
-37.820929 155.117854 -8.457294 -172.460135 -70.549297 174.009627
-37.821175 155.117754 -8.455858 -172.459157 -70.553888 174.008565
-37.821423 155.117654 -8.454422 -172.458175 -70.558480 174.007501
-37.821669 155.117553 -8.452988 -172.457196 -70.563071 174.006438
-37.821915 155.117453 -8.451552 -172.456216 -70.567662 174.005375
-37.822162 155.117353 -8.450118 -172.455233 -70.572253 174.004309
-37.822409 155.117252 -8.448684 -172.454252 -70.576845 174.003246
-37.822656 155.117152 -8.447250 -172.453268 -70.581436 174.002179
-37.822902 155.117051 -8.445816 -172.452286 -70.586028 174.001113
-37.823149 155.116951 -8.444382 -172.451304 -70.590618 174.000048
-37.823395 155.116851 -8.442949 -172.450319 -70.595210 173.998980
-37.823641 155.116750 -8.441516 -172.449336 -70.599801 173.997914
-37.823888 155.116650 -8.440083 -172.448349 -70.604393 173.996844
-37.824134 155.116549 -8.438651 -172.447365 -70.608984 173.995777
-37.824380 155.116449 -8.437218 -172.446378 -70.613575 173.994707
-37.824626 155.116348 -8.435786 -172.445390 -70.618167 173.993636
-37.824873 155.116248 -8.434355 -172.444404 -70.622758 173.992567
-37.825119 155.116148 -8.432922 -172.443415 -70.627349 173.991495
-37.825365 155.116047 -8.431491 -172.442429 -70.631941 173.990425
-37.825610 155.115947 -8.430060 -172.441439 -70.636533 173.989352
-37.825856 155.115846 -8.428629 -172.440449 -70.641123 173.988280
-37.826102 155.115747 -8.427198 -172.439461 -70.645715 173.987208
-37.826348 155.115647 -8.425767 -172.438469 -70.650307 173.986134
-37.826594 155.115546 -8.424337 -172.437478 -70.654897 173.985059
-37.826841 155.115446 -8.422907 -172.436485 -70.659489 173.983983
-37.827086 155.115345 -8.421477 -172.435495 -70.664081 173.982910
-37.827332 155.115246 -8.420048 -172.434502 -70.668672 173.981834
-37.827578 155.115146 -8.418619 -172.433508 -70.673263 173.980758
-37.827823 155.115045 -8.417190 -172.432514 -70.677854 173.979680
-37.828068 155.114945 -8.415761 -172.431522 -70.682446 173.978605
-37.828315 155.114845 -8.414332 -172.430527 -70.687038 173.977527
-37.828560 155.114745 -8.412904 -172.429531 -70.691628 173.976448
-37.828805 155.114645 -8.411475 -172.428535 -70.696220 173.975369
-37.829051 155.114545 -8.410048 -172.427538 -70.700811 173.974289
-37.829296 155.114445 -8.408620 -172.426541 -70.705403 173.973209
-37.829542 155.114345 -8.407192 -172.425543 -70.709994 173.972128
-37.829787 155.114245 -8.405765 -172.424545 -70.714586 173.971046
-37.830033 155.114145 -8.404338 -172.423547 -70.719176 173.969966
-37.830277 155.114045 -8.402912 -172.422548 -70.723768 173.968883
-37.830523 155.113945 -8.401485 -172.421548 -70.728360 173.967801
-37.830767 155.113845 -8.400059 -172.420548 -70.732951 173.966717
-37.831013 155.113745 -8.398632 -172.419547 -70.737543 173.965633
-37.831258 155.113646 -8.397206 -172.418546 -70.742134 173.964549
-37.831502 155.113545 -8.395782 -172.417544 -70.746726 173.963464
-37.831747 155.113446 -8.394356 -172.416542 -70.751317 173.962379
-37.831992 155.113345 -8.392930 -172.415540 -70.755909 173.961293
-37.832237 155.113246 -8.391506 -172.414536 -70.760500 173.960206
-37.832482 155.113145 -8.390082 -172.413530 -70.765091 173.959118
-37.832726 155.113046 -8.388657 -172.412526 -70.769683 173.958030
-37.832971 155.112947 -8.387233 -172.411521 -70.774274 173.956942
-37.833216 155.112846 -8.385809 -172.410516 -70.778866 173.955854
-37.833461 155.112747 -8.384386 -172.409508 -70.783457 173.954763
-37.833705 155.112647 -8.382961 -172.408502 -70.788049 173.953674
-37.833950 155.112547 -8.381538 -172.407495 -70.792640 173.952584
-37.834194 155.112448 -8.380115 -172.406488 -70.797231 173.951493
-37.834438 155.112348 -8.378693 -172.405478 -70.801823 173.950401
-37.834684 155.112248 -8.377271 -172.404469 -70.806414 173.949309
-37.834928 155.112148 -8.375848 -172.403461 -70.811006 173.948217
-37.835172 155.112049 -8.374427 -172.402449 -70.815597 173.947123
-37.835416 155.111949 -8.373005 -172.401439 -70.820188 173.946029
-37.835661 155.111849 -8.371583 -172.400427 -70.824780 173.944934
-37.835905 155.111750 -8.370162 -172.399416 -70.829371 173.943840
-37.836149 155.111650 -8.368741 -172.398405 -70.833962 173.942745
-37.836393 155.111551 -8.367319 -172.397390 -70.838555 173.941648
-37.836637 155.111450 -8.365899 -172.396378 -70.843146 173.940553
-37.836882 155.111351 -8.364479 -172.395363 -70.847737 173.939454
-37.837125 155.111252 -8.363059 -172.394350 -70.852329 173.938358
-37.837370 155.111152 -8.361639 -172.393333 -70.856920 173.937259
-37.837613 155.111053 -8.360219 -172.392316 -70.861511 173.936158
-37.837857 155.110953 -8.358799 -172.391301 -70.866103 173.935061
-37.838100 155.110854 -8.357380 -172.390284 -70.870695 173.933960
-37.838345 155.110755 -8.355961 -172.389268 -70.875286 173.932860
-37.838589 155.110655 -8.354543 -172.388249 -70.879877 173.931759
-37.838831 155.110556 -8.353124 -172.387229 -70.884469 173.930656
-37.839075 155.110456 -8.351706 -172.386212 -70.889061 173.929555
-37.839319 155.110357 -8.350287 -172.385192 -70.893652 173.928452
-37.839563 155.110257 -8.348870 -172.384171 -70.898243 173.927348
-37.839807 155.110158 -8.347452 -172.383152 -70.902835 173.926245
-37.840050 155.110059 -8.346035 -172.382130 -70.907426 173.925141
-37.840293 155.109959 -8.344618 -172.381107 -70.912018 173.924035
-37.840536 155.109860 -8.343201 -172.380085 -70.916609 173.922929
-37.840779 155.109760 -8.341784 -172.379064 -70.921201 173.921825
-37.841023 155.109661 -8.340368 -172.378040 -70.925792 173.920718
-37.841267 155.109562 -8.338952 -172.377015 -70.930383 173.919610
-37.841510 155.109462 -8.337536 -172.375990 -70.934975 173.918502
-37.841753 155.109363 -8.336121 -172.374964 -70.939567 173.917393
-37.841996 155.109264 -8.334705 -172.373938 -70.944159 173.916284
-37.842239 155.109165 -8.333289 -172.372911 -70.948750 173.915175
-37.842482 155.109065 -8.331875 -172.371884 -70.953341 173.914064
-37.842725 155.108966 -8.330460 -172.370857 -70.957933 173.912953
-37.842968 155.108866 -8.329045 -172.369829 -70.962524 173.911843
-37.843211 155.108768 -8.327630 -172.368800 -70.967116 173.910730
-37.843454 155.108669 -8.326217 -172.367771 -70.971707 173.909618
-37.843697 155.108569 -8.324803 -172.366741 -70.976298 173.908506
-37.843940 155.108471 -8.323390 -172.365711 -70.980890 173.907392
-37.844182 155.108371 -8.321976 -172.364680 -70.985482 173.906278
-37.844425 155.108272 -8.320563 -172.363649 -70.990074 173.905164
-37.844668 155.108172 -8.319150 -172.362617 -70.994665 173.904049
-37.844911 155.108074 -8.317737 -172.361584 -70.999257 173.902933
-37.845153 155.107975 -8.316325 -172.360552 -71.003848 173.901816
-37.845395 155.107876 -8.314913 -172.359518 -71.008440 173.900700
-37.845638 155.107777 -8.313501 -172.358485 -71.013031 173.899583
-37.845880 155.107677 -8.312089 -172.357447 -71.017623 173.898463
-37.846123 155.107579 -8.310678 -172.356413 -71.022214 173.897346
-37.846365 155.107479 -8.309267 -172.355377 -71.026806 173.896226
-37.846608 155.107381 -8.307855 -172.354341 -71.031397 173.895107
-37.846850 155.107281 -8.306445 -172.353302 -71.035989 173.893986
-37.847091 155.107183 -8.305034 -172.352265 -71.040581 173.892865
-37.847334 155.107084 -8.303624 -172.351227 -71.045171 173.891744
-37.847576 155.106985 -8.302214 -172.350189 -71.049763 173.890622
-37.847818 155.106886 -8.300804 -172.349148 -71.054354 173.889499
-37.848060 155.106787 -8.299395 -172.348109 -71.058946 173.888376
-37.848302 155.106688 -8.297985 -172.347069 -71.063538 173.887253
-37.848544 155.106589 -8.296576 -172.346026 -71.068129 173.886128
-37.848787 155.106491 -8.295166 -172.344986 -71.072721 173.885003
-37.849029 155.106392 -8.293758 -172.343942 -71.077312 173.883877
-37.849270 155.106293 -8.292349 -172.342900 -71.081904 173.882751
-37.849512 155.106194 -8.290942 -172.341855 -71.086496 173.881624
-37.849753 155.106095 -8.289533 -172.340812 -71.091086 173.880498
-37.849996 155.105997 -8.288126 -172.339766 -71.095678 173.879368
-37.850237 155.105897 -8.286719 -172.338722 -71.100270 173.878242
-37.850478 155.105799 -8.285311 -172.337675 -71.104862 173.877111
-37.850721 155.105700 -8.283904 -172.336630 -71.109453 173.875983
-37.850962 155.105602 -8.282497 -172.335582 -71.114045 173.874851
-37.851204 155.105502 -8.281090 -172.334536 -71.118636 173.873723
-37.851445 155.105404 -8.279685 -172.333487 -71.123227 173.872590
-37.851687 155.105306 -8.278279 -172.332437 -71.127819 173.871457
-37.851927 155.105207 -8.276872 -172.331390 -71.132411 173.870326
-37.852169 155.105108 -8.275467 -172.330339 -71.137002 173.869193
-37.852411 155.105009 -8.274061 -172.329288 -71.141594 173.868058
-37.852652 155.104911 -8.272656 -172.328239 -71.146185 173.866925
-37.852893 155.104813 -8.271251 -172.327186 -71.150777 173.865790
-37.853134 155.104714 -8.269846 -172.326133 -71.155368 173.864654
-37.853376 155.104616 -8.268442 -172.325082 -71.159960 173.863520
-37.853616 155.104517 -8.267037 -172.324028 -71.164552 173.862382
-37.853857 155.104419 -8.265634 -172.322974 -71.169143 173.861245
-37.854099 155.104319 -8.264230 -172.321919 -71.173734 173.860107
-37.854340 155.104221 -8.262826 -172.320863 -71.178326 173.858968
-37.854580 155.104122 -8.261423 -172.319807 -71.182918 173.857829
-37.854821 155.104024 -8.260020 -172.318753 -71.187509 173.856691
-37.855062 155.103925 -8.258617 -172.317696 -71.192101 173.855551
-37.855303 155.103827 -8.257214 -172.316638 -71.196693 173.854410
-37.855544 155.103729 -8.255812 -172.315580 -71.201284 173.853268
-37.855784 155.103630 -8.254410 -172.314521 -71.205876 173.852126
-37.856025 155.103532 -8.253009 -172.313462 -71.210467 173.850985
-37.856266 155.103434 -8.251606 -172.312402 -71.215058 173.849841
-37.856507 155.103336 -8.250205 -172.311341 -71.219650 173.848697
-37.856747 155.103237 -8.248804 -172.310280 -71.224241 173.847553
-37.856987 155.103139 -8.247403 -172.309219 -71.228833 173.846409
-37.857228 155.103040 -8.246002 -172.308157 -71.233425 173.845263
-37.857468 155.102942 -8.244602 -172.307094 -71.238016 173.844117
-37.857708 155.102843 -8.243202 -172.306031 -71.242608 173.842971
-37.857949 155.102745 -8.241802 -172.304967 -71.247199 173.841825
-37.858189 155.102647 -8.240402 -172.303903 -71.251791 173.840677
-37.858430 155.102549 -8.239002 -172.302838 -71.256383 173.839529
-37.858669 155.102451 -8.237602 -172.301770 -71.260974 173.838378
-37.858910 155.102352 -8.236203 -172.300705 -71.265565 173.837228
-37.859151 155.102255 -8.234805 -172.299638 -71.270157 173.836079
-37.859390 155.102156 -8.233406 -172.298571 -71.274749 173.834929
