7.438851 154.525617 48.705293 -174.439700 7.051720 173.650784
7.438075 154.525494 48.705208 -174.439436 7.047107 173.651136
7.437300 154.525370 48.705124 -174.439172 7.042492 173.651489
7.436524 154.525248 48.705038 -174.438909 7.037878 173.651841
7.435749 154.525125 48.704954 -174.438645 7.033265 173.652193
7.434973 154.525002 48.704869 -174.438382 7.028650 173.652546
7.434197 154.524879 48.704785 -174.438118 7.024036 173.652898
7.433422 154.524756 48.704700 -174.437855 7.019421 173.653249
7.432648 154.524633 48.704615 -174.437590 7.014808 173.653601
7.431872 154.524510 48.704531 -174.437327 7.010194 173.653952
7.431097 154.524387 48.704447 -174.437063 7.005579 173.654304
7.430322 154.524264 48.704363 -174.436799 7.000965 173.654654
7.429547 154.524141 48.704279 -174.436535 6.996351 173.655006
7.428772 154.524018 48.704195 -174.436271 6.991736 173.655356
7.427998 154.523895 48.704111 -174.436007 6.987122 173.655707
7.427224 154.523773 48.704027 -174.435743 6.982508 173.656057
7.426449 154.523650 48.703944 -174.435478 6.977894 173.656408
7.425675 154.523527 48.703860 -174.435214 6.973279 173.656757
7.424900 154.523404 48.703777 -174.434950 6.968665 173.657108
7.424126 154.523281 48.703694 -174.434685 6.964051 173.657457
7.423353 154.523158 48.703610 -174.434421 6.959437 173.657807
7.422579 154.523036 48.703527 -174.434156 6.954822 173.658156
7.421805 154.522913 48.703444 -174.433892 6.950208 173.658506
7.421031 154.522790 48.703361 -174.433627 6.945594 173.658854
7.420257 154.522668 48.703277 -174.433362 6.940980 173.659202
7.419484 154.522545 48.703195 -174.433098 6.936364 173.659552
7.418711 154.522422 48.703112 -174.432833 6.931750 173.659900
7.417937 154.522300 48.703030 -174.432568 6.927136 173.660249
7.417164 154.522178 48.702947 -174.432303 6.922522 173.660596
7.416390 154.522055 48.702865 -174.432038 6.917906 173.660945
7.415617 154.521932 48.702782 -174.431773 6.913292 173.661292
7.414845 154.521810 48.702700 -174.431508 6.908678 173.661640
7.414072 154.521688 48.702618 -174.431243 6.904063 173.661987
7.413299 154.521565 48.702535 -174.430978 6.899449 173.662335
7.412526 154.521443 48.702454 -174.430713 6.894835 173.662682
7.411753 154.521320 48.702372 -174.430448 6.890219 173.663029
7.410981 154.521198 48.702290 -174.430182 6.885605 173.663376
7.410209 154.521076 48.702208 -174.429917 6.880990 173.663723
7.409437 154.520954 48.702126 -174.429651 6.876376 173.664069
7.408664 154.520831 48.702045 -174.429386 6.871761 173.664415
7.407892 154.520709 48.701964 -174.429121 6.867147 173.664761
7.407119 154.520587 48.701882 -174.428855 6.862532 173.665108
7.406348 154.520464 48.701801 -174.428589 6.857918 173.665453
7.405576 154.520342 48.701720 -174.428323 6.853303 173.665799
7.404804 154.520220 48.701639 -174.428058 6.848687 173.666144
7.404033 154.520098 48.701558 -174.427792 6.844073 173.666490
7.403261 154.519976 48.701477 -174.427526 6.839458 173.666834
7.402489 154.519854 48.701396 -174.427260 6.834843 173.667180
7.401718 154.519732 48.701316 -174.426994 6.830228 173.667524
7.400947 154.519610 48.701235 -174.426728 6.825614 173.667869
7.400176 154.519488 48.701154 -174.426462 6.820999 173.668213
7.399405 154.519365 48.701073 -174.426196 6.816384 173.668558
7.398634 154.519244 48.700994 -174.425930 6.811769 173.668902
7.397863 154.519121 48.700913 -174.425663 6.807155 173.669246
7.397092 154.519000 48.700832 -174.425397 6.802540 173.669589
7.396322 154.518878 48.700753 -174.425131 6.797925 173.669933
7.395551 154.518756 48.700673 -174.424865 6.793310 173.670276
7.394780 154.518634 48.700593 -174.424598 6.788695 173.670620
7.394010 154.518513 48.700513 -174.424331 6.784080 173.670963
7.393239 154.518390 48.700434 -174.424065 6.779465 173.671306
7.392469 154.518269 48.700354 -174.423798 6.774850 173.671649
7.391700 154.518147 48.700274 -174.423531 6.770235 173.671991
7.390929 154.518026 48.700195 -174.423265 6.765620 173.672334
7.390159 154.517903 48.700115 -174.422998 6.761005 173.672676
7.389389 154.517782 48.700036 -174.422731 6.756391 173.673018
7.388619 154.517660 48.699957 -174.422464 6.751776 173.673360
7.387850 154.517539 48.699877 -174.422197 6.747161 173.673701
7.387080 154.517417 48.699799 -174.421930 6.742545 173.674043
7.386311 154.517295 48.699720 -174.421663 6.737930 173.674384
7.385542 154.517174 48.699641 -174.421396 6.733315 173.674726
7.384772 154.517052 48.699563 -174.421129 6.728700 173.675066
7.384003 154.516931 48.699484 -174.420862 6.724085 173.675408
7.383234 154.516810 48.699406 -174.420594 6.719469 173.675748
7.382465 154.516687 48.699327 -174.420327 6.714855 173.676089
7.381697 154.516566 48.699249 -174.420060 6.710240 173.676429
7.380928 154.516445 48.699171 -174.419792 6.705624 173.676770
7.380159 154.516323 48.699092 -174.419525 6.701009 173.677109
7.379390 154.516202 48.699014 -174.419257 6.696394 173.677450
7.378621 154.516081 48.698936 -174.418989 6.691778 173.677789
7.377853 154.515960 48.698858 -174.418722 6.687164 173.678129
7.377085 154.515838 48.698781 -174.418454 6.682548 173.678468
7.376317 154.515717 48.698703 -174.418186 6.677933 173.678807
7.375549 154.515596 48.698625 -174.417918 6.673317 173.679146
7.374781 154.515475 48.698548 -174.417651 6.668702 173.679486
7.374013 154.515353 48.698470 -174.417382 6.664087 173.679823
7.373245 154.515232 48.698392 -174.417115 6.659472 173.680163
7.372477 154.515111 48.698316 -174.416846 6.654856 173.680500
7.371710 154.514990 48.698238 -174.416578 6.650241 173.680839
7.370942 154.514869 48.698162 -174.416310 6.645626 173.681177
7.370174 154.514747 48.698084 -174.416042 6.641010 173.681515
7.369407 154.514626 48.698008 -174.415774 6.636395 173.681852
7.368640 154.514505 48.697930 -174.415506 6.631779 173.682190
7.367872 154.514384 48.697854 -174.415237 6.627164 173.682527
7.367106 154.514263 48.697778 -174.414969 6.622549 173.682865
7.366339 154.514142 48.697700 -174.414700 6.617933 173.683201
7.365572 154.514021 48.697624 -174.414432 6.613318 173.683539
7.364805 154.513900 48.697548 -174.414163 6.608702 173.683875
7.364038 154.513778 48.697472 -174.413894 6.604086 173.684212
7.363271 154.513658 48.697395 -174.413626 6.599472 173.684548
7.362505 154.513537 48.697319 -174.413357 6.594856 173.684884
7.361739 154.513416 48.697243 -174.413088 6.590240 173.685220
7.360973 154.513295 48.697168 -174.412819 6.585625 173.685557
7.360206 154.513175 48.697092 -174.412550 6.581009 173.685891
7.359440 154.513054 48.697016 -174.412281 6.576393 173.686227
7.358674 154.512933 48.696941 -174.412012 6.571778 173.686563
7.357908 154.512812 48.696865 -174.411743 6.567162 173.686898
7.357143 154.512692 48.696789 -174.411474 6.562547 173.687232
7.356377 154.512571 48.696714 -174.411205 6.557931 173.687568
7.355611 154.512450 48.696639 -174.410936 6.553315 173.687902
7.354846 154.512329 48.696563 -174.410666 6.548700 173.688237
7.354080 154.512208 48.696489 -174.410397 6.544084 173.688572
7.353315 154.512088 48.696414 -174.410127 6.539469 173.688905
7.352549 154.511967 48.696339 -174.409858 6.534852 173.689240
7.351785 154.511848 48.696263 -174.409588 6.530237 173.689574
7.351019 154.511727 48.696189 -174.409319 6.525621 173.689907
7.350254 154.511606 48.696114 -174.409049 6.521006 173.690240
7.349489 154.511486 48.696040 -174.408780 6.516390 173.690575
7.348724 154.511365 48.695966 -174.408510 6.511773 173.690907
7.347960 154.511244 48.695891 -174.408239 6.507158 173.691240
7.347195 154.511124 48.695817 -174.407970 6.502542 173.691573
7.346431 154.511004 48.695742 -174.407700 6.497926 173.691906
7.345667 154.510884 48.695669 -174.407430 6.493310 173.692238
7.344902 154.510763 48.695595 -174.407160 6.488695 173.692571
7.344138 154.510643 48.695521 -174.406890 6.484079 173.692902
7.343374 154.510522 48.695447 -174.406620 6.479463 173.693235
7.342610 154.510403 48.695374 -174.406349 6.474847 173.693566
7.341845 154.510282 48.695299 -174.406079 6.470231 173.693899
7.341083 154.510162 48.695226 -174.405809 6.465616 173.694229
7.340319 154.510041 48.695153 -174.405538 6.460999 173.694561
7.339555 154.509922 48.695080 -174.405268 6.456383 173.694892
7.338791 154.509801 48.695005 -174.404998 6.451767 173.695223
7.338028 154.509681 48.694932 -174.404727 6.447151 173.695553
7.337264 154.509560 48.694859 -174.404457 6.442536 173.695885
7.336501 154.509441 48.694786 -174.404186 6.437919 173.696215
7.335739 154.509320 48.694713 -174.403915 6.433304 173.696545
7.334975 154.509200 48.694641 -174.403644 6.428687 173.696875
7.334212 154.509081 48.694568 -174.403373 6.424071 173.697206
7.333449 154.508960 48.694495 -174.403102 6.419456 173.697535
7.332686 154.508840 48.694422 -174.402832 6.414839 173.697865
7.331924 154.508721 48.694350 -174.402561 6.410223 173.698194
7.331161 154.508600 48.694278 -174.402289 6.405607 173.698524
7.330399 154.508481 48.694206 -174.402018 6.400991 173.698853
7.329637 154.508361 48.694133 -174.401747 6.396375 173.699182
7.328874 154.508240 48.694061 -174.401476 6.391759 173.699510
7.328112 154.508121 48.693989 -174.401205 6.387142 173.699840
7.327350 154.508001 48.693917 -174.400933 6.382526 173.700169
7.326587 154.507882 48.693845 -174.400662 6.377910 173.700496
7.325825 154.507761 48.693774 -174.400391 6.373293 173.700825
7.325064 154.507642 48.693702 -174.400119 6.368677 173.701153
7.324303 154.507522 48.693630 -174.399847 6.364061 173.701481
7.323541 154.507403 48.693559 -174.399576 6.359445 173.701808
7.322779 154.507282 48.693487 -174.399304 6.354828 173.702136
7.322018 154.507163 48.693416 -174.399033 6.350212 173.702463
7.321256 154.507043 48.693344 -174.398761 6.345596 173.702791
7.320495 154.506924 48.693274 -174.398489 6.340980 173.703118
7.319734 154.506804 48.693203 -174.398217 6.336363 173.703444
7.318973 154.506685 48.693131 -174.397946 6.331747 173.703771
7.318212 154.506564 48.693061 -174.397673 6.327131 173.704098
7.317451 154.506445 48.692990 -174.397401 6.322515 173.704424
7.316690 154.506326 48.692920 -174.397129 6.317899 173.704750
7.315930 154.506206 48.692848 -174.396857 6.313282 173.705076
7.315169 154.506087 48.692778 -174.396585 6.308665 173.705402
7.314408 154.505967 48.692708 -174.396312 6.304049 173.705727
7.313649 154.505848 48.692637 -174.396041 6.299433 173.706054
7.312888 154.505729 48.692567 -174.395768 6.294817 173.706378
7.312128 154.505609 48.692497 -174.395495 6.290200 173.706704
7.311368 154.505490 48.692427 -174.395223 6.285583 173.707028
7.310608 154.505371 48.692357 -174.394951 6.280967 173.707354
7.309848 154.505251 48.692287 -174.394678 6.276350 173.707679
7.309088 154.505132 48.692217 -174.394405 6.271734 173.708003
7.308329 154.505013 48.692147 -174.394132 6.267117 173.708328
7.307569 154.504894 48.692078 -174.393860 6.262501 173.708651
7.306810 154.504774 48.692008 -174.393587 6.257885 173.708976
7.306050 154.504655 48.691938 -174.393314 6.253268 173.709299
7.305290 154.504536 48.691870 -174.393041 6.248651 173.709624
7.304531 154.504417 48.691800 -174.392768 6.244034 173.709947
7.303772 154.504297 48.691731 -174.392495 6.239418 173.710271
7.303013 154.504178 48.691661 -174.392222 6.234801 173.710593
7.302255 154.504059 48.691593 -174.391948 6.230184 173.710916
7.301496 154.503940 48.691524 -174.391675 6.225568 173.711239
7.300737 154.503822 48.691455 -174.391402 6.220951 173.711562
7.299978 154.503702 48.691386 -174.391129 6.216335 173.711885
7.299219 154.503583 48.691318 -174.390856 6.211718 173.712208
7.298461 154.503464 48.691249 -174.390582 6.207101 173.712529
7.297702 154.503345 48.691181 -174.390308 6.202485 173.712851
7.296944 154.503226 48.691112 -174.390035 6.197868 173.713173
7.296187 154.503108 48.691044 -174.389761 6.193251 173.713495
7.295428 154.502989 48.690975 -174.389487 6.188634 173.713817
7.294670 154.502870 48.690907 -174.389214 6.184018 173.714138
7.293912 154.502750 48.690840 -174.388940 6.179401 173.714460
7.293154 154.502632 48.690771 -174.388666 6.174784 173.714781
7.292396 154.502513 48.690703 -174.388392 6.170167 173.715102
7.291639 154.502394 48.690636 -174.388119 6.165550 173.715422
7.290881 154.502275 48.690568 -174.387845 6.160933 173.715743
7.290125 154.502157 48.690501 -174.387570 6.156316 173.716063
7.289367 154.502038 48.690432 -174.387296 6.151699 173.716384
7.288610 154.501919 48.690365 -174.387022 6.147083 173.716703
7.287852 154.501801 48.690298 -174.386748 6.142466 173.717024
7.287095 154.501682 48.690231 -174.386473 6.137849 173.717343
7.286338 154.501563 48.690163 -174.386199 6.133232 173.717663
7.285581 154.501445 48.690096 -174.385925 6.128615 173.717982
7.284824 154.501326 48.690029 -174.385650 6.123998 173.718302
7.284069 154.501208 48.689962 -174.385376 6.119381 173.718620
7.283312 154.501089 48.689896 -174.385101 6.114764 173.718939
7.282555 154.500970 48.689829 -174.384827 6.110147 173.719259
7.281799 154.500853 48.689763 -174.384552 6.105531 173.719577
7.281043 154.500734 48.689696 -174.384277 6.100914 173.719896
7.280286 154.500616 48.689629 -174.384003 6.096297 173.720214
7.279530 154.500497 48.689563 -174.383727 6.091679 173.720532
7.278774 154.500379 48.689497 -174.383453 6.087062 173.720850
7.278019 154.500260 48.689430 -174.383177 6.082445 173.721168
7.277263 154.500142 48.689365 -174.382902 6.077829 173.721485
7.276507 154.500023 48.689298 -174.382627 6.073211 173.721803
7.275752 154.499906 48.689233 -174.382352 6.068594 173.722120
7.274996 154.499787 48.689167 -174.382077 6.063977 173.722438
7.274241 154.499669 48.689100 -174.381802 6.059360 173.722754
7.273485 154.499550 48.689035 -174.381527 6.054743 173.723071
7.272730 154.499432 48.688970 -174.381251 6.050126 173.723387
7.271976 154.499315 48.688904 -174.380976 6.045508 173.723704
7.271220 154.499196 48.688839 -174.380701 6.040891 173.724021
7.270465 154.499078 48.688773 -174.380424 6.036274 173.724336
7.269710 154.498959 48.688708 -174.380149 6.031657 173.724653
7.268956 154.498842 48.688643 -174.379873 6.027039 173.724968
7.268201 154.498724 48.688577 -174.379598 6.022423 173.725285
7.267446 154.498605 48.688513 -174.379322 6.017805 173.725600
7.266692 154.498487 48.688448 -174.379046 6.013188 173.725915
7.265938 154.498370 48.688383 -174.378770 6.008571 173.726230
7.265184 154.498251 48.688319 -174.378495 6.003954 173.726546
7.264430 154.498133 48.688254 -174.378219 5.999336 173.726860
7.263675 154.498016 48.688190 -174.377942 5.994718 173.727175
7.262921 154.497898 48.688124 -174.377666 5.990102 173.727489
7.262167 154.497780 48.688060 -174.377390 5.985484 173.727804
7.261413 154.497662 48.687996 -174.377114 5.980866 173.728119
7.260660 154.497544 48.687932 -174.376838 5.976250 173.728432
7.259906 154.497426 48.687868 -174.376562 5.971632 173.728747
7.259153 154.497308 48.687804 -174.376285 5.967015 173.729060
7.258400 154.497190 48.687740 -174.376009 5.962397 173.729374
7.257646 154.497073 48.687676 -174.375732 5.957779 173.729687
7.256893 154.496955 48.687612 -174.375455 5.953163 173.730000
7.256140 154.496838 48.687548 -174.375179 5.948545 173.730313
7.255387 154.496719 48.687486 -174.374902 5.943928 173.730626
7.254634 154.496602 48.687422 -174.374625 5.939310 173.730938
7.253881 154.496484 48.687358 -174.374349 5.934692 173.731252
7.253128 154.496367 48.687295 -174.374072 5.930075 173.731563
7.252376 154.496249 48.687232 -174.373795 5.925457 173.731876
7.251624 154.496132 48.687168 -174.373518 5.920840 173.732189
7.250871 154.496014 48.687106 -174.373241 5.916222 173.732500
7.250119 154.495897 48.687042 -174.372964 5.911605 173.732812
7.249367 154.495779 48.686980 -174.372687 5.906987 173.733123
7.248614 154.495662 48.686917 -174.372410 5.902370 173.733435
7.247862 154.495544 48.686854 -174.372132 5.897752 173.733746
7.247110 154.495427 48.686791 -174.371855 5.893135 173.734057
7.246359 154.495310 48.686729 -174.371578 5.888517 173.734368
7.245607 154.495191 48.686667 -174.371300 5.883900 173.734679
7.244856 154.495075 48.686604 -174.371023 5.879282 173.734990
7.244104 154.494957 48.686542 -174.370745 5.874664 173.735301
7.243352 154.494839 48.686480 -174.370468 5.870046 173.735611
7.242601 154.494723 48.686417 -174.370190 5.865429 173.735921
7.241849 154.494605 48.686355 -174.369913 5.860811 173.736232
7.241098 154.494488 48.686293 -174.369635 5.856194 173.736541
7.240347 154.494371 48.686232 -174.369357 5.851576 173.736851
7.239597 154.494253 48.686170 -174.369079 5.846958 173.737160
7.238846 154.494136 48.686109 -174.368801 5.842341 173.737470
7.238095 154.494019 48.686047 -174.368523 5.837722 173.737778
7.237344 154.493901 48.685986 -174.368245 5.833105 173.738088
7.236594 154.493784 48.685924 -174.367967 5.828488 173.738396
7.235843 154.493667 48.685863 -174.367689 5.823869 173.738705
7.235092 154.493551 48.685801 -174.367411 5.819252 173.739013
7.234342 154.493433 48.685740 -174.367133 5.814633 173.739322
7.233592 154.493316 48.685679 -174.366854 5.810016 173.739631
7.232841 154.493199 48.685618 -174.366576 5.805398 173.739938
7.232092 154.493082 48.685557 -174.366297 5.800780 173.740247
7.231342 154.492966 48.685496 -174.366019 5.796162 173.740554
7.230592 154.492848 48.685436 -174.365740 5.791545 173.740862
7.229842 154.492731 48.685375 -174.365462 5.786926 173.741169
7.229093 154.492614 48.685314 -174.365183 5.782309 173.741476
7.228343 154.492498 48.685254 -174.364904 5.777691 173.741783
7.227594 154.492381 48.685193 -174.364625 5.773073 173.742090
7.226844 154.492264 48.685133 -174.364347 5.768455 173.742397
7.226095 154.492147 48.685073 -174.364068 5.763837 173.742704
7.225346 154.492030 48.685013 -174.363789 5.759220 173.743011
7.224597 154.491913 48.684953 -174.363509 5.754601 173.743316
7.223848 154.491796 48.684893 -174.363231 5.749983 173.743623
7.223099 154.491680 48.684833 -174.362951 5.745365 173.743928
7.222350 154.491563 48.684773 -174.362672 5.740748 173.744234
7.221602 154.491447 48.684714 -174.362393 5.736129 173.744539
7.220853 154.491330 48.684654 -174.362114 5.731511 173.744845
7.220104 154.491213 48.684594 -174.361835 5.726893 173.745150
7.219356 154.491097 48.684535 -174.361555 5.722275 173.745456
7.218607 154.490980 48.684476 -174.361276 5.717657 173.745762
7.217860 154.490864 48.684416 -174.360996 5.713039 173.746066
7.217112 154.490747 48.684357 -174.360717 5.708421 173.746371
7.216364 154.490630 48.684298 -174.360437 5.703803 173.746675
7.215616 154.490514 48.684239 -174.360157 5.699185 173.746979
7.214868 154.490397 48.684181 -174.359878 5.694566 173.747283
7.214120 154.490281 48.684121 -174.359598 5.689948 173.747588
7.213372 154.490164 48.684062 -174.359318 5.685330 173.747891
7.212625 154.490048 48.684004 -174.359038 5.680712 173.748195
7.211877 154.489931 48.683945 -174.358758 5.676094 173.748499
7.211130 154.489815 48.683887 -174.358478 5.671476 173.748802
7.210383 154.489698 48.683828 -174.358198 5.666858 173.749105
7.209636 154.489582 48.683770 -174.357918 5.662239 173.749408
7.208889 154.489466 48.683712 -174.357637 5.657621 173.749712
7.208142 154.489349 48.683654 -174.357357 5.653003 173.750014
7.207395 154.489234 48.683596 -174.357077 5.648384 173.750317
7.206648 154.489117 48.683538 -174.356796 5.643766 173.750618
7.205901 154.489001 48.683480 -174.356516 5.639148 173.750921
7.205155 154.488884 48.683421 -174.356235 5.634530 173.751224
7.204408 154.488768 48.683364 -174.355955 5.629912 173.751525
7.203662 154.488652 48.683307 -174.355674 5.625293 173.751828
7.202916 154.488537 48.683249 -174.355393 5.620675 173.752128
7.202170 154.488420 48.683192 -174.355113 5.616057 173.752430
7.201424 154.488304 48.683134 -174.354832 5.611439 173.752731
7.200678 154.488188 48.683076 -174.354551 5.606820 173.753033
7.199932 154.488071 48.683020 -174.354270 5.602202 173.753333
7.199186 154.487956 48.682962 -174.353989 5.597583 173.753634
7.198440 154.487840 48.682906 -174.353708 5.592965 173.753935
7.197694 154.487723 48.682848 -174.353427 5.588347 173.754236
7.196949 154.487608 48.682792 -174.353146 5.583728 173.754537
7.196203 154.487492 48.682735 -174.352865 5.579110 173.754836
7.195459 154.487376 48.682678 -174.352583 5.574491 173.755136
7.194714 154.487260 48.682622 -174.352302 5.569873 173.755435
7.193968 154.487144 48.682565 -174.352021 5.565254 173.755736
7.193223 154.487028 48.682508 -174.351739 5.560636 173.756035
7.192478 154.486912 48.682452 -174.351458 5.556017 173.756335
7.191733 154.486797 48.682396 -174.351176 5.551399 173.756634
7.190988 154.486681 48.682340 -174.350895 5.546780 173.756933
7.190244 154.486564 48.682283 -174.350614 5.542162 173.757233
7.189499 154.486449 48.682227 -174.350332 5.537543 173.757531
7.188755 154.486333 48.682171 -174.350049 5.532924 173.757829
7.188010 154.486218 48.682116 -174.349768 5.528306 173.758127
7.187267 154.486102 48.682060 -174.349486 5.523687 173.758426
7.186522 154.485986 48.682004 -174.349204 5.519068 173.758724
7.185778 154.485871 48.681949 -174.348922 5.514451 173.759022
7.185034 154.485755 48.681893 -174.348640 5.509832 173.759320
7.184290 154.485640 48.681838 -174.348358 5.505213 173.759618
7.183546 154.485524 48.681782 -174.348075 5.500594 173.759915
7.182803 154.485409 48.681727 -174.347793 5.495975 173.760212
7.182059 154.485293 48.681671 -174.347511 5.491357 173.760509
7.181316 154.485178 48.681616 -174.347229 5.486739 173.760806
7.180572 154.485062 48.681562 -174.346946 5.482120 173.761103
7.179829 154.484947 48.681507 -174.346664 5.477501 173.761400
7.179086 154.484831 48.681452 -174.346381 5.472882 173.761696
7.178343 154.484716 48.681397 -174.346099 5.468263 173.761994
7.177600 154.484600 48.681343 -174.345816 5.463644 173.762289
7.176857 154.484485 48.681288 -174.345533 5.459026 173.762585
7.176114 154.484370 48.681233 -174.345251 5.454407 173.762881
7.175371 154.484254 48.681179 -174.344968 5.449788 173.763177
7.174629 154.484139 48.681125 -174.344685 5.445169 173.763472
7.173886 154.484023 48.681071 -174.344402 5.440551 173.763767
7.173143 154.483908 48.681016 -174.344119 5.435932 173.764064
7.172401 154.483793 48.680963 -174.343836 5.431313 173.764358
7.171659 154.483677 48.680908 -174.343553 5.426694 173.764653
7.170918 154.483563 48.680854 -174.343270 5.422076 173.764948
7.170175 154.483447 48.680800 -174.342987 5.417457 173.765243
7.169433 154.483332 48.680747 -174.342703 5.412838 173.765536
7.168691 154.483217 48.680693 -174.342420 5.408220 173.765831
7.167950 154.483101 48.680639 -174.342137 5.403601 173.766126
7.167208 154.482987 48.680586 -174.341853 5.398981 173.766419
7.166466 154.482872 48.680533 -174.341569 5.394363 173.766713
7.165725 154.482757 48.680480 -174.341286 5.389744 173.767007
7.164983 154.482641 48.680426 -174.341003 5.385125 173.767301
7.164242 154.482527 48.680373 -174.340719 5.380506 173.767593
7.163501 154.482412 48.680320 -174.340435 5.375887 173.767887
7.162759 154.482297 48.680267 -174.340152 5.371268 173.768180
7.162019 154.482181 48.680214 -174.339868 5.366649 173.768473
7.161278 154.482067 48.680161 -174.339583 5.362030 173.768766
7.160538 154.481952 48.680108 -174.339299 5.357411 173.769058
7.159797 154.481837 48.680056 -174.339016 5.352792 173.769351
7.159056 154.481722 48.680003 -174.338731 5.348173 173.769642
7.158315 154.481607 48.679951 -174.338447 5.343554 173.769935
7.157575 154.481492 48.679898 -174.338163 5.338935 173.770226
7.156835 154.481378 48.679846 -174.337879 5.334316 173.770519
7.156094 154.481263 48.679793 -174.337595 5.329697 173.770811
7.155354 154.481149 48.679741 -174.337310 5.325078 173.771101
7.154614 154.481033 48.679690 -174.337026 5.320459 173.771393
7.153874 154.480918 48.679638 -174.336741 5.315840 173.771684
7.153135 154.480804 48.679585 -174.336457 5.311221 173.771975
7.152395 154.480689 48.679533 -174.336172 5.306601 173.772266
7.151655 154.480575 48.679482 -174.335887 5.301982 173.772557
7.150916 154.480460 48.679430 -174.335602 5.297363 173.772847
7.150176 154.480346 48.679378 -174.335318 5.292744 173.773138
7.149437 154.480231 48.679328 -174.335033 5.288125 173.773428
7.148698 154.480117 48.679276 -174.334748 5.283505 173.773717
7.147958 154.480002 48.679225 -174.334463 5.278887 173.774008
7.147219 154.479888 48.679173 -174.334178 5.274267 173.774297
7.146480 154.479773 48.679123 -174.333893 5.269648 173.774587
7.145741 154.479659 48.679071 -174.333608 5.265029 173.774877
7.145002 154.479544 48.679020 -174.333322 5.260410 173.775165
7.144264 154.479430 48.678969 -174.333037 5.255791 173.775455
7.143526 154.479315 48.678919 -174.332752 5.251171 173.775743
7.142787 154.479201 48.678868 -174.332466 5.246552 173.776032
7.142049 154.479087 48.678817 -174.332181 5.241932 173.776321
7.141311 154.478972 48.678767 -174.331895 5.237313 173.776609
7.140572 154.478858 48.678716 -174.331610 5.232694 173.776898
7.139834 154.478743 48.678665 -174.331325 5.228075 173.777186
7.139096 154.478629 48.678615 -174.331039 5.223456 173.777474
7.138358 154.478515 48.678565 -174.330753 5.218836 173.777762
7.137620 154.478400 48.678515 -174.330467 5.214217 173.778049
7.136882 154.478286 48.678465 -174.330181 5.209598 173.778336
7.136145 154.478172 48.678415 -174.329895 5.204978 173.778624
7.135407 154.478058 48.678365 -174.329609 5.200359 173.778911
7.134670 154.477944 48.678316 -174.329324 5.195739 173.779199
7.133933 154.477830 48.678265 -174.329037 5.191120 173.779485
7.133196 154.477716 48.678215 -174.328751 5.186501 173.779772
7.132459 154.477601 48.678167 -174.328465 5.181881 173.780059
7.131722 154.477487 48.678117 -174.328179 5.177262 173.780344
7.130985 154.477374 48.678068 -174.327892 5.172642 173.780631
7.130248 154.477259 48.678018 -174.327606 5.168022 173.780918
7.129511 154.477145 48.677969 -174.327320 5.163403 173.781203
7.128774 154.477031 48.677919 -174.327033 5.158784 173.781489
7.128038 154.476917 48.677870 -174.326747 5.154165 173.781774
7.127301 154.476804 48.677822 -174.326460 5.149545 173.782060
7.126564 154.476689 48.677773 -174.326174 5.144925 173.782346
7.125828 154.476575 48.677724 -174.325887 5.140306 173.782631
7.125092 154.476462 48.677675 -174.325600 5.135687 173.782916
7.124356 154.476348 48.677627 -174.325313 5.131067 173.783200
7.123621 154.476234 48.677578 -174.325026 5.126447 173.783485
7.122885 154.476120 48.677530 -174.324739 5.121828 173.783769
7.122149 154.476007 48.677481 -174.324452 5.117209 173.784054
7.121413 154.475893 48.677432 -174.324165 5.112588 173.784339
7.120678 154.475779 48.677384 -174.323878 5.107969 173.784623
7.119942 154.475666 48.677336 -174.323590 5.103349 173.784906
7.119207 154.475552 48.677288 -174.323303 5.098730 173.785190
7.118471 154.475437 48.677240 -174.323016 5.094111 173.785474
7.117736 154.475325 48.677192 -174.322729 5.089490 173.785757
7.117001 154.475211 48.677145 -174.322441 5.084871 173.786040
7.116266 154.475097 48.677096 -174.322154 5.080251 173.786324
7.115531 154.474984 48.677049 -174.321866 5.075632 173.786606
7.114796 154.474869 48.677002 -174.321579 5.071012 173.786890
7.114061 154.474757 48.676953 -174.321291 5.066393 173.787172
7.113327 154.474643 48.676906 -174.321003 5.061772 173.787454
7.112593 154.474529 48.676859 -174.320716 5.057152 173.787738
7.111858 154.474416 48.676812 -174.320428 5.052533 173.788019
7.111124 154.474303 48.676765 -174.320140 5.047913 173.788302
7.110390 154.474189 48.676717 -174.319852 5.043294 173.788583
7.109655 154.474076 48.676670 -174.319564 5.038674 173.788865
7.108921 154.473962 48.676623 -174.319276 5.034054 173.789146
7.108187 154.473849 48.676577 -174.318988 5.029435 173.789428
7.107453 154.473735 48.676530 -174.318699 5.024815 173.789709
7.106719 154.473622 48.676483 -174.318411 5.020195 173.789990
7.105986 154.473508 48.676437 -174.318123 5.015575 173.790271
7.105252 154.473396 48.676390 -174.317835 5.010955 173.790552
7.104518 154.473282 48.676343 -174.317546 5.006335 173.790833
7.103785 154.473169 48.676297 -174.317258 5.001715 173.791114
7.103052 154.473056 48.676252 -174.316969 4.997095 173.791393
7.102319 154.472942 48.676205 -174.316680 4.992475 173.791674
7.101586 154.472830 48.676159 -174.316392 4.987856 173.791953
7.100853 154.472716 48.676113 -174.316103 4.983236 173.792234
7.100120 154.472603 48.676067 -174.315815 4.978616 173.792513
7.099388 154.472490 48.676021 -174.315525 4.973996 173.792793
7.098655 154.472377 48.675975 -174.315236 4.969376 173.793072
7.097922 154.472264 48.675929 -174.314948 4.964756 173.793352
7.097189 154.472151 48.675884 -174.314659 4.960136 173.793631
7.096457 154.472038 48.675838 -174.314369 4.955516 173.793909
7.095725 154.471925 48.675793 -174.314080 4.950897 173.794188
7.094992 154.471812 48.675748 -174.313791 4.946277 173.794468
7.094260 154.471698 48.675702 -174.313502 4.941657 173.794745
7.093528 154.471586 48.675657 -174.313213 4.937037 173.795024
7.092796 154.471473 48.675612 -174.312923 4.932417 173.795301
7.092064 154.471359 48.675567 -174.312634 4.927797 173.795580
7.091334 154.471247 48.675522 -174.312344 4.923177 173.795857
7.090602 154.471134 48.675477 -174.312055 4.918557 173.796135
7.089870 154.471022 48.675433 -174.311765 4.913936 173.796413
7.089139 154.470908 48.675387 -174.311475 4.909316 173.796690
7.088407 154.470795 48.675343 -174.311186 4.904696 173.796968
7.087676 154.470683 48.675299 -174.310896 4.900077 173.797244
7.086945 154.470570 48.675253 -174.310606 4.895457 173.797522
7.086214 154.470458 48.675209 -174.310316 4.890837 173.797798
7.085483 154.470344 48.675165 -174.310026 4.886216 173.798075
7.084752 154.470232 48.675121 -174.309736 4.881596 173.798351
7.084021 154.470119 48.675077 -174.309446 4.876976 173.798627
7.083290 154.470007 48.675033 -174.309156 4.872355 173.798904
7.082559 154.469894 48.674988 -174.308866 4.867736 173.799180
7.081829 154.469782 48.674945 -174.308576 4.863116 173.799456
7.081098 154.469669 48.674901 -174.308285 4.858495 173.799731
7.080368 154.469556 48.674857 -174.307995 4.853875 173.800007
7.079638 154.469443 48.674813 -174.307704 4.849255 173.800282
7.078909 154.469331 48.674770 -174.307414 4.844635 173.800557
7.078179 154.469218 48.674726 -174.307123 4.840015 173.800832
