5.336811 156.408564 -52.988362 27.236313 41.641143 18.881721
5.326745 156.408564 -52.988362 27.236313 41.641143 18.881721
5.316679 156.408564 -52.988362 27.236313 41.641143 18.881721
5.306614 156.408564 -52.988362 27.236313 41.641143 18.881721
5.296548 156.408564 -52.988362 27.236313 41.641143 18.881721
5.286482 156.408564 -52.988362 27.236313 41.641143 18.881721
5.276416 156.408564 -52.988362 27.236313 41.641143 18.881721
5.266350 156.408564 -52.988362 27.236313 41.641143 18.881721
5.256284 156.408564 -52.988362 27.236313 41.641143 18.881721
5.246219 156.408564 -52.988362 27.236313 41.641143 18.881721
5.236153 156.408564 -52.988362 27.236313 41.641143 18.881721
5.226087 156.408564 -52.988362 27.236313 41.641143 18.881721
5.216021 156.408564 -52.988362 27.236313 41.641143 18.881721
5.205955 156.408564 -52.988362 27.236313 41.641143 18.881721
5.195890 156.408564 -52.988362 27.236313 41.641143 18.881721
5.185824 156.408564 -52.988362 27.236313 41.641143 18.881721
5.175758 156.408564 -52.988362 27.236313 41.641143 18.881721
5.165692 156.408564 -52.988362 27.236313 41.641143 18.881721
5.155626 156.408564 -52.988362 27.236313 41.641143 18.881721
5.145560 156.408564 -52.988362 27.236313 41.641143 18.881721
5.135495 156.408564 -52.988362 27.236313 41.641143 18.881721
5.125429 156.408564 -52.988362 27.236313 41.641143 18.881721
5.115363 156.408564 -52.988362 27.236313 41.641143 18.881721
5.105297 156.408564 -52.988362 27.236313 41.641143 18.881721
5.095231 156.408564 -52.988362 27.236313 41.641143 18.881721
5.085166 156.408564 -52.988362 27.236313 41.641143 18.881721
5.075100 156.408564 -52.988362 27.236313 41.641143 18.881721
5.065034 156.408564 -52.988362 27.236313 41.641143 18.881721
5.054968 156.408564 -52.988362 27.236313 41.641143 18.881721
5.044902 156.408564 -52.988362 27.236313 41.641143 18.881721
5.034836 156.408564 -52.988362 27.236313 41.641143 18.881721
5.024771 156.408564 -52.988362 27.236313 41.641143 18.881721
5.014705 156.408564 -52.988362 27.236313 41.641143 18.881721
5.004639 156.408564 -52.988362 27.236313 41.641143 18.881721
4.994573 156.408564 -52.988362 27.236313 41.641143 18.881721
4.984507 156.408564 -52.988362 27.236313 41.641143 18.881721
4.974441 156.408564 -52.988362 27.236313 41.641143 18.881721
4.964376 156.408564 -52.988362 27.236313 41.641143 18.881721
4.954310 156.408564 -52.988362 27.236313 41.641143 18.881721
4.944244 156.408564 -52.988362 27.236313 41.641143 18.881721
4.934178 156.408564 -52.988362 27.236313 41.641143 18.881721
4.924112 156.408564 -52.988362 27.236313 41.641143 18.881721
4.914047 156.408564 -52.988362 27.236313 41.641143 18.881721
4.903981 156.408564 -52.988362 27.236313 41.641143 18.881721
4.893915 156.408564 -52.988362 27.236313 41.641143 18.881721
4.883849 156.408564 -52.988362 27.236313 41.641143 18.881721
4.873783 156.408564 -52.988362 27.236313 41.641143 18.881721
4.863717 156.408564 -52.988362 27.236313 41.641143 18.881721
4.853652 156.408564 -52.988362 27.236313 41.641143 18.881721
4.843586 156.408564 -52.988362 27.236313 41.641143 18.881721
4.833520 156.408564 -52.988362 27.236313 41.641143 18.881721
4.823454 156.408564 -52.988362 27.236313 41.641143 18.881721
4.813388 156.408564 -52.988362 27.236313 41.641143 18.881721
4.803323 156.408564 -52.988362 27.236313 41.641143 18.881721
4.793257 156.408564 -52.988362 27.236313 41.641143 18.881721
4.783191 156.408564 -52.988362 27.236313 41.641143 18.881721
4.773125 156.408564 -52.988362 27.236313 41.641143 18.881721
4.763059 156.408564 -52.988362 27.236313 41.641143 18.881721
4.752993 156.408564 -52.988362 27.236313 41.641143 18.881721
4.742928 156.408564 -52.988362 27.236313 41.641143 18.881721
4.732862 156.408564 -52.988362 27.236313 41.641143 18.881721
4.722796 156.408564 -52.988362 27.236313 41.641143 18.881721
4.712730 156.408564 -52.988362 27.236313 41.641143 18.881721
4.702664 156.408564 -52.988362 27.236313 41.641143 18.881721
4.692598 156.408564 -52.988362 27.236313 41.641143 18.881721
4.682533 156.408564 -52.988362 27.236313 41.641143 18.881721
4.672467 156.408564 -52.988362 27.236313 41.641143 18.881721
4.662401 156.408564 -52.988362 27.236313 41.641143 18.881721
4.652335 156.408564 -52.988362 27.236313 41.641143 18.881721
4.642269 156.408564 -52.988362 27.236313 41.641143 18.881721
4.632204 156.408564 -52.988362 27.236313 41.641143 18.881721
4.622138 156.408564 -52.988362 27.236313 41.641143 18.881721
4.612072 156.408564 -52.988362 27.236313 41.641143 18.881721
4.602006 156.408564 -52.988362 27.236313 41.641143 18.881721
4.591940 156.408564 -52.988362 27.236313 41.641143 18.881721
4.581874 156.408564 -52.988362 27.236313 41.641143 18.881721
4.571809 156.408564 -52.988362 27.236313 41.641143 18.881721
4.561743 156.408564 -52.988362 27.236313 41.641143 18.881721
4.551677 156.408564 -52.988362 27.236313 41.641143 18.881721
4.541611 156.408564 -52.988362 27.236313 41.641143 18.881721
4.531545 156.408564 -52.988362 27.236313 41.641143 18.881721
4.521480 156.408564 -52.988362 27.236313 41.641143 18.881721
4.511414 156.408564 -52.988362 27.236313 41.641143 18.881721
4.501348 156.408564 -52.988362 27.236313 41.641143 18.881721
4.491282 156.408564 -52.988362 27.236313 41.641143 18.881721
4.481216 156.408564 -52.988362 27.236313 41.641143 18.881721
4.471150 156.408564 -52.988362 27.236313 41.641143 18.881721
4.461085 156.408564 -52.988362 27.236313 41.641143 18.881721
4.451019 156.408564 -52.988362 27.236313 41.641143 18.881721
4.440953 156.408564 -52.988362 27.236313 41.641143 18.881721
4.430887 156.408564 -52.988362 27.236313 41.641143 18.881721
4.420821 156.408564 -52.988362 27.236313 41.641143 18.881721
4.410755 156.408564 -52.988362 27.236313 41.641143 18.881721
4.400690 156.408564 -52.988362 27.236313 41.641143 18.881721
4.390624 156.408564 -52.988362 27.236313 41.641143 18.881721
4.380558 156.408564 -52.988362 27.236313 41.641143 18.881721
4.370492 156.408564 -52.988362 27.236313 41.641143 18.881721
4.360426 156.408564 -52.988362 27.236313 41.641143 18.881721
4.350361 156.408564 -52.988362 27.236313 41.641143 18.881721
4.340295 156.408564 -52.988362 27.236313 41.641143 18.881721
4.330229 156.408564 -52.988362 27.236313 41.641143 18.881721
4.320163 156.408564 -52.988362 27.236313 41.641143 18.881721
4.310097 156.408564 -52.988362 27.236313 41.641143 18.881721
4.300031 156.408564 -52.988362 27.236313 41.641143 18.881721
4.289966 156.408564 -52.988362 27.236313 41.641143 18.881721
4.279900 156.408564 -52.988362 27.236313 41.641143 18.881721
4.269834 156.408564 -52.988362 27.236313 41.641143 18.881721
4.259768 156.408564 -52.988362 27.236313 41.641143 18.881721
4.249702 156.408564 -52.988362 27.236313 41.641143 18.881721
4.239636 156.408564 -52.988362 27.236313 41.641143 18.881721
4.229571 156.408564 -52.988362 27.236313 41.641143 18.881721
4.219505 156.408564 -52.988362 27.236313 41.641143 18.881721
4.209439 156.408564 -52.988362 27.236313 41.641143 18.881721
4.199373 156.408564 -52.988362 27.236313 41.641143 18.881721
4.189307 156.408564 -52.988362 27.236313 41.641143 18.881721
4.179242 156.408564 -52.988362 27.236313 41.641143 18.881721
4.169176 156.408564 -52.988362 27.236313 41.641143 18.881721
4.159110 156.408564 -52.988362 27.236313 41.641143 18.881721
4.149044 156.408564 -52.988362 27.236313 41.641143 18.881721
4.138978 156.408564 -52.988362 27.236313 41.641143 18.881721
4.128912 156.408564 -52.988362 27.236313 41.641143 18.881721
4.118847 156.408564 -52.988362 27.236313 41.641143 18.881721
4.108781 156.408564 -52.988362 27.236313 41.641143 18.881721
4.098715 156.408564 -52.988362 27.236313 41.641143 18.881721
4.088649 156.408564 -52.988362 27.236313 41.641143 18.881721
4.078583 156.408564 -52.988362 27.236313 41.641143 18.881721
4.068518 156.408564 -52.988362 27.236313 41.641143 18.881721
4.058452 156.408564 -52.988362 27.236313 41.641143 18.881721
4.048386 156.408564 -52.988362 27.236313 41.641143 18.881721
4.038320 156.408564 -52.988362 27.236313 41.641143 18.881721
4.028254 156.408564 -52.988362 27.236313 41.641143 18.881721
4.018188 156.408564 -52.988362 27.236313 41.641143 18.881721
4.008123 156.408564 -52.988362 27.236313 41.641143 18.881721
3.998057 156.408564 -52.988362 27.236313 41.641143 18.881721
3.987991 156.408564 -52.988362 27.236313 41.641143 18.881721
3.977925 156.408564 -52.988362 27.236313 41.641143 18.881721
3.967859 156.408564 -52.988362 27.236313 41.641143 18.881721
3.957793 156.408564 -52.988362 27.236313 41.641143 18.881721
3.947728 156.408564 -52.988362 27.236313 41.641143 18.881721
3.937662 156.408564 -52.988362 27.236313 41.641143 18.881721
3.927596 156.408564 -52.988362 27.236313 41.641143 18.881721
3.917530 156.408564 -52.988362 27.236313 41.641143 18.881721
3.907464 156.408564 -52.988362 27.236313 41.641143 18.881721
3.897399 156.408564 -52.988362 27.236313 41.641143 18.881721
3.887333 156.408564 -52.988362 27.236313 41.641143 18.881721
3.877267 156.408564 -52.988362 27.236313 41.641143 18.881721
3.867201 156.408564 -52.988362 27.236313 41.641143 18.881721
3.857135 156.408564 -52.988362 27.236313 41.641143 18.881721
3.847069 156.408564 -52.988362 27.236313 41.641143 18.881721
3.837004 156.408564 -52.988362 27.236313 41.641143 18.881721
3.826938 156.408564 -52.988362 27.236313 41.641143 18.881721
3.816872 156.408564 -52.988362 27.236313 41.641143 18.881721
3.806806 156.408564 -52.988362 27.236313 41.641143 18.881721
3.796740 156.408564 -52.988362 27.236313 41.641143 18.881721
3.786675 156.408564 -52.988362 27.236313 41.641143 18.881721
3.776609 156.408564 -52.988362 27.236313 41.641143 18.881721
3.766543 156.408564 -52.988362 27.236313 41.641143 18.881721
3.756477 156.408564 -52.988362 27.236313 41.641143 18.881721
3.746411 156.408564 -52.988362 27.236313 41.641143 18.881721
3.736345 156.408564 -52.988362 27.236313 41.641143 18.881721
3.726280 156.408564 -52.988362 27.236313 41.641143 18.881721
3.716214 156.408564 -52.988362 27.236313 41.641143 18.881721
3.706148 156.408564 -52.988362 27.236313 41.641143 18.881721
3.696082 156.408564 -52.988362 27.236313 41.641143 18.881721
3.686016 156.408564 -52.988362 27.236313 41.641143 18.881721
3.675950 156.408564 -52.988362 27.236313 41.641143 18.881721
3.665885 156.408564 -52.988362 27.236313 41.641143 18.881721
3.655819 156.408564 -52.988362 27.236313 41.641143 18.881721
3.645753 156.408564 -52.988362 27.236313 41.641143 18.881721
3.635687 156.408564 -52.988362 27.236313 41.641143 18.881721
3.625621 156.408564 -52.988362 27.236313 41.641143 18.881721
3.615556 156.408564 -52.988362 27.236313 41.641143 18.881721
3.605490 156.408564 -52.988362 27.236313 41.641143 18.881721
3.595424 156.408564 -52.988362 27.236313 41.641143 18.881721
3.585358 156.408564 -52.988362 27.236313 41.641143 18.881721
3.575292 156.408564 -52.988362 27.236313 41.641143 18.881721
3.565226 156.408564 -52.988362 27.236313 41.641143 18.881721
3.555161 156.408564 -52.988362 27.236313 41.641143 18.881721
3.545095 156.408564 -52.988362 27.236313 41.641143 18.881721
3.535029 156.408564 -52.988362 27.236313 41.641143 18.881721
3.524963 156.408564 -52.988362 27.236313 41.641143 18.881721
3.514897 156.408564 -52.988362 27.236313 41.641143 18.881721
3.504832 156.408564 -52.988362 27.236313 41.641143 18.881721
3.494766 156.408564 -52.988362 27.236313 41.641143 18.881721
3.484700 156.408564 -52.988362 27.236313 41.641143 18.881721
3.474634 156.408564 -52.988362 27.236313 41.641143 18.881721
3.464568 156.408564 -52.988362 27.236313 41.641143 18.881721
3.454502 156.408564 -52.988362 27.236313 41.641143 18.881721
3.444437 156.408564 -52.988362 27.236313 41.641143 18.881721
3.434371 156.408564 -52.988362 27.236313 41.641143 18.881721
3.424305 156.408564 -52.988362 27.236313 41.641143 18.881721
3.414239 156.408564 -52.988362 27.236313 41.641143 18.881721
3.404173 156.408564 -52.988362 27.236313 41.641143 18.881721
3.394107 156.408564 -52.988362 27.236313 41.641143 18.881721
3.384042 156.408564 -52.988362 27.236313 41.641143 18.881721
3.373976 156.408564 -52.988362 27.236313 41.641143 18.881721
3.363910 156.408564 -52.988362 27.236313 41.641143 18.881721
3.353844 156.408564 -52.988362 27.236313 41.641143 18.881721
3.343778 156.408564 -52.988362 27.236313 41.641143 18.881721
3.333713 156.408564 -52.988362 27.236313 41.641143 18.881721
3.323647 156.408564 -52.988362 27.236313 41.641143 18.881721
3.313581 156.408564 -52.988362 27.236313 41.641143 18.881721
3.303515 156.408564 -52.988362 27.236313 41.641143 18.881721
3.293449 156.408564 -52.988362 27.236313 41.641143 18.881721
3.283383 156.408564 -52.988362 27.236313 41.641143 18.881721
3.273318 156.408564 -52.988362 27.236313 41.641143 18.881721
3.263252 156.408564 -52.988362 27.236313 41.641143 18.881721
3.253186 156.408564 -52.988362 27.236313 41.641143 18.881721
3.243120 156.408564 -52.988362 27.236313 41.641143 18.881721
3.233054 156.408564 -52.988362 27.236313 41.641143 18.881721
3.222988 156.408564 -52.988362 27.236313 41.641143 18.881721
3.212923 156.408564 -52.988362 27.236313 41.641143 18.881721
3.202857 156.408564 -52.988362 27.236313 41.641143 18.881721
3.192791 156.408564 -52.988362 27.236313 41.641143 18.881721
3.182725 156.408564 -52.988362 27.236313 41.641143 18.881721
3.172659 156.408564 -52.988362 27.236313 41.641143 18.881721
3.162594 156.408564 -52.988362 27.236313 41.641143 18.881721
3.152528 156.408564 -52.988362 27.236313 41.641143 18.881721
3.142462 156.408564 -52.988362 27.236313 41.641143 18.881721
3.132396 156.408564 -52.988362 27.236313 41.641143 18.881721
3.122330 156.408564 -52.988362 27.236313 41.641143 18.881721
3.112264 156.408564 -52.988362 27.236313 41.641143 18.881721
3.102199 156.408564 -52.988362 27.236313 41.641143 18.881721
3.092133 156.408564 -52.988362 27.236313 41.641143 18.881721
3.082067 156.408564 -52.988362 27.236313 41.641143 18.881721
3.072001 156.408564 -52.988362 27.236313 41.641143 18.881721
3.061935 156.408564 -52.988362 27.236313 41.641143 18.881721
3.051870 156.408564 -52.988362 27.236313 41.641143 18.881721
3.041804 156.408564 -52.988362 27.236313 41.641143 18.881721
3.031738 156.408564 -52.988362 27.236313 41.641143 18.881721
3.021672 156.408564 -52.988362 27.236313 41.641143 18.881721
3.011606 156.408564 -52.988362 27.236313 41.641143 18.881721
3.001540 156.408564 -52.988362 27.236313 41.641143 18.881721
2.991475 156.408564 -52.988362 27.236313 41.641143 18.881721
2.981409 156.408564 -52.988362 27.236313 41.641143 18.881721
2.971343 156.408564 -52.988362 27.236313 41.641143 18.881721
2.961277 156.408564 -52.988362 27.236313 41.641143 18.881721
2.951211 156.408564 -52.988362 27.236313 41.641143 18.881721
2.941145 156.408564 -52.988362 27.236313 41.641143 18.881721
2.931080 156.408564 -52.988362 27.236313 41.641143 18.881721
2.921014 156.408564 -52.988362 27.236313 41.641143 18.881721
2.910948 156.408564 -52.988362 27.236313 41.641143 18.881721
2.900882 156.408564 -52.988362 27.236313 41.641143 18.881721
2.890816 156.408564 -52.988362 27.236313 41.641143 18.881721
2.880751 156.408564 -52.988362 27.236313 41.641143 18.881721
2.870685 156.408564 -52.988362 27.236313 41.641143 18.881721
2.860619 156.408564 -52.988362 27.236313 41.641143 18.881721
2.850553 156.408564 -52.988362 27.236313 41.641143 18.881721
2.840487 156.408564 -52.988362 27.236313 41.641143 18.881721
2.830421 156.408564 -52.988362 27.236313 41.641143 18.881721
2.820356 156.408564 -52.988362 27.236313 41.641143 18.881721
2.810290 156.408564 -52.988362 27.236313 41.641143 18.881721
2.800224 156.408564 -52.988362 27.236313 41.641143 18.881721
2.790158 156.408564 -52.988362 27.236313 41.641143 18.881721
2.780092 156.408564 -52.988362 27.236313 41.641143 18.881721
2.770027 156.408564 -52.988362 27.236313 41.641143 18.881721
2.759961 156.408564 -52.988362 27.236313 41.641143 18.881721
2.749895 156.408564 -52.988362 27.236313 41.641143 18.881721
2.739829 156.408564 -52.988362 27.236313 41.641143 18.881721
2.729763 156.408564 -52.988362 27.236313 41.641143 18.881721
2.719697 156.408564 -52.988362 27.236313 41.641143 18.881721
2.709632 156.408564 -52.988362 27.236313 41.641143 18.881721
2.699566 156.408564 -52.988362 27.236313 41.641143 18.881721
2.689500 156.408564 -52.988362 27.236313 41.641143 18.881721
2.679434 156.408564 -52.988362 27.236313 41.641143 18.881721
2.669368 156.408564 -52.988362 27.236313 41.641143 18.881721
2.659302 156.408564 -52.988362 27.236313 41.641143 18.881721
2.649237 156.408564 -52.988362 27.236313 41.641143 18.881721
2.639171 156.408564 -52.988362 27.236313 41.641143 18.881721
2.629105 156.408564 -52.988362 27.236313 41.641143 18.881721
2.619039 156.408564 -52.988362 27.236313 41.641143 18.881721
2.608973 156.408564 -52.988362 27.236313 41.641143 18.881721
2.598908 156.408564 -52.988362 27.236313 41.641143 18.881721
2.588842 156.408564 -52.988362 27.236313 41.641143 18.881721
2.578776 156.408564 -52.988362 27.236313 41.641143 18.881721
2.568710 156.408564 -52.988362 27.236313 41.641143 18.881721
2.558644 156.408564 -52.988362 27.236313 41.641143 18.881721
2.548578 156.408564 -52.988362 27.236313 41.641143 18.881721
2.538513 156.408564 -52.988362 27.236313 41.641143 18.881721
2.528447 156.408564 -52.988362 27.236313 41.641143 18.881721
2.518381 156.408564 -52.988362 27.236313 41.641143 18.881721
2.508315 156.408564 -52.988362 27.236313 41.641143 18.881721
2.498249 156.408564 -52.988362 27.236313 41.641143 18.881721
2.488184 156.408564 -52.988362 27.236313 41.641143 18.881721
2.478118 156.408564 -52.988362 27.236313 41.641143 18.881721
2.468052 156.408564 -52.988362 27.236313 41.641143 18.881721
2.457986 156.408564 -52.988362 27.236313 41.641143 18.881721
2.447920 156.408564 -52.988362 27.236313 41.641143 18.881721
2.437854 156.408564 -52.988362 27.236313 41.641143 18.881721
2.427789 156.408564 -52.988362 27.236313 41.641143 18.881721
2.417723 156.408564 -52.988362 27.236313 41.641143 18.881721
2.407657 156.408564 -52.988362 27.236313 41.641143 18.881721
2.397591 156.408564 -52.988362 27.236313 41.641143 18.881721
2.387525 156.408564 -52.988362 27.236313 41.641143 18.881721
2.377459 156.408564 -52.988362 27.236313 41.641143 18.881721
2.367394 156.408564 -52.988362 27.236313 41.641143 18.881721
2.357328 156.408564 -52.988362 27.236313 41.641143 18.881721
2.347262 156.408564 -52.988362 27.236313 41.641143 18.881721
2.337196 156.408564 -52.988362 27.236313 41.641143 18.881721
2.327130 156.408564 -52.988362 27.236313 41.641143 18.881721
2.317065 156.408564 -52.988362 27.236313 41.641143 18.881721
2.306999 156.408564 -52.988362 27.236313 41.641143 18.881721
2.296933 156.408564 -52.988362 27.236313 41.641143 18.881721
2.286867 156.408564 -52.988362 27.236313 41.641143 18.881721
2.276801 156.408564 -52.988362 27.236313 41.641143 18.881721
2.266735 156.408564 -52.988362 27.236313 41.641143 18.881721
2.256670 156.408564 -52.988362 27.236313 41.641143 18.881721
2.246604 156.408564 -52.988362 27.236313 41.641143 18.881721
2.236538 156.408564 -52.988362 27.236313 41.641143 18.881721
2.226472 156.408564 -52.988362 27.236313 41.641143 18.881721
2.216406 156.408564 -52.988362 27.236313 41.641143 18.881721
2.206340 156.408564 -52.988362 27.236313 41.641143 18.881721
2.196275 156.408564 -52.988362 27.236313 41.641143 18.881721
2.186209 156.408564 -52.988362 27.236313 41.641143 18.881721
2.176143 156.408564 -52.988362 27.236313 41.641143 18.881721
2.166077 156.408564 -52.988362 27.236313 41.641143 18.881721
2.156011 156.408564 -52.988362 27.236313 41.641143 18.881721
2.145946 156.408564 -52.988362 27.236313 41.641143 18.881721
2.135880 156.408564 -52.988362 27.236313 41.641143 18.881721
2.125814 156.408564 -52.988362 27.236313 41.641143 18.881721
2.115748 156.408564 -52.988362 27.236313 41.641143 18.881721
2.105682 156.408564 -52.988362 27.236313 41.641143 18.881721
2.095616 156.408564 -52.988362 27.236313 41.641143 18.881721
2.085551 156.408564 -52.988362 27.236313 41.641143 18.881721
2.075485 156.408564 -52.988362 27.236313 41.641143 18.881721
2.065419 156.408564 -52.988362 27.236313 41.641143 18.881721
2.055353 156.408564 -52.988362 27.236313 41.641143 18.881721
2.045287 156.408564 -52.988362 27.236313 41.641143 18.881721
2.035222 156.408564 -52.988362 27.236313 41.641143 18.881721
2.025156 156.408564 -52.988362 27.236313 41.641143 18.881721
2.015090 156.408564 -52.988362 27.236313 41.641143 18.881721
2.005024 156.408564 -52.988362 27.236313 41.641143 18.881721
1.994958 156.408564 -52.988362 27.236313 41.641143 18.881721
1.984892 156.408564 -52.988362 27.236313 41.641143 18.881721
1.974827 156.408564 -52.988362 27.236313 41.641143 18.881721
1.964761 156.408564 -52.988362 27.236313 41.641143 18.881721
1.954695 156.408564 -52.988362 27.236313 41.641143 18.881721
1.944629 156.408564 -52.988362 27.236313 41.641143 18.881721
1.934563 156.408564 -52.988362 27.236313 41.641143 18.881721
1.924497 156.408564 -52.988362 27.236313 41.641143 18.881721
1.914432 156.408564 -52.988362 27.236313 41.641143 18.881721
1.904366 156.408564 -52.988362 27.236313 41.641143 18.881721
1.894300 156.408564 -52.988362 27.236313 41.641143 18.881721
1.884234 156.408564 -52.988362 27.236313 41.641143 18.881721
1.874168 156.408564 -52.988362 27.236313 41.641143 18.881721
1.864103 156.408564 -52.988362 27.236313 41.641143 18.881721
1.854037 156.408564 -52.988362 27.236313 41.641143 18.881721
1.843971 156.408564 -52.988362 27.236313 41.641143 18.881721
1.833905 156.408564 -52.988362 27.236313 41.641143 18.881721
1.823839 156.408564 -52.988362 27.236313 41.641143 18.881721
1.813773 156.408564 -52.988362 27.236313 41.641143 18.881721
1.803708 156.408564 -52.988362 27.236313 41.641143 18.881721
1.793642 156.408564 -52.988362 27.236313 41.641143 18.881721
1.783576 156.408564 -52.988362 27.236313 41.641143 18.881721
1.773510 156.408564 -52.988362 27.236313 41.641143 18.881721
1.763444 156.408564 -52.988362 27.236313 41.641143 18.881721
1.753379 156.408564 -52.988362 27.236313 41.641143 18.881721
1.743313 156.408564 -52.988362 27.236313 41.641143 18.881721
1.733247 156.408564 -52.988362 27.236313 41.641143 18.881721
1.723181 156.408564 -52.988362 27.236313 41.641143 18.881721
1.713115 156.408564 -52.988362 27.236313 41.641143 18.881721
1.703049 156.408564 -52.988362 27.236313 41.641143 18.881721
1.692984 156.408564 -52.988362 27.236313 41.641143 18.881721
1.682918 156.408564 -52.988362 27.236313 41.641143 18.881721
1.672852 156.408564 -52.988362 27.236313 41.641143 18.881721
1.662786 156.408564 -52.988362 27.236313 41.641143 18.881721
1.652720 156.408564 -52.988362 27.236313 41.641143 18.881721
1.642654 156.408564 -52.988362 27.236313 41.641143 18.881721
1.632589 156.408564 -52.988362 27.236313 41.641143 18.881721
1.622523 156.408564 -52.988362 27.236313 41.641143 18.881721
1.612457 156.408564 -52.988362 27.236313 41.641143 18.881721
1.602391 156.408564 -52.988362 27.236313 41.641143 18.881721
1.592325 156.408564 -52.988362 27.236313 41.641143 18.881721
1.582260 156.408564 -52.988362 27.236313 41.641143 18.881721
1.572194 156.408564 -52.988362 27.236313 41.641143 18.881721
1.562128 156.408564 -52.988362 27.236313 41.641143 18.881721
1.552062 156.408564 -52.988362 27.236313 41.641143 18.881721
1.541996 156.408564 -52.988362 27.236313 41.641143 18.881721
1.531930 156.408564 -52.988362 27.236313 41.641143 18.881721
1.521865 156.408564 -52.988362 27.236313 41.641143 18.881721
1.511799 156.408564 -52.988362 27.236313 41.641143 18.881721
1.501733 156.408564 -52.988362 27.236313 41.641143 18.881721
1.491667 156.408564 -52.988362 27.236313 41.641143 18.881721
1.481601 156.408564 -52.988362 27.236313 41.641143 18.881721
1.471535 156.408564 -52.988362 27.236313 41.641143 18.881721
1.461470 156.408564 -52.988362 27.236313 41.641143 18.881721
1.451404 156.408564 -52.988362 27.236313 41.641143 18.881721
1.441338 156.408564 -52.988362 27.236313 41.641143 18.881721
1.431272 156.408564 -52.988362 27.236313 41.641143 18.881721
1.421206 156.408564 -52.988362 27.236313 41.641143 18.881721
1.411141 156.408564 -52.988362 27.236313 41.641143 18.881721
1.401075 156.408564 -52.988362 27.236313 41.641143 18.881721
1.391009 156.408564 -52.988362 27.236313 41.641143 18.881721
1.380943 156.408564 -52.988362 27.236313 41.641143 18.881721
1.370877 156.408564 -52.988362 27.236313 41.641143 18.881721
1.360811 156.408564 -52.988362 27.236313 41.641143 18.881721
1.350746 156.408564 -52.988362 27.236313 41.641143 18.881721
1.340680 156.408564 -52.988362 27.236313 41.641143 18.881721
1.330614 156.408564 -52.988362 27.236313 41.641143 18.881721
1.320548 156.408564 -52.988362 27.236313 41.641143 18.881721
1.310482 156.408564 -52.988362 27.236313 41.641143 18.881721
1.300417 156.408564 -52.988362 27.236313 41.641143 18.881721
1.290351 156.408564 -52.988362 27.236313 41.641143 18.881721
1.280285 156.408564 -52.988362 27.236313 41.641143 18.881721
1.270219 156.408564 -52.988362 27.236313 41.641143 18.881721
1.260153 156.408564 -52.988362 27.236313 41.641143 18.881721
1.250087 156.408564 -52.988362 27.236313 41.641143 18.881721
1.240022 156.408564 -52.988362 27.236313 41.641143 18.881721
1.229956 156.408564 -52.988362 27.236313 41.641143 18.881721
1.219890 156.408564 -52.988362 27.236313 41.641143 18.881721
1.209824 156.408564 -52.988362 27.236313 41.641143 18.881721
1.199758 156.408564 -52.988362 27.236313 41.641143 18.881721
1.189692 156.408564 -52.988362 27.236313 41.641143 18.881721
1.179627 156.408564 -52.988362 27.236313 41.641143 18.881721
1.169561 156.408564 -52.988362 27.236313 41.641143 18.881721
1.159495 156.408564 -52.988362 27.236313 41.641143 18.881721
1.149429 156.408564 -52.988362 27.236313 41.641143 18.881721
1.139363 156.408564 -52.988362 27.236313 41.641143 18.881721
1.129298 156.408564 -52.988362 27.236313 41.641143 18.881721
1.119232 156.408564 -52.988362 27.236313 41.641143 18.881721
1.109166 156.408564 -52.988362 27.236313 41.641143 18.881721
1.099100 156.408564 -52.988362 27.236313 41.641143 18.881721
1.089034 156.408564 -52.988362 27.236313 41.641143 18.881721
1.078968 156.408564 -52.988362 27.236313 41.641143 18.881721
1.068903 156.408564 -52.988362 27.236313 41.641143 18.881721
1.058837 156.408564 -52.988362 27.236313 41.641143 18.881721
1.048771 156.408564 -52.988362 27.236313 41.641143 18.881721
1.038705 156.408564 -52.988362 27.236313 41.641143 18.881721
1.028639 156.408564 -52.988362 27.236313 41.641143 18.881721
1.018574 156.408564 -52.988362 27.236313 41.641143 18.881721
1.008508 156.408564 -52.988362 27.236313 41.641143 18.881721
0.998442 156.408564 -52.988362 27.236313 41.641143 18.881721
0.988376 156.408564 -52.988362 27.236313 41.641143 18.881721
0.978310 156.408564 -52.988362 27.236313 41.641143 18.881721
0.968244 156.408564 -52.988362 27.236313 41.641143 18.881721
0.958179 156.408564 -52.988362 27.236313 41.641143 18.881721
0.948113 156.408564 -52.988362 27.236313 41.641143 18.881721
0.938047 156.408564 -52.988362 27.236313 41.641143 18.881721
0.927981 156.408564 -52.988362 27.236313 41.641143 18.881721
0.917915 156.408564 -52.988362 27.236313 41.641143 18.881721
0.907849 156.408564 -52.988362 27.236313 41.641143 18.881721
0.897784 156.408564 -52.988362 27.236313 41.641143 18.881721
0.887718 156.408564 -52.988362 27.236313 41.641143 18.881721
0.877652 156.408564 -52.988362 27.236313 41.641143 18.881721
0.867586 156.408564 -52.988362 27.236313 41.641143 18.881721
0.857520 156.408564 -52.988362 27.236313 41.641143 18.881721
0.847455 156.408564 -52.988362 27.236313 41.641143 18.881721
0.837389 156.408564 -52.988362 27.236313 41.641143 18.881721
0.827323 156.408564 -52.988362 27.236313 41.641143 18.881721
0.817257 156.408564 -52.988362 27.236313 41.641143 18.881721
0.807191 156.408564 -52.988362 27.236313 41.641143 18.881721
0.797125 156.408564 -52.988362 27.236313 41.641143 18.881721
0.787060 156.408564 -52.988362 27.236313 41.641143 18.881721
0.776994 156.408564 -52.988362 27.236313 41.641143 18.881721
0.766928 156.408564 -52.988362 27.236313 41.641143 18.881721
0.756862 156.408564 -52.988362 27.236313 41.641143 18.881721
0.746796 156.408564 -52.988362 27.236313 41.641143 18.881721
0.736731 156.408564 -52.988362 27.236313 41.641143 18.881721
0.726665 156.408564 -52.988362 27.236313 41.641143 18.881721
0.716599 156.408564 -52.988362 27.236313 41.641143 18.881721
0.706533 156.408564 -52.988362 27.236313 41.641143 18.881721
0.696467 156.408564 -52.988362 27.236313 41.641143 18.881721
0.686401 156.408564 -52.988362 27.236313 41.641143 18.881721
0.676336 156.408564 -52.988362 27.236313 41.641143 18.881721
0.666270 156.408564 -52.988362 27.236313 41.641143 18.881721
0.656204 156.408564 -52.988362 27.236313 41.641143 18.881721
0.646138 156.408564 -52.988362 27.236313 41.641143 18.881721
0.636072 156.408564 -52.988362 27.236313 41.641143 18.881721
0.626006 156.408564 -52.988362 27.236313 41.641143 18.881721
0.615941 156.408564 -52.988362 27.236313 41.641143 18.881721
0.605875 156.408564 -52.988362 27.236313 41.641143 18.881721
0.595809 156.408564 -52.988362 27.236313 41.641143 18.881721
0.585743 156.408564 -52.988362 27.236313 41.641143 18.881721
0.575677 156.408564 -52.988362 27.236313 41.641143 18.881721
0.565612 156.408564 -52.988362 27.236313 41.641143 18.881721
0.555546 156.408564 -52.988362 27.236313 41.641143 18.881721
0.545480 156.408564 -52.988362 27.236313 41.641143 18.881721
0.535414 156.408564 -52.988362 27.236313 41.641143 18.881721
0.525348 156.408564 -52.988362 27.236313 41.641143 18.881721
0.515282 156.408564 -52.988362 27.236313 41.641143 18.881721
