-43.358214 158.928792 35.310176 169.417364 59.484021 151.507625
-43.364570 158.928498 35.310021 169.426068 59.475859 151.515147
-43.370927 158.928203 35.309866 169.434768 59.467696 151.522664
-43.377283 158.927909 35.309711 169.443463 59.459533 151.530178
-43.383639 158.927614 35.309556 169.452155 59.451370 151.537687
-43.389995 158.927319 35.309401 169.460842 59.443205 151.545193
-43.396351 158.927024 35.309247 169.469525 59.435041 151.552694
-43.402706 158.926729 35.309092 169.478205 59.426874 151.560191
-43.409061 158.926434 35.308938 169.486881 59.418708 151.567684
-43.415416 158.926139 35.308783 169.495551 59.410541 151.575173
-43.421770 158.925844 35.308628 169.504219 59.402373 151.582657
-43.428124 158.925549 35.308475 169.512882 59.394205 151.590138
-43.434479 158.925254 35.308321 169.521542 59.386035 151.597615
-43.440832 158.924959 35.308167 169.530196 59.377865 151.605087
-43.447186 158.924664 35.308012 169.538847 59.369695 151.612556
-43.453538 158.924369 35.307858 169.547494 59.361523 151.620021
-43.459892 158.924073 35.307705 169.556138 59.353351 151.627481
-43.466245 158.923778 35.307551 169.564777 59.345178 151.634937
-43.472596 158.923482 35.307398 169.573411 59.337004 151.642389
-43.478948 158.923187 35.307244 169.582042 59.328830 151.649837
-43.485300 158.922891 35.307090 169.590670 59.320655 151.657282
-43.491651 158.922595 35.306937 169.599292 59.312480 151.664721
-43.498002 158.922300 35.306784 169.607911 59.304303 151.672157
-43.504353 158.922004 35.306630 169.616526 59.296126 151.679589
-43.510703 158.921708 35.306478 169.625137 59.287948 151.687017
-43.517054 158.921413 35.306325 169.633744 59.279770 151.694441
-43.523404 158.921117 35.306172 169.642347 59.271591 151.701860
-43.529753 158.920821 35.306019 169.650946 59.263411 151.709277
-43.536103 158.920525 35.305866 169.659542 59.255230 151.716688
-43.542452 158.920229 35.305714 169.668132 59.247049 151.724095
-43.548801 158.919933 35.305561 169.676719 59.238867 151.731499
-43.555150 158.919637 35.305409 169.685302 59.230685 151.738898
-43.561498 158.919341 35.305256 169.693882 59.222501 151.746294
-43.567845 158.919045 35.305104 169.702456 59.214317 151.753686
-43.574193 158.918748 35.304951 169.711028 59.206132 151.761073
-43.580540 158.918452 35.304799 169.719595 59.197947 151.768457
-43.586887 158.918155 35.304648 169.728158 59.189761 151.775836
-43.593235 158.917859 35.304495 169.736717 59.181574 151.783212
-43.599581 158.917562 35.304343 169.745272 59.173387 151.790582
-43.605927 158.917266 35.304192 169.753824 59.165198 151.797951
-43.612274 158.916970 35.304040 169.762371 59.157009 151.805314
-43.618619 158.916673 35.303888 169.770915 59.148819 151.812673
-43.624964 158.916377 35.303737 169.779454 59.140630 151.820029
-43.631309 158.916080 35.303585 169.787989 59.132439 151.827380
-43.637654 158.915783 35.303433 169.796521 59.124247 151.834727
-43.643998 158.915487 35.303282 169.805049 59.116054 151.842072
-43.650342 158.915190 35.303131 169.813572 59.107861 151.849410
-43.656686 158.914893 35.302980 169.822093 59.099667 151.856746
-43.663030 158.914596 35.302828 169.830608 59.091473 151.864078
-43.669373 158.914299 35.302678 169.839120 59.083278 151.871405
-43.675716 158.914002 35.302527 169.847628 59.075082 151.878728
-43.682058 158.913705 35.302376 169.856132 59.066885 151.886048
-43.688401 158.913408 35.302226 169.864633 59.058688 151.893365
-43.694743 158.913111 35.302075 169.873129 59.050490 151.900676
-43.701084 158.912814 35.301924 169.881621 59.042291 151.907983
-43.707426 158.912516 35.301773 169.890110 59.034092 151.915287
-43.713767 158.912219 35.301623 169.898594 59.025891 151.922587
-43.720108 158.911921 35.301473 169.907075 59.017691 151.929883
-43.726447 158.911624 35.301322 169.915551 59.009490 151.937175
-43.732788 158.911326 35.301172 169.924025 59.001287 151.944464
-43.739128 158.911029 35.301022 169.932493 58.993085 151.951747
-43.745467 158.910732 35.300872 169.940959 58.984881 151.959028
-43.751807 158.910434 35.300722 169.949420 58.976677 151.966304
-43.758146 158.910137 35.300573 169.957877 58.968472 151.973576
-43.764484 158.909839 35.300422 169.966330 58.960266 151.980844
-43.770822 158.909541 35.300273 169.974780 58.952060 151.988109
-43.777160 158.909243 35.300123 169.983226 58.943853 151.995369
-43.783498 158.908946 35.299973 169.991668 58.935645 152.002626
-43.789835 158.908647 35.299824 170.000106 58.927437 152.009878
-43.796173 158.908350 35.299674 170.008540 58.919228 152.017127
-43.802509 158.908051 35.299525 170.016970 58.911018 152.024371
-43.808845 158.907754 35.299375 170.025396 58.902808 152.031612
-43.815181 158.907455 35.299226 170.033819 58.894596 152.038849
-43.821517 158.907158 35.299077 170.042238 58.886384 152.046082
-43.827852 158.906859 35.298929 170.050652 58.878172 152.053311
-43.834188 158.906561 35.298779 170.059063 58.869958 152.060537
-43.840522 158.906263 35.298631 170.067470 58.861745 152.067758
-43.846857 158.905965 35.298481 170.075873 58.853530 152.074975
-43.853191 158.905667 35.298332 170.084273 58.845315 152.082189
-43.859524 158.905368 35.298184 170.092668 58.837099 152.089399
-43.865858 158.905070 35.298036 170.101060 58.828882 152.096604
-43.872191 158.904771 35.297887 170.109448 58.820665 152.103806
-43.878524 158.904473 35.297739 170.117832 58.812447 152.111004
-43.884857 158.904174 35.297590 170.126213 58.804228 152.118199
-43.891188 158.903876 35.297442 170.134589 58.796009 152.125388
-43.897521 158.903576 35.297294 170.142962 58.787789 152.132575
-43.903853 158.903278 35.297145 170.151331 58.779568 152.139758
-43.910183 158.902979 35.296997 170.159696 58.771346 152.146936
-43.916514 158.902681 35.296849 170.168057 58.763124 152.154112
-43.922845 158.902381 35.296701 170.176414 58.754901 152.161282
-43.929175 158.902083 35.296553 170.184768 58.746677 152.168449
-43.935505 158.901783 35.296405 170.193117 58.738454 152.175612
-43.941834 158.901485 35.296258 170.201463 58.730229 152.182771
-43.948163 158.901185 35.296110 170.209806 58.722003 152.189927
-43.954492 158.900887 35.295962 170.218144 58.713777 152.197078
-43.960821 158.900587 35.295815 170.226479 58.705549 152.204227
-43.967149 158.900289 35.295667 170.234809 58.697322 152.211370
-43.973477 158.899989 35.295520 170.243137 58.689094 152.218511
-43.979805 158.899690 35.295373 170.251460 58.680864 152.225648
-43.986131 158.899390 35.295225 170.259780 58.672635 152.232780
-43.992459 158.899090 35.295078 170.268095 58.664404 152.239909
-43.998784 158.898791 35.294931 170.276407 58.656174 152.247033
-44.005111 158.898492 35.294784 170.284715 58.647941 152.254153
-44.011436 158.898193 35.294637 170.293019 58.639709 152.261270
-44.017762 158.897893 35.294491 170.301320 58.631476 152.268383
-44.024087 158.897593 35.294343 170.309616 58.623242 152.275493
-44.030412 158.897293 35.294197 170.317909 58.615008 152.282599
-44.036737 158.896994 35.294050 170.326199 58.606772 152.289700
-44.043061 158.896694 35.293903 170.334485 58.598537 152.296798
-44.049384 158.896395 35.293757 170.342767 58.590300 152.303893
-44.055708 158.896095 35.293610 170.351045 58.582062 152.310984
-44.062031 158.895795 35.293464 170.359319 58.573824 152.318071
-44.068354 158.895495 35.293317 170.367590 58.565586 152.325153
-44.074676 158.895195 35.293171 170.375856 58.557347 152.332232
-44.080998 158.894895 35.293025 170.384120 58.549107 152.339308
-44.087320 158.894594 35.292878 170.392379 58.540866 152.346380
-44.093641 158.894295 35.292733 170.400635 58.532624 152.353448
-44.099962 158.893994 35.292586 170.408887 58.524382 152.360512
-44.106283 158.893695 35.292440 170.417135 58.516140 152.367572
-44.112603 158.893394 35.292295 170.425379 58.507897 152.374627
-44.118923 158.893094 35.292148 170.433621 58.499652 152.381680
-44.125242 158.892794 35.292003 170.441858 58.491407 152.388729
-44.131562 158.892494 35.291857 170.450091 58.483162 152.395775
-44.137881 158.892193 35.291711 170.458321 58.474916 152.402816
-44.144199 158.891892 35.291566 170.466547 58.466669 152.409853
-44.150518 158.891592 35.291420 170.474769 58.458421 152.416887
-44.156835 158.891291 35.291275 170.482987 58.450174 152.423917
-44.163153 158.890991 35.291129 170.491202 58.441925 152.430943
-44.169470 158.890690 35.290983 170.499414 58.433675 152.437966
-44.175787 158.890390 35.290839 170.507621 58.425425 152.444986
-44.182103 158.890089 35.290693 170.515825 58.417174 152.452001
-44.188418 158.889788 35.290548 170.524025 58.408922 152.459012
-44.194735 158.889487 35.290403 170.532222 58.400670 152.466020
-44.201050 158.889186 35.290258 170.540414 58.392417 152.473023
-44.207365 158.888886 35.290113 170.548603 58.384163 152.480023
-44.213679 158.888584 35.289967 170.556789 58.375909 152.487019
-44.219993 158.888283 35.289823 170.564970 58.367655 152.494013
-44.226308 158.887983 35.289678 170.573148 58.359399 152.501002
-44.232621 158.887681 35.289533 170.581323 58.351142 152.507987
-44.238934 158.887380 35.289389 170.589494 58.342885 152.514968
-44.245247 158.887079 35.289244 170.597661 58.334627 152.521945
-44.251559 158.886777 35.289100 170.605824 58.326369 152.528920
-44.257872 158.886477 35.288955 170.613984 58.318110 152.535890
-44.264182 158.886175 35.288810 170.622139 58.309851 152.542856
-44.270494 158.885874 35.288667 170.630292 58.301590 152.549820
-44.276805 158.885572 35.288521 170.638441 58.293329 152.556779
-44.283115 158.885271 35.288378 170.646586 58.285067 152.563734
-44.289426 158.884970 35.288233 170.654728 58.276804 152.570687
-44.295736 158.884668 35.288089 170.662865 58.268542 152.577634
-44.302045 158.884367 35.287946 170.671000 58.260278 152.584578
-44.308354 158.884065 35.287801 170.679130 58.252013 152.591520
-44.314663 158.883763 35.287658 170.687257 58.243748 152.598456
-44.320971 158.883462 35.287513 170.695380 58.235483 152.605390
-44.327280 158.883160 35.287369 170.703500 58.227216 152.612320
-44.333586 158.882858 35.287226 170.711616 58.218949 152.619246
-44.339894 158.882556 35.287081 170.719728 58.210681 152.626168
-44.346201 158.882254 35.286938 170.727837 58.202412 152.633087
-44.352507 158.881953 35.286794 170.735942 58.194143 152.640001
-44.358813 158.881651 35.286651 170.744045 58.185873 152.646913
-44.365119 158.881348 35.286508 170.752142 58.177603 152.653820
-44.371424 158.881047 35.286363 170.760237 58.169331 152.660724
-44.377729 158.880744 35.286221 170.768327 58.161059 152.667624
-44.384034 158.880442 35.286077 170.776415 58.152787 152.674521
-44.390338 158.880140 35.285933 170.784498 58.144514 152.681414
-44.396641 158.879838 35.285791 170.792578 58.136239 152.688303
-44.402945 158.879535 35.285647 170.800654 58.127965 152.695189
-44.409248 158.879233 35.285504 170.808727 58.119690 152.702071
-44.415551 158.878931 35.285361 170.816796 58.111414 152.708949
-44.421852 158.878628 35.285218 170.824863 58.103137 152.715825
-44.428155 158.878326 35.285075 170.832924 58.094860 152.722696
-44.434456 158.878023 35.284932 170.840983 58.086581 152.729563
-44.440758 158.877721 35.284789 170.849037 58.078304 152.736426
-44.447058 158.877419 35.284646 170.857089 58.070024 152.743287
-44.453358 158.877116 35.284503 170.865136 58.061744 152.750143
-44.459659 158.876813 35.284361 170.873181 58.053463 152.756996
-44.465958 158.876511 35.284218 170.881221 58.045182 152.763845
-44.472257 158.876208 35.284076 170.889258 58.036900 152.770691
-44.478555 158.875905 35.283933 170.897292 58.028617 152.777533
-44.484854 158.875603 35.283790 170.905322 58.020334 152.784372
-44.491152 158.875299 35.283648 170.913348 58.012050 152.791207
-44.497450 158.874996 35.283506 170.921371 58.003765 152.798038
-44.503747 158.874694 35.283363 170.929390 57.995480 152.804865
-44.510044 158.874391 35.283220 170.937406 57.987194 152.811689
-44.516339 158.874087 35.283078 170.945418 57.978907 152.818509
-44.522636 158.873785 35.282936 170.953426 57.970620 152.825326
-44.528931 158.873481 35.282794 170.961432 57.962331 152.832139
-44.535227 158.873178 35.282652 170.969433 57.954043 152.838949
-44.541521 158.872876 35.282509 170.977431 57.945753 152.845755
-44.547816 158.872572 35.282367 170.985426 57.937463 152.852557
-44.554110 158.872268 35.282226 170.993417 57.929173 152.859356
-44.560403 158.871965 35.282084 171.001405 57.920881 152.866151
-44.566697 158.871662 35.281942 171.009388 57.912589 152.872943
-44.572989 158.871358 35.281801 171.017369 57.904296 152.879731
-44.579281 158.871055 35.281659 171.025345 57.896003 152.886515
-44.585574 158.870752 35.281517 171.033319 57.887709 152.893296
-44.591865 158.870448 35.281375 171.041288 57.879414 152.900073
-44.598156 158.870144 35.281233 171.049255 57.871118 152.906848
-44.604447 158.869840 35.281092 171.057217 57.862823 152.913617
-44.610738 158.869537 35.280950 171.065177 57.854526 152.920384
-44.617027 158.869234 35.280809 171.073132 57.846228 152.927145
-44.623317 158.868929 35.280667 171.081084 57.837930 152.933905
-44.629606 158.868626 35.280526 171.089033 57.829631 152.940661
-44.635895 158.868322 35.280385 171.096979 57.821331 152.947414
-44.642183 158.868018 35.280243 171.104920 57.813032 152.954162
-44.648471 158.867714 35.280101 171.112858 57.804731 152.960907
-44.654759 158.867411 35.279960 171.120794 57.796429 152.967649
-44.661045 158.867107 35.279820 171.128725 57.788127 152.974388
-44.667332 158.866802 35.279678 171.136653 57.779824 152.981122
-44.673618 158.866499 35.279537 171.144577 57.771521 152.987852
-44.679905 158.866195 35.279397 171.152498 57.763216 152.994580
-44.686190 158.865890 35.279255 171.160416 57.754912 153.001305
-44.692475 158.865586 35.279114 171.168329 57.746607 153.008025
-44.698759 158.865282 35.278973 171.176240 57.738300 153.014742
-44.705044 158.864978 35.278832 171.184146 57.729994 153.021455
-44.711328 158.864673 35.278692 171.192050 57.721686 153.028164
-44.717611 158.864369 35.278551 171.199951 57.713378 153.034872
-44.723894 158.864065 35.278410 171.207847 57.705069 153.041574
-44.730176 158.863760 35.278270 171.215741 57.696759 153.048273
-44.736458 158.863456 35.278129 171.223630 57.688450 153.054969
-44.742740 158.863151 35.277988 171.231516 57.680139 153.061661
-44.749021 158.862846 35.277847 171.239399 57.671828 153.068350
-44.755303 158.862542 35.277707 171.247279 57.663515 153.075035
-44.761583 158.862238 35.277566 171.255154 57.655203 153.081717
-44.767863 158.861933 35.277426 171.263027 57.646889 153.088395
-44.774142 158.861628 35.277286 171.270896 57.638575 153.095070
-44.780421 158.861324 35.277146 171.278761 57.630260 153.101741
-44.786700 158.861019 35.277005 171.286624 57.621944 153.108410
-44.792979 158.860714 35.276864 171.294483 57.613628 153.115073
-44.799257 158.860409 35.276725 171.302338 57.605311 153.121734
-44.805534 158.860104 35.276584 171.310190 57.596994 153.128392
-44.811811 158.859799 35.276444 171.318038 57.588676 153.135045
-44.818087 158.859494 35.276304 171.325883 57.580357 153.141695
-44.824363 158.859189 35.276164 171.333725 57.572038 153.148342
-44.830640 158.858884 35.276024 171.341564 57.563717 153.154986
-44.836915 158.858579 35.275884 171.349398 57.555396 153.161626
-44.843189 158.858274 35.275743 171.357230 57.547075 153.168262
-44.849464 158.857969 35.275604 171.365057 57.538753 153.174895
-44.855738 158.857663 35.275463 171.372882 57.530430 153.181525
-44.862011 158.857358 35.275324 171.380703 57.522107 153.188150
-44.868285 158.857053 35.275184 171.388521 57.513783 153.194772
-44.874557 158.856748 35.275044 171.396336 57.505458 153.201392
-44.880830 158.856442 35.274904 171.404147 57.497133 153.208008
-44.887102 158.856137 35.274765 171.411955 57.488806 153.214620
-44.893372 158.855831 35.274625 171.419758 57.480480 153.221228
-44.899644 158.855525 35.274486 171.427559 57.472153 153.227833
-44.905914 158.855221 35.274346 171.435356 57.463825 153.234435
-44.912184 158.854915 35.274206 171.443151 57.455495 153.241034
-44.918453 158.854609 35.274067 171.450941 57.447166 153.247628
-44.924723 158.854303 35.273928 171.458729 57.438836 153.254220
-44.930991 158.853997 35.273788 171.466513 57.430505 153.260807
-44.937260 158.853691 35.273648 171.474293 57.422174 153.267392
-44.943527 158.853386 35.273509 171.482071 57.413842 153.273973
-44.949795 158.853081 35.273369 171.489844 57.405509 153.280551
-44.956062 158.852775 35.273230 171.497615 57.397176 153.287125
-44.962329 158.852468 35.273091 171.505382 57.388842 153.293696
-44.968594 158.852162 35.272952 171.513145 57.380507 153.300264
-44.974861 158.851856 35.272812 171.520906 57.372171 153.306828
-44.981126 158.851551 35.272673 171.528663 57.363835 153.313389
-44.987391 158.851245 35.272534 171.536416 57.355499 153.319945
-44.993655 158.850939 35.272395 171.544167 57.347162 153.326499
-44.999918 158.850632 35.272256 171.551914 57.338823 153.333050
-45.006181 158.850326 35.272117 171.559657 57.330485 153.339596
-45.012445 158.850020 35.271978 171.567398 57.322145 153.346140
-45.018707 158.849713 35.271839 171.575135 57.313805 153.352680
-45.024970 158.849408 35.271700 171.582869 57.305465 153.359217
-45.031231 158.849102 35.271561 171.590599 57.297124 153.365750
-45.037492 158.848795 35.271422 171.598326 57.288781 153.372280
-45.043753 158.848489 35.271283 171.606049 57.280439 153.378806
-45.050013 158.848182 35.271144 171.613769 57.272096 153.385330
-45.056273 158.847875 35.271006 171.621486 57.263752 153.391849
-45.062533 158.847569 35.270867 171.629200 57.255407 153.398366
-45.068791 158.847263 35.270728 171.636910 57.247062 153.404878
-45.075050 158.846957 35.270589 171.644618 57.238716 153.411388
-45.081307 158.846650 35.270451 171.652321 57.230369 153.417894
-45.087565 158.846343 35.270312 171.660021 57.222022 153.424397
-45.093822 158.846036 35.270174 171.667719 57.213674 153.430897
-45.100078 158.845729 35.270035 171.675412 57.205326 153.437392
-45.106334 158.845423 35.269896 171.683103 57.196976 153.443885
-45.112590 158.845116 35.269757 171.690790 57.188626 153.450375
-45.118845 158.844809 35.269619 171.698474 57.180276 153.456860
-45.125100 158.844502 35.269481 171.706155 57.171924 153.463343
-45.131354 158.844196 35.269342 171.713831 57.163573 153.469822
-45.137608 158.843889 35.269204 171.721506 57.155220 153.476298
-45.143862 158.843582 35.269065 171.729176 57.146867 153.482770
-45.150115 158.843274 35.268927 171.736844 57.138513 153.489240
-45.156367 158.842967 35.268789 171.744508 57.130159 153.495706
-45.162619 158.842660 35.268651 171.752169 57.121803 153.502168
-45.168870 158.842353 35.268512 171.759826 57.113447 153.508628
-45.175121 158.842046 35.268374 171.767481 57.105091 153.515083
-45.181372 158.841738 35.268235 171.775131 57.096734 153.521535
-45.187622 158.841431 35.268097 171.782779 57.088376 153.527983
-45.193872 158.841124 35.267959 171.790424 57.080017 153.534429
-45.200120 158.840817 35.267821 171.798065 57.071658 153.540872
-45.206369 158.840510 35.267683 171.805702 57.063299 153.547310
-45.212617 158.840202 35.267545 171.813337 57.054939 153.553746
-45.218865 158.839895 35.267407 171.820968 57.046577 153.560178
-45.225112 158.839587 35.267268 171.828597 57.038215 153.566608
-45.231359 158.839280 35.267130 171.836221 57.029853 153.573033
-45.237605 158.838972 35.266993 171.843843 57.021490 153.579456
-45.243851 158.838665 35.266854 171.851461 57.013126 153.585874
-45.250096 158.838357 35.266716 171.859077 57.004762 153.592291
-45.256341 158.838049 35.266579 171.866689 56.996396 153.598703
-45.262586 158.837742 35.266441 171.874297 56.988031 153.605112
-45.268829 158.837434 35.266303 171.881902 56.979665 153.611517
-45.275072 158.837126 35.266165 171.889505 56.971298 153.617920
-45.281316 158.836818 35.266027 171.897104 56.962930 153.624320
-45.287558 158.836510 35.265889 171.904699 56.954562 153.630715
-45.293800 158.836202 35.265751 171.912292 56.946193 153.637108
-45.300042 158.835894 35.265614 171.919880 56.937824 153.643497
-45.306282 158.835586 35.265475 171.927467 56.929453 153.649883
-45.312523 158.835278 35.265339 171.935049 56.921082 153.656266
-45.318763 158.834971 35.265200 171.942629 56.912711 153.662646
-45.325002 158.834663 35.265063 171.950205 56.904339 153.669021
-45.331241 158.834355 35.264926 171.957778 56.895965 153.675394
-45.337480 158.834047 35.264787 171.965348 56.887592 153.681764
-45.343719 158.833739 35.264649 171.972915 56.879218 153.688130
-45.349956 158.833431 35.264512 171.980478 56.870843 153.694493
-45.356193 158.833123 35.264375 171.988039 56.862467 153.700853
-45.362430 158.832814 35.264237 171.995595 56.854091 153.707209
-45.368666 158.832506 35.264099 172.003149 56.845714 153.713563
-45.374902 158.832198 35.263961 172.010700 56.837337 153.719912
-45.381136 158.831889 35.263824 172.018248 56.828958 153.726259
-45.387371 158.831581 35.263687 172.025792 56.820580 153.732602
-45.393606 158.831272 35.263549 172.033333 56.812200 153.738943
-45.399839 158.830964 35.263412 172.040871 56.803820 153.745280
-45.406072 158.830655 35.263274 172.048405 56.795440 153.751612
-45.412305 158.830347 35.263137 172.055937 56.787058 153.757943
-45.418537 158.830038 35.263000 172.063465 56.778677 153.764270
-45.424769 158.829730 35.262863 172.070990 56.770294 153.770594
-45.431000 158.829421 35.262725 172.078512 56.761910 153.776914
-45.437230 158.829112 35.262588 172.086031 56.753526 153.783232
-45.443461 158.828804 35.262450 172.093546 56.745142 153.789546
-45.449691 158.828495 35.262313 172.101059 56.736756 153.795857
-45.455920 158.828186 35.262176 172.108568 56.728370 153.802164
-45.462148 158.827878 35.262039 172.116074 56.719984 153.808469
-45.468377 158.827569 35.261901 172.123577 56.711596 153.814770
-45.474604 158.827259 35.261764 172.131076 56.703209 153.821067
-45.480831 158.826950 35.261627 172.138573 56.694820 153.827362
-45.487058 158.826641 35.261489 172.146066 56.686431 153.833653
-45.493284 158.826332 35.261352 172.153557 56.678041 153.839942
-45.499510 158.826023 35.261215 172.161043 56.669651 153.846226
-45.505735 158.825714 35.261078 172.168528 56.661259 153.852508
-45.511960 158.825405 35.260940 172.176008 56.652867 153.858786
-45.518184 158.825096 35.260804 172.183487 56.644474 153.865062
-45.524408 158.824787 35.260667 172.190961 56.636082 153.871334
-45.530631 158.824478 35.260529 172.198432 56.627688 153.877603
-45.536853 158.824169 35.260392 172.205900 56.619293 153.883868
-45.543076 158.823859 35.260255 172.213365 56.610898 153.890131
-45.549297 158.823550 35.260118 172.220827 56.602503 153.896390
-45.555518 158.823241 35.259981 172.228286 56.594106 153.902646
-45.561739 158.822931 35.259844 172.235742 56.585709 153.908899
-45.567959 158.822622 35.259706 172.243194 56.577311 153.915148
-45.574178 158.822313 35.259570 172.250643 56.568913 153.921394
-45.580398 158.822003 35.259433 172.258090 56.560514 153.927639
-45.586617 158.821694 35.259296 172.265533 56.552114 153.933878
-45.592835 158.821383 35.259158 172.272973 56.543714 153.940115
-45.599052 158.821074 35.259021 172.280410 56.535313 153.946348
-45.605269 158.820764 35.258884 172.287844 56.526912 153.952578
-45.611485 158.820455 35.258748 172.295274 56.518509 153.958806
-45.617701 158.820145 35.258611 172.302702 56.510106 153.965030
-45.623917 158.819836 35.258473 172.310126 56.501703 153.971251
-45.630132 158.819526 35.258337 172.317548 56.493298 153.977469
-45.636346 158.819216 35.258200 172.324966 56.484894 153.983683
-45.642560 158.818907 35.258063 172.332381 56.476488 153.989894
-45.648773 158.818597 35.257926 172.339793 56.468082 153.996103
-45.654986 158.818287 35.257790 172.347203 56.459675 154.002308
-45.661198 158.817976 35.257652 172.354608 56.451268 154.008509
-45.667410 158.817667 35.257516 172.362011 56.442859 154.014709
-45.673622 158.817357 35.257378 172.369411 56.434451 154.020904
-45.679832 158.817047 35.257241 172.376807 56.426041 154.027095
-45.686042 158.816737 35.257105 172.384201 56.417631 154.033286
-45.692252 158.816427 35.256968 172.391591 56.409221 154.039471
-45.698462 158.816117 35.256831 172.398978 56.400809 154.045654
-45.704670 158.815807 35.256695 172.406363 56.392397 154.051834
-45.710878 158.815497 35.256558 172.413744 56.383984 154.058010
-45.717086 158.815186 35.256421 172.421122 56.375571 154.064184
-45.723293 158.814876 35.256284 172.428498 56.367157 154.070354
-45.729499 158.814566 35.256147 172.435869 56.358742 154.076521
-45.735705 158.814255 35.256010 172.443238 56.350327 154.082683
-45.741911 158.813945 35.255873 172.450604 56.341911 154.088845
-45.748115 158.813635 35.255737 172.457967 56.333494 154.095002
-45.754320 158.813325 35.255600 172.465326 56.325077 154.101157
-45.760524 158.813014 35.255463 172.472683 56.316660 154.107308
-45.766727 158.812703 35.255327 172.480036 56.308242 154.113456
-45.772929 158.812393 35.255190 172.487387 56.299822 154.119601
-45.779133 158.812082 35.255054 172.494734 56.291402 154.125743
-45.785334 158.811772 35.254917 172.502079 56.282981 154.131883
-45.791535 158.811462 35.254780 172.509420 56.274561 154.138018
-45.797736 158.811151 35.254643 172.516759 56.266139 154.144151
-45.803936 158.810840 35.254506 172.524094 56.257716 154.150280
-45.810136 158.810529 35.254370 172.531426 56.249293 154.156407
-45.816334 158.810218 35.254233 172.538755 56.240870 154.162530
-45.822533 158.809908 35.254096 172.546081 56.232446 154.168650
-45.828731 158.809597 35.253960 172.553405 56.224020 154.174768
-45.834929 158.809287 35.253823 172.560725 56.215595 154.180882
-45.841125 158.808975 35.253686 172.568042 56.207168 154.186992
-45.847322 158.808664 35.253550 172.575356 56.198742 154.193100
-45.853517 158.808354 35.253412 172.582667 56.190314 154.199205
-45.859713 158.808043 35.253276 172.589975 56.181886 154.205306
-45.865907 158.807732 35.253139 172.597280 56.173457 154.211405
-45.872102 158.807421 35.253003 172.604582 56.165028 154.217500
-45.878295 158.807109 35.252866 172.611881 56.156597 154.223593
-45.884488 158.806798 35.252729 172.619177 56.148167 154.229681
-45.890681 158.806488 35.252592 172.626469 56.139735 154.235767
-45.896872 158.806177 35.252456 172.633760 56.131303 154.241851
-45.903064 158.805866 35.252319 172.641047 56.122870 154.247931
-45.909255 158.805554 35.252182 172.648331 56.114437 154.254007
-45.915445 158.805243 35.252046 172.655611 56.106003 154.260081
-45.921634 158.804932 35.251909 172.662890 56.097568 154.266152
-45.927824 158.804621 35.251772 172.670165 56.089132 154.272220
-45.934013 158.804309 35.251636 172.677436 56.080696 154.278285
-45.940201 158.803997 35.251499 172.684705 56.072260 154.284346
-45.946388 158.803686 35.251363 172.691971 56.063823 154.290403
-45.952575 158.803375 35.251226 172.699234 56.055385 154.296459
-45.958762 158.803064 35.251089 172.706494 56.046946 154.302511
-45.964947 158.802751 35.250952 172.713751 56.038507 154.308561
-45.971133 158.802440 35.250815 172.721005 56.030067 154.314607
-45.977317 158.802129 35.250678 172.728256 56.021626 154.320650
-45.983502 158.801818 35.250541 172.735503 56.013186 154.326690
-45.989686 158.801505 35.250405 172.742749 56.004744 154.332727
-45.995868 158.801194 35.250269 172.749991 55.996302 154.338761
-46.002051 158.800882 35.250132 172.757230 55.987858 154.344792
-46.008233 158.800571 35.249996 172.764466 55.979414 154.350820
-46.014415 158.800259 35.249859 172.771699 55.970970 154.356845
-46.020595 158.799947 35.249722 172.778930 55.962525 154.362867
-46.026776 158.799635 35.249585 172.786156 55.954080 154.368885
-46.032955 158.799324 35.249448 172.793381 55.945633 154.374901
-46.039134 158.799012 35.249312 172.800602 55.937186 154.380913
-46.045313 158.798700 35.249175 172.807820 55.928738 154.386923
-46.051491 158.798388 35.249038 172.815035 55.920291 154.392929
-46.057668 158.798076 35.248901 172.822248 55.911842 154.398933
-46.063845 158.797764 35.248765 172.829458 55.903392 154.404934
-46.070021 158.797452 35.248628 172.836664 55.894942 154.410931
-46.076197 158.797140 35.248491 172.843868 55.886491 154.416925
-46.082373 158.796828 35.248354 172.851069 55.878039 154.422917
-46.088547 158.796516 35.248218 172.858266 55.869587 154.428905
-46.094721 158.796204 35.248081 172.865460 55.861135 154.434890
-46.100894 158.795892 35.247944 172.872653 55.852681 154.440872
-46.107067 158.795580 35.247807 172.879841 55.844227 154.446851
-46.113239 158.795267 35.247671 172.887027 55.835772 154.452828
-46.119411 158.794955 35.247534 172.894210 55.827317 154.458801
-46.125583 158.794643 35.247397 172.901390 55.818861 154.464772
-46.131753 158.794330 35.247260 172.908567 55.810404 154.470739
-46.137923 158.794018 35.247123 172.915742 55.801947 154.476703
-46.144093 158.793706 35.246987 172.922913 55.793489 154.482664
-46.150261 158.793393 35.246850 172.930081 55.785031 154.488623
-46.156430 158.793081 35.246713 172.937247 55.776572 154.494578
-46.162597 158.792769 35.246576 172.944409 55.768112 154.500530
-46.168764 158.792457 35.246439 172.951569 55.759651 154.506479
-46.174931 158.792144 35.246302 172.958725 55.751190 154.512425
-46.181097 158.791831 35.246165 172.965879 55.742729 154.518369
-46.187262 158.791519 35.246028 172.973031 55.734265 154.524309
-46.193427 158.791206 35.245891 172.980178 55.725803 154.530246
-46.199591 158.790894 35.245754 172.987323 55.717339 154.536181
-46.205755 158.790581 35.245617 172.994466 55.708874 154.542112
-46.211918 158.790268 35.245480 173.001605 55.700410 154.548040
-46.218080 158.789956 35.245344 173.008741 55.691944 154.553965
-46.224242 158.789643 35.245207 173.015874 55.683478 154.559888
-46.230403 158.789330 35.245070 173.023005 55.675011 154.565808
-46.236564 158.789017 35.244933 173.030133 55.666543 154.571724
-46.242724 158.788705 35.244796 173.037258 55.658075 154.577638
-46.248884 158.788391 35.244658 173.044379 55.649607 154.583548
-46.255042 158.788079 35.244521 173.051498 55.641137 154.589455
-46.261201 158.787766 35.244385 173.058615 55.632666 154.595361
-46.267358 158.787453 35.244248 173.065727 55.624196 154.601260
-46.273516 158.787140 35.244111 173.072838 55.615724 154.607160
-46.279672 158.786828 35.243973 173.079945 55.607252 154.613055
-46.285828 158.786514 35.243836 173.087050 55.598780 154.618947
-46.291983 158.786201 35.243700 173.094152 55.590306 154.624838
-46.298138 158.785889 35.243563 173.101250 55.581832 154.630724
-46.304293 158.785575 35.243425 173.108346 55.573358 154.636608
-46.310446 158.785262 35.243288 173.115440 55.564882 154.642489
-46.316599 158.784948 35.243151 173.122530 55.556406 154.648367
-46.322752 158.784635 35.243014 173.129617 55.547930 154.654242
-46.328903 158.784323 35.242877 173.136702 55.539453 154.660114
-46.335054 158.784009 35.242739 173.143784 55.530974 154.665984
-46.341205 158.783696 35.242602 173.150862 55.522496 154.671850
-46.347355 158.783383 35.242465 173.157938 55.514017 154.677713
-46.353504 158.783069 35.242328 173.165011 55.505537 154.683574
-46.359653 158.782756 35.242190 173.172081 55.497057 154.689430
