35.330320 155.006583 -54.760956 0.002954 44.107554 0.002089
35.340285 155.006580 -54.761072 0.002952 44.107982 0.002088
35.350250 155.006577 -54.761188 0.002951 44.108415 0.002087
35.360215 155.006574 -54.761305 0.002949 44.108853 0.002086
35.370178 155.006570 -54.761423 0.002948 44.109295 0.002085
35.380142 155.006567 -54.761544 0.002947 44.109743 0.002084
35.390103 155.006564 -54.761665 0.002945 44.110195 0.002083
35.400065 155.006560 -54.761788 0.002944 44.110653 0.002082
35.410026 155.006556 -54.761913 0.002941 44.111115 0.002080
35.419986 155.006553 -54.762038 0.002940 44.111582 0.002079
35.429946 155.006550 -54.762165 0.002938 44.112054 0.002078
35.439904 155.006546 -54.762293 0.002937 44.112531 0.002077
35.449863 155.006543 -54.762423 0.002936 44.113013 0.002076
35.459819 155.006539 -54.762553 0.002934 44.113500 0.002075
35.469776 155.006536 -54.762685 0.002933 44.113992 0.002074
35.479732 155.006532 -54.762818 0.002930 44.114489 0.002072
35.489687 155.006529 -54.762953 0.002929 44.114991 0.002071
35.499642 155.006524 -54.763089 0.002927 44.115498 0.002070
35.509597 155.006520 -54.763227 0.002926 44.116010 0.002069
35.519550 155.006517 -54.763366 0.002925 44.116527 0.002068
35.529502 155.006513 -54.763505 0.002922 44.117049 0.002066
35.539453 155.006509 -54.763647 0.002921 44.117576 0.002065
35.549405 155.006505 -54.763790 0.002919 44.118108 0.002064
35.559355 155.006502 -54.763934 0.002918 44.118644 0.002064
35.569305 155.006498 -54.764079 0.002915 44.119186 0.002062
35.579254 155.006494 -54.764226 0.002914 44.119734 0.002061
35.589202 155.006489 -54.764375 0.002912 44.120286 0.002060
35.599149 155.006485 -54.764524 0.002910 44.120843 0.002058
35.609097 155.006481 -54.764675 0.002908 44.121405 0.002057
35.619042 155.006477 -54.764828 0.002907 44.121972 0.002056
35.628988 155.006473 -54.764982 0.002904 44.122545 0.002054
35.638933 155.006469 -54.765136 0.002903 44.123122 0.002053
35.648876 155.006464 -54.765293 0.002901 44.123705 0.002052
35.658819 155.006460 -54.765451 0.002899 44.124292 0.002050
35.668762 155.006456 -54.765610 0.002897 44.124885 0.002049
35.678704 155.006451 -54.765770 0.002895 44.125483 0.002047
35.688645 155.006446 -54.765932 0.002893 44.126086 0.002046
35.698585 155.006442 -54.766095 0.002892 44.126694 0.002045
35.708525 155.006438 -54.766259 0.002889 44.127307 0.002043
35.718464 155.006433 -54.766425 0.002888 44.127926 0.002042
35.728402 155.006429 -54.766593 0.002885 44.128549 0.002040
35.738339 155.006424 -54.766762 0.002884 44.129178 0.002039
35.748276 155.006419 -54.766932 0.002881 44.129812 0.002037
35.758211 155.006414 -54.767104 0.002879 44.130451 0.002036
35.768147 155.006410 -54.767277 0.002877 44.131095 0.002034
35.778082 155.006405 -54.767451 0.002875 44.131744 0.002033
35.788015 155.006400 -54.767627 0.002873 44.132399 0.002031
35.797948 155.006396 -54.767804 0.002870 44.133059 0.002030
35.807880 155.006391 -54.767982 0.002868 44.133724 0.002029
35.817812 155.006386 -54.768162 0.002866 44.134394 0.002027
35.827743 155.006380 -54.768343 0.002864 44.135069 0.002026
35.837672 155.006375 -54.768526 0.002862 44.135750 0.002024
35.847602 155.006370 -54.768710 0.002859 44.136436 0.002022
35.857530 155.006365 -54.768896 0.002858 44.137127 0.002021
35.867458 155.006360 -54.769083 0.002855 44.137823 0.002019
35.877385 155.006355 -54.769271 0.002852 44.138525 0.002017
35.887311 155.006350 -54.769461 0.002851 44.139232 0.002016
35.897237 155.006344 -54.769653 0.002848 44.139944 0.002014
35.907162 155.006339 -54.769844 0.002845 44.140661 0.002012
35.917086 155.006334 -54.770039 0.002844 44.141384 0.002011
35.927009 155.006329 -54.770234 0.002841 44.142112 0.002009
35.936931 155.006324 -54.770431 0.002838 44.142845 0.002007
35.946852 155.006318 -54.770629 0.002836 44.143584 0.002005
35.956773 155.006312 -54.770829 0.002834 44.144328 0.002004
35.966694 155.006307 -54.771030 0.002831 44.145077 0.002002
35.976613 155.006301 -54.771233 0.002829 44.145832 0.002000
35.986532 155.006296 -54.771437 0.002826 44.146592 0.001998
35.996450 155.006290 -54.771642 0.002825 44.147357 0.001997
36.006367 155.006285 -54.771849 0.002822 44.148128 0.001996
36.016283 155.006279 -54.772057 0.002819 44.148903 0.001994
36.026199 155.006273 -54.772267 0.002816 44.149685 0.001992
36.036113 155.006267 -54.772478 0.002814 44.150471 0.001990
36.046027 155.006261 -54.772691 0.002811 44.151263 0.001988
36.055941 155.006256 -54.772905 0.002808 44.152061 0.001986
36.065853 155.006250 -54.773120 0.002805 44.152864 0.001984
36.075764 155.006244 -54.773337 0.002804 44.153672 0.001983
36.085676 155.006237 -54.773556 0.002801 44.154486 0.001981
36.095586 155.006231 -54.773776 0.002798 44.155305 0.001979
36.105495 155.006226 -54.773997 0.002796 44.156129 0.001977
36.115403 155.006220 -54.774219 0.002793 44.156959 0.001975
36.125312 155.006214 -54.774444 0.002790 44.157794 0.001973
36.135218 155.006208 -54.774669 0.002787 44.158635 0.001971
36.145125 155.006201 -54.774896 0.002785 44.159481 0.001969
36.155030 155.006194 -54.775125 0.002782 44.160333 0.001967
36.164934 155.006188 -54.775355 0.002779 44.161190 0.001965
36.174838 155.006182 -54.775587 0.002777 44.162053 0.001963
36.184741 155.006176 -54.775820 0.002774 44.162921 0.001962
36.194643 155.006169 -54.776055 0.002771 44.163794 0.001960
36.204545 155.006162 -54.776290 0.002767 44.164673 0.001957
36.214445 155.006156 -54.776528 0.002764 44.165558 0.001955
36.224346 155.006150 -54.776766 0.002761 44.166448 0.001953
36.234244 155.006143 -54.777007 0.002759 44.167343 0.001951
36.244143 155.006137 -54.777249 0.002756 44.168244 0.001949
36.254040 155.006129 -54.777492 0.002753 44.169151 0.001947
36.263936 155.006123 -54.777737 0.002750 44.170063 0.001945
36.273832 155.006116 -54.777984 0.002746 44.170981 0.001942
36.283727 155.006110 -54.778232 0.002744 44.171904 0.001940
36.293621 155.006103 -54.778480 0.002741 44.172833 0.001938
36.303515 155.006095 -54.778731 0.002738 44.173767 0.001936
36.313407 155.006089 -54.778983 0.002735 44.174707 0.001934
36.323298 155.006082 -54.779237 0.002731 44.175652 0.001931
36.333190 155.006075 -54.779493 0.002728 44.176603 0.001929
36.343080 155.006068 -54.779749 0.002726 44.177560 0.001928
36.352969 155.006060 -54.780008 0.002723 44.178522 0.001926
36.362858 155.006053 -54.780267 0.002719 44.179490 0.001923
36.372745 155.006046 -54.780529 0.002716 44.180463 0.001921
36.382632 155.006039 -54.780791 0.002713 44.181442 0.001919
36.392518 155.006032 -54.781056 0.002709 44.182427 0.001916
36.402403 155.006024 -54.781321 0.002706 44.183417 0.001914
36.412288 155.006017 -54.781588 0.002704 44.184413 0.001912
36.422171 155.006010 -54.781858 0.002700 44.185415 0.001909
36.432054 155.006003 -54.782128 0.002697 44.186422 0.001907
36.441935 155.005995 -54.782400 0.002693 44.187435 0.001904
36.451816 155.005987 -54.782673 0.002690 44.188453 0.001902
36.461697 155.005980 -54.782948 0.002687 44.189478 0.001900
36.471576 155.005972 -54.783225 0.002683 44.190508 0.001897
36.481454 155.005965 -54.783502 0.002680 44.191543 0.001895
36.491332 155.005957 -54.783782 0.002676 44.192584 0.001893
36.501209 155.005949 -54.784063 0.002673 44.193631 0.001891
36.511085 155.005942 -54.784345 0.002669 44.194684 0.001888
36.520960 155.005934 -54.784630 0.002667 44.195743 0.001886
36.530834 155.005926 -54.784915 0.002662 44.196807 0.001883
36.540708 155.005918 -54.785202 0.002660 44.197877 0.001881
36.550580 155.005910 -54.785491 0.002656 44.198952 0.001878
36.560452 155.005902 -54.785781 0.002653 44.200033 0.001876
36.570323 155.005894 -54.786073 0.002649 44.201121 0.001873
36.580192 155.005886 -54.786365 0.002645 44.202213 0.001870
36.590062 155.005878 -54.786661 0.002642 44.203312 0.001868
36.599930 155.005870 -54.786957 0.002638 44.204416 0.001865
36.609797 155.005862 -54.787256 0.002635 44.205527 0.001863
36.619664 155.005854 -54.787554 0.002631 44.206642 0.001860
36.629530 155.005845 -54.787855 0.002627 44.207764 0.001857
36.639395 155.005837 -54.788158 0.002624 44.208892 0.001856
36.649259 155.005829 -54.788462 0.002620 44.210025 0.001853
36.659122 155.005820 -54.788768 0.002616 44.211164 0.001850
36.668984 155.005811 -54.789076 0.002612 44.212309 0.001847
36.678846 155.005803 -54.789384 0.002609 44.213460 0.001845
36.688706 155.005795 -54.789695 0.002605 44.214617 0.001842
36.698566 155.005786 -54.790007 0.002600 44.215779 0.001839
36.708425 155.005777 -54.790321 0.002596 44.216948 0.001836
36.718283 155.005769 -54.790635 0.002594 44.218122 0.001834
36.728140 155.005760 -54.790952 0.002589 44.219302 0.001831
36.737996 155.005752 -54.791270 0.002585 44.220488 0.001828
36.747851 155.005742 -54.791590 0.002581 44.221679 0.001825
36.757706 155.005734 -54.791911 0.002577 44.222877 0.001822
36.767559 155.005725 -54.792234 0.002573 44.224081 0.001820
36.777412 155.005716 -54.792559 0.002570 44.225290 0.001818
36.787264 155.005707 -54.792885 0.002566 44.226506 0.001815
36.797115 155.005698 -54.793212 0.002562 44.227727 0.001812
36.806965 155.005689 -54.793542 0.002558 44.228954 0.001809
36.816814 155.005680 -54.793873 0.002554 44.230187 0.001806
36.826662 155.005670 -54.794205 0.002550 44.231426 0.001803
36.836510 155.005661 -54.794539 0.002545 44.232671 0.001800
36.846356 155.005652 -54.794874 0.002541 44.233922 0.001797
36.856202 155.005643 -54.795212 0.002537 44.235179 0.001794
36.866047 155.005633 -54.795551 0.002533 44.236442 0.001791
36.875891 155.005624 -54.795891 0.002529 44.237711 0.001788
36.885733 155.005615 -54.796234 0.002525 44.238986 0.001785
36.895576 155.005606 -54.796577 0.002521 44.240267 0.001783
36.905417 155.005596 -54.796922 0.002517 44.241553 0.001780
36.915256 155.005587 -54.797270 0.002512 44.242846 0.001777
36.925096 155.005577 -54.797617 0.002508 44.244145 0.001774
36.934934 155.005568 -54.797968 0.002504 44.245450 0.001771
36.944771 155.005558 -54.798320 0.002500 44.246761 0.001768
36.954608 155.005548 -54.798673 0.002494 44.248078 0.001764
36.964444 155.005539 -54.799028 0.002490 44.249401 0.001761
36.974279 155.005528 -54.799384 0.002486 44.250729 0.001758
36.984113 155.005519 -54.799742 0.002482 44.252064 0.001755
36.993945 155.005509 -54.800102 0.002478 44.253406 0.001752
37.003777 155.005499 -54.800464 0.002474 44.254753 0.001749
37.013609 155.005489 -54.800827 0.002468 44.256106 0.001745
37.023439 155.005479 -54.801191 0.002464 44.257465 0.001743
37.033268 155.005469 -54.801557 0.002460 44.258830 0.001740
37.043096 155.005458 -54.801925 0.002456 44.260202 0.001737
37.052924 155.005448 -54.802295 0.002450 44.261579 0.001733
37.062750 155.005438 -54.802667 0.002446 44.262963 0.001730
37.072576 155.005428 -54.803040 0.002442 44.264353 0.001727
37.082400 155.005417 -54.803414 0.002438 44.265749 0.001724
37.092224 155.005407 -54.803790 0.002432 44.267151 0.001720
37.102047 155.005397 -54.804168 0.002428 44.268559 0.001717
37.111869 155.005386 -54.804547 0.002423 44.269973 0.001713
37.121689 155.005376 -54.804928 0.002419 44.271393 0.001710
37.131510 155.005366 -54.805311 0.002415 44.272820 0.001707
37.141328 155.005356 -54.805695 0.002409 44.274253 0.001704
37.151147 155.005344 -54.806081 0.002405 44.275691 0.001701
37.160964 155.005334 -54.806469 0.002399 44.277136 0.001697
37.170781 155.005324 -54.806858 0.002395 44.278588 0.001694
37.180596 155.005312 -54.807249 0.002391 44.280045 0.001691
37.190410 155.005302 -54.807642 0.002386 44.281509 0.001687
37.200224 155.005291 -54.808036 0.002381 44.282979 0.001684
37.210036 155.005279 -54.808432 0.002376 44.284455 0.001680
37.219847 155.005269 -54.808829 0.002372 44.285937 0.001677
37.229658 155.005258 -54.809229 0.002366 44.287425 0.001673
37.239468 155.005246 -54.809630 0.002361 44.288920 0.001669
37.249277 155.005236 -54.810033 0.002357 44.290421 0.001666
37.259084 155.005225 -54.810436 0.002351 44.291928 0.001663
37.268891 155.005214 -54.810842 0.002347 44.293442 0.001660
37.278697 155.005202 -54.811250 0.002341 44.294961 0.001656
37.288502 155.005191 -54.811660 0.002336 44.296487 0.001652
37.298306 155.005180 -54.812071 0.002332 44.298020 0.001649
37.308109 155.005168 -54.812483 0.002326 44.299558 0.001645
37.317911 155.005157 -54.812898 0.002322 44.301103 0.001642
37.327712 155.005146 -54.813314 0.002317 44.302654 0.001638
37.337512 155.005134 -54.813731 0.002311 44.304211 0.001634
37.347311 155.005123 -54.814151 0.002306 44.305775 0.001630
37.357109 155.005111 -54.814572 0.002301 44.307345 0.001627
37.366907 155.005099 -54.814995 0.002296 44.308922 0.001624
37.376703 155.005088 -54.815420 0.002290 44.310504 0.001620
37.386498 155.005076 -54.815846 0.002285 44.312093 0.001616
37.396292 155.005064 -54.816273 0.002281 44.313689 0.001613
37.406085 155.005053 -54.816703 0.002275 44.315290 0.001609
37.415878 155.005041 -54.817134 0.002270 44.316898 0.001605
37.425669 155.005028 -54.817567 0.002264 44.318513 0.001601
37.435459 155.005017 -54.818002 0.002259 44.320134 0.001597
37.445249 155.005005 -54.818439 0.002253 44.321761 0.001593
37.455037 155.004992 -54.818876 0.002249 44.323394 0.001590
37.464824 155.004981 -54.819316 0.002243 44.325034 0.001586
37.474610 155.004969 -54.819758 0.002238 44.326681 0.001583
37.484396 155.004956 -54.820201 0.002232 44.328334 0.001579
37.494181 155.004944 -54.820646 0.002227 44.329993 0.001575
37.503964 155.004932 -54.821093 0.002221 44.331658 0.001571
37.513747 155.004919 -54.821541 0.002216 44.333330 0.001567
37.523528 155.004907 -54.821991 0.002210 44.335009 0.001563
37.533308 155.004895 -54.822443 0.002205 44.336694 0.001559
37.543088 155.004882 -54.822897 0.002199 44.338385 0.001555
37.552866 155.004870 -54.823352 0.002194 44.340083 0.001551
37.562643 155.004858 -54.823809 0.002188 44.341787 0.001547
37.572420 155.004844 -54.824268 0.002183 44.343498 0.001543
37.582195 155.004832 -54.824728 0.002177 44.345215 0.001540
37.591970 155.004820 -54.825190 0.002172 44.346939 0.001536
37.601743 155.004806 -54.825654 0.002166 44.348669 0.001532
37.611516 155.004794 -54.826120 0.002159 44.350406 0.001527
37.621288 155.004780 -54.826588 0.002154 44.352149 0.001523
37.631058 155.004768 -54.827057 0.002148 44.353899 0.001519
37.640827 155.004755 -54.827528 0.002142 44.355655 0.001515
37.650596 155.004742 -54.828000 0.002137 44.357418 0.001511
37.660364 155.004729 -54.828475 0.002131 44.359188 0.001507
37.670130 155.004716 -54.828951 0.002124 44.360963 0.001502
37.679895 155.004702 -54.829429 0.002119 44.362746 0.001498
37.689660 155.004690 -54.829909 0.002113 44.364535 0.001495
37.699423 155.004677 -54.830390 0.002108 44.366330 0.001491
37.709185 155.004663 -54.830874 0.002101 44.368133 0.001486
37.718947 155.004650 -54.831358 0.002095 44.369941 0.001482
37.728706 155.004636 -54.831845 0.002090 44.371756 0.001478
37.738466 155.004623 -54.832334 0.002083 44.373578 0.001473
37.748224 155.004610 -54.832824 0.002077 44.375407 0.001469
37.757981 155.004595 -54.833316 0.002072 44.377242 0.001465
37.767737 155.004582 -54.833809 0.002065 44.379084 0.001460
37.777493 155.004568 -54.834305 0.002059 44.380932 0.001456
37.787246 155.004555 -54.834803 0.002053 44.382787 0.001451
37.797000 155.004541 -54.835301 0.002047 44.384648 0.001448
37.806751 155.004527 -54.835803 0.002041 44.386517 0.001444
37.816503 155.004514 -54.836306 0.002035 44.388392 0.001439
37.826253 155.004500 -54.836809 0.002029 44.390273 0.001435
37.836002 155.004486 -54.837316 0.002022 44.392161 0.001430
37.845749 155.004472 -54.837824 0.002017 44.394056 0.001426
37.855496 155.004457 -54.838334 0.002010 44.395958 0.001421
37.865242 155.004444 -54.838846 0.002004 44.397866 0.001417
37.874987 155.004430 -54.839359 0.001997 44.399781 0.001412
37.884730 155.004415 -54.839874 0.001992 44.401702 0.001408
37.894473 155.004401 -54.840391 0.001985 44.403631 0.001403
37.904215 155.004386 -54.840910 0.001978 44.405566 0.001399
37.913956 155.004373 -54.841430 0.001972 44.407507 0.001395
37.923695 155.004359 -54.841953 0.001965 44.409456 0.001390
37.933432 155.004344 -54.842477 0.001958 44.411411 0.001385
37.943171 155.004329 -54.843002 0.001953 44.413373 0.001381
37.952907 155.004314 -54.843530 0.001946 44.415342 0.001376
37.962642 155.004300 -54.844059 0.001939 44.417317 0.001371
37.972376 155.004286 -54.844591 0.001933 44.419299 0.001367
37.982109 155.004271 -54.845124 0.001926 44.421288 0.001362
37.991841 155.004256 -54.845659 0.001920 44.423284 0.001357
38.001573 155.004241 -54.846196 0.001913 44.425287 0.001353
38.011302 155.004227 -54.846734 0.001907 44.427296 0.001349
38.021031 155.004211 -54.847274 0.001900 44.429312 0.001344
38.030759 155.004197 -54.847817 0.001893 44.431335 0.001339
38.040486 155.004182 -54.848361 0.001886 44.433365 0.001334
38.050211 155.004167 -54.848907 0.001879 44.435401 0.001329
38.059935 155.004152 -54.849455 0.001874 44.437445 0.001325
38.069659 155.004136 -54.850004 0.001867 44.439495 0.001320
38.079381 155.004121 -54.850556 0.001860 44.441552 0.001315
38.089103 155.004106 -54.851109 0.001853 44.443616 0.001310
38.098823 155.004091 -54.851663 0.001846 44.445686 0.001305
38.108542 155.004076 -54.852220 0.001839 44.447764 0.001301
38.118259 155.004060 -54.852779 0.001832 44.449849 0.001296
38.127977 155.004045 -54.853340 0.001825 44.451940 0.001291
38.137692 155.004029 -54.853901 0.001818 44.454038 0.001286
38.147408 155.004014 -54.854466 0.001811 44.456143 0.001281
38.157121 155.003998 -54.855032 0.001804 44.458255 0.001276
38.166834 155.003983 -54.855600 0.001798 44.460374 0.001271
38.176545 155.003967 -54.856169 0.001791 44.462500 0.001266
38.186256 155.003951 -54.856741 0.001784 44.464633 0.001261
38.195965 155.003936 -54.857314 0.001777 44.466772 0.001256
38.205674 155.003919 -54.857889 0.001770 44.468919 0.001251
38.215381 155.003904 -54.858467 0.001763 44.471073 0.001247
38.225086 155.003887 -54.859046 0.001756 44.473233 0.001242
38.234792 155.003872 -54.859627 0.001748 44.475400 0.001236
38.244495 155.003855 -54.860209 0.001741 44.477575 0.001231
38.254198 155.003840 -54.860794 0.001734 44.479756 0.001226
38.263899 155.003824 -54.861380 0.001727 44.481945 0.001221
38.273600 155.003807 -54.861968 0.001720 44.484140 0.001216
38.283299 155.003791 -54.862559 0.001711 44.486342 0.001210
38.292997 155.003774 -54.863150 0.001704 44.488551 0.001205
38.302695 155.003759 -54.863745 0.001698 44.490768 0.001200
38.312390 155.003742 -54.864340 0.001691 44.492991 0.001195
38.322086 155.003726 -54.864938 0.001682 44.495221 0.001190
38.331780 155.003709 -54.865537 0.001675 44.497459 0.001185
38.341472 155.003693 -54.866139 0.001668 44.499703 0.001180
38.351163 155.003675 -54.866743 0.001660 44.501955 0.001174
38.360854 155.003659 -54.867347 0.001653 44.504213 0.001169
38.370543 155.003642 -54.867954 0.001645 44.506479 0.001163
38.380231 155.003626 -54.868563 0.001638 44.508751 0.001158
38.389918 155.003608 -54.869174 0.001631 44.511031 0.001153
38.399604 155.003592 -54.869786 0.001622 44.513317 0.001147
38.409289 155.003575 -54.870401 0.001616 44.515611 0.001142
38.418973 155.003558 -54.871017 0.001607 44.517912 0.001136
38.428654 155.003541 -54.871635 0.001600 44.520220 0.001132
38.438337 155.003524 -54.872256 0.001592 44.522535 0.001126
38.448017 155.003507 -54.872878 0.001585 44.524857 0.001121
38.457696 155.003489 -54.873502 0.001577 44.527187 0.001115
38.467374 155.003473 -54.874128 0.001570 44.529523 0.001110
38.477050 155.003455 -54.874755 0.001561 44.531867 0.001104
38.486726 155.003438 -54.875386 0.001554 44.534217 0.001099
38.496401 155.003420 -54.876017 0.001546 44.536575 0.001093
38.506073 155.003403 -54.876651 0.001538 44.538940 0.001087
38.515746 155.003385 -54.877286 0.001531 44.541312 0.001082
38.525417 155.003368 -54.877924 0.001522 44.543691 0.001076
38.535087 155.003350 -54.878563 0.001514 44.546078 0.001071
38.544755 155.003333 -54.879203 0.001507 44.548472 0.001066
38.554423 155.003315 -54.879847 0.001499 44.550872 0.001060
38.564090 155.003297 -54.880492 0.001490 44.553280 0.001054
38.573755 155.003279 -54.881139 0.001482 44.555696 0.001048
38.583419 155.003262 -54.881787 0.001475 44.558118 0.001043
38.593082 155.003243 -54.882439 0.001467 44.560548 0.001037
38.602743 155.003226 -54.883092 0.001458 44.562985 0.001031
38.612404 155.003207 -54.883746 0.001450 44.565429 0.001025
38.622064 155.003190 -54.884402 0.001443 44.567880 0.001020
38.631722 155.003171 -54.885061 0.001435 44.570339 0.001014
38.641379 155.003153 -54.885721 0.001426 44.572804 0.001009
38.651035 155.003135 -54.886384 0.001418 44.575278 0.001003
38.660689 155.003117 -54.887048 0.001409 44.577758 0.000997
38.670343 155.003098 -54.887714 0.001401 44.580245 0.000991
38.679996 155.003080 -54.888382 0.001393 44.582740 0.000985
38.689646 155.003061 -54.889053 0.001384 44.585243 0.000979
38.699297 155.003043 -54.889725 0.001376 44.587752 0.000973
38.708945 155.003024 -54.890399 0.001368 44.590269 0.000967
38.718594 155.003005 -54.891075 0.001359 44.592793 0.000961
38.728240 155.002987 -54.891752 0.001351 44.595324 0.000955
38.737885 155.002968 -54.892432 0.001343 44.597863 0.000949
38.747529 155.002949 -54.893114 0.001334 44.600409 0.000943
38.757172 155.002930 -54.893798 0.001326 44.602962 0.000938
38.766814 155.002912 -54.894484 0.001317 44.605523 0.000932
38.776455 155.002892 -54.895171 0.001309 44.608091 0.000926
38.786094 155.002874 -54.895860 0.001301 44.610667 0.000920
38.795732 155.002854 -54.896552 0.001292 44.613249 0.000914
38.805369 155.002836 -54.897245 0.001284 44.615839 0.000908
38.815004 155.002816 -54.897942 0.001274 44.618437 0.000901
38.824639 155.002797 -54.898639 0.001266 44.621042 0.000895
38.834273 155.002778 -54.899339 0.001257 44.623654 0.000889
38.843905 155.002759 -54.900040 0.001249 44.626274 0.000883
38.853536 155.002739 -54.900743 0.001239 44.628901 0.000876
38.863166 155.002719 -54.901448 0.001231 44.631535 0.000870
38.872794 155.002700 -54.902156 0.001223 44.634177 0.000864
38.882421 155.002680 -54.902865 0.001214 44.636827 0.000859
38.892047 155.002661 -54.903577 0.001204 44.639484 0.000852
38.901672 155.002641 -54.904289 0.001196 44.642148 0.000846
38.911296 155.002622 -54.905005 0.001188 44.644819 0.000840
38.920918 155.002602 -54.905722 0.001178 44.647499 0.000833
38.930540 155.002582 -54.906441 0.001169 44.650185 0.000827
38.940159 155.002562 -54.907163 0.001160 44.652879 0.000820
38.949779 155.002542 -54.907886 0.001151 44.655581 0.000814
38.959395 155.002522 -54.908611 0.001143 44.658290 0.000808
38.969013 155.002502 -54.909338 0.001133 44.661006 0.000801
38.978627 155.002482 -54.910067 0.001125 44.663730 0.000795
38.988241 155.002462 -54.910799 0.001115 44.666462 0.000788
38.997854 155.002442 -54.911532 0.001107 44.669201 0.000782
39.007466 155.002421 -54.912267 0.001097 44.671947 0.000776
39.017075 155.002402 -54.913004 0.001088 44.674701 0.000770
39.026684 155.002381 -54.913743 0.001079 44.677463 0.000763
39.036292 155.002360 -54.914485 0.001069 44.680232 0.000756
39.045899 155.002340 -54.915228 0.001060 44.683009 0.000750
39.055504 155.002319 -54.915973 0.001051 44.685793 0.000743
39.065108 155.002299 -54.916721 0.001042 44.688585 0.000737
39.074711 155.002278 -54.917469 0.001032 44.691384 0.000730
39.084312 155.002257 -54.918221 0.001023 44.694191 0.000723
39.093912 155.002237 -54.918975 0.001014 44.697006 0.000717
39.103512 155.002215 -54.919730 0.001004 44.699828 0.000710
39.113109 155.002195 -54.920487 0.000995 44.702657 0.000703
39.122706 155.002174 -54.921247 0.000985 44.705495 0.000696
39.132300 155.002153 -54.922008 0.000976 44.708340 0.000690
39.141894 155.002132 -54.922771 0.000967 44.711192 0.000684
39.151487 155.002110 -54.923537 0.000957 44.714052 0.000677
39.161079 155.002090 -54.924304 0.000947 44.716920 0.000670
39.170669 155.002068 -54.925074 0.000937 44.719796 0.000663
39.180258 155.002047 -54.925846 0.000927 44.722679 0.000656
39.189846 155.002026 -54.926618 0.000919 44.725569 0.000650
39.199432 155.002004 -54.927394 0.000909 44.728468 0.000643
39.209017 155.001983 -54.928172 0.000899 44.731374 0.000636
39.218601 155.001961 -54.928952 0.000890 44.734288 0.000629
39.228184 155.001940 -54.929734 0.000880 44.737209 0.000622
39.237765 155.001918 -54.930517 0.000870 44.740138 0.000615
39.247345 155.001896 -54.931303 0.000860 44.743075 0.000608
39.256924 155.001875 -54.932090 0.000850 44.746019 0.000601
39.266501 155.001853 -54.932881 0.000841 44.748972 0.000594
39.276078 155.001831 -54.933673 0.000831 44.751931 0.000587
39.285653 155.001809 -54.934466 0.000821 44.754899 0.000581
39.295226 155.001787 -54.935263 0.000811 44.757874 0.000574
39.304799 155.001766 -54.936061 0.000801 44.760858 0.000567
39.314369 155.001743 -54.936861 0.000792 44.763848 0.000560
39.323940 155.001721 -54.937663 0.000780 44.766847 0.000552
39.333508 155.001699 -54.938468 0.000770 44.769853 0.000545
39.343075 155.001676 -54.939274 0.000761 44.772868 0.000538
39.352641 155.001655 -54.940082 0.000751 44.775889 0.000531
39.362206 155.001632 -54.940893 0.000741 44.778919 0.000524
39.371769 155.001609 -54.941706 0.000731 44.781957 0.000517
39.381331 155.001587 -54.942520 0.000720 44.785002 0.000509
39.390892 155.001565 -54.943337 0.000710 44.788055 0.000502
39.400452 155.001542 -54.944156 0.000700 44.791116 0.000495
39.410010 155.001520 -54.944977 0.000689 44.794184 0.000487
39.419566 155.001496 -54.945800 0.000679 44.797261 0.000480
39.429122 155.001473 -54.946625 0.000669 44.800345 0.000473
39.438676 155.001451 -54.947452 0.000658 44.803437 0.000465
39.448229 155.001428 -54.948281 0.000648 44.806537 0.000458
39.457781 155.001406 -54.949112 0.000639 44.809645 0.000452
39.467331 155.001382 -54.949945 0.000627 44.812761 0.000444
39.476880 155.001359 -54.950781 0.000617 44.815885 0.000437
39.486428 155.001336 -54.951618 0.000606 44.819016 0.000429
39.495975 155.001313 -54.952458 0.000596 44.822155 0.000422
39.505519 155.001289 -54.953300 0.000585 44.825303 0.000414
39.515063 155.001267 -54.954143 0.000575 44.828458 0.000407
39.524605 155.001243 -54.954990 0.000564 44.831621 0.000399
39.534147 155.001219 -54.955838 0.000554 44.834792 0.000392
39.543686 155.001196 -54.956688 0.000543 44.837971 0.000384
39.553225 155.001173 -54.957540 0.000533 44.841157 0.000377
39.562761 155.001149 -54.958395 0.000522 44.844352 0.000369
39.572297 155.001126 -54.959251 0.000512 44.847555 0.000362
39.581832 155.001102 -54.960109 0.000501 44.850765 0.000354
39.591364 155.001078 -54.960971 0.000489 44.853984 0.000346
39.600897 155.001054 -54.961833 0.000480 44.857210 0.000339
39.610427 155.001030 -54.962698 0.000468 44.860445 0.000331
39.619956 155.001006 -54.963565 0.000457 44.863687 0.000323
39.629483 155.000983 -54.964434 0.000446 44.866937 0.000315
39.639010 155.000958 -54.965306 0.000436 44.870196 0.000308
39.648535 155.000934 -54.966178 0.000425 44.873462 0.000300
39.658059 155.000910 -54.967053 0.000413 44.876736 0.000292
39.667581 155.000886 -54.967931 0.000402 44.880019 0.000284
39.677102 155.000861 -54.968812 0.000392 44.883309 0.000277
39.686622 155.000838 -54.969694 0.000381 44.886608 0.000269
39.696140 155.000813 -54.970577 0.000370 44.889914 0.000261
39.705658 155.000788 -54.971463 0.000359 44.893228 0.000254
39.715173 155.000763 -54.972352 0.000347 44.896551 0.000246
39.724687 155.000739 -54.973242 0.000336 44.899881 0.000238
39.734200 155.000714 -54.974135 0.000325 44.903220 0.000230
39.743712 155.000689 -54.975029 0.000313 44.906567 0.000222
39.753221 155.000665 -54.975926 0.000302 44.909921 0.000214
39.762730 155.000640 -54.976825 0.000291 44.913284 0.000206
39.772237 155.000615 -54.977726 0.000280 44.916655 0.000198
39.781744 155.000591 -54.978630 0.000268 44.920034 0.000190
39.791248 155.000565 -54.979534 0.000257 44.923421 0.000182
39.800751 155.000540 -54.980442 0.000246 44.926816 0.000174
39.810253 155.000515 -54.981352 0.000234 44.930220 0.000166
39.819754 155.000490 -54.982263 0.000223 44.933631 0.000158
39.829253 155.000465 -54.983178 0.000212 44.937051 0.000150
39.838751 155.000439 -54.984094 0.000201 44.940478 0.000142
39.848247 155.000414 -54.985012 0.000188 44.943914 0.000133
39.857743 155.000389 -54.985932 0.000177 44.947358 0.000125
39.867236 155.000363 -54.986855 0.000165 44.950810 0.000117
39.876728 155.000338 -54.987780 0.000154 44.954270 0.000109
39.886219 155.000312 -54.988707 0.000143 44.957739 0.000101
39.895708 155.000286 -54.989636 0.000130 44.961216 0.000092
39.905197 155.000260 -54.990567 0.000119 44.964700 0.000084
39.914683 155.000235 -54.991501 0.000107 44.968193 0.000076
39.924168 155.000209 -54.992436 0.000095 44.971695 0.000067
39.933652 155.000183 -54.993375 0.000083 44.975204 0.000059
39.943135 155.000157 -54.994315 0.000072 44.978722 0.000051
39.952616 155.000131 -54.995256 0.000059 44.982247 0.000042
39.962095 155.000105 -54.996200 0.000048 44.985781 0.000034
39.971573 155.000079 -54.997148 0.000035 44.989324 0.000025
39.981051 155.000052 -54.998096 0.000024 44.992874 0.000017
39.990526 155.000027 -54.999047 0.000011 44.996433 0.000008
40.000000 155.000000 -55.000000 0.000000 45.000000 0.000000
