41.351206 156.335715 -52.942571 27.777274 41.505088 18.878623
41.360641 156.335242 -52.942221 27.781450 41.504034 18.878941
41.370075 156.334768 -52.941870 27.785630 41.502977 18.879262
41.379506 156.334295 -52.941518 27.789815 41.501919 18.879590
41.388938 156.333823 -52.941166 27.794007 41.500860 18.879922
41.398369 156.333352 -52.940814 27.798203 41.499798 18.880258
41.407797 156.332880 -52.940461 27.802405 41.498736 18.880601
41.417224 156.332410 -52.940107 27.806612 41.497671 18.880948
41.426650 156.331941 -52.939753 27.810826 41.496605 18.881301
41.436075 156.331472 -52.939398 27.815044 41.495537 18.881659
41.445497 156.331003 -52.939043 27.819267 41.494468 18.882021
41.454919 156.330535 -52.938687 27.823497 41.493397 18.882389
41.464340 156.330068 -52.938331 27.827731 41.492324 18.882762
41.473759 156.329602 -52.937974 27.831972 41.491250 18.883140
41.483176 156.329135 -52.937617 27.836217 41.490174 18.883524
41.492593 156.328669 -52.937259 27.840469 41.489096 18.883912
41.502007 156.328205 -52.936901 27.844727 41.488017 18.884307
41.511422 156.327741 -52.936542 27.848988 41.486936 18.884705
41.520834 156.327277 -52.936183 27.853257 41.485853 18.885110
41.530245 156.326814 -52.935822 27.857530 41.484768 18.885519
41.539653 156.326352 -52.935462 27.861809 41.483682 18.885933
41.549062 156.325890 -52.935100 27.866093 41.482594 18.886353
41.558468 156.325429 -52.934739 27.870384 41.481504 18.886779
41.567873 156.324968 -52.934377 27.874680 41.480413 18.887209
41.577277 156.324509 -52.934014 27.878980 41.479321 18.887644
41.586680 156.324050 -52.933651 27.883288 41.478226 18.888086
41.596081 156.323590 -52.933287 27.887599 41.477129 18.888531
41.605480 156.323133 -52.932923 27.891918 41.476031 18.888983
41.614878 156.322676 -52.932558 27.896242 41.474931 18.889440
41.624275 156.322219 -52.932192 27.900570 41.473829 18.889901
41.633671 156.321762 -52.931826 27.904905 41.472726 18.890369
41.643065 156.321307 -52.931459 27.909246 41.471620 18.890841
41.652457 156.320853 -52.931093 27.913592 41.470514 18.891319
41.661848 156.320399 -52.930724 27.917944 41.469405 18.891802
41.671238 156.319944 -52.930356 27.922302 41.468294 18.892291
41.680626 156.319492 -52.929988 27.926665 41.467183 18.892785
41.690013 156.319040 -52.929618 27.931034 41.466069 18.893284
41.699399 156.318588 -52.929247 27.935409 41.464953 18.893789
41.708783 156.318137 -52.928878 27.939788 41.463835 18.894299
41.718165 156.317687 -52.928506 27.944175 41.462716 18.894814
41.727547 156.317237 -52.928134 27.948565 41.461595 18.895335
41.736927 156.316788 -52.927761 27.952962 41.460472 18.895860
41.746304 156.316339 -52.927388 27.957365 41.459348 18.896392
41.755682 156.315892 -52.927015 27.961775 41.458221 18.896929
41.765057 156.315445 -52.926641 27.966188 41.457093 18.897471
41.774431 156.314998 -52.926267 27.970609 41.455963 18.898018
41.783803 156.314553 -52.925891 27.975034 41.454831 18.898572
41.793174 156.314107 -52.925515 27.979466 41.453697 18.899130
41.802544 156.313663 -52.925139 27.983903 41.452562 18.899695
41.811912 156.313219 -52.924762 27.988347 41.451425 18.900264
41.821279 156.312776 -52.924384 27.992795 41.450286 18.900838
41.830644 156.312333 -52.924006 27.997249 41.449145 18.901418
41.840007 156.311891 -52.923626 28.001709 41.448001 18.902004
41.849370 156.311450 -52.923247 28.006175 41.446857 18.902595
41.858730 156.311010 -52.922867 28.010647 41.445711 18.903192
41.868090 156.310569 -52.922487 28.015125 41.444562 18.903795
41.877447 156.310131 -52.922106 28.019609 41.443412 18.904403
41.886804 156.309692 -52.921723 28.024098 41.442260 18.905016
41.896159 156.309254 -52.921341 28.028592 41.441106 18.905634
41.905512 156.308818 -52.920958 28.033094 41.439950 18.906259
41.914864 156.308380 -52.920574 28.037600 41.438792 18.906888
41.924214 156.307944 -52.920190 28.042113 41.437633 18.907524
41.933563 156.307509 -52.919805 28.046632 41.436472 18.908165
41.942911 156.307075 -52.919419 28.051155 41.435308 18.908811
41.952257 156.306640 -52.919033 28.055686 41.434143 18.909463
41.961601 156.306208 -52.918646 28.060221 41.432976 18.910121
41.970944 156.305775 -52.918259 28.064763 41.431807 18.910784
41.980286 156.305343 -52.917871 28.069311 41.430636 18.911452
41.989625 156.304912 -52.917482 28.073865 41.429463 18.912127
41.998964 156.304481 -52.917093 28.078423 41.428289 18.912806
42.008301 156.304052 -52.916703 28.082989 41.427112 18.913492
42.017636 156.303623 -52.916312 28.087560 41.425933 18.914182
42.026970 156.303195 -52.915921 28.092137 41.424753 18.914879
42.036302 156.302766 -52.915529 28.096721 41.423570 18.915583
42.045633 156.302339 -52.915137 28.101310 41.422386 18.916291
42.054962 156.301913 -52.914744 28.105905 41.421200 18.917005
42.064290 156.301488 -52.914350 28.110505 41.420012 18.917723
42.073616 156.301063 -52.913956 28.115112 41.418822 18.918448
42.082942 156.300638 -52.913561 28.119725 41.417630 18.919179
42.092264 156.300214 -52.913164 28.124343 41.416435 18.919915
42.101586 156.299791 -52.912768 28.128969 41.415240 18.920657
42.110906 156.299369 -52.912371 28.133599 41.414041 18.921405
42.120225 156.298948 -52.911974 28.138236 41.412841 18.922159
42.129541 156.298526 -52.911576 28.142878 41.411639 18.922917
42.138858 156.298106 -52.911176 28.147526 41.410436 18.923682
42.148171 156.297687 -52.910777 28.152182 41.409230 18.924453
42.157484 156.297268 -52.910376 28.156843 41.408022 18.925229
42.166795 156.296850 -52.909976 28.161509 41.406812 18.926011
42.176104 156.296432 -52.909575 28.166181 41.405600 18.926799
42.185411 156.296016 -52.909172 28.170860 41.404387 18.927592
42.194718 156.295600 -52.908769 28.175546 41.403171 18.928393
42.204023 156.295185 -52.908366 28.180236 41.401952 18.929197
42.213325 156.294771 -52.907961 28.184933 41.400733 18.930008
42.222627 156.294356 -52.907556 28.189635 41.399511 18.930824
42.231927 156.293943 -52.907151 28.194344 41.398287 18.931647
42.241225 156.293531 -52.906745 28.199058 41.397061 18.932475
42.250522 156.293119 -52.906338 28.203780 41.395833 18.933309
42.259817 156.292709 -52.905931 28.208507 41.394603 18.934149
42.269110 156.292297 -52.905522 28.213240 41.393371 18.934994
42.278403 156.291888 -52.905113 28.217980 41.392136 18.935846
42.287693 156.291479 -52.904703 28.222725 41.390901 18.936703
42.296982 156.291071 -52.904293 28.227477 41.389662 18.937566
42.306270 156.290664 -52.903882 28.232234 41.388422 18.938435
42.315555 156.290256 -52.903471 28.236998 41.387180 18.939310
42.324839 156.289851 -52.903058 28.241768 41.385935 18.940192
42.334121 156.289445 -52.902645 28.246544 41.384689 18.941078
42.343402 156.289041 -52.902232 28.251326 41.383440 18.941971
42.352682 156.288637 -52.901817 28.256115 41.382190 18.942869
42.361959 156.288234 -52.901402 28.260909 41.380937 18.943773
42.371236 156.287831 -52.900986 28.265709 41.379683 18.944683
42.380510 156.287430 -52.900569 28.270516 41.378425 18.945600
42.389783 156.287029 -52.900152 28.275329 41.377167 18.946522
42.399054 156.286629 -52.899735 28.280148 41.375905 18.947450
42.408324 156.286230 -52.899316 28.284974 41.374642 18.948384
42.417592 156.285831 -52.898897 28.289806 41.373377 18.949323
42.426858 156.285432 -52.898476 28.294643 41.372109 18.950269
42.436123 156.285035 -52.898056 28.299487 41.370840 18.951221
42.445385 156.284639 -52.897634 28.304337 41.369568 18.952179
42.454648 156.284243 -52.897212 28.309194 41.368295 18.953143
42.463907 156.283848 -52.896789 28.314056 41.367018 18.954113
42.473166 156.283454 -52.896365 28.318925 41.365740 18.955088
42.482422 156.283060 -52.895941 28.323800 41.364460 18.956070
42.491677 156.282667 -52.895516 28.328681 41.363177 18.957057
42.500931 156.282275 -52.895090 28.333569 41.361893 18.958051
42.510182 156.281884 -52.894664 28.338463 41.360606 18.959051
42.519432 156.281493 -52.894237 28.343363 41.359318 18.960056
42.528681 156.281103 -52.893809 28.348269 41.358027 18.961067
42.537927 156.280715 -52.893380 28.353182 41.356733 18.962086
42.547172 156.280325 -52.892950 28.358101 41.355438 18.963110
42.556415 156.279938 -52.892520 28.363026 41.354141 18.964140
42.565657 156.279551 -52.892089 28.367957 41.352841 18.965175
42.574898 156.279165 -52.891658 28.372896 41.351539 18.966218
42.584135 156.278780 -52.891225 28.377840 41.350235 18.967266
42.593373 156.278395 -52.890793 28.382790 41.348929 18.968320
42.602608 156.278011 -52.890359 28.387748 41.347620 18.969381
42.611842 156.277628 -52.889925 28.392710 41.346310 18.970448
42.621073 156.277245 -52.889489 28.397680 41.344997 18.971520
42.630303 156.276864 -52.889053 28.402656 41.343681 18.972599
42.639532 156.276483 -52.888616 28.407637 41.342364 18.973683
42.648758 156.276103 -52.888179 28.412626 41.341045 18.974774
42.657983 156.275724 -52.887741 28.417622 41.339722 18.975872
42.667207 156.275345 -52.887302 28.422623 41.338399 18.976974
42.676428 156.274967 -52.886861 28.427630 41.337072 18.978083
42.685649 156.274590 -52.886422 28.432645 41.335744 18.979200
42.694866 156.274214 -52.885981 28.437665 41.334413 18.980321
42.704083 156.273838 -52.885538 28.442692 41.333080 18.981449
42.713298 156.273464 -52.885095 28.447726 41.331745 18.982584
42.722511 156.273090 -52.884652 28.452765 41.330407 18.983724
42.731723 156.272717 -52.884207 28.457812 41.329067 18.984870
42.740933 156.272344 -52.883763 28.462864 41.327725 18.986023
42.750140 156.271973 -52.883317 28.467923 41.326381 18.987182
42.759347 156.271601 -52.882870 28.472988 41.325034 18.988346
42.768552 156.271231 -52.882422 28.478060 41.323685 18.989518
42.777754 156.270862 -52.881974 28.483139 41.322334 18.990696
42.786956 156.270493 -52.881526 28.488224 41.320980 18.991880
42.796155 156.270126 -52.881076 28.493315 41.319624 18.993070
42.805353 156.269759 -52.880626 28.498413 41.318267 18.994266
42.814549 156.269393 -52.880174 28.503517 41.316906 18.995468
42.823744 156.269027 -52.879722 28.508628 41.315543 18.996678
42.832936 156.268663 -52.879270 28.513745 41.314178 18.997893
42.842127 156.268299 -52.878815 28.518869 41.312810 18.999115
42.851316 156.267936 -52.878361 28.523999 41.311441 19.000342
42.860503 156.267573 -52.877907 28.529136 41.310069 19.001577
42.869689 156.267211 -52.877450 28.534279 41.308695 19.002817
42.878872 156.266851 -52.876993 28.539430 41.307318 19.004064
42.888055 156.266491 -52.876536 28.544586 41.305939 19.005316
42.897235 156.266132 -52.876077 28.549748 41.304558 19.006577
42.906414 156.265774 -52.875618 28.554918 41.303173 19.007842
42.915590 156.265416 -52.875158 28.560094 41.301788 19.009114
42.924766 156.265059 -52.874698 28.565276 41.300400 19.010393
42.933939 156.264703 -52.874236 28.570466 41.299008 19.011678
42.943111 156.264348 -52.873774 28.575661 41.297615 19.012969
42.952281 156.263994 -52.873311 28.580864 41.296220 19.014266
42.961448 156.263641 -52.872846 28.586073 41.294821 19.015571
42.970615 156.263288 -52.872382 28.591288 41.293421 19.016881
42.979780 156.262936 -52.871916 28.596510 41.292018 19.018197
42.988943 156.262584 -52.871450 28.601740 41.290613 19.019521
42.998104 156.262234 -52.870983 28.606974 41.289206 19.020850
43.007263 156.261884 -52.870515 28.612216 41.287796 19.022187
43.016420 156.261535 -52.870046 28.617465 41.286384 19.023529
43.025576 156.261188 -52.869576 28.622720 41.284969 19.024878
43.034730 156.260840 -52.869106 28.627982 41.283552 19.026233
43.043882 156.260494 -52.868635 28.633251 41.282132 19.027595
43.053032 156.260149 -52.868162 28.638525 41.280710 19.028963
43.062180 156.259804 -52.867689 28.643808 41.279285 19.030338
43.071327 156.259460 -52.867215 28.649095 41.277858 19.031718
43.080472 156.259117 -52.866741 28.654391 41.276429 19.033107
43.089615 156.258775 -52.866266 28.659693 41.274997 19.034501
43.098757 156.258433 -52.865789 28.665001 41.273563 19.035901
43.107897 156.258093 -52.865313 28.670317 41.272126 19.037309
43.117034 156.257753 -52.864835 28.675639 41.270687 19.038723
43.126170 156.257414 -52.864355 28.680967 41.269246 19.040143
43.135304 156.257076 -52.863876 28.686302 41.267801 19.041569
43.144437 156.256738 -52.863396 28.691644 41.266355 19.043002
43.153566 156.256402 -52.862915 28.696993 41.264906 19.044443
43.162695 156.256066 -52.862432 28.702348 41.263454 19.045889
43.171823 156.255732 -52.861950 28.707711 41.262001 19.047342
43.180948 156.255397 -52.861466 28.713080 41.260544 19.048801
43.190071 156.255064 -52.860981 28.718455 41.259085 19.050267
43.199191 156.254732 -52.860495 28.723839 41.257623 19.051741
43.208311 156.254400 -52.860009 28.729227 41.256160 19.053220
43.217429 156.254070 -52.859522 28.734623 41.254692 19.054706
43.226544 156.253740 -52.859034 28.740026 41.253224 19.056197
43.235659 156.253411 -52.858546 28.745436 41.251752 19.057697
43.244771 156.253082 -52.858055 28.750852 41.250278 19.059202
43.253881 156.252755 -52.857565 28.756276 41.248801 19.060715
43.262989 156.252429 -52.857073 28.761705 41.247321 19.062234
43.272096 156.252103 -52.856580 28.767142 41.245840 19.063759
43.281201 156.251778 -52.856087 28.772586 41.244355 19.065291
43.290305 156.251454 -52.855593 28.778035 41.242869 19.066829
43.299405 156.251131 -52.855098 28.783494 41.241380 19.068376
43.308505 156.250808 -52.854602 28.788957 41.239888 19.069928
43.317602 156.250487 -52.854106 28.794428 41.238393 19.071487
43.326697 156.250166 -52.853609 28.799907 41.236896 19.073053
43.335790 156.249846 -52.853110 28.805392 41.235397 19.074626
43.344883 156.249527 -52.852610 28.810883 41.233895 19.076203
43.353972 156.249209 -52.852110 28.816381 41.232389 19.077790
43.363060 156.248892 -52.851609 28.821886 41.230882 19.079381
43.372146 156.248575 -52.851107 28.827398 41.229372 19.080981
43.381231 156.248259 -52.850604 28.832917 41.227859 19.082587
43.390313 156.247945 -52.850100 28.838443 41.226344 19.084199
43.399393 156.247631 -52.849595 28.843976 41.224827 19.085819
43.408472 156.247318 -52.849090 28.849515 41.223306 19.087444
43.417549 156.247006 -52.848584 28.855063 41.221783 19.089077
43.426624 156.246695 -52.848076 28.860616 41.220258 19.090717
43.435697 156.246385 -52.847568 28.866177 41.218729 19.092364
43.444767 156.246075 -52.847059 28.871744 41.217198 19.094017
43.453837 156.245766 -52.846549 28.877317 41.215665 19.095675
43.462904 156.245458 -52.846038 28.882899 41.214128 19.097343
43.471969 156.245151 -52.845526 28.888488 41.212590 19.099016
43.481033 156.244845 -52.845014 28.894082 41.211048 19.100696
43.490094 156.244540 -52.844500 28.899685 41.209504 19.102384
43.499153 156.244235 -52.843985 28.905294 41.207957 19.104077
43.508211 156.243932 -52.843470 28.910910 41.206408 19.105779
43.517267 156.243629 -52.842953 28.916533 41.204855 19.107486
43.526320 156.243327 -52.842436 28.922164 41.203301 19.109201
43.535373 156.243027 -52.841918 28.927800 41.201744 19.110921
43.544423 156.242727 -52.841399 28.933444 41.200183 19.112649
43.553471 156.242427 -52.840879 28.939095 41.198620 19.114385
43.562517 156.242129 -52.840358 28.944753 41.197055 19.116126
43.571561 156.241831 -52.839836 28.950418 41.195486 19.117874
43.580603 156.241535 -52.839313 28.956090 41.193915 19.119631
43.589644 156.241239 -52.838789 28.961769 41.192342 19.121393
43.598682 156.240944 -52.838264 28.967455 41.190766 19.123162
43.607719 156.240650 -52.837739 28.973149 41.189187 19.124938
43.616754 156.240358 -52.837212 28.978850 41.187604 19.126722
43.625785 156.240066 -52.836685 28.984557 41.186020 19.128513
43.634816 156.239774 -52.836156 28.990272 41.184433 19.130310
43.643845 156.239484 -52.835628 28.995993 41.182843 19.132114
43.652871 156.239194 -52.835097 29.001721 41.181251 19.133924
43.661896 156.238905 -52.834566 29.007457 41.179655 19.135742
43.670919 156.238617 -52.834033 29.013200 41.178056 19.137568
43.679940 156.238330 -52.833500 29.018950 41.176455 19.139398
43.688959 156.238045 -52.832967 29.024708 41.174852 19.141239
43.697976 156.237760 -52.832432 29.030471 41.173245 19.143083
43.706991 156.237476 -52.831895 29.036242 41.171636 19.144936
43.716004 156.237192 -52.831359 29.042020 41.170024 19.146796
43.725014 156.236910 -52.830821 29.047806 41.168410 19.148663
43.734023 156.236628 -52.830282 29.053598 41.166792 19.150537
43.743031 156.236348 -52.829743 29.059398 41.165171 19.152418
43.752035 156.236068 -52.829202 29.065205 41.163548 19.154305
43.761038 156.235789 -52.828661 29.071018 41.161922 19.156200
43.770039 156.235511 -52.828117 29.076840 41.160293 19.158102
43.779039 156.235234 -52.827574 29.082668 41.158662 19.160010
43.788037 156.234958 -52.827029 29.088504 41.157027 19.161926
43.797031 156.234683 -52.826485 29.094347 41.155389 19.163850
43.806025 156.234409 -52.825938 29.100197 41.153750 19.165781
43.815016 156.234135 -52.825391 29.106054 41.152107 19.167717
43.824005 156.233863 -52.824842 29.111917 41.150461 19.169661
43.832991 156.233591 -52.824293 29.117789 41.148813 19.171612
43.841977 156.233321 -52.823742 29.123668 41.147161 19.173571
43.850960 156.233051 -52.823191 29.129554 41.145507 19.175536
43.859942 156.232782 -52.822639 29.135447 41.143849 19.177509
43.868920 156.232514 -52.822085 29.141347 41.142190 19.179488
43.877897 156.232246 -52.821531 29.147254 41.140527 19.181475
43.886873 156.231981 -52.820976 29.153169 41.138861 19.183469
43.895845 156.231716 -52.820420 29.159091 41.137192 19.185471
43.904816 156.231451 -52.819863 29.165021 41.135521 19.187479
43.913785 156.231188 -52.819305 29.170957 41.133847 19.189494
43.922752 156.230926 -52.818745 29.176901 41.132169 19.191516
43.931717 156.230664 -52.818185 29.182853 41.130490 19.193547
43.940680 156.230403 -52.817624 29.188810 41.128806 19.195583
43.949641 156.230143 -52.817062 29.194776 41.127121 19.197626
43.958600 156.229884 -52.816498 29.200749 41.125431 19.199678
43.967556 156.229627 -52.815935 29.206730 41.123740 19.201737
43.976512 156.229370 -52.815369 29.212717 41.122045 19.203803
43.985464 156.229114 -52.814804 29.218711 41.120348 19.205875
43.994415 156.228858 -52.814237 29.224714 41.118647 19.207955
44.003363 156.228605 -52.813668 29.230723 41.116943 19.210042
44.012310 156.228351 -52.813098 29.236740 41.115237 19.212136
44.021255 156.228099 -52.812529 29.242764 41.113528 19.214238
44.030196 156.227848 -52.811958 29.248796 41.111816 19.216348
44.039137 156.227598 -52.811385 29.254834 41.110100 19.218463
44.048075 156.227348 -52.810812 29.260881 41.108382 19.220587
44.057011 156.227099 -52.810238 29.266934 41.106661 19.222718
44.065946 156.226852 -52.809663 29.272995 41.104937 19.224856
44.074878 156.226605 -52.809086 29.279063 41.103209 19.227001
44.083808 156.226359 -52.808509 29.285139 41.101480 19.229154
44.092736 156.226115 -52.807931 29.291222 41.099747 19.231313
44.101662 156.225871 -52.807351 29.297312 41.098010 19.233480
44.110585 156.225628 -52.806771 29.303410 41.096272 19.235655
44.119508 156.225385 -52.806189 29.309516 41.094529 19.237836
44.128427 156.225145 -52.805607 29.315627 41.092785 19.240025
44.137344 156.224905 -52.805024 29.321748 41.091037 19.242221
44.146260 156.224665 -52.804439 29.327876 41.089285 19.244425
44.155173 156.224428 -52.803854 29.334011 41.087532 19.246637
44.164084 156.224190 -52.803268 29.340152 41.085774 19.248854
44.172994 156.223953 -52.802680 29.346302 41.084014 19.251080
44.181901 156.223719 -52.802091 29.352460 41.082251 19.253314
44.190806 156.223484 -52.801502 29.358623 41.080485 19.255553
44.199709 156.223250 -52.800911 29.364796 41.078716 19.257802
44.208610 156.223018 -52.800320 29.370976 41.076944 19.260057
44.217508 156.222786 -52.799726 29.377163 41.075168 19.262320
44.226404 156.222555 -52.799133 29.383356 41.073390 19.264589
44.235298 156.222326 -52.798538 29.389559 41.071609 19.266867
44.244191 156.222097 -52.797942 29.395768 41.069824 19.269151
44.253082 156.221869 -52.797344 29.401985 41.068036 19.271443
44.261970 156.221643 -52.796747 29.408209 41.066245 19.273743
44.270856 156.221417 -52.796148 29.414441 41.064452 19.276050
44.279739 156.221193 -52.795547 29.420681 41.062655 19.278365
44.288621 156.220969 -52.794946 29.426928 41.060855 19.280687
44.297500 156.220745 -52.794344 29.433182 41.059053 19.283016
44.306378 156.220524 -52.793741 29.439443 41.057246 19.285352
44.315253 156.220303 -52.793136 29.445713 41.055437 19.287697
44.324126 156.220083 -52.792530 29.451990 41.053625 19.290048
44.332997 156.219864 -52.791923 29.458275 41.051809 19.292408
44.341866 156.219645 -52.791316 29.464567 41.049992 19.294775
44.350733 156.219429 -52.790707 29.470867 41.048169 19.297148
44.359597 156.219212 -52.790098 29.477175 41.046344 19.299530
44.368459 156.218998 -52.789487 29.483489 41.044516 19.301920
44.377320 156.218783 -52.788875 29.489811 41.042686 19.304316
44.386178 156.218569 -52.788262 29.496142 41.040851 19.306721
44.395034 156.218358 -52.787648 29.502479 41.039014 19.309132
44.403887 156.218146 -52.787033 29.508825 41.037173 19.311552
44.412739 156.217936 -52.786416 29.515178 41.035330 19.313978
44.421589 156.217726 -52.785799 29.521537 41.033483 19.316412
44.430436 156.217519 -52.785181 29.527905 41.031633 19.318854
44.439281 156.217311 -52.784561 29.534281 41.029779 19.321303
44.448124 156.217104 -52.783940 29.540665 41.027923 19.323761
44.456964 156.216899 -52.783319 29.547055 41.026063 19.326225
44.465803 156.216694 -52.782696 29.553453 41.024201 19.328697
44.474639 156.216491 -52.782072 29.559860 41.022335 19.331177
44.483473 156.216289 -52.781447 29.566274 41.020465 19.333664
44.492306 156.216088 -52.780821 29.572695 41.018593 19.336160
44.501135 156.215887 -52.780194 29.579124 41.016717 19.338662
44.509963 156.215688 -52.779566 29.585561 41.014839 19.341172
44.518788 156.215489 -52.778936 29.592005 41.012956 19.343690
44.527612 156.215292 -52.778306 29.598457 41.011072 19.346215
44.536433 156.215095 -52.777674 29.604917 41.009183 19.348748
44.545252 156.214900 -52.777041 29.611385 41.007292 19.351289
44.554068 156.214705 -52.776408 29.617859 41.005396 19.353836
44.562883 156.214512 -52.775772 29.624343 41.003498 19.356393
44.571695 156.214319 -52.775136 29.630834 41.001597 19.358956
44.580505 156.214128 -52.774499 29.637331 40.999692 19.361528
44.589312 156.213937 -52.773860 29.643837 40.997784 19.364107
44.598117 156.213748 -52.773221 29.650351 40.995872 19.366693
44.606921 156.213559 -52.772581 29.656873 40.993958 19.369288
44.615722 156.213372 -52.771939 29.663401 40.992041 19.371889
44.624521 156.213185 -52.771296 29.669938 40.990119 19.374499
44.633318 156.213000 -52.770652 29.676483 40.988195 19.377116
44.642112 156.212815 -52.770007 29.683035 40.986268 19.379742
44.650904 156.212631 -52.769361 29.689596 40.984336 19.382374
44.659694 156.212449 -52.768714 29.696163 40.982402 19.385015
44.668482 156.212268 -52.768065 29.702739 40.980464 19.387663
44.677268 156.212088 -52.767415 29.709323 40.978523 19.390320
44.686050 156.211907 -52.766764 29.715914 40.976579 19.392983
44.694832 156.211729 -52.766112 29.722512 40.974632 19.395654
44.703610 156.211551 -52.765460 29.729120 40.972681 19.398334
44.712387 156.211375 -52.764806 29.735734 40.970727 19.401020
44.721161 156.211199 -52.764150 29.742357 40.968769 19.403716
44.729933 156.211025 -52.763493 29.748987 40.966808 19.406418
44.738702 156.210852 -52.762836 29.755625 40.964843 19.409128
44.747470 156.210680 -52.762177 29.762270 40.962876 19.411846
44.756235 156.210509 -52.761516 29.768924 40.960905 19.414572
44.764999 156.210338 -52.760856 29.775586 40.958931 19.417306
44.773758 156.210169 -52.760194 29.782255 40.956953 19.420048
44.782517 156.210001 -52.759530 29.788932 40.954972 19.422797
44.791274 156.209833 -52.758866 29.795617 40.952987 19.425553
44.800028 156.209667 -52.758200 29.802310 40.950999 19.428319
44.808778 156.209501 -52.757533 29.809011 40.949008 19.431092
44.817528 156.209337 -52.756865 29.815719 40.947014 19.433872
44.826275 156.209175 -52.756195 29.822436 40.945015 19.436661
44.835020 156.209012 -52.755525 29.829161 40.943014 19.439458
44.843762 156.208851 -52.754854 29.835892 40.941009 19.442262
44.852502 156.208691 -52.754181 29.842633 40.939001 19.445074
44.861240 156.208532 -52.753507 29.849381 40.936989 19.447894
44.869976 156.208374 -52.752832 29.856138 40.934974 19.450722
44.878709 156.208217 -52.752156 29.862901 40.932955 19.453557
44.887440 156.208061 -52.751478 29.869672 40.930933 19.456400
44.896168 156.207906 -52.750800 29.876452 40.928907 19.459252
44.904895 156.207753 -52.750120 29.883240 40.926879 19.462112
44.913620 156.207599 -52.749438 29.890035 40.924847 19.464979
44.922341 156.207448 -52.748756 29.896838 40.922810 19.467855
44.931060 156.207297 -52.748073 29.903651 40.920771 19.470738
44.939777 156.207147 -52.747388 29.910470 40.918728 19.473630
44.948492 156.206999 -52.746703 29.917297 40.916683 19.476528
44.957204 156.206851 -52.746016 29.924132 40.914632 19.479436
44.965915 156.206704 -52.745328 29.930975 40.912580 19.482350
44.974621 156.206559 -52.744638 29.937825 40.910523 19.485273
44.983326 156.206415 -52.743948 29.944686 40.908463 19.488205
44.992029 156.206272 -52.743256 29.951553 40.906400 19.491144
45.000729 156.206129 -52.742563 29.958427 40.904333 19.494091
45.009426 156.205988 -52.741869 29.965309 40.902263 19.497046
45.018122 156.205848 -52.741174 29.972199 40.900189 19.500009
45.026814 156.205709 -52.740479 29.979098 40.898112 19.502981
45.035504 156.205570 -52.739781 29.986005 40.896031 19.505961
45.044191 156.205434 -52.739083 29.992918 40.893948 19.508947
45.052876 156.205298 -52.738384 29.999841 40.891861 19.511943
45.061557 156.205164 -52.737683 30.006770 40.889770 19.514946
45.070236 156.205029 -52.736981 30.013709 40.887676 19.517959
45.078913 156.204897 -52.736278 30.020654 40.885580 19.520978
45.087587 156.204766 -52.735574 30.027607 40.883479 19.524007
45.096257 156.204636 -52.734869 30.034568 40.881375 19.527043
45.104926 156.204506 -52.734162 30.041537 40.879268 19.530087
45.113591 156.204378 -52.733455 30.048513 40.877158 19.533139
45.122253 156.204252 -52.732747 30.055498 40.875043 19.536201
45.130913 156.204126 -52.732038 30.062490 40.872926 19.539268
45.139570 156.204002 -52.731326 30.069491 40.870806 19.542347
45.148223 156.203877 -52.730614 30.076499 40.868682 19.545432
45.156874 156.203755 -52.729903 30.083515 40.866556 19.548526
45.165523 156.203634 -52.729189 30.090539 40.864425 19.551628
45.174167 156.203514 -52.728474 30.097570 40.862292 19.554737
45.182809 156.203396 -52.727758 30.104610 40.860154 19.557856
45.191448 156.203277 -52.727040 30.111656 40.858015 19.560983
45.200084 156.203161 -52.726323 30.118711 40.855871 19.564118
45.208717 156.203045 -52.725603 30.125773 40.853724 19.567261
45.217347 156.202931 -52.724883 30.132843 40.851575 19.570412
45.225973 156.202818 -52.724163 30.139921 40.849422 19.573572
45.234596 156.202705 -52.723440 30.147006 40.847266 19.576741
45.243217 156.202595 -52.722717 30.154100 40.845106 19.579917
45.251834 156.202485 -52.721992 30.161201 40.842944 19.583102
45.260448 156.202377 -52.721267 30.168310 40.840777 19.586297
45.269058 156.202270 -52.720541 30.175426 40.838608 19.589498
45.277665 156.202164 -52.719814 30.182551 40.836437 19.592708
45.286269 156.202059 -52.719085 30.189683 40.834261 19.595927
45.294870 156.201955 -52.718357 30.196823 40.832082 19.599154
45.303467 156.201853 -52.717626 30.203970 40.829900 19.602389
45.312061 156.201752 -52.716895 30.211125 40.827715 19.605633
45.320652 156.201652 -52.716162 30.218288 40.825527 19.608886
45.329239 156.201553 -52.715429 30.225458 40.823337 19.612147
45.337822 156.201455 -52.714695 30.232636 40.821142 19.615417
45.346402 156.201359 -52.713960 30.239821 40.818945 19.618694
45.354979 156.201264 -52.713223 30.247015 40.816744 19.621981
45.363553 156.201170 -52.712486 30.254215 40.814540 19.625276
45.372123 156.201078 -52.711748 30.261425 40.812333 19.628580
45.380688 156.200986 -52.711009 30.268640 40.810123 19.631891
45.389251 156.200896 -52.710269 30.275865 40.807910 19.635212
45.397810 156.200807 -52.709528 30.283096 40.805694 19.638542
45.406365 156.200719 -52.708786 30.290335 40.803475 19.641879
45.414917 156.200633 -52.708043 30.297582 40.801253 19.645226
45.423465 156.200547 -52.707300 30.304836 40.799027 19.648581
45.432009 156.200464 -52.706554 30.312099 40.796799 19.651944
45.440550 156.200381 -52.705809 30.319368 40.794568 19.655317
45.449086 156.200300 -52.705063 30.326645 40.792332 19.658697
45.457619 156.200220 -52.704315 30.333930 40.790095 19.662088
45.466149 156.200141 -52.703566 30.341222 40.787855 19.665486
45.474674 156.200063 -52.702817 30.348522 40.785610 19.668893
45.483196 156.199987 -52.702067 30.355829 40.783364 19.672308
45.491714 156.199912 -52.701316 30.363144 40.781115 19.675733
45.500228 156.199838 -52.700564 30.370467 40.778862 19.679166
45.508737 156.199766 -52.699811 30.377798 40.776606 19.682609
45.517243 156.199695 -52.699058 30.385135 40.774348 19.686059
45.525745 156.199626 -52.698303 30.392480 40.772085 19.689518
45.534244 156.199557 -52.697547 30.399833 40.769821 19.692986
45.542738 156.199490 -52.696790 30.407193 40.767553 19.696464
45.551227 156.199424 -52.696033 30.414561 40.765283 19.699950
45.559713 156.199359 -52.695275 30.421937 40.763010 19.703444
45.568195 156.199296 -52.694516 30.429319 40.760733 19.706947
45.576673 156.199234 -52.693756 30.436709 40.758453 19.710459
45.585147 156.199174 -52.692995 30.444107 40.756171 19.713979
45.593616 156.199115 -52.692234 30.451512 40.753885 19.717510
45.602081 156.199057 -52.691471 30.458926 40.751598 19.721049
45.610542 156.199001 -52.690708 30.466346 40.749306 19.724597
45.618999 156.198946 -52.689944 30.473773 40.747012 19.728152
45.627452 156.198892 -52.689180 30.481208 40.744716 19.731718
45.635900 156.198840 -52.688413 30.488652 40.742416 19.735293
45.644344 156.198788 -52.687647 30.496101 40.740112 19.738876
45.652784 156.198738 -52.686879 30.503559 40.737807 19.742468
45.661219 156.198690 -52.686112 30.511024 40.735499 19.746070
45.669650 156.198643 -52.685343 30.518496 40.733188 19.749679
