-64.846919 156.804592 42.713722 -158.823820 -25.226033 164.489819
-64.847107 156.804480 42.714474 -158.822355 -25.230811 164.489196
-64.847293 156.804368 42.715225 -158.820890 -25.235587 164.488572
-64.847480 156.804256 42.715976 -158.819425 -25.240363 164.487948
-64.847668 156.804143 42.716727 -158.817959 -25.245140 164.487324
-64.847854 156.804031 42.717477 -158.816494 -25.249916 164.486699
-64.848041 156.803919 42.718227 -158.815028 -25.254693 164.486074
-64.848228 156.803807 42.718976 -158.813563 -25.259469 164.485449
-64.848414 156.803695 42.719725 -158.812097 -25.264245 164.484825
-64.848601 156.803583 42.720473 -158.810631 -25.269021 164.484200
-64.848787 156.803471 42.721222 -158.809165 -25.273797 164.483574
-64.848974 156.803358 42.721970 -158.807700 -25.278573 164.482949
-64.849160 156.803246 42.722717 -158.806233 -25.283349 164.482323
-64.849346 156.803133 42.723464 -158.804767 -25.288125 164.481698
-64.849532 156.803021 42.724211 -158.803301 -25.292901 164.481072
-64.849718 156.802909 42.724958 -158.801835 -25.297677 164.480446
-64.849904 156.802797 42.725703 -158.800368 -25.302452 164.479820
-64.850089 156.802685 42.726449 -158.798901 -25.307228 164.479193
-64.850275 156.802572 42.727195 -158.797435 -25.312004 164.478567
-64.850461 156.802460 42.727939 -158.795968 -25.316779 164.477940
-64.850647 156.802348 42.728683 -158.794501 -25.321555 164.477314
-64.850833 156.802236 42.729427 -158.793034 -25.326331 164.476687
-64.851017 156.802124 42.730172 -158.791567 -25.331106 164.476059
-64.851203 156.802012 42.730915 -158.790099 -25.335881 164.475433
-64.851388 156.801900 42.731657 -158.788632 -25.340656 164.474805
-64.851573 156.801787 42.732400 -158.787165 -25.345432 164.474178
-64.851758 156.801675 42.733143 -158.785697 -25.350207 164.473550
-64.851943 156.801563 42.733884 -158.784229 -25.354982 164.472922
-64.852128 156.801451 42.734625 -158.782762 -25.359756 164.472294
-64.852313 156.801339 42.735366 -158.781294 -25.364532 164.471666
-64.852498 156.801227 42.736108 -158.779826 -25.369307 164.471038
-64.852683 156.801115 42.736848 -158.778358 -25.374082 164.470409
-64.852867 156.801002 42.737587 -158.776890 -25.378856 164.469781
-64.853052 156.800890 42.738327 -158.775422 -25.383631 164.469152
-64.853236 156.800777 42.739065 -158.773953 -25.388405 164.468523
-64.853421 156.800665 42.739805 -158.772485 -25.393181 164.467894
-64.853605 156.800553 42.740543 -158.771016 -25.397955 164.467264
-64.853789 156.800441 42.741281 -158.769548 -25.402730 164.466635
-64.853973 156.800328 42.742018 -158.768079 -25.407504 164.466006
-64.854157 156.800216 42.742756 -158.766610 -25.412279 164.465376
-64.854340 156.800104 42.743493 -158.765141 -25.417053 164.464746
-64.854525 156.799992 42.744229 -158.763672 -25.421827 164.464116
-64.854708 156.799880 42.744965 -158.762203 -25.426601 164.463486
-64.854892 156.799768 42.745701 -158.760733 -25.431376 164.462856
-64.855075 156.799656 42.746436 -158.759264 -25.436150 164.462225
-64.855259 156.799543 42.747171 -158.757794 -25.440924 164.461595
-64.855443 156.799431 42.747906 -158.756325 -25.445698 164.460963
-64.855626 156.799319 42.748640 -158.754855 -25.450472 164.460333
-64.855809 156.799207 42.749373 -158.753385 -25.455246 164.459702
-64.855993 156.799095 42.750107 -158.751915 -25.460020 164.459070
-64.856175 156.798983 42.750839 -158.750446 -25.464793 164.458440
-64.856358 156.798871 42.751573 -158.748976 -25.469567 164.457807
-64.856541 156.798758 42.752305 -158.747505 -25.474341 164.457176
-64.856724 156.798646 42.753036 -158.746035 -25.479115 164.456544
-64.856907 156.798534 42.753767 -158.744565 -25.483888 164.455912
-64.857090 156.798421 42.754499 -158.743094 -25.488661 164.455280
-64.857272 156.798309 42.755230 -158.741624 -25.493434 164.454647
-64.857455 156.798197 42.755960 -158.740153 -25.498208 164.454015
-64.857637 156.798085 42.756689 -158.738682 -25.502981 164.453382
-64.857820 156.797972 42.757420 -158.737211 -25.507755 164.452750
-64.858002 156.797860 42.758149 -158.735740 -25.512528 164.452117
-64.858184 156.797748 42.758877 -158.734269 -25.517301 164.451483
-64.858366 156.797636 42.759605 -158.732797 -25.522074 164.450851
-64.858548 156.797524 42.760333 -158.731326 -25.526847 164.450217
-64.858729 156.797412 42.761061 -158.729855 -25.531620 164.449584
-64.858911 156.797299 42.761788 -158.728383 -25.536393 164.448950
-64.859094 156.797187 42.762515 -158.726911 -25.541166 164.448316
-64.859275 156.797075 42.763241 -158.725440 -25.545939 164.447682
-64.859456 156.796963 42.763968 -158.723968 -25.550712 164.447047
-64.859638 156.796851 42.764693 -158.722496 -25.555484 164.446413
-64.859819 156.796739 42.765418 -158.721024 -25.560257 164.445779
-64.860000 156.796627 42.766143 -158.719552 -25.565030 164.445144
-64.860182 156.796514 42.766867 -158.718079 -25.569801 164.444510
-64.860363 156.796402 42.767592 -158.716607 -25.574574 164.443875
-64.860544 156.796289 42.768315 -158.715134 -25.579347 164.443239
-64.860725 156.796177 42.769038 -158.713662 -25.584119 164.442604
-64.860906 156.796065 42.769761 -158.712189 -25.588891 164.441969
-64.861086 156.795953 42.770483 -158.710716 -25.593663 164.441333
-64.861268 156.795840 42.771206 -158.709244 -25.598435 164.440698
-64.861449 156.795728 42.771928 -158.707770 -25.603207 164.440062
-64.861628 156.795616 42.772649 -158.706298 -25.607979 164.439426
-64.861809 156.795504 42.773370 -158.704824 -25.612752 164.438789
-64.861990 156.795392 42.774090 -158.703351 -25.617523 164.438153
-64.862170 156.795280 42.774811 -158.701878 -25.622295 164.437517
-64.862351 156.795168 42.775530 -158.700404 -25.627067 164.436880
-64.862530 156.795055 42.776250 -158.698930 -25.631839 164.436243
-64.862710 156.794943 42.776968 -158.697457 -25.636610 164.435606
-64.862890 156.794831 42.777687 -158.695983 -25.641381 164.434969
-64.863070 156.794719 42.778406 -158.694509 -25.646153 164.434332
-64.863250 156.794607 42.779123 -158.693035 -25.650924 164.433694
-64.863430 156.794495 42.779840 -158.691561 -25.655696 164.433057
-64.863609 156.794383 42.780557 -158.690086 -25.660467 164.432419
-64.863789 156.794269 42.781274 -158.688612 -25.665239 164.431781
-64.863968 156.794157 42.781991 -158.687138 -25.670010 164.431143
-64.864148 156.794045 42.782706 -158.685663 -25.674781 164.430505
-64.864328 156.793933 42.783422 -158.684188 -25.679553 164.429867
-64.864507 156.793821 42.784136 -158.682714 -25.684323 164.429228
-64.864686 156.793709 42.784851 -158.681239 -25.689094 164.428589
-64.864865 156.793596 42.785566 -158.679764 -25.693866 164.427951
-64.865044 156.793484 42.786280 -158.678289 -25.698636 164.427311
-64.865223 156.793372 42.786993 -158.676813 -25.703407 164.426672
-64.865401 156.793260 42.787706 -158.675338 -25.708177 164.426034
-64.865581 156.793148 42.788418 -158.673863 -25.712949 164.425393
-64.865759 156.793036 42.789130 -158.672387 -25.717719 164.424754
-64.865937 156.792924 42.789842 -158.670912 -25.722489 164.424114
-64.866116 156.792811 42.790554 -158.669436 -25.727260 164.423474
-64.866294 156.792699 42.791265 -158.667960 -25.732031 164.422835
-64.866473 156.792587 42.791976 -158.666484 -25.736801 164.422194
-64.866651 156.792475 42.792686 -158.665008 -25.741571 164.421554
-64.866829 156.792363 42.793396 -158.663532 -25.746341 164.420913
-64.867007 156.792250 42.794105 -158.662056 -25.751111 164.420272
-64.867185 156.792137 42.794814 -158.660580 -25.755881 164.419632
-64.867363 156.792025 42.795523 -158.659103 -25.760652 164.418990
-64.867541 156.791913 42.796231 -158.657627 -25.765422 164.418350
-64.867719 156.791801 42.796939 -158.656150 -25.770192 164.417709
-64.867896 156.791689 42.797647 -158.654673 -25.774962 164.417066
-64.868074 156.791577 42.798354 -158.653197 -25.779731 164.416425
-64.868251 156.791465 42.799060 -158.651719 -25.784501 164.415783
-64.868429 156.791352 42.799767 -158.650242 -25.789271 164.415141
-64.868606 156.791240 42.800472 -158.648765 -25.794040 164.414500
-64.868783 156.791128 42.801178 -158.647288 -25.798810 164.413857
-64.868961 156.791016 42.801883 -158.645810 -25.803580 164.413215
-64.869138 156.790904 42.802588 -158.644333 -25.808349 164.412572
-64.869315 156.790792 42.803292 -158.642856 -25.813118 164.411929
-64.869491 156.790679 42.803996 -158.641378 -25.817888 164.411287
-64.869668 156.790567 42.804699 -158.639900 -25.822657 164.410643
-64.869845 156.790455 42.805402 -158.638422 -25.827426 164.410000
-64.870021 156.790342 42.806106 -158.636944 -25.832196 164.409357
-64.870198 156.790230 42.806808 -158.635466 -25.836965 164.408713
-64.870375 156.790118 42.807510 -158.633988 -25.841734 164.408070
-64.870551 156.790006 42.808211 -158.632509 -25.846503 164.407425
-64.870727 156.789893 42.808912 -158.631031 -25.851271 164.406782
-64.870904 156.789781 42.809612 -158.629552 -25.856040 164.406138
-64.871080 156.789669 42.810313 -158.628074 -25.860809 164.405493
-64.871255 156.789557 42.811012 -158.626595 -25.865578 164.404849
-64.871432 156.789445 42.811712 -158.625116 -25.870346 164.404205
-64.871607 156.789333 42.812411 -158.623637 -25.875115 164.403560
-64.871784 156.789220 42.813110 -158.622158 -25.879883 164.402915
-64.871959 156.789108 42.813809 -158.620679 -25.884652 164.402269
-64.872135 156.788996 42.814506 -158.619200 -25.889420 164.401625
-64.872310 156.788884 42.815204 -158.617721 -25.894189 164.400979
-64.872486 156.788772 42.815901 -158.616241 -25.898956 164.400333
-64.872661 156.788660 42.816597 -158.614762 -25.903725 164.399688
-64.872836 156.788547 42.817293 -158.613282 -25.908493 164.399043
-64.873012 156.788434 42.817989 -158.611802 -25.913262 164.398396
-64.873186 156.788322 42.818684 -158.610322 -25.918029 164.397750
-64.873362 156.788210 42.819379 -158.608842 -25.922797 164.397104
-64.873537 156.788098 42.820074 -158.607362 -25.927565 164.396457
-64.873712 156.787986 42.820768 -158.605882 -25.932333 164.395811
-64.873887 156.787874 42.821462 -158.604402 -25.937101 164.395163
-64.874062 156.787761 42.822155 -158.602921 -25.941869 164.394517
-64.874235 156.787649 42.822848 -158.601441 -25.946636 164.393870
-64.874410 156.787537 42.823541 -158.599960 -25.951404 164.393222
-64.874584 156.787425 42.824234 -158.598479 -25.956171 164.392575
-64.874759 156.787313 42.824926 -158.596998 -25.960939 164.391928
-64.874933 156.787201 42.825617 -158.595517 -25.965707 164.391280
-64.875107 156.787088 42.826307 -158.594037 -25.970473 164.390632
-64.875282 156.786976 42.826998 -158.592555 -25.975241 164.389984
-64.875456 156.786864 42.827688 -158.591074 -25.980008 164.389336
-64.875630 156.786752 42.828378 -158.589593 -25.984775 164.388688
-64.875804 156.786639 42.829067 -158.588111 -25.989542 164.388039
-64.875977 156.786527 42.829756 -158.586630 -25.994309 164.387390
-64.876152 156.786414 42.830445 -158.585148 -25.999076 164.386742
-64.876325 156.786302 42.831133 -158.583666 -26.003843 164.386092
-64.876498 156.786190 42.831821 -158.582184 -26.008610 164.385444
-64.876671 156.786078 42.832508 -158.580703 -26.013376 164.384795
-64.876845 156.785966 42.833195 -158.579221 -26.018143 164.384145
-64.877018 156.785854 42.833881 -158.577738 -26.022910 164.383495
-64.877192 156.785742 42.834567 -158.576256 -26.027677 164.382845
-64.877365 156.785629 42.835253 -158.574773 -26.032443 164.382195
-64.877538 156.785517 42.835938 -158.573291 -26.037209 164.381546
-64.877711 156.785405 42.836623 -158.571808 -26.041976 164.380895
-64.877884 156.785293 42.837307 -158.570326 -26.046742 164.380245
-64.878056 156.785181 42.837991 -158.568843 -26.051508 164.379595
-64.878229 156.785069 42.838675 -158.567360 -26.056275 164.378943
-64.878402 156.784956 42.839357 -158.565877 -26.061040 164.378293
-64.878574 156.784844 42.840040 -158.564394 -26.065806 164.377642
-64.878747 156.784731 42.840722 -158.562910 -26.070572 164.376990
-64.878919 156.784619 42.841404 -158.561427 -26.075339 164.376339
-64.879092 156.784507 42.842086 -158.559944 -26.080104 164.375687
-64.879263 156.784395 42.842767 -158.558460 -26.084870 164.375036
-64.879436 156.784282 42.843448 -158.556977 -26.089635 164.374385
-64.879608 156.784170 42.844128 -158.555493 -26.094402 164.373732
-64.879780 156.784058 42.844808 -158.554009 -26.099167 164.373080
-64.879952 156.783946 42.845488 -158.552525 -26.103932 164.372429
-64.880123 156.783834 42.846167 -158.551041 -26.108698 164.371775
-64.880295 156.783722 42.846846 -158.549557 -26.113463 164.371123
-64.880467 156.783609 42.847524 -158.548072 -26.118228 164.370471
-64.880638 156.783497 42.848202 -158.546588 -26.122994 164.369817
-64.880810 156.783385 42.848878 -158.545103 -26.127759 164.369165
-64.880981 156.783273 42.849556 -158.543619 -26.132525 164.368512
-64.881152 156.783161 42.850233 -158.542134 -26.137290 164.367858
-64.881324 156.783049 42.850908 -158.540649 -26.142054 164.367205
-64.881495 156.782937 42.851584 -158.539164 -26.146819 164.366550
-64.881666 156.782823 42.852260 -158.537679 -26.151584 164.365897
-64.881836 156.782711 42.852935 -158.536194 -26.156349 164.365243
-64.882008 156.782599 42.853609 -158.534709 -26.161114 164.364588
-64.882178 156.782487 42.854283 -158.533224 -26.165878 164.363934
-64.882349 156.782375 42.854957 -158.531738 -26.170643 164.363280
-64.882520 156.782263 42.855631 -158.530252 -26.175408 164.362625
-64.882690 156.782150 42.856302 -158.528767 -26.180172 164.361971
-64.882861 156.782038 42.856975 -158.527281 -26.184937 164.361316
-64.883031 156.781926 42.857647 -158.525795 -26.189701 164.360660
-64.883202 156.781814 42.858319 -158.524309 -26.194465 164.360006
-64.883371 156.781702 42.858990 -158.522823 -26.199230 164.359350
-64.883542 156.781590 42.859661 -158.521337 -26.203994 164.358694
-64.883711 156.781477 42.860331 -158.519850 -26.208758 164.358039
-64.883882 156.781365 42.861001 -158.518364 -26.213521 164.357383
-64.884052 156.781253 42.861670 -158.516878 -26.218285 164.356727
-64.884221 156.781141 42.862340 -158.515391 -26.223049 164.356071
-64.884391 156.781028 42.863008 -158.513904 -26.227813 164.355415
-64.884561 156.780916 42.863677 -158.512417 -26.232577 164.354758
-64.884730 156.780803 42.864344 -158.510930 -26.237341 164.354101
-64.884900 156.780691 42.865011 -158.509443 -26.242104 164.353444
-64.885068 156.780579 42.865678 -158.507956 -26.246868 164.352787
-64.885238 156.780467 42.866345 -158.506469 -26.251632 164.352130
-64.885407 156.780355 42.867012 -158.504982 -26.256395 164.351473
-64.885576 156.780242 42.867676 -158.503494 -26.261158 164.350815
-64.885745 156.780130 42.868342 -158.502006 -26.265922 164.350158
-64.885914 156.780018 42.869007 -158.500519 -26.270685 164.349500
-64.886083 156.779906 42.869672 -158.499031 -26.275447 164.348842
-64.886252 156.779794 42.870336 -158.497543 -26.280211 164.348184
-64.886420 156.779682 42.870999 -158.496055 -26.284974 164.347526
-64.886590 156.779569 42.871662 -158.494567 -26.289737 164.346867
-64.886758 156.779457 42.872325 -158.493079 -26.294500 164.346209
-64.886926 156.779345 42.872988 -158.491590 -26.299263 164.345550
-64.887094 156.779233 42.873649 -158.490102 -26.304025 164.344891
-64.887262 156.779120 42.874311 -158.488614 -26.308788 164.344233
-64.887431 156.779008 42.874972 -158.487125 -26.313551 164.343573
-64.887599 156.778895 42.875633 -158.485636 -26.318313 164.342914
-64.887767 156.778783 42.876292 -158.484147 -26.323076 164.342255
-64.887935 156.778671 42.876952 -158.482658 -26.327838 164.341595
-64.888103 156.778559 42.877612 -158.481169 -26.332601 164.340935
-64.888271 156.778447 42.878270 -158.479680 -26.337362 164.340275
-64.888438 156.778335 42.878929 -158.478191 -26.342125 164.339615
-64.888606 156.778222 42.879587 -158.476701 -26.346887 164.338955
-64.888773 156.778110 42.880244 -158.475212 -26.351649 164.338295
-64.888941 156.777998 42.880902 -158.473722 -26.356411 164.337633
-64.889108 156.777886 42.881559 -158.472233 -26.361173 164.336973
-64.889275 156.777774 42.882216 -158.470743 -26.365935 164.336312
-64.889443 156.777662 42.882871 -158.469253 -26.370697 164.335651
-64.889609 156.777549 42.883527 -158.467763 -26.375459 164.334990
-64.889777 156.777437 42.884182 -158.466273 -26.380220 164.334329
-64.889944 156.777325 42.884836 -158.464783 -26.384982 164.333667
-64.890111 156.777212 42.885491 -158.463292 -26.389743 164.333005
-64.890277 156.777100 42.886145 -158.461802 -26.394505 164.332344
-64.890443 156.776988 42.886798 -158.460311 -26.399266 164.331681
-64.890610 156.776875 42.887451 -158.458821 -26.404027 164.331019
-64.890777 156.776763 42.888103 -158.457330 -26.408789 164.330357
-64.890943 156.776651 42.888755 -158.455839 -26.413550 164.329694
-64.891110 156.776539 42.889407 -158.454348 -26.418311 164.329032
-64.891276 156.776427 42.890058 -158.452857 -26.423071 164.328369
-64.891442 156.776315 42.890709 -158.451366 -26.427833 164.327706
-64.891608 156.776202 42.891360 -158.449874 -26.432594 164.327043
-64.891774 156.776090 42.892009 -158.448383 -26.437354 164.326380
-64.891940 156.775978 42.892659 -158.446892 -26.442115 164.325716
-64.892105 156.775866 42.893308 -158.445400 -26.446876 164.325053
-64.892272 156.775754 42.893957 -158.443908 -26.451637 164.324389
-64.892437 156.775642 42.894604 -158.442416 -26.456397 164.323725
-64.892603 156.775529 42.895252 -158.440925 -26.461157 164.323061
-64.892768 156.775417 42.895900 -158.439432 -26.465918 164.322397
-64.892934 156.775305 42.896547 -158.437940 -26.470679 164.321732
-64.893099 156.775192 42.897193 -158.436448 -26.475439 164.321068
-64.893264 156.775080 42.897839 -158.434956 -26.480199 164.320403
-64.893430 156.774968 42.898485 -158.433463 -26.484959 164.319738
-64.893594 156.774855 42.899130 -158.431971 -26.489719 164.319073
-64.893760 156.774743 42.899775 -158.430478 -26.494479 164.318408
-64.893924 156.774631 42.900419 -158.428985 -26.499239 164.317742
-64.894089 156.774519 42.901063 -158.427493 -26.503998 164.317077
-64.894254 156.774407 42.901706 -158.425999 -26.508758 164.316412
-64.894419 156.774295 42.902349 -158.424506 -26.513518 164.315745
-64.894584 156.774182 42.902991 -158.423013 -26.518277 164.315080
-64.894747 156.774070 42.903634 -158.421520 -26.523037 164.314414
-64.894912 156.773958 42.904275 -158.420027 -26.527796 164.313747
-64.895077 156.773846 42.904917 -158.418533 -26.532556 164.313081
-64.895240 156.773734 42.905557 -158.417039 -26.537315 164.312415
-64.895405 156.773622 42.906198 -158.415546 -26.542074 164.311747
-64.895569 156.773509 42.906838 -158.414052 -26.546834 164.311080
-64.895733 156.773397 42.907478 -158.412558 -26.551593 164.310414
-64.895897 156.773285 42.908116 -158.411064 -26.556352 164.309746
-64.896060 156.773173 42.908755 -158.409570 -26.561111 164.309079
-64.896224 156.773060 42.909393 -158.408075 -26.565870 164.308412
-64.896387 156.772948 42.910031 -158.406581 -26.570629 164.307743
-64.896551 156.772835 42.910669 -158.405086 -26.575387 164.307076
-64.896715 156.772723 42.911305 -158.403592 -26.580146 164.306408
-64.896878 156.772611 42.911942 -158.402097 -26.584905 164.305739
-64.897041 156.772499 42.912578 -158.400602 -26.589663 164.305071
-64.897205 156.772387 42.913213 -158.399107 -26.594422 164.304403
-64.897368 156.772275 42.913849 -158.397612 -26.599180 164.303734
-64.897531 156.772162 42.914483 -158.396117 -26.603938 164.303065
-64.897694 156.772050 42.915118 -158.394622 -26.608697 164.302396
-64.897856 156.771938 42.915751 -158.393127 -26.613455 164.301727
-64.898020 156.771826 42.916384 -158.391631 -26.618213 164.301058
-64.898183 156.771713 42.917018 -158.390136 -26.622971 164.300389
-64.898345 156.771601 42.917650 -158.388640 -26.627729 164.299719
-64.898508 156.771489 42.918281 -158.387144 -26.632487 164.299049
-64.898670 156.771377 42.918913 -158.385649 -26.637244 164.298379
-64.898832 156.771265 42.919544 -158.384153 -26.642002 164.297710
-64.898995 156.771153 42.920175 -158.382657 -26.646760 164.297039
-64.899157 156.771040 42.920805 -158.381160 -26.651517 164.296369
-64.899319 156.770928 42.921435 -158.379664 -26.656275 164.295698
-64.899481 156.770815 42.922064 -158.378168 -26.661033 164.295027
-64.899643 156.770703 42.922693 -158.376671 -26.665790 164.294356
-64.899805 156.770591 42.923321 -158.375175 -26.670547 164.293686
-64.899967 156.770479 42.923950 -158.373678 -26.675304 164.293014
-64.900129 156.770366 42.924577 -158.372181 -26.680061 164.292343
-64.900290 156.770254 42.925204 -158.370684 -26.684818 164.291672
-64.900451 156.770142 42.925830 -158.369187 -26.689575 164.290999
-64.900613 156.770030 42.926457 -158.367690 -26.694332 164.290328
-64.900775 156.769918 42.927083 -158.366193 -26.699089 164.289656
-64.900935 156.769806 42.927708 -158.364696 -26.703845 164.288983
-64.901097 156.769693 42.928333 -158.363198 -26.708603 164.288311
-64.901258 156.769581 42.928958 -158.361700 -26.713359 164.287639
-64.901419 156.769469 42.929582 -158.360203 -26.718116 164.286967
-64.901580 156.769357 42.930205 -158.358705 -26.722872 164.286293
-64.901741 156.769245 42.930828 -158.357207 -26.727629 164.285621
-64.901902 156.769132 42.931450 -158.355709 -26.732385 164.284948
-64.902062 156.769020 42.932073 -158.354211 -26.737141 164.284274
-64.902223 156.768908 42.932695 -158.352713 -26.741897 164.283601
-64.902383 156.768796 42.933316 -158.351215 -26.746653 164.282928
-64.902544 156.768684 42.933937 -158.349716 -26.751410 164.282253
-64.902704 156.768572 42.934557 -158.348218 -26.756165 164.281580
-64.902865 156.768459 42.935177 -158.346719 -26.760921 164.280906
-64.903025 156.768346 42.935796 -158.345220 -26.765677 164.280231
-64.903185 156.768234 42.936415 -158.343722 -26.770432 164.279557
-64.903345 156.768122 42.937034 -158.342223 -26.775188 164.278883
-64.903505 156.768010 42.937652 -158.340724 -26.779943 164.278208
-64.903665 156.767898 42.938271 -158.339224 -26.784699 164.277533
-64.903824 156.767785 42.938888 -158.337725 -26.789454 164.276858
-64.903985 156.767673 42.939504 -158.336226 -26.794209 164.276184
-64.904144 156.767561 42.940121 -158.334726 -26.798965 164.275507
-64.904304 156.767449 42.940737 -158.333227 -26.803720 164.274832
-64.904463 156.767337 42.941352 -158.331727 -26.808475 164.274157
-64.904622 156.767225 42.941967 -158.330227 -26.813230 164.273481
-64.904781 156.767112 42.942581 -158.328727 -26.817985 164.272805
-64.904941 156.767000 42.943195 -158.327227 -26.822740 164.272129
-64.905099 156.766888 42.943809 -158.325727 -26.827495 164.271452
-64.905259 156.766776 42.944422 -158.324227 -26.832250 164.270776
-64.905417 156.766664 42.945035 -158.322727 -26.837004 164.270100
-64.905576 156.766551 42.945647 -158.321226 -26.841759 164.269423
-64.905735 156.766439 42.946259 -158.319726 -26.846513 164.268746
-64.905894 156.766327 42.946870 -158.318225 -26.851267 164.268069
-64.906052 156.766215 42.947481 -158.316724 -26.856022 164.267392
-64.906211 156.766103 42.948092 -158.315223 -26.860776 164.266714
-64.906369 156.765991 42.948702 -158.313722 -26.865530 164.266037
-64.906528 156.765878 42.949311 -158.312221 -26.870284 164.265359
-64.906686 156.765766 42.949920 -158.310720 -26.875038 164.264681
-64.906844 156.765654 42.950528 -158.309219 -26.879792 164.264003
-64.907002 156.765542 42.951137 -158.307717 -26.884546 164.263325
-64.907161 156.765428 42.951744 -158.306216 -26.889300 164.262647
-64.907318 156.765316 42.952352 -158.304715 -26.894053 164.261968
-64.907476 156.765204 42.952959 -158.303213 -26.898807 164.261290
-64.907634 156.765092 42.953565 -158.301711 -26.903561 164.260611
-64.907791 156.764980 42.954171 -158.300209 -26.908314 164.259932
-64.907949 156.764868 42.954777 -158.298707 -26.913068 164.259253
-64.908106 156.764755 42.955381 -158.297205 -26.917821 164.258574
-64.908264 156.764643 42.955985 -158.295703 -26.922574 164.257894
-64.908421 156.764531 42.956589 -158.294200 -26.927327 164.257214
-64.908578 156.764419 42.957193 -158.292698 -26.932080 164.256535
-64.908735 156.764307 42.957797 -158.291195 -26.936833 164.255855
-64.908893 156.764195 42.958398 -158.289693 -26.941586 164.255175
-64.909050 156.764082 42.959001 -158.288190 -26.946339 164.254495
-64.909206 156.763970 42.959603 -158.286687 -26.951092 164.253814
-64.909364 156.763858 42.960204 -158.285184 -26.955844 164.253133
-64.909520 156.763746 42.960804 -158.283681 -26.960597 164.252453
-64.909677 156.763634 42.961405 -158.282177 -26.965350 164.251772
-64.909833 156.763522 42.962005 -158.280674 -26.970102 164.251091
-64.909990 156.763409 42.962605 -158.279171 -26.974854 164.250410
-64.910146 156.763297 42.963203 -158.277667 -26.979606 164.249729
-64.910303 156.763185 42.963802 -158.276164 -26.984359 164.249047
-64.910459 156.763073 42.964400 -158.274660 -26.989110 164.248365
-64.910615 156.762961 42.964997 -158.273156 -26.993863 164.247683
-64.910771 156.762848 42.965594 -158.271652 -26.998615 164.247002
-64.910927 156.762736 42.966191 -158.270148 -27.003366 164.246319
-64.911082 156.762624 42.966787 -158.268644 -27.008118 164.245637
-64.911239 156.762512 42.967383 -158.267140 -27.012870 164.244955
-64.911394 156.762400 42.967978 -158.265635 -27.017622 164.244272
-64.911550 156.762288 42.968572 -158.264131 -27.022373 164.243589
-64.911706 156.762175 42.969167 -158.262626 -27.027124 164.242906
-64.911862 156.762063 42.969761 -158.261121 -27.031876 164.242223
-64.912017 156.761951 42.970354 -158.259617 -27.036628 164.241539
-64.912172 156.761839 42.970947 -158.258112 -27.041379 164.240856
-64.912328 156.761727 42.971539 -158.256607 -27.046130 164.240173
-64.912483 156.761615 42.972132 -158.255101 -27.050881 164.239489
-64.912638 156.761502 42.972723 -158.253596 -27.055632 164.238805
-64.912793 156.761389 42.973314 -158.252091 -27.060383 164.238121
-64.912947 156.761277 42.973905 -158.250586 -27.065134 164.237437
-64.913102 156.761165 42.974495 -158.249080 -27.069884 164.236752
-64.913256 156.761053 42.975085 -158.247574 -27.074635 164.236068
-64.913411 156.760940 42.975673 -158.246068 -27.079386 164.235383
-64.913566 156.760828 42.976263 -158.244563 -27.084136 164.234698
-64.913720 156.760716 42.976850 -158.243057 -27.088887 164.234013
-64.913875 156.760604 42.977439 -158.241550 -27.093637 164.233328
-64.914030 156.760492 42.978025 -158.240044 -27.098387 164.232643
-64.914183 156.760380 42.978612 -158.238538 -27.103137 164.231957
-64.914337 156.760267 42.979199 -158.237032 -27.107887 164.231272
-64.914492 156.760155 42.979784 -158.235525 -27.112638 164.230586
-64.914645 156.760043 42.980370 -158.234019 -27.117387 164.229900
-64.914800 156.759931 42.980955 -158.232512 -27.122137 164.229214
-64.914953 156.759818 42.981539 -158.231005 -27.126886 164.228528
-64.915107 156.759706 42.982123 -158.229498 -27.131637 164.227841
-64.915260 156.759594 42.982706 -158.227991 -27.136386 164.227154
-64.915414 156.759482 42.983290 -158.226484 -27.141135 164.226468
-64.915567 156.759370 42.983872 -158.224976 -27.145886 164.225781
-64.915721 156.759257 42.984454 -158.223469 -27.150635 164.225094
-64.915874 156.759145 42.985036 -158.221962 -27.155384 164.224406
-64.916027 156.759033 42.985617 -158.220454 -27.160133 164.223719
-64.916180 156.758921 42.986197 -158.218946 -27.164882 164.223032
-64.916333 156.758809 42.986778 -158.217439 -27.169631 164.222343
-64.916486 156.758697 42.987358 -158.215931 -27.174380 164.221656
-64.916639 156.758584 42.987937 -158.214423 -27.179129 164.220968
-64.916792 156.758472 42.988515 -158.212915 -27.183877 164.220280
-64.916944 156.758360 42.989094 -158.211406 -27.188626 164.219591
-64.917097 156.758248 42.989672 -158.209898 -27.193375 164.218903
-64.917249 156.758136 42.990249 -158.208390 -27.198123 164.218214
-64.917402 156.758024 42.990826 -158.206881 -27.202871 164.217525
-64.917554 156.757911 42.991403 -158.205372 -27.207620 164.216836
-64.917706 156.757799 42.991978 -158.203863 -27.212368 164.216147
-64.917859 156.757687 42.992554 -158.202355 -27.217117 164.215458
-64.918012 156.757575 42.993128 -158.200846 -27.221865 164.214768
-64.918163 156.757463 42.993703 -158.199337 -27.226613 164.214079
-64.918315 156.757350 42.994278 -158.197827 -27.231361 164.213389
-64.918467 156.757238 42.994851 -158.196318 -27.236109 164.212699
-64.918618 156.757126 42.995424 -158.194809 -27.240857 164.212008
-64.918771 156.757014 42.995996 -158.193299 -27.245603 164.211319
-64.918922 156.756902 42.996568 -158.191790 -27.250351 164.210628
-64.919073 156.756790 42.997140 -158.190280 -27.255098 164.209937
-64.919224 156.756677 42.997711 -158.188770 -27.259846 164.209246
-64.919376 156.756565 42.998281 -158.187260 -27.264593 164.208556
-64.919527 156.756453 42.998853 -158.185750 -27.269341 164.207865
-64.919679 156.756341 42.999422 -158.184240 -27.274088 164.207173
-64.919830 156.756229 42.999991 -158.182730 -27.278835 164.206482
-64.919981 156.756116 43.000559 -158.181218 -27.283581 164.205790
-64.920131 156.756004 43.001127 -158.179708 -27.288328 164.205099
-64.920283 156.755892 43.001695 -158.178197 -27.293075 164.204406
-64.920433 156.755780 43.002262 -158.176687 -27.297822 164.203714
-64.920584 156.755668 43.002830 -158.175176 -27.302569 164.203022
-64.920735 156.755556 43.003397 -158.173665 -27.307315 164.202329
-64.920885 156.755443 43.003962 -158.172154 -27.312062 164.201637
-64.921035 156.755331 43.004527 -158.170643 -27.316808 164.200944
-64.921186 156.755219 43.005092 -158.169131 -27.321555 164.200252
-64.921336 156.755107 43.005656 -158.167620 -27.326300 164.199558
-64.921486 156.754995 43.006220 -158.166109 -27.331047 164.198865
-64.921636 156.754882 43.006784 -158.164597 -27.335793 164.198172
-64.921786 156.754770 43.007347 -158.163086 -27.340539 164.197479
-64.921936 156.754658 43.007910 -158.161574 -27.345285 164.196784
-64.922086 156.754546 43.008472 -158.160062 -27.350031 164.196091
-64.922236 156.754433 43.009033 -158.158550 -27.354777 164.195397
-64.922386 156.754322 43.009594 -158.157038 -27.359522 164.194702
-64.922535 156.754209 43.010154 -158.155525 -27.364268 164.194008
-64.922685 156.754097 43.010714 -158.154013 -27.369013 164.193314
-64.922834 156.753985 43.011274 -158.152501 -27.373758 164.192620
-64.922983 156.753873 43.011833 -158.150988 -27.378504 164.191924
-64.923132 156.753760 43.012392 -158.149476 -27.383249 164.191230
-64.923281 156.753648 43.012950 -158.147963 -27.387994 164.190535
-64.923430 156.753536 43.013507 -158.146450 -27.392739 164.189840
-64.923580 156.753424 43.014065 -158.144937 -27.397484 164.189144
-64.923729 156.753312 43.014621 -158.143424 -27.402228 164.188449
-64.923877 156.753199 43.015177 -158.141911 -27.406974 164.187753
-64.924026 156.753087 43.015733 -158.140398 -27.411718 164.187057
-64.924175 156.752975 43.016289 -158.138884 -27.416463 164.186361
-64.924323 156.752863 43.016843 -158.137371 -27.421207 164.185665
-64.924472 156.752751 43.017397 -158.135857 -27.425952 164.184969
-64.924620 156.752638 43.017951 -158.134343 -27.430696 164.184272
-64.924768 156.752526 43.018504 -158.132830 -27.435440 164.183575
-64.924917 156.752414 43.019057 -158.131316 -27.440184 164.182878
-64.925064 156.752302 43.019609 -158.129802 -27.444928 164.182182
-64.925213 156.752190 43.020161 -158.128288 -27.449673 164.181484
-64.925361 156.752078 43.020712 -158.126773 -27.454416 164.180787
-64.925508 156.751965 43.021262 -158.125259 -27.459160 164.180089
-64.925657 156.751853 43.021813 -158.123745 -27.463904 164.179392
-64.925804 156.751741 43.022362 -158.122230 -27.468647 164.178693
-64.925952 156.751629 43.022912 -158.120716 -27.473390 164.177996
-64.926099 156.751517 43.023461 -158.119200 -27.478135 164.177298
-64.926247 156.751404 43.024009 -158.117686 -27.482878 164.176600
-64.926394 156.751292 43.024557 -158.116171 -27.487621 164.175900
-64.926541 156.751180 43.025104 -158.114656 -27.492364 164.175202
-64.926689 156.751068 43.025651 -158.113141 -27.497107 164.174504
-64.926836 156.750956 43.026197 -158.111625 -27.501850 164.173805
-64.926983 156.750844 43.026744 -158.110110 -27.506593 164.173105
