-64.927130 156.750732 43.027289 -158.108594 -27.511335 164.172406
-64.927277 156.750620 43.027833 -158.107079 -27.516078 164.171707
-64.927424 156.750508 43.028378 -158.105563 -27.520821 164.171008
-64.927570 156.750396 43.028922 -158.104047 -27.525564 164.170307
-64.927717 156.750284 43.029466 -158.102531 -27.530306 164.169608
-64.927863 156.750171 43.030008 -158.101015 -27.535048 164.168908
-64.928010 156.750059 43.030550 -158.099499 -27.539791 164.168208
-64.928156 156.749947 43.031093 -158.097982 -27.544533 164.167507
-64.928302 156.749835 43.031634 -158.096466 -27.549275 164.166806
-64.928448 156.749722 43.032174 -158.094950 -27.554017 164.166106
-64.928595 156.749610 43.032714 -158.093433 -27.558759 164.165405
-64.928741 156.749498 43.033255 -158.091916 -27.563501 164.164704
-64.928886 156.749386 43.033794 -158.090400 -27.568243 164.164003
-64.929033 156.749274 43.034333 -158.088883 -27.572984 164.163302
-64.929178 156.749161 43.034872 -158.087366 -27.577726 164.162600
-64.929324 156.749049 43.035410 -158.085849 -27.582467 164.161898
-64.929470 156.748937 43.035947 -158.084331 -27.587209 164.161196
-64.929615 156.748825 43.036484 -158.082814 -27.591950 164.160495
-64.929761 156.748713 43.037020 -158.081297 -27.596691 164.159793
-64.929906 156.748601 43.037556 -158.079779 -27.601433 164.159089
-64.930051 156.748488 43.038092 -158.078261 -27.606173 164.158387
-64.930196 156.748376 43.038626 -158.076743 -27.610914 164.157685
-64.930342 156.748264 43.039161 -158.075225 -27.615655 164.156982
-64.930486 156.748152 43.039695 -158.073708 -27.620395 164.156279
-64.930631 156.748040 43.040228 -158.072190 -27.625136 164.155576
-64.930777 156.747927 43.040762 -158.070671 -27.629877 164.154873
-64.930921 156.747815 43.041294 -158.069153 -27.634618 164.154170
-64.931065 156.747703 43.041826 -158.067635 -27.639358 164.153465
-64.931210 156.747591 43.042357 -158.066116 -27.644098 164.152762
-64.931355 156.747479 43.042888 -158.064597 -27.648838 164.152058
-64.931500 156.747367 43.043418 -158.063079 -27.653578 164.151354
-64.931643 156.747255 43.043948 -158.061560 -27.658318 164.150649
-64.931787 156.747143 43.044478 -158.060041 -27.663059 164.149945
-64.931932 156.747031 43.045007 -158.058522 -27.667798 164.149241
-64.932076 156.746919 43.045535 -158.057002 -27.672538 164.148536
-64.932220 156.746807 43.046063 -158.055483 -27.677278 164.147831
-64.932364 156.746694 43.046590 -158.053964 -27.682016 164.147126
-64.932508 156.746582 43.047117 -158.052444 -27.686756 164.146421
-64.932651 156.746470 43.047644 -158.050925 -27.691496 164.145716
-64.932795 156.746358 43.048169 -158.049405 -27.696235 164.145010
-64.932938 156.746246 43.048694 -158.047885 -27.700974 164.144304
-64.933083 156.746133 43.049219 -158.046365 -27.705713 164.143599
-64.933226 156.746021 43.049744 -158.044845 -27.710452 164.142893
-64.933369 156.745909 43.050268 -158.043325 -27.715191 164.142186
-64.933512 156.745797 43.050791 -158.041805 -27.719930 164.141480
-64.933655 156.745684 43.051313 -158.040285 -27.724668 164.140773
-64.933799 156.745572 43.051836 -158.038764 -27.729407 164.140067
-64.933941 156.745460 43.052358 -158.037244 -27.734145 164.139360
-64.934084 156.745348 43.052880 -158.035723 -27.738884 164.138653
-64.934227 156.745236 43.053401 -158.034202 -27.743622 164.137946
-64.934370 156.745124 43.053920 -158.032681 -27.748361 164.137239
-64.934513 156.745012 43.054440 -158.031160 -27.753099 164.136532
-64.934655 156.744900 43.054960 -158.029639 -27.757837 164.135823
-64.934798 156.744788 43.055479 -158.028118 -27.762575 164.135116
-64.934940 156.744676 43.055997 -158.026596 -27.767313 164.134408
-64.935083 156.744563 43.056515 -158.025075 -27.772050 164.133700
-64.935224 156.744451 43.057031 -158.023554 -27.776788 164.132991
-64.935367 156.744339 43.057548 -158.022032 -27.781526 164.132283
-64.935509 156.744227 43.058065 -158.020510 -27.786264 164.131574
-64.935650 156.744115 43.058580 -158.018988 -27.791001 164.130866
-64.935792 156.744003 43.059096 -158.017466 -27.795738 164.130156
-64.935935 156.743890 43.059611 -158.015944 -27.800476 164.129447
-64.936077 156.743778 43.060125 -158.014422 -27.805212 164.128738
-64.936217 156.743666 43.060639 -158.012900 -27.809950 164.128029
-64.936359 156.743554 43.061151 -158.011377 -27.814687 164.127319
-64.936501 156.743442 43.061664 -158.009855 -27.819423 164.126610
-64.936642 156.743330 43.062176 -158.008332 -27.824160 164.125900
-64.936784 156.743218 43.062688 -158.006809 -27.828897 164.125190
-64.936925 156.743106 43.063199 -158.005286 -27.833633 164.124480
-64.937066 156.742994 43.063710 -158.003764 -27.838369 164.123769
-64.937207 156.742882 43.064220 -158.002240 -27.843107 164.123059
-64.937348 156.742769 43.064730 -158.000717 -27.847843 164.122348
-64.937489 156.742657 43.065239 -157.999194 -27.852578 164.121638
-64.937629 156.742545 43.065747 -157.997671 -27.857314 164.120926
-64.937770 156.742433 43.066255 -157.996147 -27.862050 164.120215
-64.937910 156.742320 43.066763 -157.994623 -27.866787 164.119504
-64.938051 156.742208 43.067269 -157.993100 -27.871522 164.118793
-64.938192 156.742096 43.067776 -157.991576 -27.876258 164.118080
-64.938332 156.741984 43.068282 -157.990052 -27.880994 164.117368
-64.938472 156.741872 43.068787 -157.988528 -27.885729 164.116657
-64.938612 156.741760 43.069293 -157.987004 -27.890464 164.115945
-64.938753 156.741648 43.069797 -157.985480 -27.895199 164.115233
-64.938893 156.741536 43.070301 -157.983955 -27.899935 164.114519
-64.939033 156.741424 43.070804 -157.982431 -27.904671 164.113807
-64.939173 156.741312 43.071308 -157.980906 -27.909406 164.113095
-64.939312 156.741199 43.071810 -157.979382 -27.914140 164.112382
-64.939452 156.741087 43.072312 -157.977857 -27.918875 164.111668
-64.939591 156.740975 43.072813 -157.976332 -27.923610 164.110955
-64.939731 156.740863 43.073313 -157.974807 -27.928345 164.110242
-64.939870 156.740751 43.073813 -157.973282 -27.933079 164.109528
-64.940010 156.740639 43.074314 -157.971757 -27.937814 164.108814
-64.940149 156.740526 43.074813 -157.970231 -27.942548 164.108100
-64.940288 156.740415 43.075312 -157.968706 -27.947282 164.107386
-64.940427 156.740303 43.075810 -157.967180 -27.952017 164.106672
-64.940567 156.740191 43.076308 -157.965655 -27.956750 164.105958
-64.940705 156.740079 43.076805 -157.964129 -27.961484 164.105243
-64.940844 156.739966 43.077302 -157.962603 -27.966218 164.104528
-64.940983 156.739854 43.077798 -157.961077 -27.970952 164.103814
-64.941122 156.739742 43.078293 -157.959551 -27.975685 164.103099
-64.941260 156.739630 43.078788 -157.958025 -27.980419 164.102383
-64.941399 156.739518 43.079283 -157.956499 -27.985153 164.101668
-64.941538 156.739405 43.079777 -157.954972 -27.989886 164.100952
-64.941676 156.739293 43.080271 -157.953446 -27.994619 164.100237
-64.941813 156.739182 43.080764 -157.951919 -27.999352 164.099521
-64.941951 156.739070 43.081255 -157.950392 -28.004085 164.098805
-64.942091 156.738957 43.081749 -157.948865 -28.008819 164.098088
-64.942228 156.738845 43.082239 -157.947339 -28.013551 164.097372
-64.942366 156.738733 43.082730 -157.945811 -28.018284 164.096656
-64.942504 156.738621 43.083221 -157.944284 -28.023017 164.095939
-64.942642 156.738509 43.083711 -157.942757 -28.027750 164.095222
-64.942779 156.738396 43.084200 -157.941230 -28.032482 164.094505
-64.942916 156.738284 43.084688 -157.939702 -28.037214 164.093788
-64.943055 156.738172 43.085177 -157.938175 -28.041947 164.093071
-64.943192 156.738061 43.085665 -157.936647 -28.046678 164.092353
-64.943329 156.737949 43.086153 -157.935119 -28.051411 164.091636
-64.943466 156.737836 43.086639 -157.933591 -28.056143 164.090918
-64.943604 156.737724 43.087125 -157.932063 -28.060875 164.090200
-64.943740 156.737612 43.087611 -157.930535 -28.065607 164.089482
-64.943878 156.737500 43.088096 -157.929007 -28.070338 164.088763
-64.944014 156.737388 43.088581 -157.927478 -28.075070 164.088045
-64.944152 156.737275 43.089065 -157.925950 -28.079802 164.087327
-64.944288 156.737163 43.089548 -157.924421 -28.084533 164.086608
-64.944425 156.737052 43.090031 -157.922893 -28.089264 164.085889
-64.944561 156.736940 43.090513 -157.921364 -28.093995 164.085170
-64.944698 156.736828 43.090996 -157.919835 -28.098727 164.084451
-64.944834 156.736715 43.091478 -157.918306 -28.103457 164.083731
-64.944970 156.736603 43.091958 -157.916777 -28.108189 164.083012
-64.945107 156.736491 43.092439 -157.915248 -28.112919 164.082291
-64.945242 156.736379 43.092918 -157.913719 -28.117650 164.081572
-64.945379 156.736267 43.093397 -157.912189 -28.122380 164.080852
-64.945515 156.736154 43.093877 -157.910659 -28.127112 164.080132
-64.945651 156.736043 43.094355 -157.909130 -28.131842 164.079412
-64.945787 156.735931 43.094833 -157.907600 -28.136571 164.078690
-64.945922 156.735819 43.095310 -157.906070 -28.141302 164.077970
-64.946057 156.735706 43.095787 -157.904540 -28.146032 164.077249
-64.946193 156.735594 43.096263 -157.903010 -28.150763 164.076528
-64.946329 156.735482 43.096738 -157.901480 -28.155492 164.075806
-64.946464 156.735370 43.097214 -157.899950 -28.160222 164.075085
-64.946599 156.735258 43.097688 -157.898419 -28.164952 164.074364
-64.946735 156.735146 43.098162 -157.896889 -28.169681 164.073643
-64.946870 156.735034 43.098636 -157.895358 -28.174411 164.072921
-64.947005 156.734922 43.099109 -157.893827 -28.179140 164.072198
-64.947139 156.734810 43.099581 -157.892297 -28.183870 164.071476
-64.947275 156.734698 43.100053 -157.890766 -28.188599 164.070754
-64.947410 156.734585 43.100525 -157.889235 -28.193328 164.070032
-64.947544 156.734473 43.100995 -157.887704 -28.198056 164.069309
-64.947679 156.734361 43.101466 -157.886172 -28.202786 164.068586
-64.947813 156.734250 43.101935 -157.884641 -28.207515 164.067863
-64.947948 156.734138 43.102404 -157.883110 -28.212243 164.067140
-64.948082 156.734025 43.102873 -157.881578 -28.216972 164.066417
-64.948216 156.733913 43.103341 -157.880046 -28.221700 164.065694
-64.948351 156.733801 43.103808 -157.878514 -28.226428 164.064969
-64.948485 156.733689 43.104276 -157.876983 -28.231157 164.064246
-64.948619 156.733577 43.104743 -157.875451 -28.235885 164.063522
-64.948753 156.733465 43.105209 -157.873918 -28.240613 164.062798
-64.948887 156.733353 43.105674 -157.872386 -28.245341 164.062074
-64.949020 156.733241 43.106139 -157.870854 -28.250069 164.061349
-64.949154 156.733129 43.106604 -157.869321 -28.254797 164.060624
-64.949287 156.733017 43.107068 -157.867789 -28.259525 164.059900
-64.949421 156.732904 43.107531 -157.866256 -28.264252 164.059175
-64.949555 156.732792 43.107994 -157.864723 -28.268980 164.058449
-64.949688 156.732680 43.108455 -157.863190 -28.273707 164.057724
-64.949821 156.732569 43.108917 -157.861657 -28.278434 164.056999
-64.949955 156.732456 43.109378 -157.860124 -28.283161 164.056273
-64.950087 156.732344 43.109839 -157.858591 -28.287888 164.055548
-64.950220 156.732232 43.110300 -157.857058 -28.292615 164.054821
-64.950353 156.732120 43.110759 -157.855524 -28.297342 164.054095
-64.950487 156.732008 43.111218 -157.853991 -28.302069 164.053369
-64.950619 156.731896 43.111676 -157.852457 -28.306796 164.052643
-64.950752 156.731784 43.112134 -157.850923 -28.311523 164.051917
-64.950885 156.731672 43.112592 -157.849390 -28.316249 164.051189
-64.951017 156.731560 43.113048 -157.847855 -28.320975 164.050462
-64.951150 156.731448 43.113505 -157.846321 -28.325701 164.049736
-64.951282 156.731335 43.113961 -157.844787 -28.330427 164.049009
-64.951414 156.731223 43.114417 -157.843253 -28.335154 164.048281
-64.951546 156.731112 43.114871 -157.841718 -28.339880 164.047553
-64.951678 156.731000 43.115325 -157.840184 -28.344606 164.046826
-64.951810 156.730888 43.115778 -157.838649 -28.349331 164.046098
-64.951942 156.730775 43.116232 -157.837114 -28.354057 164.045370
-64.952074 156.730663 43.116684 -157.835580 -28.358782 164.044642
-64.952206 156.730551 43.117136 -157.834045 -28.363508 164.043914
-64.952338 156.730440 43.117587 -157.832510 -28.368232 164.043185
-64.952469 156.730328 43.118038 -157.830975 -28.372958 164.042456
-64.952600 156.730215 43.118488 -157.829439 -28.377683 164.041728
-64.952732 156.730103 43.118938 -157.827904 -28.382409 164.040999
-64.952863 156.729991 43.119388 -157.826368 -28.387133 164.040270
-64.952994 156.729879 43.119837 -157.824833 -28.391858 164.039540
-64.953126 156.729767 43.120284 -157.823297 -28.396583 164.038811
-64.953256 156.729655 43.120733 -157.821761 -28.401307 164.038081
-64.953388 156.729543 43.121179 -157.820225 -28.406032 164.037351
-64.953518 156.729431 43.121626 -157.818689 -28.410756 164.036622
-64.953649 156.729319 43.122072 -157.817153 -28.415480 164.035891
-64.953780 156.729206 43.122517 -157.815617 -28.420205 164.035161
-64.953911 156.729095 43.122962 -157.814081 -28.424928 164.034430
-64.954042 156.728983 43.123407 -157.812544 -28.429653 164.033700
-64.954172 156.728871 43.123850 -157.811008 -28.434376 164.032969
-64.954302 156.728759 43.124293 -157.809471 -28.439100 164.032238
-64.954433 156.728646 43.124736 -157.807934 -28.443823 164.031507
-64.954563 156.728534 43.125179 -157.806397 -28.448547 164.030776
-64.954693 156.728423 43.125620 -157.804860 -28.453270 164.030044
-64.954823 156.728311 43.126061 -157.803323 -28.457994 164.029313
-64.954953 156.728199 43.126502 -157.801786 -28.462717 164.028580
-64.955083 156.728086 43.126941 -157.800249 -28.467440 164.027849
-64.955213 156.727974 43.127381 -157.798711 -28.472163 164.027117
-64.955343 156.727863 43.127820 -157.797173 -28.476886 164.026385
-64.955473 156.727751 43.128259 -157.795636 -28.481609 164.025653
-64.955602 156.727638 43.128696 -157.794098 -28.486331 164.024920
-64.955731 156.727526 43.129133 -157.792560 -28.491054 164.024187
-64.955861 156.727414 43.129569 -157.791022 -28.495776 164.023454
-64.955990 156.727303 43.130005 -157.789484 -28.500498 164.022721
-64.956119 156.727191 43.130441 -157.787946 -28.505221 164.021988
-64.956248 156.727078 43.130876 -157.786408 -28.509943 164.021255
-64.956377 156.726966 43.131310 -157.784869 -28.514665 164.020520
-64.956506 156.726854 43.131744 -157.783331 -28.519388 164.019787
-64.956635 156.726742 43.132178 -157.781792 -28.524109 164.019053
-64.956764 156.726630 43.132611 -157.780253 -28.528831 164.018319
-64.956893 156.726518 43.133043 -157.778714 -28.533552 164.017585
-64.957021 156.726406 43.133475 -157.777176 -28.538274 164.016850
-64.957150 156.726294 43.133905 -157.775637 -28.542995 164.016116
-64.957278 156.726182 43.134336 -157.774097 -28.547716 164.015381
-64.957406 156.726070 43.134766 -157.772558 -28.552437 164.014647
-64.957535 156.725958 43.135196 -157.771019 -28.557158 164.013912
-64.957663 156.725846 43.135625 -157.769479 -28.561880 164.013177
-64.957791 156.725734 43.136053 -157.767939 -28.566601 164.012441
-64.957919 156.725622 43.136481 -157.766400 -28.571321 164.011705
-64.958047 156.725510 43.136909 -157.764860 -28.576042 164.010970
-64.958175 156.725398 43.137335 -157.763320 -28.580762 164.010234
-64.958303 156.725286 43.137761 -157.761780 -28.585483 164.009498
-64.958430 156.725174 43.138187 -157.760240 -28.590203 164.008761
-64.958558 156.725063 43.138612 -157.758699 -28.594923 164.008025
-64.958686 156.724950 43.139037 -157.757159 -28.599644 164.007289
-64.958813 156.724838 43.139460 -157.755619 -28.604364 164.006553
-64.958940 156.724726 43.139884 -157.754078 -28.609084 164.005816
-64.959068 156.724614 43.140306 -157.752537 -28.613804 164.005079
-64.959195 156.724503 43.140729 -157.750997 -28.618523 164.004341
-64.959321 156.724390 43.141150 -157.749455 -28.623243 164.003604
-64.959449 156.724278 43.141572 -157.747915 -28.627962 164.002867
-64.959576 156.724166 43.141992 -157.746373 -28.632682 164.002129
-64.959703 156.724053 43.142411 -157.744832 -28.637400 164.001392
-64.959830 156.723942 43.142831 -157.743291 -28.642119 164.000654
-64.959956 156.723830 43.143250 -157.741749 -28.646838 163.999915
-64.960083 156.723718 43.143668 -157.740208 -28.651557 163.999177
-64.960209 156.723606 43.144086 -157.738666 -28.656276 163.998439
-64.960336 156.723494 43.144503 -157.737124 -28.660995 163.997700
-64.960462 156.723382 43.144920 -157.735582 -28.665714 163.996962
-64.960588 156.723270 43.145336 -157.734040 -28.670432 163.996222
-64.960714 156.723158 43.145752 -157.732498 -28.675151 163.995483
-64.960840 156.723047 43.146167 -157.730956 -28.679868 163.994744
-64.960967 156.722934 43.146581 -157.729414 -28.684586 163.994005
-64.961093 156.722822 43.146994 -157.727871 -28.689305 163.993265
-64.961218 156.722710 43.147408 -157.726329 -28.694023 163.992526
-64.961344 156.722598 43.147821 -157.724786 -28.698741 163.991785
-64.961470 156.722487 43.148233 -157.723243 -28.703458 163.991045
-64.961595 156.722374 43.148645 -157.721701 -28.708175 163.990305
-64.961721 156.722262 43.149055 -157.720158 -28.712893 163.989565
-64.961847 156.722150 43.149466 -157.718614 -28.717611 163.988824
-64.961971 156.722039 43.149876 -157.717071 -28.722327 163.988084
-64.962097 156.721927 43.150285 -157.715528 -28.727045 163.987342
-64.962222 156.721814 43.150694 -157.713984 -28.731762 163.986601
-64.962348 156.721702 43.151102 -157.712441 -28.736478 163.985860
-64.962472 156.721591 43.151510 -157.710897 -28.741196 163.985119
-64.962597 156.721478 43.151917 -157.709353 -28.745913 163.984378
-64.962722 156.721366 43.152323 -157.707810 -28.750629 163.983636
-64.962847 156.721254 43.152728 -157.706266 -28.755345 163.982893
-64.962972 156.721143 43.153134 -157.704722 -28.760061 163.982152
-64.963096 156.721031 43.153539 -157.703177 -28.764778 163.981409
-64.963220 156.720918 43.153943 -157.701633 -28.769494 163.980667
-64.963345 156.720806 43.154347 -157.700089 -28.774210 163.979925
-64.963469 156.720695 43.154749 -157.698544 -28.778926 163.979182
-64.963593 156.720583 43.155152 -157.697000 -28.783641 163.978439
-64.963717 156.720471 43.155554 -157.695455 -28.788358 163.977696
-64.963842 156.720358 43.155956 -157.693910 -28.793073 163.976953
-64.963966 156.720247 43.156356 -157.692365 -28.797789 163.976210
-64.964090 156.720135 43.156757 -157.690820 -28.802503 163.975466
-64.964214 156.720023 43.157156 -157.689275 -28.807219 163.974723
-64.964337 156.719911 43.157555 -157.687730 -28.811934 163.973978
-64.964461 156.719799 43.157953 -157.686185 -28.816648 163.973234
-64.964585 156.719687 43.158351 -157.684639 -28.821364 163.972490
-64.964708 156.719575 43.158749 -157.683093 -28.826078 163.971746
-64.964831 156.719463 43.159145 -157.681547 -28.830794 163.971002
-64.964955 156.719351 43.159542 -157.680002 -28.835508 163.970257
-64.965078 156.719239 43.159937 -157.678456 -28.840222 163.969512
-64.965201 156.719127 43.160333 -157.676910 -28.844937 163.968767
-64.965323 156.719016 43.160727 -157.675364 -28.849650 163.968022
-64.965447 156.718903 43.161120 -157.673818 -28.854364 163.967277
-64.965570 156.718791 43.161514 -157.672271 -28.859079 163.966532
-64.965692 156.718679 43.161907 -157.670725 -28.863792 163.965786
-64.965815 156.718568 43.162298 -157.669178 -28.868506 163.965040
-64.965938 156.718456 43.162691 -157.667632 -28.873220 163.964294
-64.966060 156.718343 43.163081 -157.666085 -28.877933 163.963548
-64.966182 156.718231 43.163471 -157.664538 -28.882647 163.962802
-64.966305 156.718120 43.163862 -157.662991 -28.887360 163.962055
-64.966427 156.718008 43.164250 -157.661444 -28.892072 163.961309
-64.966550 156.717896 43.164640 -157.659897 -28.896786 163.960561
-64.966671 156.717784 43.165027 -157.658349 -28.901499 163.959815
-64.966794 156.717672 43.165415 -157.656802 -28.906212 163.959068
-64.966915 156.717560 43.165802 -157.655254 -28.910924 163.958321
-64.967038 156.717448 43.166188 -157.653707 -28.915637 163.957573
-64.967160 156.717336 43.166574 -157.652159 -28.920349 163.956826
-64.967281 156.717224 43.166959 -157.650611 -28.925062 163.956078
-64.967403 156.717112 43.167343 -157.649063 -28.929774 163.955330
-64.967525 156.717001 43.167727 -157.647515 -28.934486 163.954582
-64.967645 156.716889 43.168111 -157.645967 -28.939198 163.953834
-64.967767 156.716776 43.168494 -157.644419 -28.943910 163.953085
-64.967888 156.716664 43.168876 -157.642870 -28.948621 163.952337
-64.968010 156.716553 43.169258 -157.641322 -28.953333 163.951588
-64.968131 156.716441 43.169639 -157.639773 -28.958044 163.950839
-64.968251 156.716328 43.170020 -157.638224 -28.962756 163.950090
-64.968372 156.716217 43.170400 -157.636676 -28.967467 163.949341
-64.968493 156.716105 43.170778 -157.635127 -28.972178 163.948591
-64.968614 156.715993 43.171157 -157.633578 -28.976889 163.947842
-64.968735 156.715881 43.171536 -157.632029 -28.981600 163.947093
-64.968855 156.715769 43.171914 -157.630479 -28.986311 163.946343
-64.968976 156.715657 43.172290 -157.628930 -28.991022 163.945592
-64.969096 156.715546 43.172667 -157.627381 -28.995732 163.944842
-64.969217 156.715434 43.173043 -157.625831 -29.000442 163.944092
-64.969338 156.715321 43.173417 -157.624281 -29.005152 163.943341
-64.969458 156.715209 43.173792 -157.622731 -29.009863 163.942591
-64.969577 156.715098 43.174167 -157.621181 -29.014573 163.941840
-64.969697 156.714986 43.174540 -157.619631 -29.019283 163.941088
-64.969817 156.714874 43.174913 -157.618081 -29.023993 163.940337
-64.969937 156.714762 43.175285 -157.616531 -29.028703 163.939586
-64.970057 156.714650 43.175656 -157.614981 -29.033411 163.938835
-64.970176 156.714538 43.176028 -157.613430 -29.038121 163.938083
-64.970297 156.714427 43.176399 -157.611880 -29.042831 163.937331
-64.970416 156.714314 43.176768 -157.610329 -29.047540 163.936580
-64.970535 156.714202 43.177137 -157.608779 -29.052248 163.935827
-64.970655 156.714091 43.177507 -157.607228 -29.056958 163.935074
-64.970773 156.713979 43.177874 -157.605677 -29.061667 163.934322
-64.970893 156.713866 43.178242 -157.604126 -29.066376 163.933570
-64.971012 156.713755 43.178609 -157.602574 -29.071084 163.932817
-64.971131 156.713643 43.178975 -157.601023 -29.075792 163.932064
-64.971250 156.713531 43.179341 -157.599472 -29.080501 163.931311
-64.971369 156.713420 43.179706 -157.597920 -29.085209 163.930557
-64.971488 156.713307 43.180070 -157.596369 -29.089917 163.929804
-64.971606 156.713195 43.180434 -157.594817 -29.094625 163.929050
-64.971725 156.713084 43.180798 -157.593265 -29.099333 163.928297
-64.971843 156.712972 43.181161 -157.591713 -29.104041 163.927543
-64.971962 156.712859 43.181523 -157.590161 -29.108748 163.926789
-64.972079 156.712748 43.181885 -157.588609 -29.113456 163.926034
-64.972198 156.712636 43.182246 -157.587057 -29.118163 163.925279
-64.972316 156.712524 43.182606 -157.585504 -29.122870 163.924525
-64.972434 156.712413 43.182966 -157.583952 -29.127578 163.923770
-64.972553 156.712300 43.183325 -157.582399 -29.132284 163.923016
-64.972671 156.712188 43.183684 -157.580846 -29.136992 163.922261
-64.972788 156.712077 43.184042 -157.579294 -29.141698 163.921506
-64.972906 156.711965 43.184398 -157.577741 -29.146405 163.920749
-64.973024 156.711854 43.184755 -157.576188 -29.151111 163.919994
-64.973141 156.711741 43.185112 -157.574635 -29.155817 163.919238
-64.973259 156.711629 43.185467 -157.573081 -29.160524 163.918482
-64.973376 156.711518 43.185822 -157.571528 -29.165229 163.917727
-64.973493 156.711405 43.186176 -157.569975 -29.169936 163.916971
-64.973610 156.711293 43.186530 -157.568421 -29.174641 163.916214
-64.973727 156.711182 43.186884 -157.566868 -29.179347 163.915457
-64.973845 156.711070 43.187236 -157.565314 -29.184053 163.914700
-64.973962 156.710958 43.187588 -157.563760 -29.188758 163.913944
-64.974079 156.710846 43.187940 -157.562206 -29.193464 163.913187
-64.974195 156.710734 43.188290 -157.560652 -29.198169 163.912430
-64.974312 156.710623 43.188641 -157.559098 -29.202874 163.911672
-64.974429 156.710511 43.188990 -157.557543 -29.207579 163.910915
-64.974545 156.710398 43.189339 -157.555989 -29.212284 163.910157
-64.974662 156.710287 43.189687 -157.554434 -29.216989 163.909399
-64.974778 156.710175 43.190035 -157.552880 -29.221693 163.908641
-64.974895 156.710063 43.190382 -157.551325 -29.226398 163.907883
-64.975011 156.709952 43.190728 -157.549771 -29.231102 163.907124
-64.975127 156.709839 43.191075 -157.548216 -29.235806 163.906366
-64.975243 156.709728 43.191420 -157.546661 -29.240510 163.905608
-64.975359 156.709616 43.191764 -157.545105 -29.245214 163.904849
-64.975474 156.709504 43.192109 -157.543550 -29.249918 163.904089
-64.975590 156.709393 43.192452 -157.541995 -29.254622 163.903330
-64.975707 156.709280 43.192795 -157.540439 -29.259325 163.902571
-64.975821 156.709169 43.193137 -157.538884 -29.264029 163.901811
-64.975937 156.709057 43.193479 -157.537328 -29.268732 163.901052
-64.976053 156.708944 43.193820 -157.535772 -29.273435 163.900292
-64.976168 156.708833 43.194161 -157.534216 -29.278138 163.899532
-64.976283 156.708721 43.194500 -157.532660 -29.282841 163.898771
-64.976398 156.708609 43.194840 -157.531104 -29.287545 163.898011
-64.976514 156.708498 43.195178 -157.529548 -29.292247 163.897251
-64.976629 156.708385 43.195516 -157.527992 -29.296950 163.896490
-64.976744 156.708274 43.195854 -157.526435 -29.301652 163.895730
-64.976859 156.708162 43.196190 -157.524879 -29.306354 163.894969
-64.976974 156.708051 43.196527 -157.523322 -29.311056 163.894208
-64.977088 156.707938 43.196862 -157.521766 -29.315758 163.893447
-64.977203 156.707826 43.197196 -157.520209 -29.320460 163.892684
-64.977317 156.707715 43.197531 -157.518652 -29.325162 163.891923
-64.977432 156.707603 43.197865 -157.517095 -29.329864 163.891161
-64.977546 156.707492 43.198198 -157.515538 -29.334564 163.890399
-64.977660 156.707379 43.198531 -157.513980 -29.339266 163.889637
-64.977774 156.707267 43.198862 -157.512423 -29.343967 163.888875
-64.977888 156.707156 43.199193 -157.510865 -29.348668 163.888113
-64.978003 156.707043 43.199524 -157.509308 -29.353369 163.887351
-64.978117 156.706932 43.199854 -157.507750 -29.358070 163.886587
-64.978230 156.706820 43.200183 -157.506192 -29.362771 163.885824
-64.978344 156.706709 43.200513 -157.504634 -29.367472 163.885061
-64.978458 156.706597 43.200840 -157.503076 -29.372172 163.884298
-64.978571 156.706484 43.201168 -157.501518 -29.376872 163.883535
-64.978684 156.706373 43.201495 -157.499960 -29.381573 163.882771
-64.978799 156.706261 43.201821 -157.498402 -29.386273 163.882008
-64.978911 156.706150 43.202147 -157.496843 -29.390973 163.881244
-64.979025 156.706038 43.202472 -157.495285 -29.395672 163.880479
-64.979138 156.705926 43.202796 -157.493726 -29.400372 163.879715
-64.979251 156.705814 43.203120 -157.492167 -29.405072 163.878951
-64.979364 156.705702 43.203444 -157.490609 -29.409771 163.878186
-64.979477 156.705591 43.203766 -157.489049 -29.414470 163.877422
-64.979589 156.705478 43.204088 -157.487490 -29.419169 163.876657
-64.979703 156.705367 43.204410 -157.485931 -29.423869 163.875892
-64.979816 156.705255 43.204730 -157.484372 -29.428567 163.875127
-64.979927 156.705144 43.205050 -157.482812 -29.433266 163.874361
-64.980040 156.705032 43.205369 -157.481253 -29.437965 163.873595
-64.980153 156.704920 43.205688 -157.479693 -29.442663 163.872830
-64.980265 156.704808 43.206006 -157.478134 -29.447361 163.872064
-64.980377 156.704696 43.206324 -157.476574 -29.452059 163.871298
-64.980489 156.704584 43.206641 -157.475014 -29.456757 163.870532
-64.980602 156.704472 43.206957 -157.473454 -29.461456 163.869766
-64.980714 156.704361 43.207273 -157.471894 -29.466153 163.868999
-64.980826 156.704249 43.207588 -157.470334 -29.470851 163.868232
-64.980937 156.704138 43.207902 -157.468773 -29.475548 163.867465
-64.981049 156.704025 43.208216 -157.467213 -29.480246 163.866698
-64.981161 156.703914 43.208530 -157.465652 -29.484943 163.865931
-64.981272 156.703802 43.208843 -157.464092 -29.489640 163.865164
-64.981384 156.703691 43.209155 -157.462531 -29.494337 163.864396
-64.981495 156.703578 43.209465 -157.460970 -29.499034 163.863629
-64.981607 156.703467 43.209776 -157.459409 -29.503730 163.862861
-64.981718 156.703355 43.210087 -157.457848 -29.508427 163.862093
-64.981829 156.703244 43.210395 -157.456287 -29.513123 163.861324
-64.981940 156.703132 43.210704 -157.454725 -29.517819 163.860556
-64.982051 156.703019 43.211013 -157.453164 -29.522516 163.859788
-64.982162 156.702908 43.211320 -157.451602 -29.527212 163.859019
-64.982272 156.702796 43.211627 -157.450041 -29.531908 163.858251
-64.982384 156.702685 43.211933 -157.448479 -29.536604 163.857482
-64.982494 156.702572 43.212239 -157.446917 -29.541299 163.856713
-64.982604 156.702461 43.212544 -157.445355 -29.545995 163.855944
-64.982715 156.702349 43.212849 -157.443793 -29.550690 163.855173
-64.982825 156.702238 43.213152 -157.442231 -29.555385 163.854404
-64.982935 156.702125 43.213456 -157.440669 -29.560081 163.853634
-64.983046 156.702014 43.213758 -157.439107 -29.564775 163.852864
-64.983156 156.701902 43.214059 -157.437544 -29.569470 163.852094
-64.983266 156.701791 43.214360 -157.435982 -29.574164 163.851324
-64.983376 156.701678 43.214661 -157.434419 -29.578859 163.850554
-64.983486 156.701567 43.214961 -157.432856 -29.583554 163.849783
-64.983596 156.701455 43.215261 -157.431293 -29.588248 163.849013
-64.983705 156.701344 43.215559 -157.429730 -29.592941 163.848241
-64.983815 156.701232 43.215857 -157.428167 -29.597635 163.847470
-64.983925 156.701120 43.216154 -157.426604 -29.602330 163.846699
-64.984034 156.701008 43.216451 -157.425041 -29.607023 163.845928
-64.984143 156.700897 43.216748 -157.423477 -29.611717 163.845156
-64.984253 156.700785 43.217043 -157.421914 -29.616410 163.844385
-64.984362 156.700673 43.217337 -157.420350 -29.621103 163.843613
-64.984471 156.700561 43.217632 -157.418787 -29.625796 163.842841
-64.984580 156.700450 43.217925 -157.417223 -29.630489 163.842069
-64.984689 156.700339 43.218218 -157.415659 -29.635182 163.841295
-64.984798 156.700226 43.218511 -157.414095 -29.639874 163.840523
-64.984907 156.700115 43.218803 -157.412531 -29.644568 163.839750
-64.985015 156.700003 43.219094 -157.410966 -29.649260 163.838978
-64.985124 156.699892 43.219384 -157.409402 -29.653952 163.838205
-64.985233 156.699779 43.219674 -157.407837 -29.658645 163.837432
-64.985341 156.699668 43.219963 -157.406273 -29.663337 163.836658
-64.985449 156.699556 43.220251 -157.404708 -29.668028 163.835885
-64.985558 156.699445 43.220539 -157.403144 -29.672720 163.835112
-64.985666 156.699333 43.220827 -157.401579 -29.677411 163.834337
-64.985775 156.699221 43.221113 -157.400014 -29.682102 163.833563
-64.985882 156.699109 43.221399 -157.398449 -29.686794 163.832789
-64.985990 156.698998 43.221684 -157.396883 -29.691485 163.832015
-64.986098 156.698886 43.221969 -157.395318 -29.696176 163.831240
-64.986205 156.698774 43.222252 -157.393753 -29.700867 163.830466
-64.986314 156.698663 43.222536 -157.392187 -29.705558 163.829691
-64.986421 156.698551 43.222818 -157.390622 -29.710248 163.828916
-64.986528 156.698439 43.223100 -157.389056 -29.714939 163.828141
-64.986636 156.698328 43.223381 -157.387490 -29.719629 163.827365
-64.986743 156.698216 43.223663 -157.385924 -29.724319 163.826589
-64.986851 156.698104 43.223942 -157.384358 -29.729009 163.825814
-64.986958 156.697993 43.224222 -157.382792 -29.733699 163.825038
-64.987065 156.697880 43.224501 -157.381226 -29.738389 163.824262
-64.987172 156.697769 43.224779 -157.379659 -29.743078 163.823486
-64.987279 156.697658 43.225057 -157.378093 -29.747767 163.822710
-64.987386 156.697546 43.225333 -157.376526 -29.752457 163.821934
-64.987493 156.697434 43.225609 -157.374960 -29.757146 163.821157
-64.987599 156.697322 43.225885 -157.373393 -29.761834 163.820381
-64.987706 156.697211 43.226160 -157.371826 -29.766524 163.819603
-64.987812 156.697099 43.226434 -157.370259 -29.771213 163.818826
