62.796678 156.905400 -51.843175 42.639222 37.020486 28.620171
62.800189 156.905303 -51.843773 42.635478 37.022453 28.617955
62.803700 156.905208 -51.844370 42.631729 37.024420 28.615735
62.807210 156.905112 -51.844965 42.627979 37.026385 28.613514
62.810720 156.905017 -51.845560 42.624226 37.028349 28.611291
62.814228 156.904921 -51.846154 42.620469 37.030311 28.609066
62.817736 156.904825 -51.846747 42.616710 37.032273 28.606841
62.821243 156.904728 -51.847339 42.612948 37.034234 28.604613
62.824749 156.904633 -51.847931 42.609185 37.036193 28.602383
62.828255 156.904537 -51.848521 42.605418 37.038152 28.600152
62.831760 156.904441 -51.849110 42.601647 37.040108 28.597919
62.835264 156.904345 -51.849699 42.597876 37.042065 28.595685
62.838767 156.904249 -51.850286 42.594101 37.044019 28.593448
62.842270 156.904152 -51.850872 42.590324 37.045972 28.591210
62.845772 156.904056 -51.851458 42.586544 37.047925 28.588971
62.849273 156.903960 -51.852043 42.582760 37.049876 28.586730
62.852773 156.903864 -51.852627 42.578975 37.051826 28.584487
62.856273 156.903767 -51.853210 42.575186 37.053775 28.582242
62.859773 156.903671 -51.853791 42.571396 37.055723 28.579996
62.863271 156.903574 -51.854372 42.567603 37.057669 28.577748
62.866769 156.903478 -51.854952 42.563807 37.059615 28.575499
62.870266 156.903381 -51.855531 42.560007 37.061559 28.573246
62.873762 156.903284 -51.856110 42.556206 37.063502 28.570994
62.877257 156.903188 -51.856687 42.552402 37.065444 28.568738
62.880752 156.903091 -51.857263 42.548595 37.067384 28.566483
62.884246 156.902995 -51.857839 42.544785 37.069324 28.564224
62.887739 156.902898 -51.858412 42.540973 37.071262 28.561964
62.891231 156.902801 -51.858987 42.537158 37.073200 28.559703
62.894723 156.902704 -51.859558 42.533340 37.075135 28.557439
62.898214 156.902607 -51.860130 42.529520 37.077070 28.555175
62.901704 156.902510 -51.860700 42.525696 37.079004 28.552908
62.905194 156.902414 -51.861270 42.521870 37.080936 28.550639
62.908683 156.902316 -51.861839 42.518042 37.082867 28.548369
62.912171 156.902219 -51.862407 42.514211 37.084797 28.546097
62.915658 156.902122 -51.862973 42.510378 37.086726 28.543825
62.919145 156.902024 -51.863540 42.506541 37.088654 28.541550
62.922631 156.901927 -51.864104 42.502702 37.090580 28.539272
62.926116 156.901830 -51.864668 42.498860 37.092505 28.536994
62.929601 156.901732 -51.865231 42.495016 37.094429 28.534714
62.933085 156.901636 -51.865793 42.491168 37.096351 28.532432
62.936567 156.901538 -51.866353 42.487317 37.098273 28.530148
62.940049 156.901440 -51.866914 42.483465 37.100193 28.527863
62.943531 156.901343 -51.867473 42.479610 37.102112 28.525576
62.947012 156.901245 -51.868030 42.475752 37.104030 28.523287
62.950492 156.901147 -51.868588 42.471892 37.105946 28.520997
62.953972 156.901050 -51.869144 42.468028 37.107861 28.518705
62.957451 156.900952 -51.869699 42.464162 37.109775 28.516411
62.960928 156.900855 -51.870253 42.460292 37.111689 28.514115
62.964405 156.900756 -51.870807 42.456422 37.113600 28.511818
62.967883 156.900658 -51.871359 42.452547 37.115510 28.509520
62.971358 156.900561 -51.871910 42.448670 37.117419 28.507219
62.974833 156.900462 -51.872461 42.444790 37.119328 28.504916
62.978308 156.900365 -51.873011 42.440908 37.121235 28.502612
62.981782 156.900266 -51.873559 42.437023 37.123140 28.500306
62.985254 156.900169 -51.874106 42.433135 37.125044 28.497999
62.988727 156.900070 -51.874652 42.429245 37.126947 28.495690
62.992197 156.899972 -51.875197 42.425352 37.128848 28.493379
62.995668 156.899874 -51.875742 42.421456 37.130749 28.491066
62.999139 156.899776 -51.876286 42.417557 37.132648 28.488751
63.002608 156.899678 -51.876828 42.413656 37.134546 28.486435
63.006077 156.899579 -51.877370 42.409753 37.136443 28.484118
63.009545 156.899481 -51.877910 42.405846 37.138337 28.481799
63.013012 156.899383 -51.878450 42.401937 37.140232 28.479477
63.016478 156.899283 -51.878988 42.398025 37.142125 28.477154
63.019943 156.899185 -51.879526 42.394109 37.144016 28.474829
63.023408 156.899087 -51.880062 42.390192 37.145906 28.472504
63.026872 156.898988 -51.880597 42.386271 37.147794 28.470175
63.030336 156.898889 -51.881132 42.382349 37.149682 28.467846
63.033798 156.898791 -51.881665 42.378424 37.151568 28.465514
63.037259 156.898691 -51.882197 42.374495 37.153452 28.463181
63.040721 156.898593 -51.882729 42.370564 37.155336 28.460846
63.044181 156.898494 -51.883259 42.366630 37.157218 28.458509
63.047641 156.898395 -51.883787 42.362693 37.159098 28.456171
63.051100 156.898296 -51.884316 42.358754 37.160978 28.453831
63.054557 156.898197 -51.884843 42.354813 37.162855 28.451489
63.058014 156.898098 -51.885369 42.350868 37.164731 28.449146
63.061471 156.897999 -51.885894 42.346920 37.166607 28.446800
63.064927 156.897900 -51.886418 42.342970 37.168480 28.444454
63.068381 156.897801 -51.886940 42.339018 37.170352 28.442105
63.071836 156.897701 -51.887462 42.335062 37.172223 28.439754
63.075289 156.897602 -51.887983 42.331103 37.174092 28.437402
63.078741 156.897502 -51.888502 42.327142 37.175960 28.435048
63.082192 156.897403 -51.889021 42.323179 37.177826 28.432692
63.085643 156.897304 -51.889538 42.319213 37.179691 28.430336
63.089093 156.897205 -51.890054 42.315244 37.181554 28.427977
63.092543 156.897105 -51.890570 42.311271 37.183417 28.425615
63.095991 156.897005 -51.891083 42.307297 37.185277 28.423253
63.099439 156.896906 -51.891596 42.303319 37.187135 28.420888
63.102885 156.896806 -51.892108 42.299339 37.188993 28.418522
63.106331 156.896706 -51.892618 42.295356 37.190849 28.416154
63.109776 156.896607 -51.893128 42.291371 37.192703 28.413785
63.113220 156.896507 -51.893637 42.287383 37.194556 28.411414
63.116664 156.896407 -51.894144 42.283392 37.196407 28.409041
63.120107 156.896307 -51.894650 42.279398 37.198258 28.406666
63.123548 156.896207 -51.895155 42.275402 37.200105 28.404290
63.126989 156.896108 -51.895659 42.271402 37.201952 28.401911
63.130429 156.896008 -51.896161 42.267401 37.203797 28.399533
63.133869 156.895908 -51.896663 42.263397 37.205641 28.397151
63.137307 156.895808 -51.897163 42.259389 37.207483 28.394767
63.140744 156.895707 -51.897662 42.255378 37.209323 28.392382
63.144180 156.895607 -51.898161 42.251366 37.211162 28.389995
63.147617 156.895508 -51.898658 42.247350 37.212999 28.387606
63.151051 156.895407 -51.899154 42.243331 37.214834 28.385215
63.154486 156.895307 -51.899648 42.239311 37.216669 28.382824
63.157919 156.895207 -51.900141 42.235287 37.218501 28.380431
63.161352 156.895106 -51.900634 42.231260 37.220332 28.378034
63.164782 156.895006 -51.901124 42.227231 37.222160 28.375637
63.168213 156.894905 -51.901615 42.223199 37.223989 28.373238
63.171643 156.894805 -51.902102 42.219163 37.225814 28.370836
63.175072 156.894704 -51.902590 42.215127 37.227638 28.368434
63.178500 156.894604 -51.903076 42.211086 37.229461 28.366031
63.181927 156.894503 -51.903562 42.207043 37.231282 28.363625
63.185353 156.894402 -51.904045 42.202997 37.233100 28.361216
63.188778 156.894302 -51.904528 42.198949 37.234918 28.358807
63.192203 156.894201 -51.905008 42.194897 37.236733 28.356395
63.195627 156.894101 -51.905489 42.190843 37.238547 28.353982
63.199049 156.894000 -51.905967 42.186786 37.240359 28.351567
63.202470 156.893899 -51.906445 42.182727 37.242170 28.349151
63.205892 156.893798 -51.906921 42.178665 37.243978 28.346733
63.209311 156.893698 -51.907397 42.174600 37.245785 28.344313
63.212730 156.893596 -51.907871 42.170533 37.247591 28.341891
63.216149 156.893495 -51.908343 42.166461 37.249395 28.339467
63.219565 156.893394 -51.908815 42.162388 37.251196 28.337042
63.222981 156.893293 -51.909285 42.158312 37.252996 28.334615
63.226397 156.893192 -51.909754 42.154234 37.254794 28.332186
63.229811 156.893091 -51.910221 42.150152 37.256591 28.329756
63.233224 156.892990 -51.910688 42.146068 37.258386 28.327324
63.236637 156.892889 -51.911152 42.141981 37.260178 28.324889
63.240048 156.892787 -51.911616 42.137891 37.261970 28.322453
63.243459 156.892686 -51.912079 42.133798 37.263758 28.320015
63.246869 156.892585 -51.912539 42.129703 37.265546 28.317576
63.250277 156.892483 -51.912999 42.125606 37.267332 28.315135
63.253685 156.892382 -51.913458 42.121504 37.269115 28.312692
63.257091 156.892281 -51.913915 42.117400 37.270897 28.310248
63.260498 156.892179 -51.914371 42.113294 37.272677 28.307801
63.263903 156.892078 -51.914825 42.109184 37.274455 28.305353
63.267306 156.891976 -51.915279 42.105073 37.276232 28.302903
63.270709 156.891874 -51.915731 42.100958 37.278006 28.300451
63.274111 156.891773 -51.916182 42.096841 37.279778 28.297997
63.277512 156.891671 -51.916631 42.092721 37.281549 28.295542
63.280912 156.891569 -51.917079 42.088598 37.283318 28.293085
63.284311 156.891468 -51.917526 42.084472 37.285085 28.290627
63.287709 156.891366 -51.917971 42.080343 37.286850 28.288166
63.291106 156.891264 -51.918415 42.076212 37.288613 28.285704
63.294502 156.891162 -51.918857 42.072078 37.290374 28.283239
63.297898 156.891060 -51.919299 42.067942 37.292132 28.280774
63.301291 156.890958 -51.919738 42.063802 37.293889 28.278306
63.304685 156.890856 -51.920177 42.059659 37.295644 28.275836
63.308076 156.890754 -51.920614 42.055514 37.297398 28.273365
63.311468 156.890652 -51.921050 42.051366 37.299149 28.270893
63.314858 156.890550 -51.921484 42.047216 37.300899 28.268419
63.318247 156.890448 -51.921917 42.043062 37.302646 28.265942
63.321635 156.890346 -51.922349 42.038907 37.304391 28.263464
63.325022 156.890243 -51.922780 42.034747 37.306135 28.260983
63.328408 156.890142 -51.923208 42.030586 37.307875 28.258501
63.331793 156.890039 -51.923636 42.026422 37.309615 28.256018
63.335178 156.889937 -51.924062 42.022253 37.311352 28.253532
63.338561 156.889834 -51.924486 42.018083 37.313087 28.251044
63.341942 156.889732 -51.924910 42.013910 37.314820 28.248556
63.345324 156.889630 -51.925332 42.009735 37.316551 28.246066
63.348703 156.889528 -51.925752 42.005557 37.318280 28.243574
63.352082 156.889425 -51.926172 42.001376 37.320007 28.241079
63.355460 156.889323 -51.926589 41.997191 37.321732 28.238583
63.358837 156.889220 -51.927005 41.993006 37.323455 28.236085
63.362213 156.889117 -51.927419 41.988815 37.325175 28.233585
63.365588 156.889015 -51.927833 41.984624 37.326895 28.231084
63.368961 156.888912 -51.928244 41.980428 37.328611 28.228582
63.372334 156.888810 -51.928655 41.976230 37.330326 28.226076
63.375705 156.888707 -51.929064 41.972029 37.332038 28.223569
63.379076 156.888604 -51.929472 41.967825 37.333748 28.221061
63.382445 156.888501 -51.929878 41.963620 37.335456 28.218551
63.385814 156.888398 -51.930282 41.959411 37.337162 28.216038
63.389180 156.888296 -51.930686 41.955200 37.338866 28.213525
63.392547 156.888192 -51.931087 41.950984 37.340567 28.211008
63.395911 156.888090 -51.931488 41.946767 37.342267 28.208492
63.399276 156.887987 -51.931886 41.942547 37.343964 28.205973
63.402639 156.887884 -51.932283 41.938324 37.345659 28.203452
63.406000 156.887781 -51.932679 41.934098 37.347352 28.200929
63.409361 156.887678 -51.933074 41.929870 37.349043 28.198404
63.412722 156.887575 -51.933466 41.925638 37.350731 28.195878
63.416080 156.887472 -51.933857 41.921404 37.352417 28.193349
63.419437 156.887369 -51.934247 41.917167 37.354102 28.190819
63.422794 156.887265 -51.934635 41.912928 37.355784 28.188287
63.426149 156.887162 -51.935022 41.908685 37.357463 28.185754
63.429504 156.887059 -51.935408 41.904439 37.359141 28.183219
63.432856 156.886956 -51.935791 41.900192 37.360815 28.180682
63.436208 156.886852 -51.936173 41.895940 37.362489 28.178143
63.439559 156.886749 -51.936553 41.891687 37.364159 28.175602
63.442909 156.886646 -51.936933 41.887431 37.365828 28.173060
63.446258 156.886542 -51.937310 41.883171 37.367493 28.170515
63.449605 156.886439 -51.937686 41.878909 37.369158 28.167969
63.452951 156.886336 -51.938061 41.874645 37.370819 28.165422
63.456297 156.886232 -51.938434 41.870377 37.372477 28.162872
63.459641 156.886129 -51.938805 41.866106 37.374135 28.160320
63.462984 156.886025 -51.939175 41.861834 37.375789 28.157768
63.466326 156.885922 -51.939543 41.857558 37.377442 28.155212
63.469667 156.885818 -51.939910 41.853278 37.379091 28.152655
63.473007 156.885714 -51.940275 41.848997 37.380739 28.150097
63.476345 156.885611 -51.940638 41.844713 37.382384 28.147536
63.479683 156.885507 -51.941000 41.840426 37.384027 28.144974
63.483019 156.885403 -51.941361 41.836135 37.385667 28.142410
63.486354 156.885299 -51.941720 41.831843 37.387305 28.139844
63.489687 156.885195 -51.942077 41.827547 37.388942 28.137276
63.493020 156.885092 -51.942433 41.823248 37.390575 28.134707
63.496352 156.884988 -51.942787 41.818947 37.392205 28.132135
63.499682 156.884884 -51.943139 41.814643 37.393834 28.129562
63.503011 156.884780 -51.943490 41.810336 37.395460 28.126987
63.506338 156.884676 -51.943839 41.806026 37.397084 28.124410
63.509665 156.884573 -51.944186 41.801714 37.398705 28.121833
63.512991 156.884468 -51.944533 41.797398 37.400324 28.119252
63.516316 156.884364 -51.944877 41.793081 37.401940 28.116670
63.519639 156.884260 -51.945220 41.788760 37.403554 28.114086
63.522961 156.884156 -51.945561 41.784436 37.405166 28.111500
63.526282 156.884051 -51.945900 41.780110 37.406775 28.108913
63.529602 156.883948 -51.946238 41.775781 37.408382 28.106324
63.532920 156.883843 -51.946575 41.771448 37.409986 28.103732
63.536238 156.883740 -51.946908 41.767114 37.411587 28.101140
63.539553 156.883635 -51.947241 41.762776 37.413186 28.098545
63.542868 156.883531 -51.947573 41.758435 37.414783 28.095948
63.546182 156.883426 -51.947902 41.754092 37.416377 28.093350
63.549495 156.883322 -51.948230 41.749745 37.417969 28.090749
63.552806 156.883218 -51.948556 41.745397 37.419558 28.088148
63.556116 156.883113 -51.948880 41.741044 37.421144 28.085543
63.559425 156.883009 -51.949204 41.736689 37.422728 28.082937
63.562732 156.882905 -51.949525 41.732333 37.424309 28.080332
63.566039 156.882800 -51.949844 41.727972 37.425888 28.077722
63.569344 156.882696 -51.950162 41.723609 37.427465 28.075111
63.572648 156.882591 -51.950478 41.719244 37.429038 28.072498
63.575951 156.882487 -51.950792 41.714874 37.430610 28.069883
63.579252 156.882382 -51.951105 41.710503 37.432178 28.067266
63.582552 156.882278 -51.951416 41.706129 37.433744 28.064648
63.585851 156.882174 -51.951725 41.701751 37.435307 28.062028
63.589149 156.882068 -51.952033 41.697372 37.436868 28.059407
63.592446 156.881964 -51.952338 41.692989 37.438426 28.056783
63.595741 156.881859 -51.952642 41.688604 37.439982 28.054157
63.599034 156.881755 -51.952944 41.684215 37.441534 28.051529
63.602328 156.881650 -51.953246 41.679824 37.443084 28.048900
63.605618 156.881545 -51.953544 41.675430 37.444632 28.046269
63.608909 156.881440 -51.953842 41.671033 37.446178 28.043636
63.612198 156.881336 -51.954137 41.666633 37.447720 28.041002
63.615486 156.881231 -51.954430 41.662230 37.449259 28.038365
63.618772 156.881126 -51.954723 41.657826 37.450796 28.035727
63.622057 156.881021 -51.955013 41.653418 37.452330 28.033087
63.625341 156.880916 -51.955301 41.649007 37.453862 28.030445
63.628623 156.880811 -51.955588 41.644592 37.455391 28.027800
63.631905 156.880706 -51.955873 41.640176 37.456916 28.025155
63.635184 156.880602 -51.956155 41.635757 37.458440 28.022509
63.638463 156.880497 -51.956436 41.631334 37.459960 28.019859
63.641741 156.880391 -51.956717 41.626909 37.461478 28.017208
63.645017 156.880286 -51.956994 41.622481 37.462994 28.014555
63.648291 156.880181 -51.957270 41.618051 37.464506 28.011900
63.651565 156.880076 -51.957543 41.613617 37.466015 28.009243
63.654838 156.879971 -51.957817 41.609180 37.467522 28.006584
63.658108 156.879865 -51.958087 41.604742 37.469027 28.003925
63.661377 156.879761 -51.958355 41.600299 37.470528 28.001263
63.664646 156.879655 -51.958622 41.595855 37.472026 27.998599
63.667912 156.879551 -51.958888 41.591407 37.473521 27.995933
63.671178 156.879445 -51.959151 41.586957 37.475015 27.993266
63.674443 156.879339 -51.959412 41.582503 37.476505 27.990596
63.677706 156.879234 -51.959672 41.578046 37.477992 27.987924
63.680968 156.879129 -51.959930 41.573588 37.479477 27.985253
63.684228 156.879024 -51.960185 41.569127 37.480959 27.982578
63.687486 156.878919 -51.960439 41.564661 37.482437 27.979901
63.690744 156.878813 -51.960692 41.560193 37.483914 27.977222
63.694001 156.878708 -51.960942 41.555723 37.485386 27.974541
63.697255 156.878602 -51.961191 41.551250 37.486856 27.971860
63.700509 156.878497 -51.961437 41.546775 37.488324 27.969176
63.703761 156.878392 -51.961682 41.542296 37.489788 27.966490
63.707012 156.878285 -51.961925 41.537814 37.491249 27.963803
63.710262 156.878180 -51.962167 41.533330 37.492708 27.961113
63.713510 156.878075 -51.962406 41.528842 37.494165 27.958421
63.716757 156.877969 -51.962643 41.524352 37.495617 27.955728
63.720002 156.877864 -51.962879 41.519859 37.497068 27.953034
63.723246 156.877758 -51.963112 41.515363 37.498514 27.950337
63.726488 156.877652 -51.963344 41.510864 37.499958 27.947638
63.729730 156.877547 -51.963574 41.506363 37.501399 27.944937
63.732970 156.877441 -51.963802 41.501858 37.502837 27.942235
63.736208 156.877335 -51.964027 41.497352 37.504273 27.939531
63.739445 156.877230 -51.964252 41.492841 37.505705 27.936825
63.742681 156.877124 -51.964474 41.488328 37.507134 27.934118
63.745916 156.877018 -51.964694 41.483813 37.508560 27.931408
63.749149 156.876912 -51.964912 41.479294 37.509984 27.928696
63.752381 156.876807 -51.965129 41.474773 37.511404 27.925983
63.755611 156.876701 -51.965343 41.470249 37.512822 27.923267
63.758840 156.876595 -51.965556 41.465722 37.514236 27.920551
63.762067 156.876490 -51.965767 41.461192 37.515646 27.917832
63.765293 156.876384 -51.965976 41.456658 37.517055 27.915111
63.768517 156.876278 -51.966182 41.452124 37.518460 27.912389
63.771741 156.876171 -51.966387 41.447585 37.519862 27.909664
63.774963 156.876065 -51.966589 41.443044 37.521262 27.906937
63.778183 156.875960 -51.966791 41.438501 37.522658 27.904210
63.781402 156.875854 -51.966989 41.433953 37.524050 27.901480
63.784619 156.875748 -51.967186 41.429403 37.525441 27.898748
63.787836 156.875642 -51.967382 41.424850 37.526827 27.896014
63.791050 156.875536 -51.967575 41.420296 37.528211 27.893279
63.794264 156.875431 -51.967766 41.415737 37.529591 27.890542
63.797475 156.875324 -51.967954 41.411176 37.530969 27.887803
63.800686 156.875217 -51.968141 41.406612 37.532343 27.885062
63.803894 156.875112 -51.968327 41.402045 37.533715 27.882318
63.807102 156.875005 -51.968509 41.397475 37.535083 27.879574
63.810308 156.874899 -51.968691 41.392903 37.536448 27.876827
63.813513 156.874794 -51.968869 41.388328 37.537809 27.874080
63.816716 156.874687 -51.969046 41.383749 37.539168 27.871329
63.819918 156.874581 -51.969221 41.379168 37.540524 27.868577
63.823118 156.874474 -51.969394 41.374585 37.541876 27.865823
63.826317 156.874368 -51.969565 41.369998 37.543226 27.863067
63.829514 156.874263 -51.969735 41.365409 37.544571 27.860310
63.832709 156.874157 -51.969902 41.360816 37.545914 27.857551
63.835904 156.874050 -51.970066 41.356220 37.547254 27.854789
63.839096 156.873943 -51.970230 41.351623 37.548590 27.852026
63.842288 156.873837 -51.970390 41.347021 37.549924 27.849260
63.845478 156.873731 -51.970549 41.342418 37.551253 27.846495
63.848666 156.873625 -51.970706 41.337812 37.552580 27.843726
63.851853 156.873519 -51.970861 41.333202 37.553904 27.840955
63.855038 156.873412 -51.971014 41.328590 37.555224 27.838183
63.858223 156.873306 -51.971164 41.323974 37.556542 27.835408
63.861405 156.873200 -51.971313 41.319356 37.557855 27.832632
63.864586 156.873093 -51.971459 41.314736 37.559165 27.829855
63.867765 156.872987 -51.971603 41.310112 37.560473 27.827074
63.870943 156.872880 -51.971745 41.305485 37.561776 27.824293
63.874120 156.872774 -51.971885 41.300855 37.563077 27.821509
63.877295 156.872667 -51.972024 41.296223 37.564374 27.818724
63.880469 156.872561 -51.972160 41.291589 37.565668 27.815937
63.883640 156.872454 -51.972293 41.286951 37.566959 27.813148
63.886810 156.872348 -51.972425 41.282310 37.568247 27.810357
63.889980 156.872242 -51.972555 41.277665 37.569531 27.807564
63.893147 156.872135 -51.972682 41.273019 37.570811 27.804770
63.896313 156.872028 -51.972808 41.268371 37.572088 27.801973
63.899477 156.871922 -51.972932 41.263718 37.573362 27.799175
63.902640 156.871815 -51.973053 41.259063 37.574634 27.796374
63.905801 156.871708 -51.973172 41.254404 37.575900 27.793573
63.908960 156.871602 -51.973289 41.249744 37.577164 27.790769
63.912119 156.871495 -51.973404 41.245081 37.578425 27.787963
63.915275 156.871389 -51.973517 41.240415 37.579682 27.785155
63.918430 156.871282 -51.973627 41.235745 37.580935 27.782346
63.921584 156.871176 -51.973736 41.231072 37.582186 27.779535
63.924736 156.871068 -51.973842 41.226397 37.583433 27.776721
63.927886 156.870962 -51.973946 41.221720 37.584676 27.773907
63.931035 156.870856 -51.974048 41.217040 37.585916 27.771090
63.934183 156.870749 -51.974148 41.212355 37.587153 27.768271
63.937328 156.870642 -51.974246 41.207670 37.588386 27.765451
63.940472 156.870536 -51.974342 41.202980 37.589616 27.762628
63.943615 156.870428 -51.974435 41.198287 37.590842 27.759804
63.946756 156.870322 -51.974526 41.193594 37.592065 27.756978
63.949896 156.870215 -51.974615 41.188894 37.593284 27.754149
63.953033 156.870109 -51.974701 41.184195 37.594500 27.751320
63.956169 156.870002 -51.974786 41.179490 37.595712 27.748488
63.959304 156.869895 -51.974869 41.174784 37.596921 27.745655
63.962437 156.869788 -51.974949 41.170075 37.598127 27.742819
63.965569 156.869681 -51.975026 41.165363 37.599328 27.739981
63.968699 156.869574 -51.975102 41.160647 37.600526 27.737143
63.971827 156.869467 -51.975176 41.155930 37.601721 27.734302
63.974954 156.869360 -51.975247 41.151210 37.602912 27.731458
63.978079 156.869253 -51.975316 41.146486 37.604100 27.728614
63.981202 156.869148 -51.975383 41.141760 37.605284 27.725767
63.984324 156.869040 -51.975449 41.137030 37.606465 27.722919
63.987444 156.868933 -51.975511 41.132298 37.607642 27.720068
63.990562 156.868826 -51.975571 41.127564 37.608815 27.717216
63.993680 156.868719 -51.975629 41.122826 37.609985 27.714363
63.996795 156.868612 -51.975684 41.118086 37.611151 27.711506
63.999909 156.868506 -51.975738 41.113341 37.612313 27.708648
64.003021 156.868399 -51.975789 41.108594 37.613472 27.705789
64.006131 156.868291 -51.975838 41.103845 37.614627 27.702927
64.009241 156.868185 -51.975885 41.099094 37.615779 27.700064
64.012347 156.868078 -51.975929 41.094338 37.616927 27.697198
64.015453 156.867971 -51.975971 41.089580 37.618071 27.694331
64.018557 156.867864 -51.976011 41.084820 37.619212 27.691462
64.021659 156.867757 -51.976049 41.080057 37.620350 27.688592
64.024761 156.867650 -51.976084 41.075291 37.621483 27.685719
64.027859 156.867543 -51.976118 41.070522 37.622613 27.682845
64.030957 156.867436 -51.976148 41.065749 37.623739 27.679967
64.034052 156.867329 -51.976176 41.060974 37.624861 27.677089
64.037146 156.867221 -51.976203 41.056197 37.625980 27.674210
64.040239 156.867115 -51.976226 41.051415 37.627095 27.671327
64.043329 156.867008 -51.976248 41.046632 37.628206 27.668443
64.046418 156.866901 -51.976267 41.041846 37.629314 27.665558
64.049506 156.866793 -51.976284 41.037057 37.630418 27.662670
64.052591 156.866686 -51.976299 41.032265 37.631518 27.659780
64.055675 156.866580 -51.976312 41.027469 37.632614 27.656889
64.058758 156.866473 -51.976321 41.022672 37.633707 27.653996
64.061839 156.866366 -51.976329 41.017872 37.634796 27.651101
64.064918 156.866258 -51.976334 41.013067 37.635881 27.648203
64.067995 156.866152 -51.976337 41.008261 37.636962 27.645305
64.071071 156.866044 -51.976337 41.003452 37.638040 27.642404
64.074144 156.865937 -51.976336 40.998640 37.639113 27.639501
64.077217 156.865830 -51.976332 40.993825 37.640183 27.636597
64.080286 156.865723 -51.976325 40.989007 37.641249 27.633691
64.083355 156.865616 -51.976316 40.984187 37.642312 27.630783
64.086422 156.865508 -51.976305 40.979364 37.643371 27.627873
64.089488 156.865401 -51.976292 40.974536 37.644425 27.624960
64.092552 156.865294 -51.976276 40.969707 37.645476 27.622046
64.095614 156.865187 -51.976257 40.964875 37.646523 27.619131
64.098674 156.865080 -51.976237 40.960041 37.647566 27.616214
64.101732 156.864972 -51.976214 40.955203 37.648605 27.613294
64.104789 156.864866 -51.976188 40.950361 37.649641 27.610373
64.107844 156.864758 -51.976161 40.945518 37.650673 27.607450
64.110897 156.864651 -51.976130 40.940672 37.651701 27.604525
64.113949 156.864544 -51.976098 40.935822 37.652724 27.601598
64.116999 156.864436 -51.976062 40.930970 37.653744 27.598669
64.120047 156.864330 -51.976025 40.926115 37.654760 27.595738
64.123094 156.864222 -51.975985 40.921258 37.655772 27.592807
64.126138 156.864115 -51.975942 40.916397 37.656780 27.589872
64.129181 156.864007 -51.975898 40.911533 37.657784 27.586935
64.132222 156.863901 -51.975851 40.906667 37.658785 27.583998
64.135262 156.863794 -51.975801 40.901798 37.659781 27.581057
64.138299 156.863686 -51.975749 40.896926 37.660774 27.578116
64.141335 156.863579 -51.975694 40.892050 37.661762 27.575172
64.144369 156.863472 -51.975638 40.887173 37.662747 27.572227
64.147401 156.863365 -51.975578 40.882292 37.663726 27.569279
64.150432 156.863257 -51.975516 40.877409 37.664703 27.566330
64.153460 156.863150 -51.975452 40.872522 37.665676 27.563378
64.156488 156.863043 -51.975385 40.867632 37.666645 27.560425
64.159512 156.862936 -51.975316 40.862741 37.667608 27.557470
64.162536 156.862828 -51.975244 40.857845 37.668569 27.554514
64.165558 156.862721 -51.975170 40.852947 37.669526 27.551555
64.168578 156.862614 -51.975093 40.848046 37.670478 27.548594
64.171595 156.862507 -51.975015 40.843143 37.671427 27.545632
64.174611 156.862399 -51.974933 40.838237 37.672371 27.542667
64.177626 156.862292 -51.974849 40.833328 37.673311 27.539701
64.180639 156.862186 -51.974762 40.828415 37.674248 27.536733
64.183649 156.862078 -51.974673 40.823500 37.675180 27.533763
64.186658 156.861971 -51.974582 40.818583 37.676108 27.530792
64.189667 156.861863 -51.974487 40.813662 37.677032 27.527818
64.192672 156.861756 -51.974391 40.808738 37.677952 27.524842
64.195675 156.861649 -51.974292 40.803812 37.678867 27.521865
64.198677 156.861541 -51.974190 40.798882 37.679779 27.518885
64.201676 156.861435 -51.974086 40.793950 37.680687 27.515905
64.204675 156.861327 -51.973980 40.789016 37.681591 27.512922
64.207672 156.861220 -51.973870 40.784077 37.682490 27.509936
64.210666 156.861113 -51.973758 40.779136 37.683385 27.506950
64.213659 156.861006 -51.973643 40.774193 37.684275 27.503961
64.216649 156.860898 -51.973526 40.769247 37.685162 27.500971
64.219638 156.860791 -51.973407 40.764297 37.686046 27.497978
64.222626 156.860683 -51.973285 40.759345 37.686924 27.494985
64.225611 156.860576 -51.973161 40.754390 37.687798 27.491988
64.228594 156.860469 -51.973034 40.749432 37.688669 27.488989
64.231576 156.860361 -51.972904 40.744471 37.689534 27.485990
64.234556 156.860254 -51.972772 40.739508 37.690396 27.482988
64.237533 156.860147 -51.972637 40.734541 37.691254 27.479984
64.240510 156.860040 -51.972500 40.729572 37.692107 27.476979
64.243484 156.859933 -51.972360 40.724600 37.692957 27.473972
64.246456 156.859826 -51.972217 40.719625 37.693802 27.470962
64.249426 156.859719 -51.972072 40.714646 37.694643 27.467950
64.252396 156.859612 -51.971924 40.709666 37.695479 27.464938
64.255362 156.859504 -51.971774 40.704683 37.696311 27.461923
64.258327 156.859397 -51.971621 40.699696 37.697139 27.458907
64.261290 156.859290 -51.971466 40.694707 37.697963 27.455888
64.264251 156.859182 -51.971307 40.689714 37.698781 27.452867
64.267210 156.859075 -51.971146 40.684720 37.699597 27.449845
64.270167 156.858968 -51.970984 40.679721 37.700408 27.446821
64.273123 156.858860 -51.970817 40.674721 37.701215 27.443794
64.276076 156.858754 -51.970649 40.669717 37.702016 27.440767
64.279028 156.858646 -51.970477 40.664711 37.702814 27.437736
64.281978 156.858539 -51.970304 40.659701 37.703608 27.434705
64.284925 156.858432 -51.970127 40.654689 37.704397 27.431671
64.287872 156.858325 -51.969947 40.649674 37.705182 27.428636
64.290815 156.858217 -51.969766 40.644656 37.705962 27.425598
64.293758 156.858110 -51.969581 40.639636 37.706739 27.422558
64.296698 156.858002 -51.969394 40.634612 37.707510 27.419518
64.299637 156.857896 -51.969205 40.629585 37.708277 27.416474
64.302573 156.857789 -51.969012 40.624556 37.709041 27.413430
64.305507 156.857681 -51.968816 40.619523 37.709799 27.410382
64.308439 156.857574 -51.968619 40.614489 37.710553 27.407334
64.311370 156.857467 -51.968418 40.609450 37.711303 27.404283
64.314299 156.857360 -51.968215 40.604410 37.712049 27.401231
64.317225 156.857253 -51.968009 40.599366 37.712790 27.398176
64.320150 156.857146 -51.967801 40.594320 37.713527 27.395121
64.323073 156.857039 -51.967590 40.589272 37.714259 27.392063
64.325993 156.856932 -51.967375 40.584218 37.714986 27.389003
64.328912 156.856824 -51.967159 40.579164 37.715709 27.385941
64.331830 156.856717 -51.966940 40.574106 37.716429 27.382877
64.334744 156.856610 -51.966718 40.569045 37.717143 27.379813
64.337658 156.856502 -51.966493 40.563982 37.717852 27.376745
64.340569 156.856395 -51.966266 40.558915 37.718558 27.373676
64.343477 156.856288 -51.966035 40.553846 37.719259 27.370604
64.346385 156.856182 -51.965802 40.548774 37.719955 27.367532
64.349290 156.856075 -51.965566 40.543698 37.720647 27.364456
64.352193 156.855967 -51.965328 40.538621 37.721334 27.361380
64.355095 156.855860 -51.965087 40.533540 37.722018 27.358301
64.357994 156.855753 -51.964842 40.528457 37.722695 27.355220
