-50.355378 154.151871 -38.933214 -179.409000 -68.524308 179.544221
-50.352779 154.152051 -38.931669 -179.408186 -68.528924 179.543577
-50.350181 154.152232 -38.930123 -179.407372 -68.533540 179.542933
-50.347583 154.152413 -38.928579 -179.406559 -68.538157 179.542290
-50.344986 154.152593 -38.927034 -179.405744 -68.542772 179.541646
-50.342388 154.152773 -38.925489 -179.404931 -68.547389 179.541002
-50.339791 154.152954 -38.923944 -179.404118 -68.552005 179.540359
-50.337194 154.153134 -38.922400 -179.403302 -68.556622 179.539714
-50.334597 154.153314 -38.920856 -179.402489 -68.561239 179.539070
-50.331999 154.153494 -38.919312 -179.401675 -68.565855 179.538426
-50.329402 154.153675 -38.917768 -179.400860 -68.570472 179.537781
-50.326805 154.153854 -38.916224 -179.400046 -68.575089 179.537136
-50.324209 154.154034 -38.914681 -179.399231 -68.579706 179.536491
-50.321612 154.154215 -38.913137 -179.398416 -68.584323 179.535846
-50.319015 154.154394 -38.911594 -179.397600 -68.588940 179.535201
-50.316419 154.154574 -38.910051 -179.396785 -68.593558 179.534555
-50.313822 154.154755 -38.908508 -179.395969 -68.598174 179.533909
-50.311226 154.154934 -38.906965 -179.395155 -68.602792 179.533265
-50.308630 154.155114 -38.905423 -179.394338 -68.607410 179.532618
-50.306033 154.155294 -38.903880 -179.393524 -68.612028 179.531973
-50.303438 154.155473 -38.902337 -179.392707 -68.616645 179.531326
-50.300841 154.155653 -38.900796 -179.391892 -68.621263 179.530680
-50.298246 154.155833 -38.899254 -179.391074 -68.625881 179.530033
-50.295650 154.156012 -38.897712 -179.390258 -68.630500 179.529387
-50.293054 154.156192 -38.896170 -179.389440 -68.635117 179.528739
-50.290459 154.156371 -38.894630 -179.388624 -68.639735 179.528092
-50.287863 154.156551 -38.893088 -179.387808 -68.644354 179.527445
-50.285268 154.156730 -38.891547 -179.386991 -68.648972 179.526798
-50.282673 154.156909 -38.890007 -179.386174 -68.653591 179.526151
-50.280078 154.157089 -38.888465 -179.385357 -68.658209 179.525503
-50.277484 154.157268 -38.886925 -179.384539 -68.662827 179.524855
-50.274888 154.157447 -38.885385 -179.383721 -68.667446 179.524207
-50.272294 154.157627 -38.883845 -179.382903 -68.672066 179.523559
-50.269699 154.157805 -38.882305 -179.382085 -68.676685 179.522910
-50.267104 154.157985 -38.880765 -179.381269 -68.681303 179.522263
-50.264509 154.158163 -38.879225 -179.380450 -68.685923 179.521613
-50.261916 154.158343 -38.877686 -179.379633 -68.690542 179.520966
-50.259322 154.158521 -38.876146 -179.378813 -68.695161 179.520316
-50.256727 154.158701 -38.874607 -179.377996 -68.699781 179.519668
-50.254133 154.158880 -38.873068 -179.377176 -68.704401 179.519018
-50.251539 154.159058 -38.871529 -179.376358 -68.709020 179.518369
-50.248946 154.159237 -38.869991 -179.375537 -68.713640 179.517718
-50.246351 154.159416 -38.868452 -179.374719 -68.718260 179.517069
-50.243758 154.159595 -38.866914 -179.373900 -68.722879 179.516419
-50.241164 154.159773 -38.865376 -179.373081 -68.727499 179.515769
-50.238571 154.159952 -38.863838 -179.372262 -68.732120 179.515119
-50.235977 154.160130 -38.862300 -179.371442 -68.736739 179.514469
-50.233384 154.160309 -38.860762 -179.370622 -68.741360 179.513818
-50.230791 154.160487 -38.859225 -179.369802 -68.745980 179.513167
-50.228198 154.160666 -38.857688 -179.368981 -68.750600 179.512516
-50.225605 154.160844 -38.856151 -179.368160 -68.755221 179.511865
-50.223013 154.161023 -38.854614 -179.367342 -68.759841 179.511215
-50.220420 154.161201 -38.853077 -179.366520 -68.764463 179.510563
-50.217827 154.161379 -38.851540 -179.365699 -68.769084 179.509911
-50.215235 154.161557 -38.850004 -179.364879 -68.773704 179.509260
-50.212643 154.161735 -38.848468 -179.364057 -68.778325 179.508607
-50.210050 154.161913 -38.846932 -179.363237 -68.782946 179.507956
-50.207458 154.162091 -38.845396 -179.362417 -68.787567 179.507305
-50.204866 154.162270 -38.843860 -179.361593 -68.792189 179.506651
-50.202274 154.162447 -38.842325 -179.360772 -68.796810 179.505999
-50.199682 154.162626 -38.840789 -179.359951 -68.801432 179.505347
-50.197091 154.162803 -38.839254 -179.359130 -68.806054 179.504695
-50.194499 154.162981 -38.837719 -179.358308 -68.810675 179.504042
-50.191907 154.163159 -38.836184 -179.357486 -68.815297 179.503389
-50.189316 154.163336 -38.834650 -179.356663 -68.819918 179.502735
-50.186725 154.163515 -38.833115 -179.355841 -68.824541 179.502082
-50.184133 154.163692 -38.831580 -179.355018 -68.829163 179.501428
-50.181543 154.163869 -38.830047 -179.354194 -68.833785 179.500774
-50.178951 154.164047 -38.828512 -179.353373 -68.838407 179.500121
-50.176360 154.164225 -38.826979 -179.352550 -68.843029 179.499466
-50.173770 154.164403 -38.825445 -179.351725 -68.847652 179.498811
-50.171179 154.164580 -38.823912 -179.350903 -68.852274 179.498158
-50.168588 154.164757 -38.822378 -179.350079 -68.856897 179.497502
-50.165998 154.164935 -38.820845 -179.349256 -68.861520 179.496849
-50.163408 154.165112 -38.819312 -179.348433 -68.866142 179.496194
-50.160817 154.165289 -38.817779 -179.347608 -68.870765 179.495538
-50.158227 154.165467 -38.816246 -179.346784 -68.875388 179.494883
-50.155637 154.165643 -38.814714 -179.345961 -68.880011 179.494228
-50.153047 154.165820 -38.813182 -179.345137 -68.884634 179.493573
-50.150457 154.165998 -38.811650 -179.344312 -68.889258 179.492917
-50.147867 154.166175 -38.810118 -179.343488 -68.893881 179.492261
-50.145277 154.166351 -38.808586 -179.342663 -68.898504 179.491605
-50.142688 154.166529 -38.807055 -179.341838 -68.903128 179.490949
-50.140099 154.166706 -38.805523 -179.341012 -68.907751 179.490292
-50.137509 154.166882 -38.803992 -179.340186 -68.912376 179.489635
-50.134920 154.167060 -38.802460 -179.339360 -68.916999 179.488978
-50.132331 154.167236 -38.800929 -179.338537 -68.921623 179.488322
-50.129742 154.167413 -38.799398 -179.337710 -68.926247 179.487665
-50.127153 154.167589 -38.797868 -179.336886 -68.930871 179.487009
-50.124564 154.167767 -38.796338 -179.336058 -68.935495 179.486350
-50.121975 154.167943 -38.794807 -179.335233 -68.940120 179.485693
-50.119386 154.168119 -38.793277 -179.334405 -68.944744 179.485035
-50.116799 154.168296 -38.791748 -179.333580 -68.949368 179.484377
-50.114209 154.168473 -38.790218 -179.332754 -68.953992 179.483720
-50.111621 154.168649 -38.788688 -179.331928 -68.958618 179.483062
-50.109033 154.168825 -38.787159 -179.331101 -68.963242 179.482404
-50.106445 154.169002 -38.785630 -179.330272 -68.967867 179.481744
-50.103857 154.169178 -38.784100 -179.329445 -68.972492 179.481085
-50.101269 154.169354 -38.782571 -179.328617 -68.977117 179.480426
-50.098681 154.169530 -38.781043 -179.327792 -68.981742 179.479769
-50.096094 154.169706 -38.779515 -179.326964 -68.986367 179.479109
-50.093506 154.169883 -38.777986 -179.326136 -68.990992 179.478449
-50.090919 154.170059 -38.776458 -179.325307 -68.995618 179.477789
-50.088331 154.170235 -38.774929 -179.324481 -69.000243 179.477131
-50.085744 154.170411 -38.773402 -179.323652 -69.004869 179.476470
-50.083157 154.170587 -38.771875 -179.322822 -69.009494 179.475809
-50.080570 154.170763 -38.770347 -179.321995 -69.014121 179.475150
-50.077983 154.170939 -38.768820 -179.321165 -69.018746 179.474489
-50.075396 154.171114 -38.767292 -179.320337 -69.023372 179.473829
-50.072809 154.171290 -38.765765 -179.319509 -69.027998 179.473169
-50.070222 154.171466 -38.764238 -179.318680 -69.032625 179.472508
-50.067637 154.171642 -38.762712 -179.317849 -69.037250 179.471846
-50.065050 154.171818 -38.761185 -179.317020 -69.041877 179.471185
-50.062464 154.171993 -38.759659 -179.316191 -69.046503 179.470524
-50.059877 154.172169 -38.758133 -179.315361 -69.051130 179.469862
-50.057291 154.172344 -38.756606 -179.314531 -69.055756 179.469200
-50.054705 154.172519 -38.755081 -179.313701 -69.060383 179.468538
-50.052118 154.172695 -38.753556 -179.312870 -69.065010 179.467876
-50.049533 154.172871 -38.752030 -179.312042 -69.069636 179.467215
-50.046947 154.173046 -38.750505 -179.311211 -69.074264 179.466552
-50.044362 154.173221 -38.748980 -179.310379 -69.078890 179.465889
-50.041776 154.173396 -38.747454 -179.309550 -69.083518 179.465228
-50.039191 154.173571 -38.745930 -179.308718 -69.088145 179.464564
-50.036605 154.173747 -38.744405 -179.307888 -69.092773 179.463902
-50.034020 154.173922 -38.742881 -179.307056 -69.097400 179.463237
-50.031435 154.174097 -38.741357 -179.306225 -69.102027 179.462575
-50.028850 154.174271 -38.739833 -179.305392 -69.106655 179.461910
-50.026266 154.174447 -38.738309 -179.304561 -69.111282 179.461246
-50.023681 154.174622 -38.736785 -179.303730 -69.115911 179.460583
-50.021096 154.174797 -38.735261 -179.302898 -69.120538 179.459919
-50.018511 154.174972 -38.733738 -179.302066 -69.125166 179.459255
-50.015927 154.175147 -38.732214 -179.301234 -69.129794 179.458591
-50.013343 154.175321 -38.730691 -179.300401 -69.134422 179.457926
-50.010759 154.175496 -38.729169 -179.299568 -69.139051 179.457261
-50.008174 154.175671 -38.727646 -179.298735 -69.143679 179.456596
-50.005590 154.175845 -38.726123 -179.297902 -69.148307 179.455930
-50.003007 154.176020 -38.724601 -179.297068 -69.152936 179.455264
-50.000422 154.176194 -38.723078 -179.296237 -69.157564 179.454600
-49.997839 154.176369 -38.721557 -179.295402 -69.162194 179.453934
-49.995255 154.176543 -38.720035 -179.294568 -69.166822 179.453267
-49.992671 154.176718 -38.718513 -179.293735 -69.171450 179.452602
-49.990089 154.176892 -38.716991 -179.292902 -69.176080 179.451937
-49.987505 154.177066 -38.715470 -179.292067 -69.180709 179.451269
-49.984921 154.177241 -38.713949 -179.291234 -69.185339 179.450604
-49.982338 154.177415 -38.712428 -179.290400 -69.189967 179.449937
-49.979755 154.177589 -38.710908 -179.289563 -69.194596 179.449269
-49.977172 154.177763 -38.709386 -179.288729 -69.199226 179.448602
-49.974590 154.177937 -38.707866 -179.287895 -69.203856 179.447935
-49.972007 154.178112 -38.706346 -179.287060 -69.208485 179.447268
-49.969424 154.178286 -38.704825 -179.286225 -69.213115 179.446600
-49.966842 154.178460 -38.703305 -179.285389 -69.217745 179.445932
-49.964260 154.178634 -38.701786 -179.284553 -69.222374 179.445264
-49.961677 154.178808 -38.700266 -179.283717 -69.227005 179.444596
-49.959095 154.178981 -38.698746 -179.282883 -69.231635 179.443929
-49.956513 154.179155 -38.697228 -179.282047 -69.236264 179.443260
-49.953932 154.179329 -38.695708 -179.281210 -69.240895 179.442591
-49.951350 154.179503 -38.694189 -179.280375 -69.245525 179.441923
-49.948767 154.179677 -38.692671 -179.279537 -69.250155 179.441253
-49.946186 154.179849 -38.691152 -179.278702 -69.254787 179.440585
-49.943604 154.180023 -38.689633 -179.277864 -69.259417 179.439914
-49.941023 154.180197 -38.688115 -179.277028 -69.264047 179.439246
-49.938441 154.180370 -38.686597 -179.276192 -69.268679 179.438576
-49.935861 154.180544 -38.685079 -179.275355 -69.273309 179.437907
-49.933279 154.180717 -38.683562 -179.274516 -69.277940 179.437235
-49.930698 154.180891 -38.682044 -179.273678 -69.282572 179.436565
-49.928117 154.181064 -38.680527 -179.272841 -69.287203 179.435895
-49.925536 154.181238 -38.679010 -179.272003 -69.291834 179.435225
-49.922956 154.181411 -38.677492 -179.271165 -69.296466 179.434554
-49.920375 154.181583 -38.675975 -179.270326 -69.301097 179.433883
-49.917794 154.181757 -38.674458 -179.269490 -69.305728 179.433213
-49.915214 154.181930 -38.672942 -179.268651 -69.310359 179.432542
-49.912634 154.182103 -38.671426 -179.267812 -69.314992 179.431869
-49.910053 154.182276 -38.669909 -179.266975 -69.319623 179.431199
-49.907474 154.182449 -38.668393 -179.266135 -69.324255 179.430527
-49.904894 154.182622 -38.666877 -179.265294 -69.328888 179.429854
-49.902313 154.182795 -38.665361 -179.264456 -69.333520 179.429182
-49.899734 154.182968 -38.663847 -179.263618 -69.338151 179.428511
-49.897155 154.183141 -38.662331 -179.262777 -69.342783 179.427837
-49.894574 154.183313 -38.660816 -179.261938 -69.347417 179.427165
-49.891995 154.183486 -38.659300 -179.261099 -69.352049 179.426493
-49.889416 154.183658 -38.657786 -179.260256 -69.356681 179.425818
-49.886837 154.183831 -38.656271 -179.259417 -69.361314 179.425145
-49.884258 154.184004 -38.654757 -179.258576 -69.365947 179.424472
-49.881678 154.184177 -38.653242 -179.257736 -69.370579 179.423798
-49.879100 154.184349 -38.651729 -179.256895 -69.375212 179.423124
-49.876521 154.184521 -38.650214 -179.256054 -69.379846 179.422450
-49.873942 154.184694 -38.648701 -179.255215 -69.384479 179.421778
-49.871363 154.184866 -38.647187 -179.254373 -69.389112 179.421103
-49.868784 154.185039 -38.645673 -179.253531 -69.393745 179.420428
-49.866206 154.185210 -38.644160 -179.252689 -69.398379 179.419753
-49.863628 154.185383 -38.642647 -179.251849 -69.403012 179.419079
-49.861050 154.185555 -38.641134 -179.251006 -69.407645 179.418403
-49.858472 154.185727 -38.639622 -179.250165 -69.412279 179.417729
-49.855893 154.185899 -38.638109 -179.249321 -69.416912 179.417053
-49.853316 154.186071 -38.636597 -179.248480 -69.421547 179.416378
-49.850738 154.186243 -38.635084 -179.247638 -69.426180 179.415703
-49.848161 154.186416 -38.633572 -179.246796 -69.430814 179.415027
-49.845583 154.186587 -38.632060 -179.245951 -69.435448 179.414349
-49.843005 154.186759 -38.630548 -179.245109 -69.440083 179.413674
-49.840428 154.186931 -38.629037 -179.244266 -69.444717 179.412997
-49.837851 154.187102 -38.627526 -179.243422 -69.449351 179.412321
-49.835274 154.187274 -38.626014 -179.242579 -69.453985 179.411644
-49.832697 154.187446 -38.624504 -179.241735 -69.458620 179.410967
-49.830119 154.187618 -38.622992 -179.240891 -69.463255 179.410289
-49.827543 154.187789 -38.621481 -179.240049 -69.467890 179.409613
-49.824965 154.187961 -38.619971 -179.239204 -69.472524 179.408935
-49.822389 154.188133 -38.618460 -179.238359 -69.477159 179.408257
-49.819812 154.188304 -38.616950 -179.237516 -69.481794 179.407580
-49.817236 154.188475 -38.615441 -179.236670 -69.486430 179.406901
-49.814659 154.188647 -38.613930 -179.235827 -69.491065 179.406224
-49.812084 154.188818 -38.612421 -179.234980 -69.495700 179.405544
-49.809507 154.188990 -38.610912 -179.234136 -69.500335 179.404866
-49.806931 154.189161 -38.609402 -179.233289 -69.504970 179.404186
-49.804355 154.189332 -38.607893 -179.232445 -69.509606 179.403508
-49.801780 154.189503 -38.606383 -179.231599 -69.514242 179.402829
-49.799204 154.189674 -38.604875 -179.230754 -69.518878 179.402150
-49.796628 154.189845 -38.603366 -179.229908 -69.523513 179.401471
-49.794053 154.190017 -38.601857 -179.229062 -69.528149 179.400791
-49.791478 154.190187 -38.600350 -179.228216 -69.532785 179.400111
-49.788902 154.190358 -38.598842 -179.227369 -69.537421 179.399431
-49.786327 154.190529 -38.597334 -179.226522 -69.542058 179.398750
-49.783752 154.190700 -38.595826 -179.225675 -69.546694 179.398069
-49.781177 154.190871 -38.594318 -179.224827 -69.551330 179.397388
-49.778602 154.191041 -38.592811 -179.223982 -69.555966 179.396709
-49.776027 154.191213 -38.591303 -179.223134 -69.560603 179.396027
-49.773452 154.191383 -38.589797 -179.222288 -69.565239 179.395347
-49.770878 154.191554 -38.588289 -179.221439 -69.569876 179.394664
-49.768303 154.191724 -38.586782 -179.220592 -69.574514 179.393984
-49.765730 154.191895 -38.585276 -179.219743 -69.579150 179.393301
-49.763155 154.192066 -38.583770 -179.218896 -69.583787 179.392620
-49.760581 154.192236 -38.582263 -179.218048 -69.588424 179.391938
-49.758006 154.192407 -38.580757 -179.217198 -69.593061 179.391254
-49.755433 154.192576 -38.579252 -179.216349 -69.597698 179.390572
-49.752859 154.192747 -38.577745 -179.215501 -69.602336 179.389889
-49.750285 154.192917 -38.576240 -179.214652 -69.606973 179.389207
-49.747712 154.193088 -38.574735 -179.213803 -69.611610 179.388524
-49.745138 154.193257 -38.573229 -179.212953 -69.616249 179.387840
-49.742565 154.193428 -38.571724 -179.212104 -69.620886 179.387156
-49.739991 154.193598 -38.570220 -179.211256 -69.625524 179.386474
-49.737418 154.193768 -38.568715 -179.210406 -69.630162 179.385790
-49.734845 154.193938 -38.567210 -179.209555 -69.634800 179.385106
-49.732272 154.194108 -38.565706 -179.208704 -69.639438 179.384421
-49.729699 154.194278 -38.564201 -179.207855 -69.644076 179.383737
-49.727126 154.194448 -38.562698 -179.207003 -69.648714 179.383052
-49.724553 154.194618 -38.561194 -179.206154 -69.653352 179.382368
-49.721981 154.194788 -38.559690 -179.205302 -69.657991 179.381682
-49.719409 154.194957 -38.558187 -179.204451 -69.662629 179.380998
-49.716836 154.195128 -38.556683 -179.203601 -69.667269 179.380313
-49.714264 154.195297 -38.555181 -179.202750 -69.671907 179.379628
-49.711691 154.195467 -38.553677 -179.201897 -69.676546 179.378940
-49.709120 154.195636 -38.552175 -179.201045 -69.681185 179.378255
-49.706547 154.195806 -38.550672 -179.200194 -69.685824 179.377569
-49.703975 154.195975 -38.549170 -179.199342 -69.690463 179.376883
-49.701404 154.196144 -38.547668 -179.198489 -69.695102 179.376196
-49.698832 154.196314 -38.546165 -179.197637 -69.699741 179.375509
-49.696261 154.196483 -38.544663 -179.196786 -69.704380 179.374824
-49.693689 154.196653 -38.543161 -179.195933 -69.709020 179.374137
-49.691118 154.196822 -38.541660 -179.195079 -69.713659 179.373449
-49.688546 154.196991 -38.540159 -179.194225 -69.718299 179.372761
-49.685976 154.197161 -38.538657 -179.193374 -69.722938 179.372074
-49.683404 154.197329 -38.537156 -179.192519 -69.727578 179.371386
-49.680834 154.197499 -38.535655 -179.191667 -69.732218 179.370699
-49.678263 154.197668 -38.534154 -179.190812 -69.736858 179.370009
-49.675692 154.197836 -38.532654 -179.189959 -69.741498 179.369322
-49.673121 154.198006 -38.531153 -179.189105 -69.746138 179.368634
-49.670551 154.198175 -38.529653 -179.188252 -69.750778 179.367946
-49.667980 154.198344 -38.528153 -179.187395 -69.755418 179.367255
-49.665410 154.198513 -38.526653 -179.186541 -69.760059 179.366566
-49.662840 154.198681 -38.525154 -179.185686 -69.764699 179.365877
-49.660270 154.198851 -38.523654 -179.184831 -69.769340 179.365188
-49.657700 154.199019 -38.522155 -179.183976 -69.773980 179.364498
-49.655130 154.199187 -38.520656 -179.183121 -69.778621 179.363808
-49.652561 154.199357 -38.519157 -179.182265 -69.783262 179.363117
-49.649991 154.199525 -38.517657 -179.181411 -69.787903 179.362429
-49.647421 154.199693 -38.516159 -179.180555 -69.792544 179.361738
-49.644852 154.199862 -38.514661 -179.179698 -69.797185 179.361046
-49.642282 154.200030 -38.513162 -179.178843 -69.801826 179.360357
-49.639713 154.200198 -38.511664 -179.177986 -69.806468 179.359665
-49.637144 154.200367 -38.510166 -179.177130 -69.811109 179.358975
-49.634576 154.200536 -38.508668 -179.176272 -69.815750 179.358282
-49.632006 154.200704 -38.507171 -179.175416 -69.820392 179.357591
-49.629438 154.200872 -38.505673 -179.174558 -69.825034 179.356898
-49.626868 154.201040 -38.504176 -179.173701 -69.829676 179.356207
-49.624299 154.201208 -38.502679 -179.172844 -69.834317 179.355515
-49.621732 154.201376 -38.501182 -179.171987 -69.838959 179.354823
-49.619163 154.201544 -38.499685 -179.171130 -69.843601 179.354130
-49.616595 154.201713 -38.498188 -179.170272 -69.848244 179.353438
-49.614027 154.201880 -38.496692 -179.169414 -69.852886 179.352745
-49.611459 154.202048 -38.495196 -179.168555 -69.857528 179.352051
-49.608891 154.202216 -38.493699 -179.167696 -69.862170 179.351358
-49.606322 154.202384 -38.492204 -179.166837 -69.866813 179.350664
-49.603755 154.202552 -38.490708 -179.165978 -69.871456 179.349970
-49.601187 154.202719 -38.489213 -179.165120 -69.876098 179.349277
-49.598620 154.202887 -38.487717 -179.164260 -69.880741 179.348582
-49.596052 154.203055 -38.486222 -179.163400 -69.885384 179.347887
-49.593484 154.203223 -38.484726 -179.162542 -69.890027 179.347193
-49.590917 154.203390 -38.483232 -179.161683 -69.894670 179.346500
-49.588351 154.203558 -38.481737 -179.160822 -69.899313 179.345804
-49.585784 154.203725 -38.480243 -179.159962 -69.903955 179.345109
-49.583216 154.203893 -38.478748 -179.159100 -69.908599 179.344412
-49.580649 154.204060 -38.477254 -179.158241 -69.913242 179.343717
-49.578083 154.204227 -38.475760 -179.157380 -69.917886 179.343022
-49.575515 154.204395 -38.474266 -179.156520 -69.922529 179.342326
-49.572949 154.204562 -38.472772 -179.155659 -69.927173 179.341630
-49.570383 154.204730 -38.471279 -179.154798 -69.931817 179.340934
-49.567817 154.204897 -38.469785 -179.153936 -69.936461 179.340237
-49.565250 154.205064 -38.468293 -179.153075 -69.941105 179.339540
-49.562684 154.205231 -38.466800 -179.152212 -69.945749 179.338843
-49.560118 154.205398 -38.465307 -179.151353 -69.950393 179.338148
-49.557552 154.205564 -38.463814 -179.150490 -69.955036 179.337450
-49.554987 154.205731 -38.462322 -179.149627 -69.959680 179.336752
-49.552421 154.205899 -38.460829 -179.148766 -69.964325 179.336055
-49.549855 154.206066 -38.459338 -179.147902 -69.968969 179.335356
-49.547290 154.206233 -38.457845 -179.147041 -69.973614 179.334659
-49.544724 154.206399 -38.456353 -179.146176 -69.978259 179.333960
-49.542159 154.206566 -38.454862 -179.145314 -69.982904 179.333262
-49.539594 154.206733 -38.453371 -179.144449 -69.987548 179.332562
-49.537028 154.206899 -38.451879 -179.143586 -69.992193 179.331864
-49.534463 154.207066 -38.450388 -179.142723 -69.996838 179.331165
-49.531898 154.207232 -38.448897 -179.141859 -70.001483 179.330466
-49.529334 154.207400 -38.447407 -179.140995 -70.006128 179.329766
-49.526769 154.207566 -38.445916 -179.140131 -70.010773 179.329067
-49.524205 154.207732 -38.444425 -179.139267 -70.015419 179.328367
-49.521641 154.207899 -38.442935 -179.138402 -70.020064 179.327667
-49.519076 154.208065 -38.441445 -179.137537 -70.024710 179.326966
-49.516512 154.208231 -38.439955 -179.136671 -70.029355 179.326265
-49.513948 154.208397 -38.438465 -179.135808 -70.034000 179.325566
-49.511383 154.208564 -38.436976 -179.134942 -70.038646 179.324864
-49.508820 154.208730 -38.435487 -179.134075 -70.043292 179.324163
-49.506256 154.208896 -38.433997 -179.133211 -70.047938 179.323462
-49.503692 154.209062 -38.432508 -179.132344 -70.052585 179.322760
-49.501129 154.209228 -38.431020 -179.131479 -70.057230 179.322059
-49.498566 154.209394 -38.429531 -179.130611 -70.061876 179.321356
-49.496001 154.209560 -38.428042 -179.129746 -70.066523 179.320654
-49.493438 154.209726 -38.426554 -179.128880 -70.071169 179.319953
-49.490875 154.209892 -38.425065 -179.128014 -70.075816 179.319251
-49.488312 154.210057 -38.423578 -179.127147 -70.080463 179.318548
-49.485749 154.210223 -38.422091 -179.126277 -70.085108 179.317844
-49.483186 154.210389 -38.420602 -179.125410 -70.089755 179.317141
-49.480624 154.210555 -38.419115 -179.124543 -70.094402 179.316437
-49.478061 154.210720 -38.417628 -179.123675 -70.099049 179.315734
-49.475498 154.210886 -38.416140 -179.122809 -70.103697 179.315032
-49.472936 154.211052 -38.414653 -179.121940 -70.108343 179.314327
-49.470374 154.211217 -38.413167 -179.121072 -70.112990 179.313623
-49.467811 154.211383 -38.411680 -179.120202 -70.117638 179.312918
-49.465249 154.211548 -38.410194 -179.119335 -70.122285 179.312215
-49.462687 154.211714 -38.408707 -179.118465 -70.126933 179.311509
-49.460125 154.211879 -38.407221 -179.117598 -70.131580 179.310805
-49.457563 154.212044 -38.405735 -179.116727 -70.136227 179.310099
-49.455001 154.212210 -38.404250 -179.115859 -70.140875 179.309394
-49.452440 154.212375 -38.402764 -179.114988 -70.145523 179.308687
-49.449878 154.212540 -38.401279 -179.114119 -70.150170 179.307982
-49.447317 154.212705 -38.399793 -179.113249 -70.154819 179.307277
-49.444755 154.212871 -38.398309 -179.112380 -70.159467 179.306571
-49.442194 154.213035 -38.396824 -179.111510 -70.164115 179.305865
-49.439633 154.213200 -38.395338 -179.110639 -70.168764 179.305158
-49.437072 154.213365 -38.393854 -179.109769 -70.173411 179.304452
-49.434511 154.213530 -38.392370 -179.108898 -70.178060 179.303745
-49.431950 154.213695 -38.390886 -179.108026 -70.182709 179.303037
-49.429390 154.213860 -38.389402 -179.107154 -70.187357 179.302329
-49.426829 154.214025 -38.387918 -179.106282 -70.192005 179.301621
-49.424268 154.214190 -38.386434 -179.105410 -70.196654 179.300913
-49.421708 154.214354 -38.384951 -179.104540 -70.201303 179.300206
-49.419148 154.214518 -38.383468 -179.103667 -70.205953 179.299497
-49.416588 154.214683 -38.381985 -179.102796 -70.210601 179.298790
-49.414028 154.214848 -38.380502 -179.101922 -70.215250 179.298080
-49.411468 154.215012 -38.379019 -179.101051 -70.219900 179.297372
-49.408907 154.215177 -38.377536 -179.100176 -70.224548 179.296662
-49.406348 154.215342 -38.376054 -179.099304 -70.229198 179.295953
-49.403788 154.215506 -38.374571 -179.098432 -70.233848 179.295244
-49.401229 154.215670 -38.373089 -179.097559 -70.238497 179.294535
-49.398669 154.215834 -38.371607 -179.096683 -70.243146 179.293823
-49.396110 154.215998 -38.370126 -179.095810 -70.247796 179.293114
-49.393551 154.216163 -38.368644 -179.094936 -70.252446 179.292403
-49.390991 154.216327 -38.367162 -179.094062 -70.257096 179.291693
-49.388433 154.216491 -38.365681 -179.093190 -70.261746 179.290984
-49.385874 154.216655 -38.364200 -179.092315 -70.266396 179.290273
-49.383315 154.216819 -38.362719 -179.091440 -70.271047 179.289561
-49.380756 154.216983 -38.361238 -179.090564 -70.275696 179.288849
-49.378198 154.217147 -38.359758 -179.089688 -70.280347 179.288137
-49.375639 154.217311 -38.358277 -179.088815 -70.284998 179.287427
-49.373081 154.217475 -38.356797 -179.087938 -70.289647 179.286714
-49.370522 154.217639 -38.355317 -179.087064 -70.294298 179.286003
-49.367964 154.217803 -38.353838 -179.086186 -70.298949 179.285289
-49.365406 154.217967 -38.352358 -179.085312 -70.303599 179.284577
-49.362848 154.218130 -38.350878 -179.084436 -70.308251 179.283865
-49.360290 154.218294 -38.349398 -179.083558 -70.312902 179.283151
-49.357733 154.218457 -38.347919 -179.082682 -70.317552 179.282438
-49.355175 154.218621 -38.346440 -179.081806 -70.322204 179.281725
-49.352617 154.218784 -38.344961 -179.080929 -70.326855 179.281011
-49.350060 154.218948 -38.343483 -179.080052 -70.331506 179.280298
-49.347502 154.219112 -38.342005 -179.079174 -70.336158 179.279583
-49.344946 154.219274 -38.340526 -179.078297 -70.340809 179.278869
-49.342388 154.219438 -38.339048 -179.077419 -70.345460 179.278154
-49.339831 154.219601 -38.337571 -179.076540 -70.350112 179.277439
-49.337274 154.219765 -38.336093 -179.075661 -70.354764 179.276724
-49.334717 154.219927 -38.334614 -179.074785 -70.359415 179.276010
-49.332161 154.220091 -38.333138 -179.073905 -70.364068 179.275294
-49.329604 154.220254 -38.331660 -179.073026 -70.368720 179.274578
-49.327048 154.220417 -38.330183 -179.072148 -70.373372 179.273863
-49.324491 154.220580 -38.328707 -179.071268 -70.378024 179.273146
-49.321935 154.220743 -38.327229 -179.070389 -70.382676 179.272430
-49.319378 154.220906 -38.325753 -179.069511 -70.387328 179.271715
-49.316823 154.221069 -38.324277 -179.068629 -70.391981 179.270997
-49.314267 154.221232 -38.322800 -179.067750 -70.396633 179.270280
-49.311711 154.221394 -38.321324 -179.066870 -70.401286 179.269564
-49.309155 154.221557 -38.319848 -179.065990 -70.405938 179.268847
-49.306599 154.221721 -38.318372 -179.065110 -70.410591 179.268129
-49.304044 154.221883 -38.316897 -179.064229 -70.415245 179.267412
-49.301488 154.222046 -38.315421 -179.063349 -70.419897 179.266694
-49.298933 154.222209 -38.313946 -179.062467 -70.424550 179.265975
-49.296377 154.222371 -38.312471 -179.061585 -70.429204 179.265257
-49.293823 154.222533 -38.310997 -179.060703 -70.433856 179.264538
-49.291267 154.222695 -38.309522 -179.059824 -70.438510 179.263820
-49.288712 154.222858 -38.308047 -179.058941 -70.443163 179.263101
-49.286158 154.223021 -38.306573 -179.058058 -70.447817 179.262381
-49.283603 154.223183 -38.305099 -179.057177 -70.452470 179.261662
-49.281048 154.223345 -38.303625 -179.056293 -70.457124 179.260942
-49.278494 154.223507 -38.302151 -179.055412 -70.461778 179.260223
-49.275939 154.223670 -38.300677 -179.054527 -70.466431 179.259501
-49.273384 154.223832 -38.299204 -179.053645 -70.471086 179.258782
-49.270830 154.223994 -38.297730 -179.052763 -70.475739 179.258062
-49.268277 154.224156 -38.296257 -179.051880 -70.480394 179.257342
-49.265722 154.224318 -38.294785 -179.050994 -70.485047 179.256619
-49.263169 154.224480 -38.293311 -179.050110 -70.489702 179.255898
-49.260615 154.224642 -38.291839 -179.049226 -70.494357 179.255177
-49.258061 154.224804 -38.290367 -179.048342 -70.499011 179.254455
-49.255508 154.224965 -38.288894 -179.047457 -70.503665 179.253733
-49.252954 154.225128 -38.287422 -179.046572 -70.508320 179.253011
-49.250401 154.225290 -38.285950 -179.045690 -70.512975 179.252290
-49.247847 154.225451 -38.284479 -179.044804 -70.517629 179.251567
-49.245294 154.225613 -38.283007 -179.043918 -70.522284 179.250844
-49.242741 154.225774 -38.281535 -179.043034 -70.526939 179.250122
-49.240188 154.225936 -38.280065 -179.042147 -70.531594 179.249398
-49.237635 154.226097 -38.278594 -179.041260 -70.536249 179.248674
-49.235083 154.226259 -38.277123 -179.040375 -70.540904 179.247951
-49.232530 154.226420 -38.275651 -179.039490 -70.545560 179.247228
-49.229977 154.226582 -38.274182 -179.038602 -70.550215 179.246503
-49.227425 154.226743 -38.272711 -179.037716 -70.554871 179.245779
-49.224872 154.226905 -38.271241 -179.036830 -70.559526 179.245056
-49.222320 154.227066 -38.269771 -179.035943 -70.564182 179.244331
-49.219768 154.227228 -38.268301 -179.035054 -70.568837 179.243605
-49.217216 154.227388 -38.266831 -179.034166 -70.573494 179.242880
-49.214664 154.227549 -38.265362 -179.033279 -70.578149 179.242154
-49.212112 154.227711 -38.263893 -179.032391 -70.582806 179.241429
-49.209561 154.227871 -38.262424 -179.031502 -70.587461 179.240703
-49.207009 154.228033 -38.260954 -179.030616 -70.592118 179.239978
-49.204458 154.228194 -38.259485 -179.029727 -70.596774 179.239252
-49.201906 154.228355 -38.258017 -179.028838 -70.601430 179.238525
-49.199355 154.228516 -38.256548 -179.027948 -70.606086 179.237797
-49.196804 154.228677 -38.255080 -179.027061 -70.610743 179.237072
-49.194253 154.228837 -38.253613 -179.026170 -70.615399 179.236344
-49.191702 154.228998 -38.252144 -179.025282 -70.620057 179.235617
-49.189151 154.229159 -38.250677 -179.024391 -70.624713 179.234889
-49.186600 154.229319 -38.249209 -179.023502 -70.629369 179.234162
-49.184049 154.229481 -38.247741 -179.022613 -70.634027 179.233434
-49.181499 154.229641 -38.246275 -179.021720 -70.638683 179.232705
-49.178948 154.229801 -38.244807 -179.020830 -70.643341 179.231977
-49.176398 154.229962 -38.243340 -179.019940 -70.647998 179.231248
-49.173847 154.230122 -38.241874 -179.019049 -70.652656 179.230520
-49.171298 154.230283 -38.240407 -179.018158 -70.657312 179.229791
-49.168748 154.230443 -38.238941 -179.017267 -70.661970 179.229061
-49.166198 154.230603 -38.237474 -179.016375 -70.666628 179.228332
-49.163648 154.230764 -38.236008 -179.015483 -70.671286 179.227601
-49.161098 154.230924 -38.234543 -179.014590 -70.675943 179.226871
-49.158548 154.231084 -38.233078 -179.013700 -70.680600 179.226142
-49.155999 154.231245 -38.231611 -179.012807 -70.685259 179.225411
-49.153449 154.231404 -38.230146 -179.011914 -70.689916 179.224680
-49.150901 154.231564 -38.228681 -179.011022 -70.694575 179.223950
-49.148351 154.231725 -38.227216 -179.010128 -70.699233 179.223218
-49.145802 154.231885 -38.225751 -179.009236 -70.703892 179.222488
-49.143253 154.232044 -38.224287 -179.008341 -70.708549 179.221755
-49.140704 154.232205 -38.222822 -179.007448 -70.713207 179.221024
-49.138155 154.232364 -38.221359 -179.006555 -70.717866 179.220292
-49.135606 154.232524 -38.219894 -179.005659 -70.722525 179.219558
-49.133058 154.232684 -38.218430 -179.004765 -70.727184 179.218826
-49.130510 154.232844 -38.216966 -179.003871 -70.731842 179.218094
-49.127961 154.233003 -38.215502 -179.002977 -70.736501 179.217361
-49.125413 154.233162 -38.214039 -179.002082 -70.741160 179.216628
-49.122865 154.233323 -38.212576 -179.001187 -70.745819 179.215894
