60.461062 155.795280 47.956637 27.288456 41.742906 16.416115
60.456134 155.795173 47.956633 27.288449 41.742891 16.415677
60.451206 155.795066 47.956628 27.288441 41.742875 16.415240
60.446278 155.794959 47.956623 27.288434 41.742859 16.414803
60.441349 155.794853 47.956615 27.288427 41.742844 16.414367
60.436421 155.794746 47.956607 27.288420 41.742828 16.413930
60.431493 155.794639 47.956597 27.288413 41.742813 16.413493
60.426565 155.794532 47.956588 27.288406 41.742797 16.413057
60.421637 155.794425 47.956576 27.288398 41.742781 16.412621
60.416708 155.794318 47.956565 27.288391 41.742765 16.412185
60.411780 155.794211 47.956551 27.288383 41.742749 16.411749
60.406851 155.794104 47.956537 27.288376 41.742733 16.411313
60.401923 155.793998 47.956521 27.288368 41.742716 16.410877
60.396994 155.793890 47.956505 27.288361 41.742700 16.410442
60.392067 155.793783 47.956488 27.288353 41.742683 16.410006
60.387139 155.793677 47.956469 27.288345 41.742665 16.409571
60.382210 155.793569 47.956450 27.288337 41.742650 16.409135
60.377282 155.793463 47.956428 27.288329 41.742633 16.408700
60.372353 155.793356 47.956407 27.288320 41.742615 16.408265
60.367425 155.793249 47.956385 27.288313 41.742598 16.407829
60.362496 155.793142 47.956361 27.288305 41.742581 16.407395
60.357568 155.793035 47.956337 27.288297 41.742563 16.406961
60.352639 155.792928 47.956310 27.288289 41.742546 16.406527
60.347711 155.792821 47.956283 27.288280 41.742528 16.406092
60.342782 155.792714 47.956256 27.288272 41.742510 16.405658
60.337854 155.792607 47.956227 27.288263 41.742492 16.405222
60.332925 155.792500 47.956197 27.288254 41.742474 16.404789
60.327997 155.792393 47.956166 27.288246 41.742456 16.404355
60.323068 155.792286 47.956134 27.288237 41.742437 16.403921
60.318140 155.792178 47.956101 27.288229 41.742419 16.403488
60.313211 155.792071 47.956068 27.288221 41.742400 16.403054
60.308283 155.791964 47.956033 27.288212 41.742381 16.402620
60.303353 155.791858 47.955997 27.288202 41.742363 16.402187
60.298425 155.791751 47.955960 27.288193 41.742344 16.401753
60.293496 155.791644 47.955921 27.288185 41.742325 16.401320
60.288568 155.791537 47.955883 27.288176 41.742306 16.400887
60.283639 155.791429 47.955843 27.288167 41.742287 16.400455
60.278711 155.791323 47.955801 27.288158 41.742267 16.400023
60.273782 155.791215 47.955759 27.288148 41.742249 16.399589
60.268853 155.791108 47.955716 27.288139 41.742229 16.399157
60.263924 155.791002 47.955672 27.288130 41.742209 16.398725
60.258996 155.790894 47.955627 27.288121 41.742189 16.398293
60.254067 155.790787 47.955580 27.288112 41.742169 16.397861
60.249138 155.790680 47.955534 27.288101 41.742150 16.397428
60.244210 155.790573 47.955486 27.288092 41.742129 16.396995
60.239280 155.790465 47.955436 27.288082 41.742109 16.396564
60.234352 155.790359 47.955387 27.288073 41.742088 16.396133
60.229423 155.790252 47.955335 27.288063 41.742069 16.395701
60.224495 155.790145 47.955283 27.288053 41.742048 16.395270
60.219565 155.790037 47.955230 27.288043 41.742027 16.394838
60.214637 155.789930 47.955175 27.288034 41.742006 16.394407
60.209708 155.789823 47.955121 27.288024 41.741984 16.393976
60.204779 155.789716 47.955064 27.288013 41.741964 16.393545
60.199850 155.789609 47.955007 27.288003 41.741943 16.393115
60.194922 155.789502 47.954949 27.287993 41.741921 16.392684
60.189992 155.789394 47.954890 27.287984 41.741901 16.392254
60.185064 155.789287 47.954830 27.287973 41.741879 16.391822
60.180135 155.789180 47.954769 27.287963 41.741857 16.391393
60.175205 155.789073 47.954707 27.287953 41.741836 16.390963
60.170277 155.788966 47.954644 27.287941 41.741814 16.390531
60.165348 155.788859 47.954580 27.287931 41.741791 16.390101
60.160419 155.788751 47.954515 27.287921 41.741770 16.389673
60.155490 155.788645 47.954449 27.287911 41.741747 16.389243
60.150561 155.788537 47.954382 27.287899 41.741726 16.388812
60.145632 155.788429 47.954313 27.287889 41.741703 16.388383
60.140703 155.788323 47.954245 27.287878 41.741680 16.387954
60.135774 155.788215 47.954175 27.287867 41.741658 16.387525
60.130846 155.788108 47.954104 27.287856 41.741635 16.387096
60.125916 155.788000 47.954032 27.287846 41.741612 16.386667
60.120988 155.787894 47.953958 27.287834 41.741590 16.386238
60.116058 155.787787 47.953885 27.287823 41.741566 16.385810
60.111130 155.787679 47.953810 27.287813 41.741544 16.385381
60.106200 155.787572 47.953735 27.287802 41.741520 16.384953
60.101272 155.787465 47.953657 27.287790 41.741497 16.384524
60.096342 155.787358 47.953580 27.287779 41.741473 16.384096
60.091413 155.787251 47.953501 27.287768 41.741449 16.383668
60.086484 155.787143 47.953422 27.287756 41.741426 16.383240
60.081555 155.787036 47.953340 27.287745 41.741402 16.382812
60.076626 155.786929 47.953259 27.287733 41.741379 16.382384
60.071697 155.786822 47.953177 27.287722 41.741354 16.381956
60.066768 155.786714 47.953093 27.287710 41.741330 16.381530
60.061839 155.786607 47.953008 27.287698 41.741307 16.381102
60.056909 155.786499 47.952923 27.287687 41.741282 16.380675
60.051981 155.786392 47.952836 27.287676 41.741257 16.380248
60.047051 155.786285 47.952749 27.287663 41.741233 16.379820
60.042122 155.786178 47.952661 27.287652 41.741208 16.379394
60.037193 155.786071 47.952571 27.287640 41.741183 16.378968
60.032264 155.785963 47.952481 27.287628 41.741159 16.378540
60.027334 155.785856 47.952390 27.287616 41.741133 16.378115
60.022406 155.785749 47.952297 27.287603 41.741109 16.377687
60.017476 155.785641 47.952204 27.287592 41.741083 16.377261
60.012547 155.785534 47.952111 27.287580 41.741058 16.376836
60.007617 155.785426 47.952016 27.287567 41.741033 16.376409
60.002689 155.785319 47.951920 27.287555 41.741007 16.375984
59.997759 155.785212 47.951823 27.287542 41.740982 16.375558
59.992830 155.785105 47.951725 27.287530 41.740956 16.375133
59.987900 155.784997 47.951626 27.287518 41.740930 16.374708
59.982971 155.784890 47.951526 27.287505 41.740905 16.374282
59.978043 155.784783 47.951425 27.287493 41.740878 16.373857
59.973113 155.784676 47.951323 27.287480 41.740852 16.373431
59.968184 155.784568 47.951221 27.287467 41.740825 16.373007
59.963254 155.784461 47.951117 27.287454 41.740799 16.372581
59.958325 155.784354 47.951012 27.287442 41.740773 16.372157
59.953397 155.784246 47.950908 27.287428 41.740747 16.371732
59.948467 155.784139 47.950801 27.287416 41.740720 16.371308
59.943538 155.784031 47.950693 27.287404 41.740693 16.370883
59.938608 155.783925 47.950586 27.287390 41.740666 16.370459
59.933679 155.783817 47.950476 27.287378 41.740639 16.370035
59.928750 155.783710 47.950366 27.287364 41.740612 16.369611
59.923820 155.783602 47.950255 27.287352 41.740585 16.369188
59.918891 155.783495 47.950143 27.287338 41.740558 16.368763
59.913961 155.783387 47.950030 27.287325 41.740530 16.368341
59.909032 155.783281 47.949916 27.287311 41.740503 16.367917
59.904103 155.783173 47.949801 27.287298 41.740475 16.367494
59.899173 155.783066 47.949686 27.287284 41.740448 16.367070
59.894244 155.782958 47.949569 27.287271 41.740420 16.366647
59.889315 155.782851 47.949452 27.287257 41.740392 16.366224
59.884385 155.782744 47.949333 27.287244 41.740364 16.365802
59.879456 155.782636 47.949214 27.287230 41.740336 16.365379
59.874527 155.782529 47.949094 27.287217 41.740308 16.364956
59.869597 155.782422 47.948972 27.287203 41.740280 16.364534
59.864668 155.782314 47.948850 27.287190 41.740252 16.364112
59.859739 155.782206 47.948727 27.287175 41.740223 16.363689
59.854809 155.782099 47.948603 27.287162 41.740194 16.363267
59.849880 155.781992 47.948478 27.287147 41.740165 16.362846
59.844951 155.781884 47.948352 27.287134 41.740137 16.362424
59.840022 155.781777 47.948226 27.287120 41.740108 16.362002
59.835091 155.781670 47.948098 27.287106 41.740078 16.361581
59.830162 155.781563 47.947969 27.287091 41.740049 16.361159
59.825233 155.781455 47.947840 27.287077 41.740020 16.360738
59.820304 155.781348 47.947710 27.287063 41.739991 16.360317
59.815374 155.781240 47.947578 27.287048 41.739962 16.359896
59.810445 155.781133 47.947447 27.287034 41.739932 16.359475
59.805515 155.781026 47.947314 27.287020 41.739903 16.359054
59.800586 155.780918 47.947179 27.287006 41.739873 16.358634
59.795656 155.780811 47.947044 27.286991 41.739844 16.358213
59.790727 155.780703 47.946908 27.286977 41.739813 16.357793
59.785798 155.780596 47.946772 27.286962 41.739783 16.357372
59.780868 155.780488 47.946635 27.286947 41.739753 16.356952
59.775939 155.780381 47.946496 27.286933 41.739723 16.356533
59.771010 155.780274 47.946356 27.286918 41.739693 16.356113
59.766079 155.780166 47.946216 27.286903 41.739662 16.355693
59.761150 155.780059 47.946075 27.286888 41.739632 16.355273
59.756221 155.779952 47.945933 27.286873 41.739601 16.354854
59.751292 155.779845 47.945790 27.286859 41.739571 16.354435
59.746362 155.779736 47.945647 27.286843 41.739540 16.354015
59.741433 155.779629 47.945501 27.286829 41.739509 16.353597
59.736503 155.779522 47.945356 27.286813 41.739478 16.353177
59.731573 155.779414 47.945210 27.286798 41.739447 16.352758
59.726644 155.779307 47.945062 27.286783 41.739416 16.352340
59.721714 155.779199 47.944914 27.286768 41.739385 16.351921
59.716785 155.779092 47.944764 27.286752 41.739354 16.351503
59.711855 155.778985 47.944615 27.286737 41.739322 16.351085
59.706926 155.778878 47.944464 27.286722 41.739291 16.350666
59.701997 155.778770 47.944313 27.286707 41.739259 16.350249
59.697067 155.778662 47.944159 27.286691 41.739227 16.349831
59.692138 155.778556 47.944006 27.286675 41.739195 16.349412
59.687208 155.778448 47.943852 27.286660 41.739163 16.348995
59.682279 155.778341 47.943696 27.286644 41.739131 16.348578
59.677349 155.778233 47.943540 27.286628 41.739099 16.348160
59.672420 155.778125 47.943382 27.286613 41.739067 16.347743
59.667490 155.778018 47.943225 27.286597 41.739034 16.347326
59.662561 155.777911 47.943066 27.286581 41.739002 16.346909
59.657631 155.777803 47.942906 27.286566 41.738969 16.346492
59.652701 155.777696 47.942746 27.286549 41.738938 16.346076
59.647772 155.777589 47.942584 27.286533 41.738905 16.345659
59.642842 155.777481 47.942422 27.286518 41.738872 16.345243
59.637914 155.777374 47.942259 27.286501 41.738839 16.344826
59.632984 155.777267 47.942096 27.286485 41.738806 16.344410
59.628054 155.777159 47.941931 27.286470 41.738773 16.343995
59.623125 155.777052 47.941765 27.286453 41.738739 16.343577
59.618195 155.776945 47.941598 27.286436 41.738706 16.343161
59.613266 155.776837 47.941430 27.286420 41.738674 16.342746
59.608336 155.776730 47.941263 27.286404 41.738640 16.342331
59.603407 155.776622 47.941093 27.286387 41.738606 16.341915
59.598478 155.776515 47.940923 27.286370 41.738572 16.341500
59.593548 155.776407 47.940752 27.286355 41.738539 16.341085
59.588618 155.776300 47.940581 27.286338 41.738505 16.340670
59.583688 155.776193 47.940408 27.286321 41.738472 16.340255
59.578760 155.776085 47.940234 27.286304 41.738437 16.339839
59.573830 155.775977 47.940060 27.286288 41.738403 16.339426
59.568900 155.775871 47.939885 27.286271 41.738369 16.339012
59.563970 155.775763 47.939709 27.286254 41.738334 16.338596
59.559042 155.775656 47.939532 27.286237 41.738301 16.338182
59.554112 155.775548 47.939355 27.286221 41.738266 16.337768
59.549182 155.775441 47.939176 27.286204 41.738231 16.337355
59.544253 155.775333 47.938997 27.286186 41.738196 16.336940
59.539323 155.775226 47.938816 27.286169 41.738162 16.336527
59.534393 155.775119 47.938636 27.286153 41.738127 16.336114
59.529465 155.775012 47.938454 27.286136 41.738092 16.335700
59.524535 155.774904 47.938271 27.286118 41.738057 16.335287
59.519605 155.774796 47.938087 27.286101 41.738023 16.334873
59.514676 155.774689 47.937903 27.286084 41.737987 16.334460
59.509746 155.774582 47.937717 27.286067 41.737952 16.334048
59.504817 155.774474 47.937531 27.286049 41.737916 16.333635
59.499887 155.774367 47.937345 27.286032 41.737881 16.333222
59.494958 155.774260 47.937157 27.286015 41.737845 16.332810
59.490028 155.774152 47.936969 27.285998 41.737810 16.332397
59.485099 155.774045 47.936780 27.285980 41.737774 16.331985
59.480169 155.773937 47.936589 27.285962 41.737738 16.331573
59.475240 155.773830 47.936398 27.285944 41.737702 16.331161
59.470310 155.773723 47.936206 27.285927 41.737666 16.330750
59.465381 155.773615 47.936013 27.285909 41.737630 16.330338
59.460451 155.773508 47.935820 27.285891 41.737594 16.329926
59.455522 155.773401 47.935625 27.285873 41.737558 16.329515
59.450592 155.773293 47.935430 27.285855 41.737522 16.329103
59.445663 155.773186 47.935234 27.285837 41.737485 16.328692
59.440734 155.773078 47.935037 27.285820 41.737448 16.328281
59.435804 155.772971 47.934840 27.285802 41.737412 16.327870
59.430875 155.772863 47.934642 27.285784 41.737375 16.327459
59.425946 155.772756 47.934442 27.285766 41.737339 16.327049
59.421016 155.772649 47.934242 27.285748 41.737302 16.326638
59.416087 155.772541 47.934041 27.285729 41.737265 16.326228
59.411157 155.772434 47.933839 27.285712 41.737228 16.325818
59.406227 155.772327 47.933637 27.285693 41.737190 16.325408
59.401298 155.772220 47.933434 27.285675 41.737154 16.324998
59.396369 155.772113 47.933229 27.285656 41.737116 16.324587
59.391440 155.772005 47.933025 27.285638 41.737079 16.324178
59.386510 155.771898 47.932819 27.285619 41.737041 16.323768
59.381580 155.771791 47.932612 27.285602 41.737003 16.323360
59.376651 155.771683 47.932405 27.285583 41.736966 16.322950
59.371722 155.771576 47.932197 27.285564 41.736928 16.322541
59.366792 155.771468 47.931987 27.285546 41.736891 16.322132
59.361863 155.771361 47.931778 27.285527 41.736853 16.321723
59.356934 155.771253 47.931567 27.285508 41.736815 16.321314
59.352005 155.771147 47.931356 27.285489 41.736777 16.320905
59.347074 155.771039 47.931143 27.285470 41.736739 16.320496
59.342145 155.770931 47.930931 27.285451 41.736700 16.320088
59.337216 155.770825 47.930717 27.285433 41.736662 16.319681
59.332286 155.770717 47.930502 27.285415 41.736624 16.319272
59.327357 155.770610 47.930287 27.285396 41.736586 16.318865
59.322428 155.770502 47.930070 27.285377 41.736547 16.318457
59.317498 155.770395 47.929854 27.285357 41.736508 16.318049
59.312569 155.770288 47.929636 27.285338 41.736469 16.317641
59.307639 155.770180 47.929417 27.285319 41.736431 16.317234
59.302711 155.770073 47.929198 27.285300 41.736391 16.316827
59.297782 155.769966 47.928978 27.285280 41.736353 16.316419
59.292852 155.769858 47.928758 27.285261 41.736314 16.316012
59.287923 155.769751 47.928535 27.285242 41.736275 16.315605
59.282993 155.769644 47.928313 27.285224 41.736235 16.315199
59.278064 155.769537 47.928090 27.285204 41.736196 16.314793
59.273134 155.769429 47.927866 27.285185 41.736156 16.314386
59.268206 155.769322 47.927641 27.285165 41.736117 16.313980
59.263276 155.769215 47.927416 27.285146 41.736078 16.313574
59.258347 155.769107 47.927189 27.285126 41.736038 16.313168
59.253417 155.769001 47.926962 27.285106 41.735998 16.312762
59.248488 155.768894 47.926734 27.285087 41.735959 16.312356
59.243559 155.768786 47.926506 27.285067 41.735918 16.311951
59.238629 155.768679 47.926276 27.285047 41.735879 16.311545
59.233701 155.768572 47.926046 27.285027 41.735838 16.311139
59.228771 155.768464 47.925815 27.285007 41.735798 16.310734
59.223841 155.768357 47.925583 27.284988 41.735759 16.310329
59.218913 155.768250 47.925350 27.284968 41.735718 16.309924
59.213983 155.768142 47.925117 27.284948 41.735678 16.309520
59.209054 155.768036 47.924883 27.284928 41.735638 16.309115
59.204125 155.767928 47.924649 27.284907 41.735596 16.308710
59.199195 155.767821 47.924413 27.284888 41.735556 16.308306
59.194267 155.767714 47.924176 27.284868 41.735516 16.307901
59.189338 155.767606 47.923940 27.284847 41.735474 16.307498
59.184408 155.767499 47.923702 27.284827 41.735434 16.307093
59.179479 155.767392 47.923463 27.284807 41.735393 16.306690
59.174549 155.767285 47.923223 27.284787 41.735352 16.306287
59.169621 155.767178 47.922984 27.284767 41.735311 16.305883
59.164691 155.767071 47.922742 27.284746 41.735270 16.305479
59.159762 155.766964 47.922500 27.284726 41.735228 16.305076
59.154833 155.766856 47.922259 27.284705 41.735187 16.304672
59.149904 155.766749 47.922015 27.284685 41.735146 16.304270
59.144975 155.766642 47.921772 27.284665 41.735104 16.303867
59.140046 155.766535 47.921526 27.284644 41.735062 16.303464
59.135117 155.766428 47.921282 27.284623 41.735021 16.303062
59.130187 155.766320 47.921035 27.284603 41.734980 16.302659
59.125258 155.766213 47.920788 27.284582 41.734937 16.302256
59.120329 155.766106 47.920540 27.284561 41.734895 16.301854
59.115401 155.765999 47.920292 27.284541 41.734854 16.301453
59.110472 155.765892 47.920043 27.284520 41.734812 16.301051
59.105542 155.765785 47.919793 27.284499 41.734769 16.300649
59.100613 155.765678 47.919543 27.284479 41.734727 16.300247
59.095684 155.765570 47.919292 27.284458 41.734685 16.299846
59.090755 155.765464 47.919039 27.284437 41.734643 16.299445
59.085826 155.765356 47.918786 27.284416 41.734600 16.299044
59.080897 155.765249 47.918533 27.284395 41.734558 16.298643
59.075968 155.765142 47.918278 27.284374 41.734515 16.298242
59.071039 155.765034 47.918023 27.284353 41.734473 16.297841
59.066110 155.764928 47.917767 27.284332 41.734429 16.297441
59.061181 155.764821 47.917511 27.284310 41.734388 16.297039
59.056252 155.764714 47.917254 27.284289 41.734344 16.296639
59.051323 155.764607 47.916995 27.284267 41.734301 16.296239
59.046395 155.764500 47.916737 27.284247 41.734259 16.295839
59.041465 155.764393 47.916477 27.284225 41.734216 16.295439
59.036536 155.764285 47.916217 27.284204 41.734173 16.295039
59.031607 155.764178 47.915956 27.284183 41.734129 16.294640
59.026678 155.764071 47.915695 27.284161 41.734085 16.294240
59.021750 155.763964 47.915433 27.284140 41.734042 16.293841
59.016821 155.763858 47.915169 27.284119 41.733999 16.293442
59.011892 155.763750 47.914906 27.284098 41.733956 16.293043
59.006962 155.763643 47.914641 27.284075 41.733912 16.292642
59.002034 155.763536 47.914376 27.284053 41.733869 16.292244
58.997105 155.763429 47.914110 27.284032 41.733824 16.291846
58.992177 155.763322 47.913843 27.284010 41.733780 16.291447
58.987248 155.763215 47.913576 27.283988 41.733736 16.291049
58.982318 155.763108 47.913307 27.283967 41.733693 16.290651
58.977390 155.763001 47.913039 27.283945 41.733649 16.290252
58.972461 155.762895 47.912770 27.283924 41.733605 16.289855
58.967532 155.762787 47.912499 27.283902 41.733561 16.289458
58.962603 155.762680 47.912228 27.283879 41.733516 16.289058
58.957675 155.762573 47.911956 27.283857 41.733472 16.288661
58.952746 155.762467 47.911685 27.283835 41.733428 16.288264
58.947817 155.762359 47.911411 27.283813 41.733382 16.287866
58.942889 155.762252 47.911137 27.283791 41.733338 16.287470
58.937959 155.762145 47.910864 27.283769 41.733293 16.287072
58.933031 155.762038 47.910588 27.283748 41.733249 16.286676
58.928103 155.761931 47.910312 27.283724 41.733204 16.286278
58.923174 155.761824 47.910036 27.283702 41.733159 16.285883
58.918245 155.761717 47.909758 27.283680 41.733114 16.285486
58.913316 155.761610 47.909481 27.283658 41.733069 16.285089
58.908388 155.761504 47.909202 27.283636 41.733024 16.284693
58.903459 155.761397 47.908923 27.283614 41.732979 16.284298
58.898531 155.761290 47.908643 27.283590 41.732934 16.283901
58.893602 155.761183 47.908361 27.283568 41.732889 16.283505
58.888674 155.761076 47.908080 27.283546 41.732844 16.283111
58.883744 155.760969 47.907798 27.283523 41.732798 16.282715
58.878816 155.760863 47.907515 27.283501 41.732753 16.282320
58.873887 155.760756 47.907232 27.283479 41.732707 16.281925
58.868959 155.760649 47.906948 27.283455 41.732662 16.281529
58.864030 155.760542 47.906663 27.283433 41.732616 16.281134
58.859103 155.760435 47.906377 27.283410 41.732570 16.280739
58.854174 155.760329 47.906091 27.283388 41.732524 16.280345
58.849245 155.760221 47.905804 27.283366 41.732479 16.279952
58.844317 155.760115 47.905516 27.283342 41.732433 16.279557
58.839388 155.760008 47.905228 27.283319 41.732387 16.279163
58.834459 155.759901 47.904939 27.283296 41.732340 16.278768
58.829532 155.759794 47.904650 27.283274 41.732294 16.278374
58.824603 155.759688 47.904359 27.283251 41.732248 16.277981
58.819674 155.759580 47.904068 27.283227 41.732202 16.277587
58.814746 155.759473 47.903777 27.283204 41.732155 16.277193
58.809818 155.759367 47.903485 27.283182 41.732109 16.276800
58.804889 155.759261 47.903192 27.283159 41.732062 16.276408
58.799961 155.759154 47.902897 27.283136 41.732016 16.276015
58.795033 155.759047 47.902603 27.283112 41.731970 16.275621
58.790104 155.758940 47.902308 27.283089 41.731923 16.275228
58.785176 155.758833 47.902012 27.283066 41.731876 16.274836
58.780247 155.758727 47.901716 27.283043 41.731829 16.274444
58.775320 155.758620 47.901419 27.283019 41.731782 16.274051
58.770392 155.758514 47.901121 27.282996 41.731735 16.273659
58.765463 155.758407 47.900823 27.282973 41.731688 16.273267
58.760535 155.758300 47.900524 27.282950 41.731641 16.272876
58.755606 155.758193 47.900224 27.282926 41.731595 16.272484
58.750678 155.758087 47.899924 27.282902 41.731547 16.272092
58.745750 155.757980 47.899623 27.282879 41.731500 16.271701
58.740823 155.757873 47.899321 27.282856 41.731452 16.271309
58.735894 155.757767 47.899019 27.282832 41.731405 16.270918
58.730966 155.757660 47.898716 27.282808 41.731357 16.270528
58.726038 155.757553 47.898412 27.282785 41.731310 16.270136
58.721110 155.757447 47.898107 27.282762 41.731262 16.269746
58.716182 155.757340 47.897803 27.282737 41.731215 16.269355
58.711254 155.757234 47.897498 27.282714 41.731167 16.268965
58.706326 155.757127 47.897191 27.282690 41.731119 16.268575
58.701398 155.757020 47.896884 27.282667 41.731071 16.268184
58.696470 155.756914 47.896576 27.282642 41.731023 16.267794
58.691542 155.756807 47.896269 27.282619 41.730975 16.267404
58.686614 155.756700 47.895960 27.282595 41.730927 16.267015
58.681685 155.756594 47.895650 27.282570 41.730879 16.266625
58.676757 155.756488 47.895340 27.282547 41.730831 16.266236
58.671829 155.756381 47.895030 27.282523 41.730783 16.265847
58.666901 155.756274 47.894718 27.282499 41.730734 16.265458
58.661973 155.756168 47.894406 27.282474 41.730686 16.265068
58.657046 155.756061 47.894093 27.282451 41.730638 16.264680
58.652118 155.755954 47.893780 27.282427 41.730589 16.264291
58.647190 155.755848 47.893466 27.282402 41.730540 16.263902
58.642262 155.755742 47.893151 27.282378 41.730491 16.263514
58.637334 155.755635 47.892836 27.282355 41.730444 16.263127
58.632406 155.755529 47.892520 27.282330 41.730395 16.262738
58.627479 155.755423 47.892203 27.282306 41.730346 16.262350
58.622551 155.755316 47.891887 27.282281 41.730296 16.261962
58.617623 155.755209 47.891569 27.282256 41.730248 16.261574
58.612695 155.755103 47.891251 27.282232 41.730199 16.261186
58.607768 155.754997 47.890931 27.282209 41.730150 16.260800
58.602839 155.754891 47.890612 27.282183 41.730101 16.260412
58.597912 155.754784 47.890292 27.282159 41.730052 16.260026
58.592985 155.754678 47.889971 27.282135 41.730002 16.259638
58.588057 155.754570 47.889650 27.282110 41.729953 16.259251
58.583129 155.754465 47.889327 27.282086 41.729904 16.258865
58.578202 155.754358 47.889004 27.282062 41.729855 16.258479
58.573274 155.754252 47.888681 27.282036 41.729805 16.258092
58.568346 155.754145 47.888357 27.282012 41.729755 16.257706
58.563419 155.754040 47.888032 27.281988 41.729706 16.257320
58.558491 155.753933 47.887708 27.281962 41.729656 16.256933
58.553564 155.753826 47.887382 27.281938 41.729606 16.256548
58.548636 155.753721 47.887055 27.281913 41.729556 16.256163
58.543709 155.753614 47.886728 27.281888 41.729507 16.255777
58.538781 155.753507 47.886401 27.281864 41.729457 16.255392
58.533854 155.753401 47.886071 27.281839 41.729407 16.255007
58.528926 155.753295 47.885743 27.281813 41.729357 16.254621
58.523999 155.753189 47.885413 27.281789 41.729307 16.254237
58.519071 155.753083 47.885084 27.281764 41.729256 16.253853
58.514144 155.752976 47.884753 27.281739 41.729207 16.253468
58.509217 155.752870 47.884422 27.281714 41.729156 16.253083
58.504290 155.752764 47.884089 27.281688 41.729107 16.252698
58.499362 155.752658 47.883758 27.281664 41.729056 16.252315
58.494434 155.752552 47.883425 27.281639 41.729005 16.251930
58.489508 155.752445 47.883090 27.281613 41.728955 16.251546
58.484580 155.752339 47.882756 27.281589 41.728905 16.251163
58.479653 155.752233 47.882421 27.281563 41.728854 16.250780
58.474726 155.752127 47.882085 27.281538 41.728804 16.250396
58.469799 155.752021 47.881749 27.281513 41.728753 16.250014
58.464872 155.751915 47.881413 27.281487 41.728701 16.249629
58.459945 155.751808 47.881075 27.281462 41.728651 16.249247
58.455017 155.751702 47.880737 27.281436 41.728600 16.248863
58.450090 155.751597 47.880399 27.281412 41.728549 16.248482
58.445163 155.751490 47.880061 27.281386 41.728498 16.248099
58.440236 155.751384 47.879720 27.281360 41.728447 16.247716
58.435309 155.751277 47.879381 27.281335 41.728396 16.247334
58.430382 155.751172 47.879040 27.281309 41.728345 16.246952
58.425455 155.751065 47.878698 27.281284 41.728293 16.246570
58.420528 155.750960 47.878356 27.281259 41.728243 16.246189
58.415601 155.750854 47.878013 27.281233 41.728191 16.245807
58.410674 155.750747 47.877670 27.281208 41.728140 16.245425
58.405747 155.750642 47.877327 27.281181 41.728088 16.245044
58.400820 155.750536 47.876982 27.281156 41.728037 16.244663
58.395893 155.750429 47.876637 27.281130 41.727986 16.244282
58.390966 155.750323 47.876292 27.281105 41.727934 16.243901
58.386040 155.750218 47.875946 27.281079 41.727882 16.243521
58.381113 155.750112 47.875599 27.281053 41.727830 16.243139
58.376186 155.750006 47.875252 27.281028 41.727779 16.242760
58.371259 155.749900 47.874904 27.281001 41.727727 16.242379
58.366333 155.749794 47.874555 27.280976 41.727676 16.241999
58.361406 155.749688 47.874207 27.280949 41.727623 16.241619
58.356479 155.749582 47.873857 27.280924 41.727572 16.241240
58.351553 155.749476 47.873508 27.280897 41.727519 16.240859
58.346626 155.749370 47.873157 27.280872 41.727467 16.240480
58.341699 155.749265 47.872805 27.280847 41.727415 16.240101
58.336773 155.749159 47.872454 27.280820 41.727363 16.239722
58.331846 155.749052 47.872101 27.280795 41.727311 16.239343
58.326919 155.748947 47.871749 27.280768 41.727258 16.238964
58.321992 155.748841 47.871395 27.280742 41.727206 16.238585
58.317066 155.748735 47.871041 27.280716 41.727154 16.238206
58.312139 155.748629 47.870687 27.280690 41.727102 16.237828
58.307213 155.748523 47.870331 27.280663 41.727049 16.237449
58.302287 155.748418 47.869976 27.280638 41.726997 16.237071
58.297361 155.748312 47.869619 27.280611 41.726944 16.236693
58.292433 155.748206 47.869263 27.280585 41.726892 16.236315
58.287507 155.748100 47.868906 27.280558 41.726839 16.235937
58.282581 155.747995 47.868548 27.280533 41.726786 16.235560
58.277655 155.747889 47.868189 27.280506 41.726734 16.235182
58.272728 155.747784 47.867830 27.280480 41.726681 16.234806
58.267802 155.747677 47.867471 27.280453 41.726628 16.234428
58.262876 155.747572 47.867110 27.280427 41.726575 16.234052
58.257950 155.747466 47.866750 27.280400 41.726522 16.233674
58.253023 155.747360 47.866389 27.280374 41.726469 16.233298
58.248097 155.747255 47.866027 27.280347 41.726416 16.232922
58.243171 155.747150 47.865665 27.280321 41.726362 16.232545
58.238244 155.747044 47.865301 27.280294 41.726310 16.232168
58.233319 155.746938 47.864938 27.280268 41.726256 16.231793
58.228393 155.746832 47.864575 27.280241 41.726203 16.231417
58.223466 155.746727 47.864211 27.280215 41.726149 16.231042
58.218541 155.746621 47.863845 27.280188 41.726096 16.230665
58.213614 155.746515 47.863480 27.280162 41.726042 16.230290
58.208688 155.746410 47.863114 27.280134 41.725989 16.229915
58.203763 155.746304 47.862748 27.280108 41.725936 16.229540
58.198836 155.746199 47.862380 27.280081 41.725882 16.229165
58.193911 155.746093 47.862012 27.280055 41.725829 16.228790
58.188984 155.745988 47.861644 27.280028 41.725775 16.228415
58.184059 155.745883 47.861276 27.280001 41.725721 16.228040
58.179133 155.745777 47.860907 27.279974 41.725668 16.227666
58.174206 155.745672 47.860537 27.279948 41.725614 16.227293
58.169281 155.745566 47.860166 27.279920 41.725560 16.226918
58.164355 155.745461 47.859795 27.279894 41.725506 16.226544
58.159430 155.745356 47.859424 27.279866 41.725452 16.226171
58.154504 155.745250 47.859052 27.279840 41.725398 16.225797
58.149579 155.745145 47.858680 27.279813 41.725344 16.225423
58.144653 155.745040 47.858307 27.279785 41.725290 16.225050
58.139727 155.744934 47.857934 27.279759 41.725236 16.224677
58.134802 155.744829 47.857560 27.279731 41.725182 16.224304
58.129876 155.744723 47.857186 27.279705 41.725128 16.223931
58.124950 155.744618 47.856811 27.279677 41.725073 16.223558
58.120025 155.744512 47.856435 27.279651 41.725019 16.223186
58.115099 155.744408 47.856059 27.279623 41.724965 16.222814
58.110173 155.744302 47.855683 27.279596 41.724910 16.222441
58.105248 155.744196 47.855306 27.279569 41.724856 16.222069
58.100322 155.744092 47.854928 27.279541 41.724802 16.221697
