-8.427657 158.577028 43.756331 34.165486 53.564846 24.131471
-8.431097 158.577249 43.755341 34.168221 53.568489 24.133786
-8.434537 158.577469 43.754351 34.170956 53.572131 24.136102
-8.437977 158.577691 43.753360 34.173692 53.575774 24.138420
-8.441416 158.577912 43.752369 34.176429 53.579417 24.140738
-8.444854 158.578132 43.751379 34.179167 53.583061 24.143056
-8.448293 158.578354 43.750388 34.181905 53.586705 24.145376
-8.451729 158.578574 43.749397 34.184644 53.590350 24.147695
-8.455166 158.578795 43.748405 34.187385 53.593995 24.150016
-8.458603 158.579016 43.747415 34.190125 53.597640 24.152338
-8.462039 158.579237 43.746423 34.192867 53.601286 24.154660
-8.465474 158.579458 43.745432 34.195611 53.604931 24.156983
-8.468908 158.579678 43.744440 34.198354 53.608578 24.159306
-8.472343 158.579900 43.743449 34.201099 53.612225 24.161631
-8.475776 158.580120 43.742457 34.203843 53.615872 24.163956
-8.479210 158.580341 43.741465 34.206589 53.619519 24.166282
-8.482643 158.580561 43.740473 34.209336 53.623167 24.168607
-8.486075 158.580783 43.739481 34.212083 53.626816 24.170934
-8.489506 158.581003 43.738489 34.214831 53.630465 24.173262
-8.492937 158.581224 43.737496 34.217581 53.634114 24.175591
-8.496368 158.581444 43.736504 34.220330 53.637763 24.177919
-8.499797 158.581665 43.735512 34.223081 53.641413 24.180249
-8.503227 158.581885 43.734519 34.225832 53.645063 24.182579
-8.506655 158.582106 43.733527 34.228584 53.648714 24.184910
-8.510084 158.582326 43.732534 34.231337 53.652365 24.187242
-8.513512 158.582547 43.731540 34.234092 53.656017 24.189575
-8.516938 158.582767 43.730547 34.236846 53.659668 24.191908
-8.520365 158.582987 43.729555 34.239601 53.663320 24.194241
-8.523791 158.583208 43.728562 34.242358 53.666973 24.196576
-8.527218 158.583428 43.727568 34.245115 53.670626 24.198912
-8.530642 158.583649 43.726574 34.247873 53.674279 24.201248
-8.534066 158.583869 43.725581 34.250631 53.677933 24.203584
-8.537491 158.584090 43.724588 34.253391 53.681587 24.205922
-8.540915 158.584310 43.723594 34.256152 53.685242 24.208260
-8.544337 158.584530 43.722600 34.258915 53.688896 24.210599
-8.547759 158.584751 43.721606 34.261676 53.692551 24.212938
-8.551181 158.584971 43.720612 34.264439 53.696207 24.215279
-8.554603 158.585191 43.719618 34.267202 53.699862 24.217620
-8.558024 158.585411 43.718624 34.269967 53.703519 24.219961
-8.561444 158.585631 43.717629 34.272732 53.707175 24.222304
-8.564864 158.585852 43.716635 34.275498 53.710832 24.224646
-8.568283 158.586072 43.715640 34.278266 53.714490 24.226991
-8.571702 158.586291 43.714646 34.281033 53.718147 24.229334
-8.575120 158.586512 43.713651 34.283802 53.721806 24.231680
-8.578538 158.586732 43.712656 34.286570 53.725464 24.234025
-8.581955 158.586952 43.711661 34.289341 53.729124 24.236372
-8.585371 158.587171 43.710666 34.292112 53.732783 24.238719
-8.588787 158.587392 43.709671 34.294884 53.736443 24.241067
-8.592203 158.587612 43.708676 34.297656 53.740102 24.243416
-8.595617 158.587831 43.707681 34.300429 53.743763 24.245765
-8.599032 158.588052 43.706684 34.303204 53.747424 24.248115
-8.602445 158.588271 43.705689 34.305979 53.751085 24.250465
-8.605858 158.588491 43.704693 34.308755 53.754747 24.252817
-8.609271 158.588711 43.703698 34.311531 53.758409 24.255169
-8.612683 158.588931 43.702702 34.314309 53.762072 24.257522
-8.616096 158.589151 43.701706 34.317087 53.765734 24.259876
-8.619506 158.589370 43.700709 34.319868 53.769397 24.262230
-8.622917 158.589590 43.699713 34.322648 53.773060 24.264585
-8.626327 158.589810 43.698717 34.325429 53.776724 24.266941
-8.629737 158.590030 43.697720 34.328210 53.780389 24.269298
-8.633145 158.590249 43.696724 34.330992 53.784053 24.271654
-8.636554 158.590469 43.695728 34.333776 53.787718 24.274012
-8.639962 158.590688 43.694732 34.336559 53.791383 24.276370
-8.643369 158.590908 43.693734 34.339344 53.795048 24.278729
-8.646776 158.591128 43.692737 34.342130 53.798715 24.281089
-8.650183 158.591347 43.691740 34.344917 53.802382 24.283450
-8.653588 158.591566 43.690743 34.347704 53.806048 24.285811
-8.656994 158.591786 43.689746 34.350492 53.809716 24.288173
-8.660399 158.592005 43.688748 34.353281 53.813383 24.290536
-8.663802 158.592226 43.687751 34.356071 53.817051 24.292900
-8.667206 158.592445 43.686753 34.358861 53.820719 24.295263
-8.670609 158.592664 43.685756 34.361653 53.824388 24.297629
-8.674011 158.592883 43.684758 34.364445 53.828057 24.299994
-8.677414 158.593103 43.683761 34.367238 53.831727 24.302360
-8.680815 158.593322 43.682762 34.370032 53.835396 24.304727
-8.684216 158.593541 43.681765 34.372826 53.839066 24.307095
-8.687617 158.593760 43.680766 34.375622 53.842737 24.309463
-8.691017 158.593979 43.679769 34.378418 53.846408 24.311832
-8.694416 158.594199 43.678770 34.381215 53.850079 24.314201
-8.697815 158.594419 43.677771 34.384015 53.853751 24.316573
-8.701213 158.594638 43.676773 34.386814 53.857423 24.318945
-8.704611 158.594857 43.675774 34.389613 53.861094 24.321317
-8.708008 158.595076 43.674775 34.392414 53.864767 24.323688
-8.711404 158.595295 43.673777 34.395215 53.868441 24.326062
-8.714801 158.595514 43.672778 34.398017 53.872114 24.328436
-8.718197 158.595733 43.671778 34.400820 53.875788 24.330811
-8.721591 158.595952 43.670780 34.403624 53.879462 24.333187
-8.724986 158.596171 43.669781 34.406428 53.883137 24.335562
-8.728380 158.596390 43.668781 34.409234 53.886812 24.337940
-8.731773 158.596609 43.667781 34.412040 53.890487 24.340316
-8.735167 158.596828 43.666782 34.414847 53.894163 24.342695
-8.738559 158.597047 43.665783 34.417655 53.897839 24.345074
-8.741950 158.597266 43.664783 34.420463 53.901515 24.347454
-8.745342 158.597485 43.663783 34.423273 53.905192 24.349834
-8.748732 158.597704 43.662783 34.426083 53.908869 24.352215
-8.752123 158.597923 43.661782 34.428894 53.912547 24.354597
-8.755513 158.598141 43.660783 34.431707 53.916225 24.356980
-8.758902 158.598359 43.659783 34.434519 53.919903 24.359363
-8.762290 158.598578 43.658783 34.437333 53.923581 24.361747
-8.765678 158.598797 43.657782 34.440147 53.927260 24.364131
-8.769066 158.599016 43.656781 34.442963 53.930940 24.366517
-8.772453 158.599234 43.655781 34.445779 53.934620 24.368904
-8.775840 158.599453 43.654780 34.448597 53.938299 24.371291
-8.779225 158.599672 43.653779 34.451415 53.941980 24.373678
-8.782611 158.599891 43.652778 34.454233 53.945660 24.376067
-8.785996 158.600110 43.651777 34.457052 53.949341 24.378456
-8.789380 158.600328 43.650776 34.459872 53.953023 24.380845
-8.792764 158.600546 43.649775 34.462694 53.956705 24.383236
-8.796148 158.600764 43.648774 34.465516 53.960388 24.385628
-8.799530 158.600983 43.647773 34.468338 53.964070 24.388019
-8.802913 158.601202 43.646771 34.471162 53.967752 24.390412
-8.806294 158.601420 43.645769 34.473986 53.971436 24.392805
-8.809676 158.601638 43.644767 34.476811 53.975120 24.395199
-8.813056 158.601857 43.643765 34.479638 53.978804 24.397594
-8.816436 158.602075 43.642764 34.482464 53.982488 24.399989
-8.819816 158.602294 43.641762 34.485292 53.986173 24.402385
-8.823195 158.602512 43.640760 34.488120 53.989858 24.404782
-8.826573 158.602730 43.639757 34.490950 53.993544 24.407180
-8.829952 158.602948 43.638755 34.493780 53.997230 24.409578
-8.833328 158.603167 43.637753 34.496611 54.000916 24.411976
-8.836706 158.603385 43.636750 34.499443 54.004602 24.414377
-8.840082 158.603603 43.635747 34.502276 54.008290 24.416778
-8.843457 158.603821 43.634745 34.505109 54.011976 24.419178
-8.846834 158.604039 43.633742 34.507943 54.015665 24.421581
-8.850207 158.604258 43.632740 34.510778 54.019352 24.423983
-8.853582 158.604475 43.631736 34.513614 54.023041 24.426387
-8.856956 158.604694 43.630734 34.516452 54.026729 24.428791
-8.860329 158.604912 43.629729 34.519291 54.030419 24.431196
-8.863701 158.605129 43.628727 34.522129 54.034107 24.433601
-8.867074 158.605347 43.627724 34.524968 54.037797 24.436007
-8.870445 158.605566 43.626720 34.527808 54.041488 24.438415
-8.873817 158.605783 43.625717 34.530649 54.045178 24.440823
-8.877186 158.606002 43.624712 34.533491 54.048869 24.443231
-8.880557 158.606220 43.623709 34.536333 54.052560 24.445639
-8.883926 158.606437 43.622706 34.539177 54.056252 24.448050
-8.887295 158.606655 43.621701 34.542021 54.059944 24.450460
-8.890663 158.606873 43.620698 34.544866 54.063636 24.452872
-8.894031 158.607090 43.619693 34.547712 54.067329 24.455283
-8.897398 158.607309 43.618688 34.550559 54.071022 24.457696
-8.900765 158.607526 43.617685 34.553407 54.074716 24.460110
-8.904131 158.607744 43.616680 34.556255 54.078409 24.462524
-8.907497 158.607962 43.615676 34.559104 54.082103 24.464938
-8.910862 158.608179 43.614671 34.561954 54.085798 24.467354
-8.914226 158.608397 43.613667 34.564805 54.089492 24.469770
-8.917590 158.608614 43.612662 34.567657 54.093187 24.472187
-8.920954 158.608833 43.611656 34.570510 54.096883 24.474606
-8.924317 158.609050 43.610652 34.573363 54.100579 24.477024
-8.927679 158.609268 43.609647 34.576217 54.104275 24.479443
-8.931041 158.609485 43.608641 34.579072 54.107971 24.481863
-8.934403 158.609703 43.607636 34.581930 54.111669 24.484285
-8.937763 158.609920 43.606631 34.584787 54.115366 24.486707
-8.941124 158.610137 43.605625 34.587644 54.119063 24.489128
-8.944484 158.610354 43.604619 34.590503 54.122762 24.491551
-8.947843 158.610572 43.603614 34.593362 54.126460 24.493975
-8.951202 158.610789 43.602608 34.596222 54.130159 24.496400
-8.954560 158.611007 43.601602 34.599083 54.133858 24.498824
-8.957918 158.611224 43.600596 34.601945 54.137556 24.501250
-8.961275 158.611442 43.599590 34.604807 54.141256 24.503676
-8.964631 158.611659 43.598585 34.607671 54.144957 24.506104
-8.967987 158.611875 43.597578 34.610535 54.148657 24.508531
-8.971343 158.612093 43.596572 34.613400 54.152358 24.510959
-8.974698 158.612310 43.595565 34.616266 54.156059 24.513389
-8.978052 158.612528 43.594558 34.619133 54.159761 24.515820
-8.981407 158.612745 43.593552 34.622001 54.163463 24.518251
-8.984759 158.612961 43.592545 34.624869 54.167165 24.520682
-8.988112 158.613179 43.591538 34.627739 54.170868 24.523114
-8.991465 158.613396 43.590531 34.630609 54.174570 24.525547
-8.994817 158.613614 43.589524 34.633479 54.178273 24.527981
-8.998168 158.613830 43.588517 34.636352 54.181977 24.530415
-9.001519 158.614047 43.587510 34.639224 54.185681 24.532850
-9.004869 158.614264 43.586503 34.642098 54.189385 24.535286
-9.008219 158.614481 43.585495 34.644972 54.193090 24.537724
-9.011568 158.614698 43.584488 34.647847 54.196795 24.540161
-9.014917 158.614915 43.583481 34.650725 54.200500 24.542600
-9.018265 158.615132 43.582473 34.653602 54.204206 24.545038
-9.021613 158.615349 43.581465 34.656479 54.207911 24.547478
-9.024960 158.615565 43.580458 34.659358 54.211618 24.549918
-9.028306 158.615783 43.579450 34.662237 54.215325 24.552359
-9.031652 158.615999 43.578441 34.665117 54.219032 24.554801
-9.034997 158.616216 43.577433 34.667998 54.222739 24.557244
-9.038342 158.616432 43.576425 34.670881 54.226447 24.559687
-9.041687 158.616650 43.575417 34.673763 54.230155 24.562131
-9.045030 158.616866 43.574408 34.676647 54.233864 24.564576
-9.048373 158.617082 43.573400 34.679532 54.237573 24.567022
-9.051716 158.617299 43.572391 34.682417 54.241282 24.569468
-9.055058 158.617516 43.571382 34.685303 54.244992 24.571914
-9.058400 158.617733 43.570374 34.688190 54.248701 24.574362
-9.061742 158.617949 43.569365 34.691077 54.252411 24.576810
-9.065082 158.618165 43.568356 34.693966 54.256122 24.579259
-9.068422 158.618382 43.567347 34.696856 54.259833 24.581709
-9.071761 158.618598 43.566338 34.699746 54.263544 24.584160
-9.075101 158.618815 43.565328 34.702637 54.267256 24.586611
-9.078439 158.619031 43.564319 34.705529 54.270968 24.589063
-9.081777 158.619248 43.563310 34.708422 54.274681 24.591516
-9.085115 158.619464 43.562300 34.711316 54.278393 24.593970
-9.088451 158.619680 43.561291 34.714210 54.282106 24.596423
-9.091788 158.619896 43.560281 34.717106 54.285819 24.598878
-9.095124 158.620113 43.559271 34.720002 54.289532 24.601334
-9.098460 158.620329 43.558261 34.722900 54.293246 24.603792
-9.101795 158.620545 43.557251 34.725798 54.296960 24.606249
-9.105128 158.620762 43.556242 34.728697 54.300675 24.608706
-9.108462 158.620978 43.555231 34.731597 54.304390 24.611165
-9.111795 158.621195 43.554221 34.734497 54.308106 24.613625
-9.115128 158.621411 43.553210 34.737399 54.311822 24.616085
-9.118461 158.621627 43.552199 34.740301 54.315538 24.618547
-9.121792 158.621843 43.551189 34.743204 54.319254 24.621008
-9.125123 158.622059 43.550178 34.746108 54.322971 24.623470
-9.128453 158.622275 43.549168 34.749012 54.326688 24.625933
-9.131784 158.622491 43.548157 34.751918 54.330405 24.628397
-9.135113 158.622707 43.547147 34.754824 54.334123 24.630861
-9.138442 158.622923 43.546136 34.757731 54.337841 24.633327
-9.141771 158.623139 43.545124 34.760639 54.341560 24.635793
-9.145099 158.623355 43.544114 34.763548 54.345278 24.638260
-9.148426 158.623571 43.543102 34.766458 54.348998 24.640727
-9.151753 158.623787 43.542090 34.769369 54.352717 24.643195
-9.155079 158.624003 43.541080 34.772280 54.356437 24.645664
-9.158405 158.624219 43.540068 34.775192 54.360157 24.648134
-9.161731 158.624433 43.539056 34.778106 54.363878 24.650605
-9.165056 158.624649 43.538044 34.781020 54.367599 24.653076
-9.168380 158.624865 43.537033 34.783935 54.371320 24.655548
-9.171703 158.625081 43.536021 34.786851 54.375041 24.658021
-9.175026 158.625297 43.535008 34.789767 54.378763 24.660494
-9.178349 158.625513 43.533996 34.792686 54.382485 24.662970
-9.181671 158.625729 43.532985 34.795604 54.386208 24.665445
-9.184992 158.625944 43.531972 34.798523 54.389930 24.667920
-9.188314 158.626159 43.530960 34.801443 54.393653 24.670397
-9.191635 158.626375 43.529947 34.804364 54.397377 24.672874
-9.194955 158.626590 43.528935 34.807286 54.401101 24.675352
-9.198274 158.626806 43.527922 34.810208 54.404825 24.677831
-9.201593 158.627022 43.526909 34.813132 54.408550 24.680310
-9.204911 158.627237 43.525896 34.816056 54.412275 24.682790
-9.208229 158.627452 43.524884 34.818981 54.416000 24.685271
-9.211546 158.627668 43.523871 34.821907 54.419726 24.687753
-9.214863 158.627883 43.522858 34.824833 54.423451 24.690235
-9.218179 158.628099 43.521845 34.827761 54.427177 24.692718
-9.221495 158.628314 43.520832 34.830690 54.430904 24.695202
-9.224811 158.628529 43.519818 34.833619 54.434631 24.697687
-9.228125 158.628745 43.518805 34.836549 54.438358 24.700171
-9.231439 158.628960 43.517791 34.839480 54.442086 24.702658
-9.234753 158.629175 43.516778 34.842412 54.445813 24.705145
-9.238066 158.629390 43.515764 34.845345 54.449542 24.707632
-9.241379 158.629606 43.514750 34.848278 54.453270 24.710121
-9.244691 158.629820 43.513736 34.851213 54.457000 24.712610
-9.248003 158.630036 43.512722 34.854148 54.460729 24.715100
-9.251314 158.630251 43.511708 34.857084 54.464458 24.717590
-9.254625 158.630466 43.510694 34.860021 54.468188 24.720081
-9.257935 158.630681 43.509680 34.862959 54.471918 24.722574
-9.261244 158.630897 43.508666 34.865899 54.475648 24.725068
-9.264552 158.631111 43.507651 34.868839 54.479380 24.727561
-9.267861 158.631326 43.506636 34.871779 54.483110 24.730055
-9.271169 158.631542 43.505622 34.874720 54.486842 24.732550
-9.274476 158.631756 43.504607 34.877662 54.490574 24.735046
-9.277783 158.631971 43.503593 34.880605 54.494306 24.737543
-9.281089 158.632185 43.502577 34.883550 54.498039 24.740040
-9.284395 158.632401 43.501563 34.886494 54.501771 24.742538
-9.287701 158.632616 43.500548 34.889440 54.505505 24.745037
-9.291005 158.632830 43.499533 34.892386 54.509239 24.747537
-9.294309 158.633046 43.498517 34.895333 54.512973 24.750037
-9.297613 158.633260 43.497502 34.898282 54.516707 24.752538
-9.300916 158.633475 43.496487 34.901230 54.520442 24.755040
-9.304219 158.633689 43.495471 34.904180 54.524176 24.757543
-9.307521 158.633904 43.494456 34.907130 54.527911 24.760046
-9.310823 158.634118 43.493441 34.910082 54.531647 24.762550
-9.314124 158.634334 43.492424 34.913035 54.535383 24.765054
-9.317424 158.634548 43.491409 34.915988 54.539119 24.767560
-9.320724 158.634763 43.490392 34.918942 54.542856 24.770067
-9.324024 158.634977 43.489377 34.921897 54.546592 24.772574
-9.327322 158.635192 43.488360 34.924853 54.550330 24.775082
-9.330621 158.635406 43.487344 34.927810 54.554067 24.777590
-9.333918 158.635621 43.486329 34.930767 54.557805 24.780099
-9.337216 158.635835 43.485312 34.933725 54.561543 24.782609
-9.340513 158.636049 43.484296 34.936685 54.565282 24.785120
-9.343809 158.636264 43.483279 34.939645 54.569021 24.787632
-9.347105 158.636478 43.482262 34.942607 54.572759 24.790146
-9.350401 158.636693 43.481246 34.945569 54.576499 24.792658
-9.353695 158.636907 43.480229 34.948532 54.580239 24.795173
-9.356990 158.637121 43.479212 34.951496 54.583979 24.797687
-9.360283 158.637336 43.478195 34.954460 54.587720 24.800203
-9.363576 158.637550 43.477179 34.957425 54.591460 24.802718
-9.366869 158.637764 43.476161 34.960391 54.595201 24.805235
-9.370161 158.637979 43.475143 34.963359 54.598943 24.807753
-9.373452 158.638193 43.474127 34.966326 54.602684 24.810271
-9.376743 158.638406 43.473109 34.969295 54.606427 24.812791
-9.380034 158.638621 43.472091 34.972264 54.610169 24.815310
-9.383324 158.638835 43.471074 34.975235 54.613912 24.817831
-9.386614 158.639049 43.470057 34.978206 54.617655 24.820353
-9.389902 158.639264 43.469039 34.981178 54.621398 24.822875
-9.393191 158.639477 43.468021 34.984152 54.625142 24.825397
-9.396479 158.639691 43.467003 34.987125 54.628886 24.827921
-9.399766 158.639905 43.465985 34.990100 54.632631 24.830446
-9.403053 158.640120 43.464967 34.993076 54.636375 24.832971
-9.406339 158.640333 43.463948 34.996052 54.640120 24.835497
-9.409626 158.640547 43.462931 34.999029 54.643865 24.838024
-9.412910 158.640760 43.461913 35.002007 54.647611 24.840551
-9.416196 158.640974 43.460894 35.004987 54.651357 24.843080
-9.419480 158.641189 43.459875 35.007967 54.655103 24.845608
-9.422763 158.641402 43.458857 35.010947 54.658850 24.848138
-9.426046 158.641616 43.457838 35.013929 54.662597 24.850669
-9.429329 158.641830 43.456820 35.016913 54.666343 24.853201
-9.432612 158.642043 43.455801 35.019897 54.670091 24.855733
-9.435893 158.642257 43.454782 35.022881 54.673839 24.858266
-9.439174 158.642471 43.453763 35.025866 54.677588 24.860799
-9.442455 158.642685 43.452744 35.028852 54.681336 24.863334
-9.445735 158.642898 43.451725 35.031839 54.685085 24.865869
-9.449014 158.643112 43.450705 35.034827 54.688834 24.868405
-9.452294 158.643325 43.449686 35.037815 54.692583 24.870940
-9.455572 158.643539 43.448666 35.040805 54.696334 24.873478
-9.458850 158.643752 43.447647 35.043795 54.700084 24.876017
-9.462127 158.643965 43.446627 35.046787 54.703834 24.878555
-9.465405 158.644179 43.445608 35.049779 54.707585 24.881095
-9.468681 158.644392 43.444588 35.052771 54.711336 24.883635
-9.471957 158.644606 43.443568 35.055765 54.715088 24.886177
-9.475232 158.644819 43.442549 35.058760 54.718839 24.888718
-9.478507 158.645032 43.441529 35.061755 54.722591 24.891262
-9.481782 158.645246 43.440509 35.064752 54.726344 24.893805
-9.485055 158.645459 43.439487 35.067749 54.730097 24.896349
-9.488329 158.645672 43.438467 35.070747 54.733850 24.898894
-9.491601 158.645885 43.437447 35.073746 54.737602 24.901439
-9.494874 158.646099 43.436427 35.076746 54.741356 24.903986
-9.498145 158.646312 43.435406 35.079747 54.745111 24.906534
-9.501417 158.646525 43.434386 35.082749 54.748865 24.909082
-9.504687 158.646738 43.433364 35.085751 54.752620 24.911631
-9.507957 158.646952 43.432344 35.088754 54.756374 24.914180
-9.511227 158.647165 43.431323 35.091758 54.760129 24.916731
-9.514496 158.647378 43.430303 35.094764 54.763885 24.919281
-9.517764 158.647591 43.429282 35.097771 54.767641 24.921835
-9.521032 158.647804 43.428260 35.100778 54.771397 24.924387
-9.524300 158.648017 43.427239 35.103786 54.775154 24.926941
-9.527567 158.648230 43.426218 35.106794 54.778910 24.929494
-9.530834 158.648443 43.425196 35.109804 54.782668 24.932050
-9.534100 158.648656 43.424175 35.112814 54.786425 24.934605
-9.537365 158.648869 43.423154 35.115825 54.790182 24.937161
-9.540631 158.649082 43.422132 35.118837 54.793941 24.939719
-9.543895 158.649294 43.421110 35.121850 54.797699 24.942278
-9.547159 158.649507 43.420089 35.124864 54.801458 24.944837
-9.550422 158.649720 43.419066 35.127879 54.805217 24.947396
-9.553685 158.649933 43.418045 35.130894 54.808976 24.949956
-9.556947 158.650146 43.417023 35.133910 54.812736 24.952517
-9.560209 158.650358 43.416001 35.136928 54.816496 24.955079
-9.563471 158.650571 43.414978 35.139946 54.820256 24.957642
-9.566731 158.650784 43.413956 35.142965 54.824017 24.960205
-9.569991 158.650997 43.412934 35.145985 54.827778 24.962769
-9.573251 158.651208 43.411911 35.149006 54.831539 24.965335
-9.576511 158.651421 43.410889 35.152028 54.835301 24.967900
-9.579769 158.651634 43.409866 35.155050 54.839063 24.970467
-9.583027 158.651846 43.408844 35.158073 54.842824 24.973033
-9.586285 158.652059 43.407821 35.161097 54.846587 24.975602
-9.589542 158.652272 43.406798 35.164123 54.850350 24.978171
-9.592799 158.652483 43.405775 35.167149 54.854114 24.980740
-9.596055 158.652696 43.404752 35.170176 54.857877 24.983311
-9.599310 158.652909 43.403730 35.173203 54.861640 24.985882
-9.602566 158.653121 43.402706 35.176234 54.865403 24.988455
-9.605820 158.653333 43.401682 35.179263 54.869168 24.991028
-9.609074 158.653545 43.400660 35.182294 54.872933 24.993601
-9.612328 158.653758 43.399636 35.185325 54.876698 24.996175
-9.615580 158.653971 43.398613 35.188357 54.880463 24.998751
-9.618833 158.654182 43.397589 35.191390 54.884229 25.001326
-9.622085 158.654395 43.396565 35.194425 54.887995 25.003902
-9.625336 158.654606 43.395541 35.197459 54.891761 25.006480
-9.628587 158.654819 43.394518 35.200495 54.895527 25.009058
-9.631837 158.655031 43.393494 35.203531 54.899294 25.011637
-9.635087 158.655243 43.392470 35.206569 54.903061 25.014217
-9.638337 158.655455 43.391445 35.209607 54.906829 25.016797
-9.641585 158.655667 43.390422 35.212646 54.910596 25.019378
-9.644834 158.655879 43.389398 35.215687 54.914365 25.021960
-9.648082 158.656091 43.388373 35.218728 54.918133 25.024543
-9.651328 158.656303 43.387349 35.221769 54.921902 25.027127
-9.654575 158.656515 43.386325 35.224812 54.925671 25.029711
-9.657821 158.656727 43.385300 35.227855 54.929440 25.032296
-9.661068 158.656939 43.384275 35.230900 54.933210 25.034882
-9.664313 158.657151 43.383251 35.233945 54.936979 25.037468
-9.667557 158.657363 43.382226 35.236991 54.940749 25.040055
-9.670802 158.657575 43.381201 35.240038 54.944520 25.042644
-9.674046 158.657786 43.380176 35.243087 54.948291 25.045233
-9.677288 158.657998 43.379151 35.246135 54.952062 25.047823
-9.680531 158.658210 43.378125 35.249185 54.955834 25.050413
-9.683773 158.658421 43.377101 35.252236 54.959605 25.053004
-9.687014 158.658633 43.376076 35.255287 54.963377 25.055597
-9.690256 158.658845 43.375051 35.258341 54.967149 25.058190
-9.693496 158.659057 43.374025 35.261395 54.970922 25.060785
-9.696736 158.659268 43.373000 35.264449 54.974695 25.063378
-9.699976 158.659480 43.371974 35.267504 54.978468 25.065974
-9.703215 158.659691 43.370948 35.270560 54.982242 25.068570
-9.706454 158.659903 43.369923 35.273616 54.986015 25.071166
-9.709692 158.660114 43.368897 35.276674 54.989789 25.073765
-9.712929 158.660326 43.367870 35.279733 54.993564 25.076363
-9.716166 158.660538 43.366844 35.282792 54.997339 25.078962
-9.719402 158.660749 43.365818 35.285853 55.001114 25.081562
-9.722637 158.660960 43.364792 35.288914 55.004890 25.084163
-9.725873 158.661171 43.363766 35.291976 55.008665 25.086764
-9.729108 158.661382 43.362740 35.295039 55.012441 25.089366
-9.732342 158.661594 43.361714 35.298103 55.016217 25.091969
-9.735576 158.661805 43.360688 35.301167 55.019994 25.094573
-9.738809 158.662017 43.359660 35.304233 55.023771 25.097178
-9.742042 158.662228 43.358634 35.307300 55.027548 25.099783
-9.745274 158.662439 43.357607 35.310367 55.031326 25.102389
-9.748507 158.662651 43.356581 35.313436 55.035103 25.104997
-9.751737 158.662862 43.355554 35.316504 55.038881 25.107604
-9.754969 158.663073 43.354526 35.319575 55.042660 25.110213
-9.758198 158.663284 43.353500 35.322645 55.046438 25.112822
-9.761428 158.663495 43.352473 35.325717 55.050217 25.115432
-9.764657 158.663706 43.351446 35.328790 55.053997 25.118043
-9.767886 158.663917 43.350418 35.331864 55.057777 25.120655
-9.771114 158.664128 43.349391 35.334938 55.061556 25.123267
-9.774341 158.664338 43.348364 35.338014 55.065337 25.125880
-9.777569 158.664549 43.347336 35.341090 55.069117 25.128494
-9.780795 158.664760 43.346309 35.344169 55.072898 25.131110
-9.784021 158.664971 43.345282 35.347247 55.076678 25.133726
-9.787247 158.665183 43.344253 35.350326 55.080459 25.136342
-9.790472 158.665394 43.343226 35.353406 55.084242 25.138959
-9.793696 158.665605 43.342198 35.356486 55.088023 25.141577
-9.796920 158.665815 43.341170 35.359568 55.091806 25.144196
-9.800144 158.666025 43.340142 35.362650 55.095588 25.146815
-9.803367 158.666236 43.339114 35.365733 55.099371 25.149435
-9.806590 158.666447 43.338086 35.368818 55.103154 25.152057
-9.809811 158.666657 43.337058 35.371903 55.106938 25.154679
-9.813033 158.666868 43.336029 35.374989 55.110721 25.157301
-9.816253 158.667079 43.335001 35.378076 55.114506 25.159925
-9.819474 158.667290 43.333972 35.381164 55.118290 25.162549
-9.822694 158.667500 43.332944 35.384252 55.122074 25.165174
-9.825913 158.667711 43.331915 35.387342 55.125859 25.167800
-9.829132 158.667921 43.330887 35.390433 55.129645 25.170426
-9.832351 158.668132 43.329858 35.393525 55.133431 25.173055
-9.835568 158.668343 43.328829 35.396617 55.137216 25.175683
-9.838786 158.668552 43.327800 35.399710 55.141002 25.178311
-9.842002 158.668763 43.326771 35.402804 55.144788 25.180941
-9.845219 158.668974 43.325742 35.405899 55.148576 25.183572
-9.848434 158.669184 43.324713 35.408995 55.152363 25.186204
-9.851650 158.669395 43.323684 35.412092 55.156150 25.188836
-9.854864 158.669604 43.322654 35.415189 55.159938 25.191468
-9.858078 158.669815 43.321625 35.418288 55.163726 25.194103
-9.861292 158.670025 43.320596 35.421387 55.167513 25.196736
-9.864506 158.670236 43.319566 35.424487 55.171302 25.199372
-9.867718 158.670445 43.318536 35.427588 55.175091 25.202008
-9.870930 158.670656 43.317507 35.430692 55.178879 25.204647
-9.874142 158.670866 43.316477 35.433795 55.182669 25.207284
-9.877353 158.671076 43.315447 35.436899 55.186459 25.209923
-9.880564 158.671286 43.314417 35.440004 55.190249 25.212562
-9.883774 158.671496 43.313388 35.443110 55.194039 25.215203
-9.886983 158.671707 43.312357 35.446216 55.197830 25.217844
-9.890192 158.671916 43.311327 35.449324 55.201620 25.220485
-9.893401 158.672126 43.310297 35.452432 55.205411 25.223127
-9.896609 158.672337 43.309267 35.455541 55.209202 25.225771
-9.899816 158.672546 43.308236 35.458652 55.212994 25.228414
-9.903024 158.672756 43.307206 35.461763 55.216787 25.231060
-9.906230 158.672966 43.306175 35.464875 55.220579 25.233705
-9.909436 158.673176 43.305145 35.467987 55.224371 25.236352
-9.912641 158.673386 43.304114 35.471101 55.228164 25.238999
-9.915846 158.673595 43.303084 35.474216 55.231957 25.241647
-9.919051 158.673805 43.302053 35.477332 55.235751 25.244296
-9.922255 158.674015 43.301022 35.480448 55.239544 25.246946
-9.925459 158.674225 43.299991 35.483565 55.243339 25.249596
-9.928662 158.674435 43.298960 35.486684 55.247133 25.252247
-9.931863 158.674644 43.297929 35.489802 55.250927 25.254900
-9.935065 158.674854 43.296897 35.492923 55.254722 25.257552
-9.938267 158.675063 43.295866 35.496043 55.258517 25.260206
-9.941468 158.675273 43.294835 35.499165 55.262313 25.262860
-9.944668 158.675482 43.293803 35.502288 55.266108 25.265515
-9.947868 158.675692 43.292772 35.505412 55.269905 25.268172
-9.951068 158.675902 43.291740 35.508537 55.273701 25.270829
-9.954266 158.676111 43.290709 35.511662 55.277498 25.273486
-9.957464 158.676321 43.289677 35.514788 55.281295 25.276145
-9.960662 158.676530 43.288645 35.517917 55.285091 25.278806
-9.963859 158.676740 43.287614 35.521045 55.288888 25.281465
-9.967056 158.676949 43.286582 35.524174 55.292686 25.284126
-9.970252 158.677158 43.285550 35.527303 55.296484 25.286788
-9.973449 158.677367 43.284518 35.530435 55.300283 25.289450
-9.976643 158.677577 43.283486 35.533566 55.304081 25.292114
-9.979839 158.677786 43.282454 35.536699 55.307880 25.294778
-9.983032 158.677995 43.281420 35.539833 55.311680 25.297443
-9.986226 158.678204 43.280388 35.542967 55.315479 25.300108
-9.989419 158.678414 43.279356 35.546102 55.319279 25.302775
-9.992612 158.678623 43.278324 35.549239 55.323079 25.305442
-9.995804 158.678832 43.277291 35.552376 55.326879 25.308111
-9.998996 158.679041 43.276259 35.555514 55.330680 25.310780
-10.002187 158.679250 43.275225 35.558653 55.334481 25.313449
-10.005377 158.679459 43.274193 35.561793 55.338282 25.316120
-10.008568 158.679668 43.273160 35.564933 55.342083 25.318791
-10.011758 158.679877 43.272127 35.568075 55.345884 25.321462
-10.014946 158.680086 43.271094 35.571217 55.349686 25.324135
