67.858073 155.783238 41.046647 26.925494 41.017564 17.182874
67.857871 155.783368 41.051506 26.925685 41.017952 17.182787
67.857666 155.783498 41.056364 26.925876 41.018341 17.182702
67.857462 155.783628 41.061223 26.926069 41.018730 17.182616
67.857256 155.783757 41.066080 26.926260 41.019119 17.182530
67.857048 155.783887 41.070938 26.926453 41.019509 17.182445
67.856840 155.784017 41.075796 26.926644 41.019899 17.182358
67.856629 155.784147 41.080654 26.926836 41.020289 17.182272
67.856417 155.784277 41.085511 26.927029 41.020679 17.182187
67.856205 155.784407 41.090368 26.927221 41.021070 17.182101
67.855991 155.784537 41.095226 26.927414 41.021460 17.182015
67.855775 155.784665 41.100083 26.927606 41.021851 17.181928
67.855559 155.784795 41.104940 26.927799 41.022242 17.181842
67.855341 155.784925 41.109797 26.927991 41.022633 17.181755
67.855120 155.785054 41.114654 26.928184 41.023024 17.181669
67.854900 155.785184 41.119510 26.928377 41.023416 17.181583
67.854678 155.785313 41.124367 26.928569 41.023808 17.181496
67.854454 155.785442 41.129224 26.928763 41.024199 17.181409
67.854230 155.785572 41.134079 26.928956 41.024592 17.181323
67.854004 155.785701 41.138936 26.929149 41.024984 17.181236
67.853775 155.785831 41.143791 26.929342 41.025377 17.181149
67.853546 155.785959 41.148647 26.929537 41.025770 17.181063
67.853316 155.786089 41.153502 26.929729 41.026163 17.180975
67.853085 155.786218 41.158358 26.929924 41.026556 17.180889
67.852852 155.786347 41.163213 26.930117 41.026949 17.180801
67.852618 155.786476 41.168068 26.930311 41.027343 17.180715
67.852382 155.786605 41.172924 26.930506 41.027736 17.180628
67.852145 155.786734 41.177779 26.930699 41.028131 17.180540
67.851906 155.786862 41.182633 26.930894 41.028525 17.180453
67.851666 155.786991 41.187488 26.931088 41.028919 17.180365
67.851425 155.787121 41.192342 26.931283 41.029314 17.180278
67.851183 155.787250 41.197197 26.931477 41.029709 17.180191
67.850939 155.787378 41.202051 26.931672 41.030103 17.180103
67.850694 155.787507 41.206905 26.931865 41.030498 17.180015
67.850447 155.787636 41.211758 26.932061 41.030894 17.179928
67.850199 155.787764 41.216612 26.932256 41.031290 17.179840
67.849950 155.787893 41.221466 26.932451 41.031686 17.179752
67.849698 155.788022 41.226320 26.932646 41.032081 17.179664
67.849446 155.788150 41.231172 26.932842 41.032478 17.179577
67.849193 155.788278 41.236026 26.933036 41.032874 17.179488
67.848938 155.788406 41.240878 26.933232 41.033270 17.179401
67.848682 155.788535 41.245731 26.933427 41.033667 17.179312
67.848424 155.788663 41.250584 26.933623 41.034065 17.179224
67.848165 155.788791 41.255436 26.933819 41.034461 17.179135
67.847905 155.788920 41.260288 26.934014 41.034859 17.179047
67.847643 155.789047 41.265140 26.934211 41.035256 17.178959
67.847380 155.789176 41.269993 26.934407 41.035654 17.178870
67.847115 155.789304 41.274845 26.934602 41.036052 17.178781
67.846849 155.789432 41.279696 26.934799 41.036450 17.178692
67.846581 155.789560 41.284548 26.934996 41.036849 17.178605
67.846312 155.789688 41.289399 26.935192 41.037247 17.178515
67.846042 155.789816 41.294250 26.935388 41.037646 17.178427
67.845770 155.789943 41.299101 26.935585 41.038044 17.178337
67.845497 155.790072 41.303952 26.935782 41.038444 17.178249
67.845222 155.790199 41.308803 26.935978 41.038843 17.178159
67.844946 155.790327 41.313653 26.936176 41.039243 17.178070
67.844669 155.790454 41.318504 26.936373 41.039642 17.177981
67.844390 155.790583 41.323353 26.936569 41.040043 17.177891
67.844110 155.790710 41.328204 26.936767 41.040442 17.177801
67.843829 155.790838 41.333053 26.936964 41.040843 17.177712
67.843546 155.790965 41.337904 26.937162 41.041243 17.177623
67.843261 155.791093 41.342753 26.937358 41.041644 17.177534
67.842975 155.791220 41.347602 26.937557 41.042045 17.177444
67.842688 155.791348 41.352452 26.937755 41.042446 17.177354
67.842399 155.791475 41.357301 26.937953 41.042847 17.177265
67.842109 155.791603 41.362150 26.938151 41.043249 17.177175
67.841817 155.791729 41.366998 26.938348 41.043650 17.177084
67.841524 155.791857 41.371847 26.938546 41.044052 17.176994
67.841230 155.791984 41.376695 26.938744 41.044454 17.176905
67.840934 155.792111 41.381544 26.938943 41.044856 17.176814
67.840636 155.792239 41.386391 26.939142 41.045259 17.176725
67.840338 155.792365 41.391239 26.939339 41.045662 17.176634
67.840037 155.792493 41.396087 26.939538 41.046065 17.176543
67.839736 155.792620 41.400935 26.939737 41.046467 17.176453
67.839432 155.792746 41.405781 26.939936 41.046870 17.176362
67.839128 155.792874 41.410629 26.940135 41.047274 17.176272
67.838822 155.793000 41.415475 26.940334 41.047678 17.176182
67.838514 155.793127 41.420323 26.940534 41.048082 17.176091
67.838205 155.793254 41.425169 26.940732 41.048486 17.175999
67.837895 155.793380 41.430015 26.940931 41.048890 17.175908
67.837583 155.793507 41.434862 26.941131 41.049294 17.175817
67.837269 155.793634 41.439708 26.941330 41.049698 17.175726
67.836954 155.793760 41.444554 26.941530 41.050103 17.175636
67.836638 155.793886 41.449399 26.941730 41.050509 17.175544
67.836320 155.794013 41.454246 26.941930 41.050914 17.175453
67.836001 155.794140 41.459091 26.942130 41.051319 17.175362
67.835680 155.794266 41.463936 26.942330 41.051725 17.175271
67.835358 155.794392 41.468780 26.942530 41.052131 17.175179
67.835035 155.794519 41.473626 26.942730 41.052536 17.175087
67.834710 155.794645 41.478470 26.942930 41.052943 17.174995
67.834384 155.794771 41.483315 26.943130 41.053349 17.174903
67.834055 155.794897 41.488159 26.943330 41.053755 17.174811
67.833726 155.795024 41.493003 26.943531 41.054162 17.174719
67.833395 155.795150 41.497847 26.943732 41.054569 17.174627
67.833062 155.795275 41.502690 26.943932 41.054976 17.174535
67.832728 155.795401 41.507534 26.944134 41.055384 17.174444
67.832392 155.795527 41.512377 26.944334 41.055791 17.174351
67.832055 155.795654 41.517221 26.944535 41.056199 17.174259
67.831717 155.795779 41.522063 26.944737 41.056607 17.174166
67.831378 155.795905 41.526906 26.944938 41.057014 17.174073
67.831036 155.796030 41.531749 26.945139 41.057422 17.173981
67.830693 155.796156 41.536591 26.945341 41.057831 17.173888
67.830348 155.796281 41.541433 26.945542 41.058240 17.173796
67.830002 155.796408 41.546275 26.945744 41.058649 17.173703
67.829655 155.796533 41.551117 26.945945 41.059058 17.173610
67.829305 155.796659 41.555959 26.946147 41.059467 17.173517
67.828955 155.796784 41.560800 26.946350 41.059876 17.173425
67.828603 155.796910 41.565642 26.946552 41.060286 17.173332
67.828250 155.797035 41.570483 26.946755 41.060696 17.173239
67.827895 155.797160 41.575323 26.946957 41.061105 17.173145
67.827538 155.797285 41.580164 26.947159 41.061516 17.173052
67.827180 155.797410 41.585005 26.947361 41.061926 17.172958
67.826820 155.797536 41.589845 26.947564 41.062337 17.172865
67.826459 155.797662 41.594685 26.947766 41.062747 17.172771
67.826097 155.797787 41.599524 26.947969 41.063158 17.172677
67.825733 155.797912 41.604365 26.948172 41.063570 17.172584
67.825367 155.798037 41.609204 26.948374 41.063981 17.172489
67.825000 155.798162 41.614044 26.948577 41.064392 17.172395
67.824631 155.798286 41.618882 26.948781 41.064804 17.172302
67.824261 155.798411 41.623721 26.948984 41.065215 17.172208
67.823889 155.798536 41.628560 26.949187 41.065628 17.172114
67.823516 155.798661 41.633398 26.949391 41.066041 17.172019
67.823141 155.798786 41.638237 26.949594 41.066452 17.171924
67.822764 155.798910 41.643074 26.949798 41.066866 17.171830
67.822387 155.799035 41.647912 26.950002 41.067278 17.171737
67.822007 155.799160 41.652750 26.950205 41.067691 17.171641
67.821626 155.799283 41.657587 26.950409 41.068104 17.171546
67.821243 155.799408 41.662425 26.950613 41.068518 17.171451
67.820860 155.799532 41.667262 26.950817 41.068931 17.171356
67.820474 155.799657 41.672098 26.951021 41.069345 17.171261
67.820086 155.799781 41.676935 26.951226 41.069759 17.171168
67.819697 155.799906 41.681772 26.951430 41.070173 17.171072
67.819308 155.800030 41.686607 26.951634 41.070587 17.170976
67.818916 155.800154 41.691444 26.951838 41.071002 17.170880
67.818522 155.800278 41.696279 26.952044 41.071417 17.170786
67.818127 155.800403 41.701115 26.952249 41.071831 17.170690
67.817731 155.800526 41.705950 26.952453 41.072247 17.170595
67.817332 155.800650 41.710785 26.952658 41.072662 17.170499
67.816933 155.800774 41.715620 26.952863 41.073078 17.170403
67.816531 155.800898 41.720455 26.953069 41.073493 17.170307
67.816129 155.801022 41.725290 26.953274 41.073909 17.170211
67.815724 155.801146 41.730124 26.953478 41.074325 17.170115
67.815318 155.801269 41.734958 26.953685 41.074741 17.170020
67.814911 155.801393 41.739792 26.953890 41.075157 17.169923
67.814502 155.801517 41.744626 26.954095 41.075574 17.169826
67.814091 155.801641 41.749459 26.954301 41.075991 17.169731
67.813679 155.801765 41.754293 26.954507 41.076408 17.169635
67.813265 155.801888 41.759125 26.954713 41.076825 17.169538
67.812849 155.802011 41.763958 26.954919 41.077243 17.169441
67.812433 155.802135 41.768791 26.955125 41.077660 17.169344
67.812014 155.802259 41.773623 26.955331 41.078077 17.169247
67.811593 155.802381 41.778455 26.955537 41.078496 17.169150
67.811172 155.802505 41.783287 26.955744 41.078913 17.169054
67.810748 155.802628 41.788119 26.955950 41.079332 17.168957
67.810323 155.802751 41.792950 26.956156 41.079750 17.168859
67.809897 155.802874 41.797782 26.956364 41.080169 17.168763
67.809468 155.802998 41.802612 26.956570 41.080588 17.168664
67.809039 155.803120 41.807443 26.956776 41.081007 17.168567
67.808607 155.803243 41.812273 26.956984 41.081426 17.168470
67.808174 155.803366 41.817104 26.957191 41.081846 17.168372
67.807740 155.803489 41.821934 26.957398 41.082265 17.168274
67.807303 155.803612 41.826764 26.957605 41.082685 17.168176
67.806865 155.803735 41.831594 26.957812 41.083105 17.168078
67.806426 155.803857 41.836423 26.958020 41.083525 17.167980
67.805985 155.803980 41.841253 26.958227 41.083945 17.167882
67.805543 155.804103 41.846082 26.958436 41.084366 17.167785
67.805098 155.804225 41.850911 26.958643 41.084786 17.167686
67.804653 155.804348 41.855738 26.958851 41.085207 17.167588
67.804205 155.804470 41.860567 26.959059 41.085628 17.167489
67.803755 155.804593 41.865395 26.959266 41.086049 17.167391
67.803305 155.804715 41.870223 26.959475 41.086471 17.167292
67.802852 155.804838 41.875051 26.959683 41.086893 17.167193
67.802399 155.804960 41.879878 26.959891 41.087314 17.167095
67.801943 155.805082 41.884705 26.960099 41.087736 17.166996
67.801486 155.805205 41.889532 26.960308 41.088159 17.166897
67.801026 155.805326 41.894358 26.960516 41.088581 17.166797
67.800566 155.805449 41.899185 26.960726 41.089003 17.166699
67.800104 155.805571 41.904011 26.960934 41.089426 17.166599
67.799640 155.805692 41.908837 26.961143 41.089849 17.166500
67.799174 155.805814 41.913662 26.961351 41.090272 17.166400
67.798708 155.805936 41.918488 26.961561 41.090695 17.166301
67.798239 155.806058 41.923313 26.961769 41.091119 17.166201
67.797769 155.806180 41.928138 26.961979 41.091542 17.166101
67.797296 155.806302 41.932963 26.962188 41.091966 17.166001
67.796823 155.806423 41.937788 26.962398 41.092390 17.165901
67.796347 155.806545 41.942612 26.962606 41.092814 17.165801
67.795870 155.806667 41.947436 26.962817 41.093239 17.165701
67.795391 155.806788 41.952259 26.963026 41.093664 17.165600
67.794911 155.806910 41.957083 26.963236 41.094088 17.165500
67.794430 155.807031 41.961907 26.963446 41.094513 17.165400
67.793946 155.807153 41.966730 26.963656 41.094938 17.165299
67.793461 155.807274 41.971553 26.963866 41.095363 17.165198
67.792973 155.807395 41.976375 26.964076 41.095789 17.165097
67.792485 155.807517 41.981198 26.964287 41.096215 17.164997
67.791994 155.807637 41.986019 26.964497 41.096640 17.164897
67.791503 155.807758 41.990842 26.964707 41.097066 17.164794
67.791009 155.807880 41.995663 26.964918 41.097492 17.164694
67.790513 155.808001 42.000484 26.965128 41.097918 17.164592
67.790017 155.808121 42.005306 26.965339 41.098345 17.164491
67.789519 155.808242 42.010127 26.965550 41.098771 17.164390
67.789018 155.808363 42.014948 26.965760 41.099199 17.164288
67.788516 155.808484 42.019768 26.965972 41.099626 17.164187
67.788012 155.808605 42.024588 26.966183 41.100053 17.164085
67.787507 155.808725 42.029408 26.966394 41.100481 17.163982
67.787000 155.808846 42.034228 26.966605 41.100908 17.163881
67.786490 155.808967 42.039046 26.966816 41.101336 17.163778
67.785980 155.809087 42.043866 26.967028 41.101764 17.163677
67.785468 155.809208 42.048685 26.967239 41.102192 17.163575
67.784954 155.809328 42.053504 26.967451 41.102620 17.163472
67.784439 155.809449 42.058321 26.967662 41.103049 17.163369
67.783922 155.809569 42.063140 26.967875 41.103478 17.163267
67.783402 155.809689 42.067957 26.968087 41.103906 17.163165
67.782882 155.809809 42.072775 26.968298 41.104336 17.163062
67.782360 155.809929 42.077592 26.968511 41.104765 17.162959
67.781836 155.810049 42.082410 26.968723 41.105195 17.162856
67.781310 155.810170 42.087226 26.968934 41.105624 17.162752
67.780782 155.810290 42.092043 26.969147 41.106054 17.162649
67.780253 155.810410 42.096859 26.969360 41.106484 17.162546
67.779722 155.810530 42.101675 26.969573 41.106914 17.162444
67.779189 155.810649 42.106491 26.969785 41.107345 17.162339
67.778655 155.810769 42.111307 26.969997 41.107775 17.162236
67.778120 155.810889 42.116122 26.970210 41.108205 17.162132
67.777582 155.811009 42.120937 26.970424 41.108637 17.162029
67.777042 155.811128 42.125752 26.970636 41.109067 17.161924
67.776501 155.811248 42.130566 26.970849 41.109498 17.161820
67.775958 155.811367 42.135381 26.971062 41.109930 17.161716
67.775414 155.811487 42.140194 26.971276 41.110362 17.161613
67.774868 155.811606 42.145008 26.971490 41.110793 17.161508
67.774319 155.811725 42.149821 26.971702 41.111225 17.161403
67.773769 155.811845 42.154635 26.971916 41.111658 17.161299
67.773218 155.811964 42.159447 26.972130 41.112090 17.161194
67.772664 155.812083 42.164260 26.972344 41.112522 17.161089
67.772110 155.812203 42.169072 26.972558 41.112955 17.160985
67.771552 155.812322 42.173885 26.972772 41.113387 17.160880
67.770994 155.812441 42.178696 26.972985 41.113821 17.160774
67.770433 155.812560 42.183508 26.973199 41.114254 17.160669
67.769872 155.812679 42.188319 26.973414 41.114688 17.160565
67.769308 155.812798 42.193130 26.973628 41.115121 17.160459
67.768743 155.812917 42.197940 26.973843 41.115555 17.160354
67.768175 155.813035 42.202752 26.974057 41.115988 17.160248
67.767607 155.813154 42.207562 26.974271 41.116422 17.160141
67.767035 155.813272 42.212371 26.974486 41.116857 17.160036
67.766462 155.813391 42.217181 26.974701 41.117291 17.159929
67.765888 155.813510 42.221991 26.974915 41.117725 17.159824
67.765312 155.813628 42.226800 26.975130 41.118160 17.159717
67.764735 155.813746 42.231608 26.975346 41.118595 17.159612
67.764155 155.813865 42.236416 26.975561 41.119030 17.159506
67.763574 155.813983 42.241225 26.975776 41.119466 17.159400
67.762991 155.814102 42.246033 26.975991 41.119901 17.159292
67.762406 155.814220 42.250840 26.976207 41.120337 17.159186
67.761819 155.814338 42.255648 26.976423 41.120773 17.159079
67.761231 155.814456 42.260455 26.976637 41.121209 17.158971
67.760641 155.814574 42.265262 26.976853 41.121645 17.158864
67.760049 155.814692 42.270069 26.977068 41.122081 17.158757
67.759455 155.814810 42.274875 26.977284 41.122518 17.158650
67.758860 155.814928 42.279681 26.977500 41.122955 17.158543
67.758262 155.815046 42.284487 26.977716 41.123392 17.158436
67.757663 155.815163 42.289292 26.977932 41.123829 17.158328
67.757062 155.815281 42.294097 26.978149 41.124266 17.158220
67.756460 155.815399 42.298902 26.978365 41.124704 17.158113
67.755855 155.815516 42.303706 26.978581 41.125141 17.158004
67.755249 155.815634 42.308510 26.978798 41.125579 17.157897
67.754641 155.815752 42.313315 26.979014 41.126017 17.157788
67.754031 155.815869 42.318119 26.979231 41.126455 17.157680
67.753419 155.815987 42.322922 26.979448 41.126894 17.157572
67.752806 155.816104 42.327726 26.979664 41.127331 17.157463
67.752190 155.816221 42.332528 26.979881 41.127770 17.157355
67.751573 155.816339 42.337331 26.980098 41.128209 17.157246
67.750954 155.816455 42.342133 26.980316 41.128649 17.157137
67.750335 155.816573 42.346936 26.980533 41.129087 17.157029
67.749712 155.816689 42.351737 26.980750 41.129527 17.156919
67.749088 155.816807 42.356539 26.980967 41.129966 17.156810
67.748461 155.816924 42.361340 26.981185 41.130405 17.156702
67.747833 155.817041 42.366141 26.981403 41.130846 17.156592
67.747204 155.817158 42.370941 26.981621 41.131286 17.156482
67.746572 155.817274 42.375742 26.981838 41.131725 17.156372
67.745939 155.817391 42.380541 26.982056 41.132166 17.156263
67.745304 155.817508 42.385341 26.982274 41.132607 17.156153
67.744667 155.817624 42.390141 26.982491 41.133047 17.156043
67.744028 155.817741 42.394939 26.982710 41.133489 17.155933
67.743387 155.817857 42.399738 26.982927 41.133930 17.155823
67.742745 155.817974 42.404536 26.983146 41.134371 17.155712
67.742101 155.818090 42.409335 26.983364 41.134813 17.155602
67.741455 155.818207 42.414132 26.983583 41.135254 17.155492
67.740807 155.818323 42.418930 26.983802 41.135696 17.155381
67.740157 155.818438 42.423727 26.984020 41.136137 17.155270
67.739506 155.818555 42.428525 26.984239 41.136580 17.155159
67.738852 155.818671 42.433321 26.984457 41.137023 17.155048
67.738197 155.818788 42.438118 26.984676 41.137464 17.154937
67.737539 155.818903 42.442914 26.984895 41.137908 17.154826
67.736881 155.819019 42.447709 26.985115 41.138350 17.154715
67.736220 155.819135 42.452505 26.985333 41.138792 17.154603
67.735557 155.819251 42.457301 26.985553 41.139236 17.154491
67.734893 155.819366 42.462095 26.985772 41.139679 17.154379
67.734226 155.819482 42.466890 26.985991 41.140123 17.154268
67.733558 155.819598 42.471684 26.986211 41.140566 17.154157
67.732887 155.819714 42.476479 26.986431 41.141011 17.154044
67.732216 155.819829 42.481272 26.986650 41.141454 17.153932
67.731542 155.819944 42.486065 26.986870 41.141898 17.153819
67.730866 155.820060 42.490859 26.987089 41.142343 17.153707
67.730189 155.820175 42.495651 26.987310 41.142787 17.153594
67.729509 155.820290 42.500443 26.987530 41.143232 17.153482
67.728829 155.820405 42.505235 26.987750 41.143677 17.153369
67.728145 155.820521 42.510027 26.987970 41.144122 17.153256
67.727460 155.820636 42.514819 26.988191 41.144567 17.153143
67.726774 155.820751 42.519610 26.988411 41.145013 17.153030
67.726085 155.820866 42.524401 26.988631 41.145458 17.152917
67.725394 155.820981 42.529191 26.988851 41.145903 17.152803
67.724702 155.821096 42.533982 26.989073 41.146349 17.152690
67.724007 155.821210 42.538772 26.989293 41.146796 17.152576
67.723311 155.821325 42.543562 26.989514 41.147242 17.152463
67.722613 155.821441 42.548351 26.989734 41.147688 17.152349
67.721913 155.821555 42.553140 26.989956 41.148134 17.152235
67.721211 155.821670 42.557929 26.990177 41.148582 17.152120
67.720508 155.821784 42.562717 26.990398 41.149029 17.152006
67.719802 155.821898 42.567505 26.990619 41.149475 17.151892
67.719094 155.822013 42.572293 26.990841 41.149923 17.151778
67.718385 155.822127 42.577080 26.991062 41.150370 17.151663
67.717674 155.822241 42.581867 26.991284 41.150817 17.151548
67.716960 155.822356 42.586654 26.991505 41.151266 17.151433
67.716245 155.822470 42.591440 26.991726 41.151714 17.151318
67.715528 155.822584 42.596227 26.991949 41.152162 17.151204
67.714809 155.822698 42.601012 26.992170 41.152610 17.151088
67.714088 155.822812 42.605798 26.992392 41.153058 17.150972
67.713365 155.822926 42.610583 26.992615 41.153507 17.150857
67.712640 155.823040 42.615368 26.992836 41.153955 17.150742
67.711914 155.823154 42.620152 26.993058 41.154404 17.150625
67.711186 155.823268 42.624936 26.993281 41.154853 17.150510
67.710455 155.823381 42.629720 26.993503 41.155302 17.150394
67.709723 155.823494 42.634504 26.993726 41.155752 17.150278
67.708988 155.823608 42.639287 26.993948 41.156201 17.150161
67.708252 155.823722 42.644070 26.994170 41.156652 17.150045
67.707515 155.823835 42.648853 26.994394 41.157101 17.149929
67.706774 155.823949 42.653635 26.994616 41.157551 17.149812
67.706033 155.824062 42.658417 26.994840 41.158002 17.149696
67.705289 155.824175 42.663199 26.995062 41.158452 17.149578
67.704543 155.824288 42.667980 26.995285 41.158903 17.149462
67.703795 155.824401 42.672760 26.995509 41.159354 17.149344
67.703046 155.824515 42.677541 26.995732 41.159805 17.149227
67.702294 155.824628 42.682321 26.995955 41.160256 17.149111
67.701540 155.824740 42.687102 26.996178 41.160707 17.148992
67.700785 155.824854 42.691881 26.996403 41.161159 17.148875
67.700027 155.824967 42.696661 26.996625 41.161610 17.148757
67.699268 155.825080 42.701440 26.996850 41.162061 17.148640
67.698507 155.825192 42.706218 26.997073 41.162514 17.148521
67.697744 155.825305 42.710996 26.997298 41.162966 17.148404
67.696978 155.825418 42.715774 26.997521 41.163418 17.148285
67.696211 155.825529 42.720552 26.997744 41.163871 17.148166
67.695443 155.825642 42.725329 26.997969 41.164323 17.148048
67.694672 155.825755 42.730106 26.998193 41.164776 17.147929
67.693899 155.825867 42.734883 26.998417 41.165229 17.147811
67.693123 155.825979 42.739659 26.998642 41.165682 17.147692
67.692347 155.826091 42.744435 26.998866 41.166136 17.147572
67.691568 155.826204 42.749211 26.999091 41.166588 17.147453
67.690787 155.826316 42.753986 26.999315 41.167042 17.147334
67.690005 155.826428 42.758761 26.999540 41.167496 17.147215
67.689220 155.826540 42.763536 26.999764 41.167950 17.147095
67.688433 155.826652 42.768309 26.999990 41.168404 17.146976
67.687644 155.826764 42.773084 27.000214 41.168858 17.146855
67.686854 155.826875 42.777857 27.000440 41.169312 17.146736
67.686061 155.826987 42.782630 27.000664 41.169767 17.146615
67.685267 155.827099 42.787403 27.000890 41.170222 17.146496
67.684470 155.827211 42.792175 27.001116 41.170677 17.146376
67.683672 155.827322 42.796948 27.001341 41.171132 17.146254
67.682871 155.827434 42.801719 27.001567 41.171588 17.146134
67.682069 155.827545 42.806490 27.001791 41.172042 17.146012
67.681264 155.827657 42.811262 27.002017 41.172498 17.145892
67.680458 155.827768 42.816032 27.002243 41.172955 17.145771
67.679650 155.827879 42.820803 27.002469 41.173410 17.145650
67.678839 155.827990 42.825573 27.002695 41.173865 17.145529
67.678027 155.828101 42.830343 27.002920 41.174322 17.145407
67.677212 155.828213 42.835112 27.003147 41.174779 17.145286
67.676395 155.828323 42.839882 27.003374 41.175235 17.145165
67.675577 155.828435 42.844649 27.003599 41.175692 17.145042
67.674757 155.828546 42.849418 27.003826 41.176149 17.144921
67.673935 155.828656 42.854186 27.004051 41.176606 17.144798
67.673110 155.828767 42.858954 27.004278 41.177063 17.144676
67.672284 155.828878 42.863720 27.004505 41.177520 17.144554
67.671455 155.828988 42.868488 27.004731 41.177978 17.144431
67.670625 155.829098 42.873255 27.004958 41.178435 17.144308
67.669792 155.829210 42.878020 27.005185 41.178893 17.144186
67.668958 155.829320 42.882786 27.005412 41.179351 17.144063
67.668121 155.829430 42.887551 27.005639 41.179810 17.143940
67.667282 155.829540 42.892317 27.005867 41.180268 17.143817
67.666442 155.829651 42.897081 27.006094 41.180726 17.143694
67.665600 155.829761 42.901845 27.006320 41.181185 17.143570
67.664755 155.829871 42.906610 27.006548 41.181644 17.143447
67.663908 155.829981 42.911373 27.006776 41.182102 17.143323
67.663059 155.830091 42.916136 27.007002 41.182562 17.143198
67.662208 155.830201 42.920899 27.007230 41.183021 17.143074
67.661355 155.830311 42.925661 27.007458 41.183480 17.142951
67.660501 155.830421 42.930424 27.007686 41.183940 17.142827
67.659644 155.830530 42.935184 27.007913 41.184400 17.142702
67.658785 155.830640 42.939947 27.008141 41.184859 17.142577
67.657923 155.830749 42.944707 27.008370 41.185320 17.142452
67.657061 155.830859 42.949468 27.008598 41.185780 17.142328
67.656195 155.830968 42.954227 27.008825 41.186240 17.142203
67.655328 155.831078 42.958987 27.009054 41.186701 17.142077
67.654458 155.831187 42.963746 27.009282 41.187162 17.141953
67.653587 155.831297 42.968505 27.009511 41.187623 17.141828
67.652714 155.831405 42.973263 27.009739 41.188084 17.141701
67.651838 155.831515 42.978021 27.009968 41.188545 17.141575
67.650961 155.831624 42.982778 27.010196 41.189006 17.141450
67.650080 155.831733 42.987536 27.010425 41.189468 17.141324
67.649198 155.831842 42.992293 27.010654 41.189929 17.141198
67.648315 155.831951 42.997049 27.010882 41.190391 17.141071
67.647428 155.832060 43.001804 27.011111 41.190853 17.140944
67.646539 155.832169 43.006560 27.011341 41.191315 17.140818
67.645650 155.832277 43.011315 27.011570 41.191777 17.140692
67.644757 155.832386 43.016070 27.011799 41.192239 17.140565
67.643863 155.832494 43.020824 27.012028 41.192703 17.140437
67.642966 155.832603 43.025578 27.012257 41.193165 17.140310
67.642067 155.832711 43.030331 27.012487 41.193628 17.140183
67.641166 155.832819 43.035084 27.012716 41.194091 17.140055
67.640262 155.832928 43.039836 27.012946 41.194554 17.139928
67.639358 155.833035 43.044589 27.013176 41.195017 17.139800
67.638450 155.833144 43.049340 27.013406 41.195480 17.139673
67.637541 155.833252 43.054091 27.013635 41.195944 17.139543
67.636628 155.833361 43.058841 27.013865 41.196408 17.139416
67.635715 155.833468 43.063591 27.014095 41.196872 17.139288
67.634798 155.833576 43.068341 27.014325 41.197336 17.139159
67.633881 155.833684 43.073091 27.014555 41.197800 17.139030
67.632961 155.833791 43.077840 27.014785 41.198264 17.138901
67.632038 155.833899 43.082588 27.015016 41.198729 17.138773
67.631114 155.834007 43.087335 27.015246 41.199193 17.138644
67.630186 155.834114 43.092083 27.015477 41.199658 17.138514
67.629258 155.834222 43.096831 27.015706 41.200123 17.138384
67.628327 155.834329 43.101577 27.015937 41.200588 17.138254
67.627393 155.834436 43.106323 27.016167 41.201053 17.138125
67.626458 155.834544 43.111068 27.016398 41.201518 17.137995
67.625520 155.834650 43.115814 27.016629 41.201983 17.137864
67.624580 155.834758 43.120558 27.016860 41.202449 17.137735
67.623638 155.834864 43.125302 27.017091 41.202915 17.137604
67.622694 155.834972 43.130046 27.017322 41.203381 17.137473
67.621746 155.835078 43.134789 27.017553 41.203847 17.137343
67.620798 155.835186 43.139531 27.017785 41.204313 17.137212
67.619847 155.835292 43.144274 27.018016 41.204779 17.137082
67.618893 155.835399 43.149016 27.018247 41.205246 17.136950
67.617938 155.835505 43.153757 27.018479 41.205713 17.136819
67.616981 155.835611 43.158497 27.018710 41.206180 17.136688
67.616021 155.835719 43.163238 27.018942 41.206646 17.136556
67.615060 155.835825 43.167977 27.019174 41.207113 17.136424
67.614095 155.835930 43.172716 27.019405 41.207580 17.136292
67.613128 155.836038 43.177455 27.019637 41.208048 17.136161
67.612160 155.836143 43.182194 27.019869 41.208516 17.136027
67.611189 155.836249 43.186931 27.020100 41.208982 17.135895
67.610216 155.836356 43.191669 27.020332 41.209450 17.135762
67.609239 155.836462 43.196405 27.020565 41.209919 17.135630
67.608262 155.836567 43.201141 27.020797 41.210386 17.135497
67.607282 155.836673 43.205877 27.021029 41.210854 17.135363
67.606300 155.836778 43.210612 27.021261 41.211323 17.135230
67.605315 155.836885 43.215346 27.021494 41.211792 17.135097
67.604329 155.836990 43.220081 27.021726 41.212260 17.134964
67.603340 155.837096 43.224814 27.021958 41.212729 17.134830
67.602349 155.837201 43.229547 27.022191 41.213198 17.134695
67.601355 155.837306 43.234279 27.022423 41.213666 17.134562
67.600359 155.837411 43.239012 27.022656 41.214136 17.134427
67.599361 155.837516 43.243743 27.022889 41.214605 17.134292
67.598361 155.837621 43.248474 27.023121 41.215074 17.134158
67.597358 155.837726 43.253204 27.023354 41.215544 17.134024
67.596353 155.837831 43.257934 27.023587 41.216013 17.133888
67.595346 155.837936 43.262664 27.023820 41.216483 17.133754
67.594336 155.838041 43.267393 27.024054 41.216952 17.133619
67.593324 155.838146 43.272121 27.024287 41.217423 17.133483
67.592310 155.838251 43.276848 27.024521 41.217893 17.133348
67.591294 155.838355 43.281575 27.024754 41.218363 17.133211
67.590275 155.838460 43.286301 27.024987 41.218834 17.133076
67.589254 155.838564 43.291028 27.025220 41.219304 17.132939
67.588231 155.838669 43.295754 27.025454 41.219775 17.132803
67.587205 155.838773 43.300478 27.025687 41.220246 17.132667
67.586177 155.838878 43.305202 27.025921 41.220717 17.132530
67.585147 155.838981 43.309926 27.026156 41.221188 17.132394
67.584114 155.839085 43.314649 27.026389 41.221659 17.132257
67.583079 155.839190 43.319372 27.026623 41.222131 17.132120
67.582041 155.839294 43.324094 27.026857 41.222602 17.131982
67.581002 155.839397 43.328815 27.027091 41.223074 17.131845
67.579960 155.839501 43.333536 27.027325 41.223545 17.131707
67.578915 155.839605 43.338257 27.027558 41.224017 17.131569
67.577868 155.839709 43.342977 27.027794 41.224489 17.131432
67.576820 155.839812 43.347695 27.028028 41.224962 17.131294
