-83.970309 150.799593 15.301537 27.236313 -41.641143 -8.703036
-83.970190 150.800501 15.301537 27.236313 -41.641143 -8.712999
-83.970069 150.801410 15.301537 27.236313 -41.641143 -8.722963
-83.969951 150.802318 15.301537 27.236313 -41.641143 -8.732928
-83.969831 150.803227 15.301537 27.236313 -41.641143 -8.742894
-83.969713 150.804135 15.301537 27.236313 -41.641143 -8.752861
-83.969594 150.805044 15.301537 27.236313 -41.641143 -8.762828
-83.969476 150.805953 15.301537 27.236313 -41.641143 -8.772797
-83.969359 150.806861 15.301537 27.236313 -41.641143 -8.782767
-83.969241 150.807770 15.301537 27.236313 -41.641143 -8.792737
-83.969124 150.808679 15.301537 27.236313 -41.641143 -8.802708
-83.969007 150.809588 15.301537 27.236313 -41.641143 -8.812680
-83.968890 150.810497 15.301537 27.236313 -41.641143 -8.822653
-83.968774 150.811406 15.301537 27.236313 -41.641143 -8.832627
-83.968657 150.812315 15.301537 27.236313 -41.641143 -8.842602
-83.968542 150.813224 15.301537 27.236313 -41.641143 -8.852577
-83.968426 150.814133 15.301537 27.236313 -41.641143 -8.862553
-83.968310 150.815042 15.301537 27.236313 -41.641143 -8.872530
-83.968195 150.815951 15.301537 27.236313 -41.641143 -8.882508
-83.968081 150.816861 15.301537 27.236313 -41.641143 -8.892487
-83.967966 150.817770 15.301537 27.236313 -41.641143 -8.902466
-83.967851 150.818679 15.301537 27.236313 -41.641143 -8.912446
-83.967738 150.819589 15.301537 27.236313 -41.641143 -8.922427
-83.967624 150.820498 15.301537 27.236313 -41.641143 -8.932408
-83.967511 150.821407 15.301537 27.236313 -41.641143 -8.942390
-83.967397 150.822317 15.301537 27.236313 -41.641143 -8.952373
-83.967284 150.823226 15.301537 27.236313 -41.641143 -8.962356
-83.967172 150.824136 15.301537 27.236313 -41.641143 -8.972340
-83.967059 150.825046 15.301537 27.236313 -41.641143 -8.982325
-83.966946 150.825955 15.301537 27.236313 -41.641143 -8.992311
-83.966834 150.826865 15.301537 27.236313 -41.641143 -9.002297
-83.966723 150.827775 15.301537 27.236313 -41.641143 -9.012283
-83.966612 150.828684 15.301537 27.236313 -41.641143 -9.022270
-83.966500 150.829594 15.301537 27.236313 -41.641143 -9.032258
-83.966389 150.830504 15.301537 27.236313 -41.641143 -9.042247
-83.966278 150.831414 15.301537 27.236313 -41.641143 -9.052236
-83.966167 150.832324 15.301537 27.236313 -41.641143 -9.062225
-83.966057 150.833234 15.301537 27.236313 -41.641143 -9.072215
-83.965948 150.834143 15.301537 27.236313 -41.641143 -9.082206
-83.965837 150.835053 15.301537 27.236313 -41.641143 -9.092197
-83.965729 150.835963 15.301537 27.236313 -41.641143 -9.102188
-83.965619 150.836873 15.301537 27.236313 -41.641143 -9.112180
-83.965510 150.837783 15.301537 27.236313 -41.641143 -9.122173
-83.965401 150.838693 15.301537 27.236313 -41.641143 -9.132166
-83.965292 150.839603 15.301537 27.236313 -41.641143 -9.142159
-83.965185 150.840513 15.301537 27.236313 -41.641143 -9.152153
-83.965076 150.841423 15.301537 27.236313 -41.641143 -9.162147
-83.964968 150.842333 15.301537 27.236313 -41.641143 -9.172142
-83.964861 150.843243 15.301537 27.236313 -41.641143 -9.182137
-83.964754 150.844153 15.301537 27.236313 -41.641143 -9.192132
-83.964646 150.845063 15.301537 27.236313 -41.641143 -9.202128
-83.964540 150.845973 15.301537 27.236313 -41.641143 -9.212124
-83.964433 150.846883 15.301537 27.236313 -41.641143 -9.222121
-83.964326 150.847794 15.301537 27.236313 -41.641143 -9.232118
-83.964220 150.848704 15.301537 27.236313 -41.641143 -9.242115
-83.964114 150.849614 15.301537 27.236313 -41.641143 -9.252113
-83.964009 150.850524 15.301537 27.236313 -41.641143 -9.262111
-83.963903 150.851434 15.301537 27.236313 -41.641143 -9.272109
-83.963799 150.852344 15.301537 27.236313 -41.641143 -9.282107
-83.963694 150.853254 15.301537 27.236313 -41.641143 -9.292106
-83.963589 150.854164 15.301537 27.236313 -41.641143 -9.302105
-83.963484 150.855074 15.301537 27.236313 -41.641143 -9.312104
-83.963380 150.855984 15.301537 27.236313 -41.641143 -9.322103
-83.963276 150.856894 15.301537 27.236313 -41.641143 -9.332103
-83.963172 150.857804 15.301537 27.236313 -41.641143 -9.342103
-83.963069 150.858714 15.301537 27.236313 -41.641143 -9.352103
-83.962966 150.859624 15.301537 27.236313 -41.641143 -9.362103
-83.962863 150.860535 15.301537 27.236313 -41.641143 -9.372104
-83.962759 150.861445 15.301537 27.236313 -41.641143 -9.382104
-83.962657 150.862355 15.301537 27.236313 -41.641143 -9.392105
-83.962554 150.863265 15.301537 27.236313 -41.641143 -9.402106
-83.962451 150.864175 15.301537 27.236313 -41.641143 -9.412107
-83.962350 150.865085 15.301537 27.236313 -41.641143 -9.422108
-83.962248 150.865994 15.301537 27.236313 -41.641143 -9.432109
-83.962146 150.866904 15.301537 27.236313 -41.641143 -9.442110
-83.962046 150.867814 15.301537 27.236313 -41.641143 -9.452111
-83.961944 150.868724 15.301537 27.236313 -41.641143 -9.462113
-83.961844 150.869634 15.301537 27.236313 -41.641143 -9.472114
-83.961743 150.870544 15.301537 27.236313 -41.641143 -9.482116
-83.961643 150.871454 15.301537 27.236313 -41.641143 -9.492117
-83.961542 150.872363 15.301537 27.236313 -41.641143 -9.502118
-83.961442 150.873273 15.301537 27.236313 -41.641143 -9.512120
-83.961343 150.874183 15.301537 27.236313 -41.641143 -9.522121
-83.961243 150.875093 15.301537 27.236313 -41.641143 -9.532123
-83.961143 150.876002 15.301537 27.236313 -41.641143 -9.542124
-83.961044 150.876912 15.301537 27.236313 -41.641143 -9.552126
-83.960945 150.877822 15.301537 27.236313 -41.641143 -9.562127
-83.960847 150.878731 15.301537 27.236313 -41.641143 -9.572128
-83.960748 150.879641 15.301537 27.236313 -41.641143 -9.582129
-83.960650 150.880550 15.301537 27.236313 -41.641143 -9.592130
-83.960552 150.881460 15.301537 27.236313 -41.641143 -9.602131
-83.960454 150.882369 15.301537 27.236313 -41.641143 -9.612132
-83.960356 150.883279 15.301537 27.236313 -41.641143 -9.622133
-83.960258 150.884188 15.301537 27.236313 -41.641143 -9.632133
-83.960161 150.885097 15.301537 27.236313 -41.641143 -9.642134
-83.960064 150.886006 15.301537 27.236313 -41.641143 -9.652134
-83.959968 150.886916 15.301537 27.236313 -41.641143 -9.662134
-83.959871 150.887825 15.301537 27.236313 -41.641143 -9.672134
-83.959775 150.888734 15.301537 27.236313 -41.641143 -9.682133
-83.959679 150.889643 15.301537 27.236313 -41.641143 -9.692133
-83.959582 150.890552 15.301537 27.236313 -41.641143 -9.702132
-83.959487 150.891461 15.301537 27.236313 -41.641143 -9.712131
-83.959391 150.892370 15.301537 27.236313 -41.641143 -9.722129
-83.959295 150.893279 15.301537 27.236313 -41.641143 -9.732128
-83.959200 150.894188 15.301537 27.236313 -41.641143 -9.742126
-83.959105 150.895096 15.301537 27.236313 -41.641143 -9.752123
-83.959010 150.896005 15.301537 27.236313 -41.641143 -9.762121
-83.958916 150.896914 15.301537 27.236313 -41.641143 -9.772118
-83.958821 150.897823 15.301537 27.236313 -41.641143 -9.782115
-83.958727 150.898731 15.301537 27.236313 -41.641143 -9.792111
-83.958633 150.899640 15.301537 27.236313 -41.641143 -9.802108
-83.958539 150.900548 15.301537 27.236313 -41.641143 -9.812103
-83.958445 150.901456 15.301537 27.236313 -41.641143 -9.822099
-83.958352 150.902365 15.301537 27.236313 -41.641143 -9.832094
-83.958259 150.903273 15.301537 27.236313 -41.641143 -9.842088
-83.958166 150.904181 15.301537 27.236313 -41.641143 -9.852083
-83.958073 150.905089 15.301537 27.236313 -41.641143 -9.862076
-83.957980 150.905997 15.301537 27.236313 -41.641143 -9.872070
-83.957888 150.906905 15.301537 27.236313 -41.641143 -9.882063
-83.957796 150.907813 15.301537 27.236313 -41.641143 -9.892055
-83.957703 150.908721 15.301537 27.236313 -41.641143 -9.902047
-83.957612 150.909629 15.301537 27.236313 -41.641143 -9.912038
-83.957520 150.910536 15.301537 27.236313 -41.641143 -9.922029
-83.957428 150.911444 15.301537 27.236313 -41.641143 -9.932020
-83.957337 150.912352 15.301537 27.236313 -41.641143 -9.942010
-83.957246 150.913259 15.301537 27.236313 -41.641143 -9.951999
-83.957155 150.914166 15.301537 27.236313 -41.641143 -9.961988
-83.957064 150.915074 15.301537 27.236313 -41.641143 -9.971976
-83.956974 150.915981 15.301537 27.236313 -41.641143 -9.981964
-83.956883 150.916888 15.301537 27.236313 -41.641143 -9.991951
-83.956793 150.917795 15.301537 27.236313 -41.641143 -10.001937
-83.956703 150.918702 15.301537 27.236313 -41.641143 -10.011923
-83.956613 150.919609 15.301537 27.236313 -41.641143 -10.021908
-83.956524 150.920516 15.301537 27.236313 -41.641143 -10.031893
-83.956434 150.921423 15.301537 27.236313 -41.641143 -10.041877
-83.956344 150.922329 15.301537 27.236313 -41.641143 -10.051860
-83.956256 150.923236 15.301537 27.236313 -41.641143 -10.061843
-83.956167 150.924142 15.301537 27.236313 -41.641143 -10.071825
-83.956078 150.925049 15.301537 27.236313 -41.641143 -10.081806
-83.955989 150.925955 15.301537 27.236313 -41.641143 -10.091787
-83.955901 150.926861 15.301537 27.236313 -41.641143 -10.101767
-83.955813 150.927767 15.301537 27.236313 -41.641143 -10.111746
-83.955724 150.928673 15.301537 27.236313 -41.641143 -10.121724
-83.955636 150.929579 15.301537 27.236313 -41.641143 -10.131702
-83.955549 150.930485 15.301537 27.236313 -41.641143 -10.141679
-83.955461 150.931391 15.301537 27.236313 -41.641143 -10.151655
-83.955374 150.932296 15.301537 27.236313 -41.641143 -10.161630
-83.955287 150.933202 15.301537 27.236313 -41.641143 -10.171604
-83.955200 150.934107 15.301537 27.236313 -41.641143 -10.181578
-83.955112 150.935012 15.301537 27.236313 -41.641143 -10.191551
-83.955026 150.935918 15.301537 27.236313 -41.641143 -10.201523
-83.954940 150.936823 15.301537 27.236313 -41.641143 -10.211494
-83.954853 150.937728 15.301537 27.236313 -41.641143 -10.221464
-83.954767 150.938632 15.301537 27.236313 -41.641143 -10.231434
-83.954681 150.939537 15.301537 27.236313 -41.641143 -10.241402
-83.954595 150.940442 15.301537 27.236313 -41.641143 -10.251370
-83.954510 150.941346 15.301537 27.236313 -41.641143 -10.261336
-83.954424 150.942251 15.301537 27.236313 -41.641143 -10.271302
-83.954338 150.943155 15.301537 27.236313 -41.641143 -10.281267
-83.954253 150.944059 15.301537 27.236313 -41.641143 -10.291231
-83.954169 150.944963 15.301537 27.236313 -41.641143 -10.301194
-83.954083 150.945867 15.301537 27.236313 -41.641143 -10.311155
-83.953999 150.946771 15.301537 27.236313 -41.641143 -10.321116
-83.953914 150.947675 15.301537 27.236313 -41.641143 -10.331076
-83.953829 150.948578 15.301537 27.236313 -41.641143 -10.341035
-83.953745 150.949482 15.301537 27.236313 -41.641143 -10.350993
-83.953661 150.950385 15.301537 27.236313 -41.641143 -10.360950
-83.953577 150.951289 15.301537 27.236313 -41.641143 -10.370906
-83.953494 150.952192 15.301537 27.236313 -41.641143 -10.380860
-83.953410 150.953095 15.301537 27.236313 -41.641143 -10.390814
-83.953326 150.953997 15.301537 27.236313 -41.641143 -10.400767
-83.953243 150.954900 15.301537 27.236313 -41.641143 -10.410718
-83.953160 150.955803 15.301537 27.236313 -41.641143 -10.420669
-83.953077 150.956705 15.301537 27.236313 -41.641143 -10.430618
-83.952995 150.957608 15.301537 27.236313 -41.641143 -10.440566
-83.952911 150.958510 15.301537 27.236313 -41.641143 -10.450513
-83.952829 150.959412 15.301537 27.236313 -41.641143 -10.460459
-83.952747 150.960314 15.301537 27.236313 -41.641143 -10.470403
-83.952664 150.961216 15.301537 27.236313 -41.641143 -10.480347
-83.952583 150.962117 15.301537 27.236313 -41.641143 -10.490289
-83.952501 150.963019 15.301537 27.236313 -41.641143 -10.500230
-83.952418 150.963920 15.301537 27.236313 -41.641143 -10.510170
-83.952337 150.964821 15.301537 27.236313 -41.641143 -10.520108
-83.952256 150.965722 15.301537 27.236313 -41.641143 -10.530046
-83.952174 150.966623 15.301537 27.236313 -41.641143 -10.539982
-83.952093 150.967524 15.301537 27.236313 -41.641143 -10.549917
-83.952012 150.968425 15.301537 27.236313 -41.641143 -10.559850
-83.951931 150.969325 15.301537 27.236313 -41.641143 -10.569782
-83.951851 150.970226 15.301537 27.236313 -41.641143 -10.579713
-83.951769 150.971126 15.301537 27.236313 -41.641143 -10.589643
-83.951689 150.972026 15.301537 27.236313 -41.641143 -10.599571
-83.951610 150.972926 15.301537 27.236313 -41.641143 -10.609498
-83.951529 150.973826 15.301537 27.236313 -41.641143 -10.619424
-83.951449 150.974725 15.301537 27.236313 -41.641143 -10.629348
-83.951369 150.975625 15.301537 27.236313 -41.641143 -10.639271
-83.951289 150.976524 15.301537 27.236313 -41.641143 -10.649192
-83.951210 150.977423 15.301537 27.236313 -41.641143 -10.659113
-83.951130 150.978322 15.301537 27.236313 -41.641143 -10.669031
-83.951050 150.979221 15.301537 27.236313 -41.641143 -10.678948
-83.950972 150.980120 15.301537 27.236313 -41.641143 -10.688864
-83.950892 150.981018 15.301537 27.236313 -41.641143 -10.698779
-83.950813 150.981917 15.301537 27.236313 -41.641143 -10.708691
-83.950734 150.982815 15.301537 27.236313 -41.641143 -10.718603
-83.950656 150.983713 15.301537 27.236313 -41.641143 -10.728513
-83.950578 150.984611 15.301537 27.236313 -41.641143 -10.738421
-83.950500 150.985508 15.301537 27.236313 -41.641143 -10.748328
-83.950421 150.986406 15.301537 27.236313 -41.641143 -10.758233
-83.950343 150.987303 15.301537 27.236313 -41.641143 -10.768137
-83.950265 150.988201 15.301537 27.236313 -41.641143 -10.778040
-83.950187 150.989098 15.301537 27.236313 -41.641143 -10.787941
-83.950109 150.989994 15.301537 27.236313 -41.641143 -10.797840
-83.950032 150.990891 15.301537 27.236313 -41.641143 -10.807738
-83.949955 150.991788 15.301537 27.236313 -41.641143 -10.817634
-83.949878 150.992684 15.301537 27.236313 -41.641143 -10.827529
-83.949800 150.993580 15.301537 27.236313 -41.641143 -10.837423
-83.949723 150.994476 15.301537 27.236313 -41.641143 -10.847315
-83.949646 150.995372 15.301537 27.236313 -41.641143 -10.857205
-83.949570 150.996268 15.301537 27.236313 -41.641143 -10.867095
-83.949493 150.997163 15.301537 27.236313 -41.641143 -10.876982
-83.949417 150.998059 15.301537 27.236313 -41.641143 -10.886868
-83.949340 150.998954 15.301537 27.236313 -41.641143 -10.896753
-83.949264 150.999849 15.301537 27.236313 -41.641143 -10.906636
-83.949188 151.000744 15.301537 27.236313 -41.641143 -10.916518
-83.949112 151.001639 15.301537 27.236313 -41.641143 -10.926398
-83.949036 151.002533 15.301537 27.236313 -41.641143 -10.936277
-83.948960 151.003428 15.301537 27.236313 -41.641143 -10.946154
-83.948885 151.004322 15.301537 27.236313 -41.641143 -10.956030
-83.948809 151.005216 15.301537 27.236313 -41.641143 -10.965905
-83.948734 151.006110 15.301537 27.236313 -41.641143 -10.975778
-83.948659 151.007004 15.301537 27.236313 -41.641143 -10.985649
-83.948584 151.007898 15.301537 27.236313 -41.641143 -10.995520
-83.948509 151.008791 15.301537 27.236313 -41.641143 -11.005388
-83.948434 151.009684 15.301537 27.236313 -41.641143 -11.015256
-83.948359 151.010577 15.301537 27.236313 -41.641143 -11.025122
-83.948285 151.011470 15.301537 27.236313 -41.641143 -11.034986
-83.948211 151.012363 15.301537 27.236313 -41.641143 -11.044849
-83.948137 151.013256 15.301537 27.236313 -41.641143 -11.054711
-83.948062 151.014148 15.301537 27.236313 -41.641143 -11.064571
-83.947989 151.015041 15.301537 27.236313 -41.641143 -11.074430
-83.947915 151.015933 15.301537 27.236313 -41.641143 -11.084287
-83.947841 151.016825 15.301537 27.236313 -41.641143 -11.094143
-83.947768 151.017717 15.301537 27.236313 -41.641143 -11.103998
-83.947694 151.018609 15.301537 27.236313 -41.641143 -11.113851
-83.947621 151.019500 15.301537 27.236313 -41.641143 -11.123703
-83.947549 151.020392 15.301537 27.236313 -41.641143 -11.133553
-83.947475 151.021283 15.301537 27.236313 -41.641143 -11.143402
-83.947402 151.022174 15.301537 27.236313 -41.641143 -11.153250
-83.947330 151.023065 15.301537 27.236313 -41.641143 -11.163096
-83.947257 151.023956 15.301537 27.236313 -41.641143 -11.172941
-83.947185 151.024846 15.301537 27.236313 -41.641143 -11.182784
-83.947113 151.025737 15.301537 27.236313 -41.641143 -11.192626
-83.947040 151.026627 15.301537 27.236313 -41.641143 -11.202467
-83.946968 151.027517 15.301537 27.236313 -41.641143 -11.212306
-83.946897 151.028407 15.301537 27.236313 -41.641143 -11.222144
-83.946825 151.029297 15.301537 27.236313 -41.641143 -11.231980
-83.946753 151.030187 15.301537 27.236313 -41.641143 -11.241816
-83.946681 151.031076 15.301537 27.236313 -41.641143 -11.251649
-83.946610 151.031966 15.301537 27.236313 -41.641143 -11.261482
-83.946539 151.032855 15.301537 27.236313 -41.641143 -11.271313
-83.946468 151.033744 15.301537 27.236313 -41.641143 -11.281143
-83.946397 151.034633 15.301537 27.236313 -41.641143 -11.290971
-83.946326 151.035522 15.301537 27.236313 -41.641143 -11.300798
-83.946255 151.036411 15.301537 27.236313 -41.641143 -11.310624
-83.946186 151.037299 15.301537 27.236313 -41.641143 -11.320448
-83.946115 151.038187 15.301537 27.236313 -41.641143 -11.330271
-83.946045 151.039076 15.301537 27.236313 -41.641143 -11.340093
-83.945974 151.039964 15.301537 27.236313 -41.641143 -11.349913
-83.945905 151.040851 15.301537 27.236313 -41.641143 -11.359732
-83.945835 151.041739 15.301537 27.236313 -41.641143 -11.369550
-83.945765 151.042627 15.301537 27.236313 -41.641143 -11.379366
-83.945695 151.043514 15.301537 27.236313 -41.641143 -11.389181
-83.945626 151.044401 15.301537 27.236313 -41.641143 -11.398995
-83.945557 151.045288 15.301537 27.236313 -41.641143 -11.408807
-83.945488 151.046175 15.301537 27.236313 -41.641143 -11.418618
-83.945418 151.047062 15.301537 27.236313 -41.641143 -11.428428
-83.945350 151.047949 15.301537 27.236313 -41.641143 -11.438236
-83.945281 151.048835 15.301537 27.236313 -41.641143 -11.448043
-83.945212 151.049722 15.301537 27.236313 -41.641143 -11.457849
-83.945144 151.050608 15.301537 27.236313 -41.641143 -11.467654
-83.945076 151.051494 15.301537 27.236313 -41.641143 -11.477457
-83.945008 151.052380 15.301537 27.236313 -41.641143 -11.487259
-83.944939 151.053266 15.301537 27.236313 -41.641143 -11.497059
-83.944871 151.054151 15.301537 27.236313 -41.641143 -11.506858
-83.944804 151.055037 15.301537 27.236313 -41.641143 -11.516656
-83.944736 151.055922 15.301537 27.236313 -41.641143 -11.526453
-83.944669 151.056808 15.301537 27.236313 -41.641143 -11.536249
-83.944601 151.057693 15.301537 27.236313 -41.641143 -11.546043
-83.944534 151.058577 15.301537 27.236313 -41.641143 -11.555836
-83.944467 151.059462 15.301537 27.236313 -41.641143 -11.565627
-83.944400 151.060347 15.301537 27.236313 -41.641143 -11.575418
-83.944333 151.061231 15.301537 27.236313 -41.641143 -11.585207
-83.944267 151.062116 15.301537 27.236313 -41.641143 -11.594994
-83.944200 151.063000 15.301537 27.236313 -41.641143 -11.604781
-83.944133 151.063884 15.301537 27.236313 -41.641143 -11.614566
-83.944068 151.064768 15.301537 27.236313 -41.641143 -11.624350
-83.944001 151.065651 15.301537 27.236313 -41.641143 -11.634133
-83.943935 151.066535 15.301537 27.236313 -41.641143 -11.643914
-83.943870 151.067418 15.301537 27.236313 -41.641143 -11.653694
-83.943803 151.068302 15.301537 27.236313 -41.641143 -11.663473
-83.943738 151.069185 15.301537 27.236313 -41.641143 -11.673251
-83.943673 151.070068 15.301537 27.236313 -41.641143 -11.683028
-83.943607 151.070951 15.301537 27.236313 -41.641143 -11.692803
-83.943542 151.071834 15.301537 27.236313 -41.641143 -11.702577
-83.943477 151.072716 15.301537 27.236313 -41.641143 -11.712350
-83.943412 151.073599 15.301537 27.236313 -41.641143 -11.722121
-83.943347 151.074481 15.301537 27.236313 -41.641143 -11.731892
-83.943283 151.075363 15.301537 27.236313 -41.641143 -11.741661
-83.943218 151.076245 15.301537 27.236313 -41.641143 -11.751428
-83.943154 151.077127 15.301537 27.236313 -41.641143 -11.761195
-83.943089 151.078009 15.301537 27.236313 -41.641143 -11.770960
-83.943025 151.078890 15.301537 27.236313 -41.641143 -11.780725
-83.942962 151.079772 15.301537 27.236313 -41.641143 -11.790488
-83.942897 151.080653 15.301537 27.236313 -41.641143 -11.800249
-83.942834 151.081534 15.301537 27.236313 -41.641143 -11.810010
-83.942771 151.082415 15.301537 27.236313 -41.641143 -11.819769
-83.942708 151.083296 15.301537 27.236313 -41.641143 -11.829527
-83.942644 151.084177 15.301537 27.236313 -41.641143 -11.839284
-83.942580 151.085057 15.301537 27.236313 -41.641143 -11.849040
-83.942518 151.085938 15.301537 27.236313 -41.641143 -11.858795
-83.942455 151.086818 15.301537 27.236313 -41.641143 -11.868548
-83.942393 151.087698 15.301537 27.236313 -41.641143 -11.878300
-83.942329 151.088578 15.301537 27.236313 -41.641143 -11.888051
-83.942267 151.089458 15.301537 27.236313 -41.641143 -11.897801
-83.942205 151.090338 15.301537 27.236313 -41.641143 -11.907550
-83.942143 151.091218 15.301537 27.236313 -41.641143 -11.917297
-83.942080 151.092097 15.301537 27.236313 -41.641143 -11.927043
-83.942019 151.092977 15.301537 27.236313 -41.641143 -11.936789
-83.941958 151.093856 15.301537 27.236313 -41.641143 -11.946532
-83.941896 151.094735 15.301537 27.236313 -41.641143 -11.956275
-83.941834 151.095614 15.301537 27.236313 -41.641143 -11.966017
-83.941773 151.096493 15.301537 27.236313 -41.641143 -11.975757
-83.941711 151.097372 15.301537 27.236313 -41.641143 -11.985497
-83.941651 151.098250 15.301537 27.236313 -41.641143 -11.995235
-83.941589 151.099128 15.301537 27.236313 -41.641143 -12.004972
-83.941528 151.100007 15.301537 27.236313 -41.641143 -12.014707
-83.941468 151.100885 15.301537 27.236313 -41.641143 -12.024442
-83.941407 151.101763 15.301537 27.236313 -41.641143 -12.034176
-83.941347 151.102641 15.301537 27.236313 -41.641143 -12.043908
-83.941287 151.103518 15.301537 27.236313 -41.641143 -12.053639
-83.941227 151.104396 15.301537 27.236313 -41.641143 -12.063369
-83.941167 151.105273 15.301537 27.236313 -41.641143 -12.073098
-83.941107 151.106151 15.301537 27.236313 -41.641143 -12.082826
-83.941048 151.107028 15.301537 27.236313 -41.641143 -12.092553
-83.940988 151.107905 15.301537 27.236313 -41.641143 -12.102279
-83.940929 151.108782 15.301537 27.236313 -41.641143 -12.112003
-83.940870 151.109659 15.301537 27.236313 -41.641143 -12.121726
-83.940810 151.110536 15.301537 27.236313 -41.641143 -12.131449
-83.940751 151.111412 15.301537 27.236313 -41.641143 -12.141170
-83.940692 151.112288 15.301537 27.236313 -41.641143 -12.150890
-83.940633 151.113165 15.301537 27.236313 -41.641143 -12.160609
-83.940575 151.114041 15.301537 27.236313 -41.641143 -12.170326
-83.940517 151.114917 15.301537 27.236313 -41.641143 -12.180043
-83.940458 151.115793 15.301537 27.236313 -41.641143 -12.189759
-83.940400 151.116668 15.301537 27.236313 -41.641143 -12.199473
-83.940342 151.117544 15.301537 27.236313 -41.641143 -12.209186
-83.940284 151.118420 15.301537 27.236313 -41.641143 -12.218899
-83.940227 151.119295 15.301537 27.236313 -41.641143 -12.228610
-83.940169 151.120170 15.301537 27.236313 -41.641143 -12.238320
-83.940111 151.121045 15.301537 27.236313 -41.641143 -12.248029
-83.940054 151.121920 15.301537 27.236313 -41.641143 -12.257737
-83.939997 151.122795 15.301537 27.236313 -41.641143 -12.267444
-83.939940 151.123670 15.301537 27.236313 -41.641143 -12.277150
-83.939883 151.124544 15.301537 27.236313 -41.641143 -12.286854
-83.939826 151.125419 15.301537 27.236313 -41.641143 -12.296558
-83.939769 151.126293 15.301537 27.236313 -41.641143 -12.306261
-83.939713 151.127167 15.301537 27.236313 -41.641143 -12.315962
-83.939656 151.128041 15.301537 27.236313 -41.641143 -12.325662
-83.939600 151.128915 15.301537 27.236313 -41.641143 -12.335362
-83.939544 151.129789 15.301537 27.236313 -41.641143 -12.345060
-83.939488 151.130663 15.301537 27.236313 -41.641143 -12.354757
-83.939432 151.131536 15.301537 27.236313 -41.641143 -12.364454
-83.939377 151.132410 15.301537 27.236313 -41.641143 -12.374149
-83.939321 151.133283 15.301537 27.236313 -41.641143 -12.383843
-83.939265 151.134156 15.301537 27.236313 -41.641143 -12.393536
-83.939210 151.135029 15.301537 27.236313 -41.641143 -12.403228
-83.939155 151.135902 15.301537 27.236313 -41.641143 -12.412919
-83.939100 151.136775 15.301537 27.236313 -41.641143 -12.422609
-83.939046 151.137648 15.301537 27.236313 -41.641143 -12.432298
-83.938991 151.138520 15.301537 27.236313 -41.641143 -12.441986
-83.938936 151.139393 15.301537 27.236313 -41.641143 -12.451673
-83.938882 151.140265 15.301537 27.236313 -41.641143 -12.461359
-83.938827 151.141137 15.301537 27.236313 -41.641143 -12.471043
-83.938774 151.142009 15.301537 27.236313 -41.641143 -12.480727
-83.938719 151.142881 15.301537 27.236313 -41.641143 -12.490410
-83.938665 151.143753 15.301537 27.236313 -41.641143 -12.500092
-83.938612 151.144625 15.301537 27.236313 -41.641143 -12.509773
-83.938558 151.145496 15.301537 27.236313 -41.641143 -12.519452
-83.938505 151.146367 15.301537 27.236313 -41.641143 -12.529131
-83.938451 151.147239 15.301537 27.236313 -41.641143 -12.538809
-83.938398 151.148110 15.301537 27.236313 -41.641143 -12.548486
-83.938345 151.148981 15.301537 27.236313 -41.641143 -12.558161
-83.938292 151.149852 15.301537 27.236313 -41.641143 -12.567836
-83.938239 151.150723 15.301537 27.236313 -41.641143 -12.577510
-83.938187 151.151593 15.301537 27.236313 -41.641143 -12.587183
-83.938134 151.152464 15.301537 27.236313 -41.641143 -12.596854
-83.938082 151.153334 15.301537 27.236313 -41.641143 -12.606525
-83.938029 151.154205 15.301537 27.236313 -41.641143 -12.616195
-83.937977 151.155075 15.301537 27.236313 -41.641143 -12.625864
-83.937925 151.155945 15.301537 27.236313 -41.641143 -12.635532
-83.937874 151.156815 15.301537 27.236313 -41.641143 -12.645199
-83.937822 151.157685 15.301537 27.236313 -41.641143 -12.654865
-83.937770 151.158555 15.301537 27.236313 -41.641143 -12.664530
-83.937719 151.159424 15.301537 27.236313 -41.641143 -12.674194
-83.937667 151.160294 15.301537 27.236313 -41.641143 -12.683857
-83.937617 151.161163 15.301537 27.236313 -41.641143 -12.693519
-83.937566 151.162032 15.301537 27.236313 -41.641143 -12.703180
-83.937515 151.162901 15.301537 27.236313 -41.641143 -12.712840
-83.937464 151.163770 15.301537 27.236313 -41.641143 -12.722499
-83.937413 151.164639 15.301537 27.236313 -41.641143 -12.732158
-83.937363 151.165508 15.301537 27.236313 -41.641143 -12.741815
-83.937313 151.166377 15.301537 27.236313 -41.641143 -12.751471
-83.937263 151.167245 15.301537 27.236313 -41.641143 -12.761127
-83.937212 151.168114 15.301537 27.236313 -41.641143 -12.770781
-83.937162 151.168982 15.301537 27.236313 -41.641143 -12.780435
-83.937113 151.169850 15.301537 27.236313 -41.641143 -12.790087
-83.937063 151.170718 15.301537 27.236313 -41.641143 -12.799739
-83.937014 151.171586 15.301537 27.236313 -41.641143 -12.809390
-83.936964 151.172454 15.301537 27.236313 -41.641143 -12.819040
-83.936915 151.173322 15.301537 27.236313 -41.641143 -12.828689
-83.936866 151.174189 15.301537 27.236313 -41.641143 -12.838337
-83.936817 151.175057 15.301537 27.236313 -41.641143 -12.847984
-83.936769 151.175924 15.301537 27.236313 -41.641143 -12.857630
-83.936720 151.176791 15.301537 27.236313 -41.641143 -12.867275
-83.936671 151.177659 15.301537 27.236313 -41.641143 -12.876920
-83.936623 151.178526 15.301537 27.236313 -41.641143 -12.886563
-83.936575 151.179393 15.301537 27.236313 -41.641143 -12.896206
-83.936526 151.180259 15.301537 27.236313 -41.641143 -12.905848
-83.936478 151.181126 15.301537 27.236313 -41.641143 -12.915488
-83.936431 151.181993 15.301537 27.236313 -41.641143 -12.925128
-83.936383 151.182859 15.301537 27.236313 -41.641143 -12.934767
-83.936336 151.183725 15.301537 27.236313 -41.641143 -12.944405
-83.936288 151.184592 15.301537 27.236313 -41.641143 -12.954043
-83.936240 151.185458 15.301537 27.236313 -41.641143 -12.963679
-83.936194 151.186324 15.301537 27.236313 -41.641143 -12.973314
-83.936146 151.187190 15.301537 27.236313 -41.641143 -12.982949
-83.936100 151.188055 15.301537 27.236313 -41.641143 -12.992583
-83.936053 151.188921 15.301537 27.236313 -41.641143 -13.002216
-83.936007 151.189787 15.301537 27.236313 -41.641143 -13.011848
-83.935960 151.190652 15.301537 27.236313 -41.641143 -13.021479
-83.935914 151.191517 15.301537 27.236313 -41.641143 -13.031109
-83.935867 151.192383 15.301537 27.236313 -41.641143 -13.040738
-83.935822 151.193248 15.301537 27.236313 -41.641143 -13.050367
-83.935775 151.194113 15.301537 27.236313 -41.641143 -13.059995
-83.935729 151.194978 15.301537 27.236313 -41.641143 -13.069621
-83.935685 151.195842 15.301537 27.236313 -41.641143 -13.079247
-83.935639 151.196707 15.301537 27.236313 -41.641143 -13.088873
-83.935594 151.197572 15.301537 27.236313 -41.641143 -13.098497
-83.935548 151.198436 15.301537 27.236313 -41.641143 -13.108120
-83.935503 151.199301 15.301537 27.236313 -41.641143 -13.117743
-83.935459 151.200165 15.301537 27.236313 -41.641143 -13.127365
-83.935413 151.201029 15.301537 27.236313 -41.641143 -13.136986
-83.935368 151.201893 15.301537 27.236313 -41.641143 -13.146606
-83.935324 151.202757 15.301537 27.236313 -41.641143 -13.156225
-83.935279 151.203621 15.301537 27.236313 -41.641143 -13.165844
-83.935235 151.204484 15.301537 27.236313 -41.641143 -13.175461
-83.935191 151.205348 15.301537 27.236313 -41.641143 -13.185078
-83.935148 151.206211 15.301537 27.236313 -41.641143 -13.194694
-83.935103 151.207075 15.301537 27.236313 -41.641143 -13.204309
-83.935060 151.207938 15.301537 27.236313 -41.641143 -13.213924
-83.935017 151.208801 15.301537 27.236313 -41.641143 -13.223537
-83.934973 151.209664 15.301537 27.236313 -41.641143 -13.233150
-83.934930 151.210527 15.301537 27.236313 -41.641143 -13.242762
-83.934887 151.211390 15.301537 27.236313 -41.641143 -13.252373
-83.934844 151.212253 15.301537 27.236313 -41.641143 -13.261983
-83.934801 151.213115 15.301537 27.236313 -41.641143 -13.271593
-83.934758 151.213978 15.301537 27.236313 -41.641143 -13.281202
-83.934715 151.214840 15.301537 27.236313 -41.641143 -13.290810
-83.934673 151.215703 15.301537 27.236313 -41.641143 -13.300417
-83.934630 151.216565 15.301537 27.236313 -41.641143 -13.310023
-83.934588 151.217427 15.301537 27.236313 -41.641143 -13.319629
-83.934546 151.218289 15.301537 27.236313 -41.641143 -13.329234
-83.934505 151.219151 15.301537 27.236313 -41.641143 -13.338838
-83.934462 151.220013 15.301537 27.236313 -41.641143 -13.348441
-83.934421 151.220874 15.301537 27.236313 -41.641143 -13.358044
-83.934379 151.221736 15.301537 27.236313 -41.641143 -13.367646
-83.934338 151.222598 15.301537 27.236313 -41.641143 -13.377247
-83.934296 151.223459 15.301537 27.236313 -41.641143 -13.386847
-83.934255 151.224320 15.301537 27.236313 -41.641143 -13.396447
-83.934215 151.225181 15.301537 27.236313 -41.641143 -13.406045
-83.934174 151.226042 15.301537 27.236313 -41.641143 -13.415643
