22.913247 148.465331 39.123020 -165.725902 65.562963 -169.262877
22.912195 148.465253 39.120919 -165.724883 65.572200 -169.261427
22.911143 148.465175 39.118816 -165.723866 65.581437 -169.259975
22.910090 148.465098 39.116713 -165.722844 65.590675 -169.258521
22.909037 148.465020 39.114610 -165.721822 65.599912 -169.257066
22.907985 148.464943 39.112507 -165.720799 65.609149 -169.255609
22.906932 148.464865 39.110403 -165.719774 65.618386 -169.254151
22.905879 148.464788 39.108299 -165.718749 65.627623 -169.252693
22.904826 148.464711 39.106195 -165.717720 65.636859 -169.251231
22.903771 148.464633 39.104089 -165.716692 65.646096 -169.249769
22.902718 148.464557 39.101984 -165.715661 65.655333 -169.248304
22.901665 148.464479 39.099879 -165.714629 65.664569 -169.246837
22.900612 148.464403 39.097772 -165.713595 65.673806 -169.245370
22.899558 148.464326 39.095666 -165.712558 65.683042 -169.243899
22.898504 148.464249 39.093558 -165.711523 65.692279 -169.242429
22.897450 148.464173 39.091451 -165.710484 65.701515 -169.240956
22.896397 148.464096 39.089343 -165.709444 65.710750 -169.239482
22.895342 148.464020 39.087235 -165.708403 65.719987 -169.238006
22.894288 148.463943 39.085127 -165.707360 65.729223 -169.236529
22.893233 148.463867 39.083018 -165.706317 65.738459 -169.235051
22.892179 148.463791 39.080909 -165.705272 65.747695 -169.233571
22.891124 148.463714 39.078799 -165.704224 65.756930 -169.232088
22.890070 148.463638 39.076689 -165.703175 65.766166 -169.230604
22.889015 148.463563 39.074579 -165.702125 65.775402 -169.229118
22.887960 148.463486 39.072468 -165.701074 65.784637 -169.227632
22.886906 148.463410 39.070357 -165.700021 65.793873 -169.226143
22.885850 148.463335 39.068245 -165.698965 65.803108 -169.224652
22.884795 148.463258 39.066133 -165.697910 65.812343 -169.223161
22.883739 148.463183 39.064020 -165.696853 65.821578 -169.221667
22.882684 148.463108 39.061908 -165.695793 65.830814 -169.220171
22.881629 148.463033 39.059795 -165.694733 65.840048 -169.218675
22.880573 148.462957 39.057681 -165.693671 65.849284 -169.217177
22.879518 148.462881 39.055567 -165.692606 65.858518 -169.215676
22.878462 148.462806 39.053452 -165.691542 65.867754 -169.214175
22.877406 148.462731 39.051338 -165.690475 65.876988 -169.212672
22.876350 148.462657 39.049223 -165.689407 65.886222 -169.211167
22.875293 148.462582 39.047107 -165.688337 65.895456 -169.209660
22.874237 148.462507 39.044992 -165.687266 65.904692 -169.208153
22.873180 148.462431 39.042875 -165.686194 65.913926 -169.206643
22.872124 148.462357 39.040758 -165.685119 65.923160 -169.205131
22.871068 148.462282 39.038641 -165.684043 65.932394 -169.203617
22.870010 148.462208 39.036523 -165.682967 65.941628 -169.202104
22.868954 148.462133 39.034406 -165.681888 65.950863 -169.200588
22.867897 148.462059 39.032287 -165.680806 65.960096 -169.199068
22.866840 148.461985 39.030168 -165.679725 65.969330 -169.197549
22.865783 148.461910 39.028049 -165.678640 65.978564 -169.196027
22.864726 148.461836 39.025930 -165.677557 65.987798 -169.194505
22.863668 148.461762 39.023810 -165.676470 65.997031 -169.192980
22.862611 148.461688 39.021689 -165.675382 66.006265 -169.191454
22.861553 148.461614 39.019569 -165.674293 66.015497 -169.189927
22.860495 148.461540 39.017448 -165.673200 66.024731 -169.188395
22.859438 148.461468 39.015327 -165.672109 66.033964 -169.186864
22.858380 148.461394 39.013204 -165.671014 66.043197 -169.185331
22.857321 148.461320 39.011082 -165.669917 66.052431 -169.183796
22.856264 148.461247 39.008959 -165.668820 66.061663 -169.182260
22.855206 148.461173 39.006837 -165.667722 66.070896 -169.180722
22.854147 148.461099 39.004713 -165.666622 66.080129 -169.179183
22.853089 148.461026 39.002589 -165.665519 66.089361 -169.177641
22.852030 148.460954 39.000464 -165.664416 66.098594 -169.176098
22.850971 148.460880 38.998340 -165.663311 66.107827 -169.174554
22.849913 148.460807 38.996214 -165.662204 66.117059 -169.173007
22.848854 148.460734 38.994090 -165.661096 66.126292 -169.171459
22.847795 148.460661 38.991964 -165.659987 66.135524 -169.169910
22.846736 148.460589 38.989838 -165.658874 66.144756 -169.168358
22.845677 148.460516 38.987710 -165.657760 66.153988 -169.166804
22.844618 148.460443 38.985583 -165.656648 66.163220 -169.165251
22.843558 148.460371 38.983456 -165.655531 66.172453 -169.163694
22.842499 148.460299 38.981327 -165.654412 66.181684 -169.162134
22.841440 148.460226 38.979199 -165.653293 66.190915 -169.160575
22.840379 148.460154 38.977071 -165.652173 66.200147 -169.159014
22.839320 148.460082 38.974942 -165.651050 66.209379 -169.157449
22.838260 148.460009 38.972812 -165.649925 66.218610 -169.155884
22.837200 148.459938 38.970682 -165.648799 66.227842 -169.154317
22.836140 148.459866 38.968552 -165.647673 66.237073 -169.152750
22.835079 148.459794 38.966421 -165.646544 66.246304 -169.151180
22.834019 148.459722 38.964290 -165.645413 66.255535 -169.149607
22.832959 148.459651 38.962158 -165.644282 66.264766 -169.148035
22.831899 148.459579 38.960027 -165.643148 66.273997 -169.146459
22.830837 148.459508 38.957894 -165.642013 66.283228 -169.144882
22.829776 148.459436 38.955761 -165.640876 66.292459 -169.143303
22.828716 148.459365 38.953628 -165.639739 66.301689 -169.141724
22.827655 148.459293 38.951494 -165.638597 66.310919 -169.140141
22.826594 148.459223 38.949360 -165.637454 66.320150 -169.138555
22.825532 148.459151 38.947226 -165.636313 66.329381 -169.136971
22.824472 148.459080 38.945091 -165.635168 66.338610 -169.135384
22.823410 148.459009 38.942956 -165.634022 66.347841 -169.133795
22.822349 148.458939 38.940820 -165.632872 66.357071 -169.132203
22.821287 148.458868 38.938684 -165.631723 66.366300 -169.130611
22.820225 148.458797 38.936547 -165.630571 66.375531 -169.129016
22.819164 148.458727 38.934411 -165.629418 66.384760 -169.127420
22.818102 148.458656 38.932274 -165.628263 66.393990 -169.125822
22.817040 148.458585 38.930136 -165.627107 66.403219 -169.124223
22.815978 148.458515 38.927998 -165.625950 66.412448 -169.122622
22.814916 148.458445 38.925860 -165.624789 66.421678 -169.121018
22.813852 148.458375 38.923720 -165.623629 66.430908 -169.119414
22.812790 148.458304 38.921581 -165.622466 66.440136 -169.117808
22.811728 148.458235 38.919442 -165.621302 66.449365 -169.116200
22.810666 148.458165 38.917302 -165.620136 66.458595 -169.114589
22.809602 148.458095 38.915161 -165.618969 66.467824 -169.112979
22.808540 148.458025 38.913020 -165.617798 66.477053 -169.111364
22.807476 148.457955 38.910879 -165.616627 66.486281 -169.109748
22.806413 148.457886 38.908737 -165.615456 66.495510 -169.108132
22.805350 148.457817 38.906594 -165.614281 66.504738 -169.106514
22.804287 148.457747 38.904452 -165.613106 66.513967 -169.104893
22.803223 148.457678 38.902309 -165.611927 66.523195 -169.103270
22.802160 148.457609 38.900166 -165.610748 66.532424 -169.101646
22.801096 148.457540 38.898022 -165.609567 66.541651 -169.100020
22.800032 148.457471 38.895877 -165.608384 66.550879 -169.098392
22.798969 148.457401 38.893732 -165.607200 66.560107 -169.096762
22.797905 148.457332 38.891587 -165.606014 66.569335 -169.095131
22.796841 148.457263 38.889442 -165.604827 66.578562 -169.093499
22.795776 148.457194 38.887296 -165.603637 66.587790 -169.091864
22.794713 148.457126 38.885150 -165.602448 66.597017 -169.090229
22.793649 148.457057 38.883003 -165.601255 66.606245 -169.088590
22.792584 148.456988 38.880856 -165.600060 66.615472 -169.086950
22.791520 148.456920 38.878708 -165.598865 66.624700 -169.085307
22.790455 148.456853 38.876560 -165.597666 66.633926 -169.083663
22.789390 148.456784 38.874411 -165.596468 66.643153 -169.082019
22.788325 148.456716 38.872263 -165.595266 66.652381 -169.080371
22.787261 148.456648 38.870114 -165.594063 66.661607 -169.078721
22.786195 148.456580 38.867964 -165.592859 66.670834 -169.077071
22.785130 148.456512 38.865814 -165.591653 66.680060 -169.075418
22.784065 148.456444 38.863664 -165.590446 66.689287 -169.073765
22.782999 148.456376 38.861513 -165.589235 66.698514 -169.072106
22.781933 148.456309 38.859361 -165.588024 66.707740 -169.070448
22.780868 148.456241 38.857210 -165.586811 66.716966 -169.068788
22.779803 148.456173 38.855058 -165.585596 66.726192 -169.067127
22.778736 148.456106 38.852904 -165.584381 66.735417 -169.065464
22.777671 148.456039 38.850752 -165.583164 66.744643 -169.063799
22.776604 148.455972 38.848598 -165.581943 66.753869 -169.062131
22.775539 148.455904 38.846445 -165.580721 66.763095 -169.060461
22.774472 148.455837 38.844290 -165.579500 66.772321 -169.058792
22.773406 148.455770 38.842136 -165.578275 66.781546 -169.057120
22.772340 148.455703 38.839981 -165.577047 66.790771 -169.055444
22.771273 148.455636 38.837825 -165.575820 66.799996 -169.053768
22.770207 148.455570 38.835669 -165.574589 66.809222 -169.052089
22.769140 148.455503 38.833513 -165.573359 66.818446 -169.050411
22.768073 148.455437 38.831356 -165.572125 66.827672 -169.048728
22.767006 148.455370 38.829199 -165.570891 66.836896 -169.047045
22.765939 148.455303 38.827042 -165.569652 66.846121 -169.045358
22.764872 148.455238 38.824883 -165.568414 66.855346 -169.043672
22.763805 148.455171 38.822724 -165.567173 66.864570 -169.041982
22.762738 148.455105 38.820566 -165.565931 66.873794 -169.040291
22.761670 148.455039 38.818407 -165.564687 66.883019 -169.038597
22.760603 148.454973 38.816247 -165.563442 66.892243 -169.036903
22.759535 148.454907 38.814086 -165.562195 66.901467 -169.035207
22.758466 148.454841 38.811926 -165.560947 66.910691 -169.033510
22.757399 148.454775 38.809765 -165.559695 66.919915 -169.031808
22.756331 148.454710 38.807603 -165.558443 66.929139 -169.030106
22.755263 148.454644 38.805441 -165.557189 66.938362 -169.028403
22.754195 148.454579 38.803279 -165.555933 66.947585 -169.026696
22.753126 148.454514 38.801117 -165.554676 66.956809 -169.024990
22.752058 148.454448 38.798953 -165.553415 66.966033 -169.023278
22.750990 148.454383 38.796789 -165.552156 66.975255 -169.021569
22.749921 148.454317 38.794626 -165.550892 66.984479 -169.019856
22.748852 148.454253 38.792462 -165.549627 66.993702 -169.018140
22.747783 148.454188 38.790296 -165.548359 67.002924 -169.016421
22.746715 148.454123 38.788132 -165.547091 67.012148 -169.014703
22.745645 148.454058 38.785965 -165.545823 67.021370 -169.012983
22.744577 148.453993 38.783800 -165.544550 67.030592 -169.011261
22.743507 148.453929 38.781633 -165.543276 67.039815 -169.009535
22.742438 148.453865 38.779466 -165.542001 67.049037 -169.007809
22.741369 148.453800 38.777298 -165.540724 67.058259 -169.006080
22.740299 148.453735 38.775131 -165.539444 67.067481 -169.004350
22.739229 148.453671 38.772962 -165.538165 67.076703 -169.002619
22.738159 148.453607 38.770794 -165.536882 67.085925 -169.000884
22.737089 148.453543 38.768624 -165.535597 67.095146 -168.999148
22.736019 148.453478 38.766455 -165.534311 67.104368 -168.997410
22.734949 148.453415 38.764285 -165.533024 67.113590 -168.995671
22.733879 148.453351 38.762114 -165.531733 67.122811 -168.993928
22.732809 148.453287 38.759944 -165.530442 67.132033 -168.992185
22.731739 148.453224 38.757773 -165.529149 67.141254 -168.990439
22.730668 148.453160 38.755601 -165.527854 67.150474 -168.988692
22.729598 148.453097 38.753429 -165.526557 67.159696 -168.986943
22.728527 148.453033 38.751256 -165.525259 67.168917 -168.985193
22.727457 148.452970 38.749084 -165.523957 67.178137 -168.983439
22.726386 148.452907 38.746910 -165.522654 67.187358 -168.981682
22.725314 148.452843 38.744736 -165.521352 67.196578 -168.979927
22.724244 148.452780 38.742562 -165.520046 67.205798 -168.978169
22.723173 148.452717 38.740387 -165.518736 67.215019 -168.976405
22.722101 148.452654 38.738213 -165.517427 67.224239 -168.974644
22.721030 148.452591 38.736037 -165.516117 67.233459 -168.972881
22.719958 148.452529 38.733860 -165.514803 67.242679 -168.971113
22.718887 148.452466 38.731684 -165.513488 67.251899 -168.969344
22.717815 148.452403 38.729507 -165.512171 67.261119 -168.967573
22.716744 148.452341 38.727330 -165.510853 67.270339 -168.965802
22.715671 148.452279 38.725152 -165.509531 67.279557 -168.964026
22.714599 148.452217 38.722974 -165.508210 67.288777 -168.962251
22.713528 148.452154 38.720795 -165.506885 67.297996 -168.960472
22.712455 148.452092 38.718616 -165.505559 67.307215 -168.958692
22.711383 148.452030 38.716437 -165.504231 67.316434 -168.956910
22.710310 148.451968 38.714256 -165.502902 67.325653 -168.955126
22.709238 148.451906 38.712077 -165.501569 67.334872 -168.953339
22.708166 148.451844 38.709895 -165.500237 67.344090 -168.951552
22.707093 148.451782 38.707714 -165.498901 67.353309 -168.949762
22.706020 148.451721 38.705532 -165.497564 67.362527 -168.947970
22.704947 148.451659 38.703350 -165.496225 67.371746 -168.946176
22.703874 148.451598 38.701168 -165.494883 67.380963 -168.944379
22.702801 148.451537 38.698985 -165.493541 67.390181 -168.942582
22.701727 148.451475 38.696802 -165.492195 67.399400 -168.940782
22.700654 148.451414 38.694618 -165.490849 67.408618 -168.938980
22.699581 148.451353 38.692434 -165.489500 67.417835 -168.937176
22.698508 148.451292 38.690249 -165.488151 67.427053 -168.935371
22.697434 148.451232 38.688064 -165.486799 67.436270 -168.933564
22.696360 148.451170 38.685878 -165.485444 67.445487 -168.931753
22.695286 148.451110 38.683693 -165.484088 67.454705 -168.929940
22.694213 148.451049 38.681506 -165.482730 67.463921 -168.928127
22.693138 148.450988 38.679318 -165.481371 67.473138 -168.926312
22.692065 148.450928 38.677131 -165.480010 67.482355 -168.924495
22.690990 148.450867 38.674944 -165.478648 67.491571 -168.922675
22.689916 148.450807 38.672755 -165.477281 67.500788 -168.920853
22.688841 148.450746 38.670566 -165.475914 67.510004 -168.919030
22.687767 148.450687 38.668377 -165.474544 67.519221 -168.917203
22.686692 148.450627 38.666188 -165.473174 67.528437 -168.915376
22.685617 148.450566 38.663998 -165.471801 67.537654 -168.913547
22.684542 148.450507 38.661807 -165.470425 67.546869 -168.911715
22.683468 148.450446 38.659616 -165.469051 67.556085 -168.909882
22.682393 148.450387 38.657426 -165.467672 67.565301 -168.908046
22.681317 148.450328 38.655234 -165.466291 67.574516 -168.906208
22.680242 148.450268 38.653041 -165.464909 67.583732 -168.904369
22.679167 148.450208 38.650849 -165.463523 67.592947 -168.902526
22.678091 148.450149 38.648655 -165.462138 67.602162 -168.900683
22.677016 148.450089 38.646462 -165.460750 67.611378 -168.898837
22.675940 148.450030 38.644268 -165.459359 67.620593 -168.896988
22.674864 148.449972 38.642074 -165.457968 67.629807 -168.895139
22.673789 148.449913 38.639879 -165.456574 67.639022 -168.893288
22.672713 148.449854 38.637684 -165.455177 67.648237 -168.891433
22.671637 148.449794 38.635488 -165.453778 67.657451 -168.889577
22.670560 148.449736 38.633292 -165.452380 67.666666 -168.887720
22.669484 148.449677 38.631095 -165.450979 67.675879 -168.885860
22.668408 148.449619 38.628897 -165.449573 67.685093 -168.883996
22.667332 148.449561 38.626700 -165.448168 67.694308 -168.882132
22.666255 148.449501 38.624503 -165.446762 67.703521 -168.880267
22.665179 148.449443 38.622304 -165.445352 67.712735 -168.878398
22.664101 148.449385 38.620105 -165.443940 67.721948 -168.876527
22.663025 148.449327 38.617906 -165.442527 67.731162 -168.874655
22.661948 148.449269 38.615706 -165.441112 67.740375 -168.872782
22.660871 148.449211 38.613505 -165.439693 67.749588 -168.870904
22.659794 148.449153 38.611305 -165.438275 67.758802 -168.869026
22.658716 148.449095 38.609104 -165.436854 67.768015 -168.867145
22.657639 148.449038 38.606902 -165.435431 67.777227 -168.865263
22.656562 148.448980 38.604700 -165.434006 67.786440 -168.863378
22.655484 148.448922 38.602498 -165.432577 67.795653 -168.861490
22.654406 148.448865 38.600295 -165.431149 67.804865 -168.859602
22.653329 148.448807 38.598092 -165.429717 67.814076 -168.857711
22.652251 148.448750 38.595888 -165.428284 67.823289 -168.855817
22.651173 148.448694 38.593683 -165.426849 67.832501 -168.853922
22.650095 148.448637 38.591479 -165.425412 67.841713 -168.852025
22.649017 148.448579 38.589274 -165.423974 67.850925 -168.850126
22.647939 148.448522 38.587068 -165.422532 67.860137 -168.848224
22.646860 148.448465 38.584862 -165.421088 67.869348 -168.846320
22.645782 148.448408 38.582656 -165.419645 67.878560 -168.844416
22.644703 148.448352 38.580449 -165.418196 67.887771 -168.842506
22.643624 148.448296 38.578241 -165.416748 67.896981 -168.840598
22.642546 148.448239 38.576033 -165.415298 67.906192 -168.838687
22.641467 148.448182 38.573825 -165.413844 67.915403 -168.836772
22.640387 148.448126 38.571616 -165.412389 67.924614 -168.834855
22.639309 148.448070 38.569406 -165.410932 67.933824 -168.832937
22.638230 148.448014 38.567197 -165.409473 67.943035 -168.831017
22.637150 148.447958 38.564987 -165.408011 67.952245 -168.829093
22.636071 148.447902 38.562776 -165.406550 67.961455 -168.827170
22.634991 148.447846 38.560565 -165.405083 67.970665 -168.825242
22.633912 148.447790 38.558353 -165.403616 67.979875 -168.823313
22.632832 148.447735 38.556141 -165.402147 67.989085 -168.821382
22.631752 148.447679 38.553929 -165.400677 67.998294 -168.819449
22.630673 148.447623 38.551716 -165.399203 68.007504 -168.817513
22.629593 148.447568 38.549502 -165.397729 68.016713 -168.815577
22.628513 148.447512 38.547289 -165.396251 68.025922 -168.813637
22.627433 148.447458 38.545074 -165.394772 68.035132 -168.811695
22.626353 148.447402 38.542859 -165.393289 68.044340 -168.809751
22.625272 148.447348 38.540644 -165.391806 68.053549 -168.807805
22.624192 148.447292 38.538427 -165.390319 68.062758 -168.805856
22.623111 148.447238 38.536212 -165.388834 68.071966 -168.803907
22.622031 148.447182 38.533995 -165.387344 68.081175 -168.801954
22.620950 148.447128 38.531777 -165.385853 68.090383 -168.800000
22.619869 148.447073 38.529559 -165.384358 68.099590 -168.798042
22.618788 148.447019 38.527341 -165.382863 68.108799 -168.796084
22.617707 148.446965 38.525123 -165.381364 68.118007 -168.794122
22.616625 148.446910 38.522904 -165.379864 68.127214 -168.792159
22.615544 148.446856 38.520684 -165.378362 68.136422 -168.790193
22.614463 148.446802 38.518463 -165.376858 68.145629 -168.788226
22.613382 148.446748 38.516243 -165.375351 68.154836 -168.786254
22.612300 148.446694 38.514022 -165.373844 68.164043 -168.784285
22.611219 148.446640 38.511801 -165.372333 68.173250 -168.782310
22.610137 148.446586 38.509579 -165.370821 68.182457 -168.780333
22.609055 148.446532 38.507356 -165.369307 68.191663 -168.778355
22.607974 148.446479 38.505133 -165.367789 68.200870 -168.776373
22.606891 148.446426 38.502910 -165.366271 68.210076 -168.774391
22.605809 148.446372 38.500686 -165.364750 68.219282 -168.772405
22.604727 148.446318 38.498461 -165.363227 68.228489 -168.770418
22.603644 148.446265 38.496236 -165.361702 68.237695 -168.768428
22.602562 148.446212 38.494011 -165.360173 68.246900 -168.766435
22.601480 148.446159 38.491785 -165.358645 68.256106 -168.764441
22.600397 148.446107 38.489558 -165.357113 68.265311 -168.762445
22.599314 148.446053 38.487331 -165.355579 68.274517 -168.760446
22.598231 148.446000 38.485104 -165.354043 68.283722 -168.758446
22.597148 148.445948 38.482876 -165.352507 68.292927 -168.756443
22.596065 148.445895 38.480648 -165.350968 68.302132 -168.754439
22.594982 148.445843 38.478419 -165.349425 68.311336 -168.752431
22.593899 148.445790 38.476189 -165.347880 68.320541 -168.750421
22.592816 148.445738 38.473960 -165.346334 68.329745 -168.748410
22.591732 148.445686 38.471729 -165.344786 68.338950 -168.746395
22.590649 148.445634 38.469498 -165.343234 68.348154 -168.744377
22.589566 148.445581 38.467266 -165.341682 68.357358 -168.742360
22.588481 148.445529 38.465035 -165.340127 68.366562 -168.740339
22.587398 148.445478 38.462803 -165.338570 68.375766 -168.738316
22.586314 148.445426 38.460569 -165.337011 68.384969 -168.736291
22.585229 148.445375 38.458337 -165.335448 68.394173 -168.734262
22.584146 148.445323 38.456102 -165.333886 68.403376 -168.732232
22.583061 148.445272 38.453868 -165.332320 68.412579 -168.730201
22.581977 148.445220 38.451633 -165.330751 68.421782 -168.728166
22.580892 148.445169 38.449397 -165.329182 68.430984 -168.726130
22.579808 148.445117 38.447162 -165.327610 68.440188 -168.724091
22.578723 148.445067 38.444925 -165.326035 68.449390 -168.722049
22.577638 148.445016 38.442688 -165.324460 68.458592 -168.720007
22.576554 148.444964 38.440451 -165.322880 68.467795 -168.717960
22.575469 148.444913 38.438213 -165.321300 68.476997 -168.715913
22.574384 148.444863 38.435974 -165.319715 68.486199 -168.713861
22.573298 148.444812 38.433736 -165.318131 68.495401 -168.711809
22.572214 148.444762 38.431496 -165.316543 68.504601 -168.709753
22.571129 148.444711 38.429256 -165.314952 68.513803 -168.707696
22.570043 148.444661 38.427016 -165.313360 68.523004 -168.705637
22.568958 148.444610 38.424774 -165.311767 68.532206 -168.703575
22.567872 148.444561 38.422533 -165.310172 68.541407 -168.701512
22.566787 148.444510 38.420291 -165.308572 68.550607 -168.699445
22.565700 148.444460 38.418048 -165.306971 68.559808 -168.697376
22.564614 148.444411 38.415805 -165.305368 68.569008 -168.695304
22.563528 148.444361 38.413562 -165.303763 68.578209 -168.693232
22.562443 148.444311 38.411318 -165.302154 68.587409 -168.691155
22.561356 148.444261 38.409073 -165.300546 68.596609 -168.689078
22.560270 148.444212 38.406828 -165.298934 68.605809 -168.686997
22.559184 148.444162 38.404582 -165.297320 68.615008 -168.684914
22.558097 148.444113 38.402336 -165.295703 68.624208 -168.682830
22.557011 148.444064 38.400090 -165.294084 68.633407 -168.680741
22.555923 148.444015 38.397843 -165.292464 68.642607 -168.678652
22.554837 148.443965 38.395595 -165.290840 68.651806 -168.676560
22.553750 148.443917 38.393346 -165.289215 68.661005 -168.674466
22.552663 148.443868 38.391097 -165.287588 68.670203 -168.672370
22.551576 148.443819 38.388848 -165.285956 68.679401 -168.670269
22.550489 148.443771 38.386599 -165.284325 68.688601 -168.668168
22.549401 148.443722 38.384348 -165.282690 68.697799 -168.666064
22.548314 148.443673 38.382097 -165.281053 68.706997 -168.663958
22.547227 148.443625 38.379846 -165.279415 68.716194 -168.661850
22.546139 148.443577 38.377594 -165.277772 68.725392 -168.659738
22.545051 148.443529 38.375341 -165.276130 68.734590 -168.657626
22.543964 148.443481 38.373088 -165.274484 68.743788 -168.655510
22.542876 148.443433 38.370834 -165.272836 68.752985 -168.653392
22.541788 148.443385 38.368581 -165.271186 68.762182 -168.651271
22.540700 148.443337 38.366326 -165.269534 68.771379 -168.649149
22.539611 148.443290 38.364071 -165.267878 68.780576 -168.647023
22.538523 148.443242 38.361815 -165.266220 68.789772 -168.644895
22.537435 148.443194 38.359559 -165.264560 68.798969 -168.642765
22.536347 148.443147 38.357302 -165.262899 68.808165 -168.640634
22.535257 148.443100 38.355044 -165.261236 68.817361 -168.638499
22.534169 148.443053 38.352786 -165.259568 68.826557 -168.636361
22.533081 148.443006 38.350528 -165.257901 68.835754 -168.634223
22.531991 148.442959 38.348269 -165.256230 68.844949 -168.632081
22.530903 148.442912 38.346009 -165.254554 68.854144 -168.629935
22.529813 148.442865 38.343750 -165.252879 68.863339 -168.627788
22.528725 148.442818 38.341489 -165.251203 68.872534 -168.625641
22.527635 148.442771 38.339228 -165.249522 68.881730 -168.623488
22.526545 148.442725 38.336966 -165.247839 68.890925 -168.621334
22.525457 148.442678 38.334704 -165.246154 68.900119 -168.619178
22.524367 148.442632 38.332441 -165.244465 68.909314 -168.617017
22.523277 148.442586 38.330178 -165.242777 68.918508 -168.614858
22.522187 148.442539 38.327914 -165.241084 68.927702 -168.612694
22.521097 148.442493 38.325650 -165.239390 68.936896 -168.610528
22.520007 148.442448 38.323384 -165.237693 68.946090 -168.608359
22.518917 148.442402 38.321119 -165.235993 68.955283 -168.606187
22.517827 148.442356 38.318853 -165.234293 68.964476 -168.604015
22.516737 148.442310 38.316586 -165.232588 68.973670 -168.601837
22.515647 148.442265 38.314319 -165.230882 68.982863 -168.599659
22.514556 148.442220 38.312051 -165.229174 68.992056 -168.597479
22.513466 148.442174 38.309783 -165.227464 69.001249 -168.595296
22.512375 148.442129 38.307514 -165.225749 69.010442 -168.593110
22.511284 148.442084 38.305244 -165.224033 69.019634 -168.590920
22.510194 148.442039 38.302975 -165.222315 69.028826 -168.588730
22.509102 148.441994 38.300705 -165.220595 69.038018 -168.586537
22.508012 148.441949 38.298433 -165.218873 69.047210 -168.584342
22.506920 148.441904 38.296162 -165.217147 69.056402 -168.582143
22.505829 148.441859 38.293889 -165.215419 69.065593 -168.579942
22.504738 148.441815 38.291616 -165.213689 69.074785 -168.577739
22.503647 148.441771 38.289343 -165.211956 69.083977 -168.575533
22.502555 148.441727 38.287069 -165.210220 69.093168 -168.573323
22.501463 148.441682 38.284795 -165.208485 69.102358 -168.571115
22.500372 148.441637 38.282520 -165.206744 69.111548 -168.568901
22.499280 148.441594 38.280245 -165.205002 69.120739 -168.566685
22.498188 148.441549 38.277968 -165.203258 69.129930 -168.564468
22.497096 148.441506 38.275692 -165.201510 69.139120 -168.562246
22.496004 148.441463 38.273415 -165.199762 69.148310 -168.560024
22.494912 148.441418 38.271136 -165.198010 69.157500 -168.557798
22.493819 148.441375 38.268858 -165.196256 69.166689 -168.555570
22.492727 148.441331 38.266579 -165.194498 69.175878 -168.553338
22.491635 148.441288 38.264299 -165.192740 69.185068 -168.551105
22.490542 148.441245 38.262019 -165.190977 69.194257 -168.548869
22.489450 148.441202 38.259739 -165.189213 69.203446 -168.546630
22.488357 148.441159 38.257457 -165.187446 69.212635 -168.544390
22.487264 148.441116 38.255176 -165.185679 69.221823 -168.542147
22.486171 148.441073 38.252893 -165.183906 69.231012 -168.539899
22.485078 148.441030 38.250610 -165.182134 69.240200 -168.537653
22.483984 148.440988 38.248327 -165.180357 69.249387 -168.535402
22.482892 148.440945 38.246042 -165.178576 69.258576 -168.533145
22.481798 148.440902 38.243758 -165.176796 69.267763 -168.530890
22.480705 148.440860 38.241472 -165.175011 69.276951 -168.528631
22.479611 148.440818 38.239186 -165.173226 69.286138 -168.526370
22.478517 148.440776 38.236900 -165.171438 69.295325 -168.524107
22.477424 148.440734 38.234613 -165.169647 69.304512 -168.521841
22.476330 148.440692 38.232326 -165.167852 69.313699 -168.519571
22.475236 148.440650 38.230037 -165.166057 69.322885 -168.517300
22.474141 148.440609 38.227748 -165.164258 69.332072 -168.515025
22.473047 148.440566 38.225458 -165.162457 69.341258 -168.512749
22.471954 148.440525 38.223169 -165.160651 69.350444 -168.510468
22.470859 148.440483 38.220878 -165.158846 69.359630 -168.508186
22.469765 148.440442 38.218587 -165.157037 69.368815 -168.505901
22.468669 148.440401 38.216296 -165.155225 69.378001 -168.503613
22.467575 148.440359 38.214003 -165.153412 69.387185 -168.501325
22.466480 148.440318 38.211710 -165.151596 69.396371 -168.499033
22.465386 148.440277 38.209417 -165.149778 69.405556 -168.496738
22.464291 148.440237 38.207122 -165.147956 69.414741 -168.494440
22.463195 148.440197 38.204828 -165.146132 69.423925 -168.492140
22.462100 148.440156 38.202532 -165.144306 69.433110 -168.489836
22.461006 148.440115 38.200236 -165.142475 69.442294 -168.487529
22.459910 148.440075 38.197940 -165.140645 69.451478 -168.485222
22.458815 148.440034 38.195643 -165.138811 69.460661 -168.482912
22.457719 148.439995 38.193345 -165.136974 69.469845 -168.480598
22.456624 148.439954 38.191047 -165.135135 69.479029 -168.478282
22.455528 148.439914 38.188748 -165.133293 69.488211 -168.475963
22.454432 148.439874 38.186449 -165.131450 69.497395 -168.473643
22.453336 148.439835 38.184149 -165.129602 69.506577 -168.471318
22.452240 148.439795 38.181847 -165.127753 69.515760 -168.468992
22.451144 148.439755 38.179547 -165.125901 69.524943 -168.466662
22.450047 148.439716 38.177244 -165.124045 69.534125 -168.464330
22.448951 148.439677 38.174942 -165.122188 69.543306 -168.461994
22.447856 148.439637 38.172639 -165.120328 69.552488 -168.459656
22.446759 148.439598 38.170335 -165.118466 69.561670 -168.457317
22.445662 148.439559 38.168031 -165.116602 69.570852 -168.454975
22.444565 148.439520 38.165726 -165.114733 69.580033 -168.452628
22.443468 148.439481 38.163420 -165.112865 69.589214 -168.450282
22.442372 148.439442 38.161114 -165.110992 69.598395 -168.447932
22.441275 148.439404 38.158808 -165.109115 69.607575 -168.445577
22.440178 148.439365 38.156500 -165.107238 69.616756 -168.443221
22.439080 148.439327 38.154193 -165.105356 69.625936 -168.440862
22.437984 148.439288 38.151884 -165.103475 69.635117 -168.438501
22.436886 148.439250 38.149575 -165.101589 69.644297 -168.436137
22.435789 148.439212 38.147265 -165.099699 69.653476 -168.433769
22.434692 148.439174 38.144955 -165.097809 69.662656 -168.431399
22.433593 148.439136 38.142644 -165.095915 69.671835 -168.429027
22.432495 148.439098 38.140332 -165.094018 69.681014 -168.426652
22.431398 148.439060 38.138020 -165.092120 69.690193 -168.424274
22.430300 148.439023 38.135707 -165.090219 69.699372 -168.421894
22.429202 148.438985 38.133393 -165.088313 69.708551 -168.419510
22.428103 148.438948 38.131079 -165.086406 69.717729 -168.417124
22.427006 148.438911 38.128765 -165.084496 69.726908 -168.414734
22.425907 148.438874 38.126449 -165.082585 69.736085 -168.412344
22.424809 148.438836 38.124133 -165.080668 69.745263 -168.409948
22.423710 148.438799 38.121817 -165.078752 69.754441 -168.407553
22.422612 148.438762 38.119500 -165.076831 69.763618 -168.405152
22.421513 148.438726 38.117182 -165.074909 69.772795 -168.402751
22.420415 148.438689 38.114863 -165.072981 69.781972 -168.400344
22.419315 148.438653 38.112545 -165.071054 69.791149 -168.397936
22.418216 148.438615 38.110225 -165.069123 69.800325 -168.395525
22.417117 148.438579 38.107905 -165.067189 69.809502 -168.393112
22.416018 148.438543 38.105583 -165.065253 69.818678 -168.390696
22.414918 148.438507 38.103262 -165.063315 69.827854 -168.388277
22.413819 148.438471 38.100939 -165.061372 69.837030 -168.385855
22.412719 148.438435 38.098617 -165.059427 69.846205 -168.383430
22.411620 148.438399 38.096294 -165.057480 69.855381 -168.381002
22.410520 148.438363 38.093970 -165.055531 69.864556 -168.378573
22.409421 148.438328 38.091644 -165.053577 69.873731 -168.376138
22.408321 148.438292 38.089319 -165.051621 69.882905 -168.373702
22.407221 148.438257 38.086993 -165.049663 69.892080 -168.371263
22.406121 148.438222 38.084666 -165.047702 69.901254 -168.368822
22.405021 148.438187 38.082339 -165.045739 69.910429 -168.366378
22.403921 148.438152 38.080011 -165.043772 69.919603 -168.363931
22.402820 148.438117 38.077683 -165.041803 69.928777 -168.361480
22.401720 148.438082 38.075353 -165.039831 69.937950 -168.359027
22.400619 148.438047 38.073023 -165.037857 69.947123 -168.356572
22.399519 148.438013 38.070694 -165.035879 69.956296 -168.354113
22.398418 148.437978 38.068363 -165.033900 69.965470 -168.351652
22.397317 148.437943 38.066030 -165.031917 69.974642 -168.349189
