-61.932256 151.710226 15.301537 27.236313 -41.641143 -18.883159
-61.941867 151.710224 15.301537 27.236313 -41.641143 -18.883137
-61.951477 151.710222 15.301537 27.236313 -41.641143 -18.883115
-61.961088 151.710220 15.301537 27.236313 -41.641143 -18.883092
-61.970698 151.710218 15.301537 27.236313 -41.641143 -18.883069
-61.980308 151.710216 15.301537 27.236313 -41.641143 -18.883046
-61.989919 151.710214 15.301537 27.236313 -41.641143 -18.883022
-61.999530 151.710212 15.301537 27.236313 -41.641143 -18.882998
-62.009141 151.710210 15.301537 27.236313 -41.641143 -18.882974
-62.018751 151.710208 15.301537 27.236313 -41.641143 -18.882949
-62.028362 151.710206 15.301537 27.236313 -41.641143 -18.882924
-62.037974 151.710204 15.301537 27.236313 -41.641143 -18.882899
-62.047585 151.710201 15.301537 27.236313 -41.641143 -18.882874
-62.057195 151.710199 15.301537 27.236313 -41.641143 -18.882848
-62.066806 151.710197 15.301537 27.236313 -41.641143 -18.882822
-62.076418 151.710194 15.301537 27.236313 -41.641143 -18.882795
-62.086029 151.710192 15.301537 27.236313 -41.641143 -18.882768
-62.095641 151.710190 15.301537 27.236313 -41.641143 -18.882741
-62.105251 151.710187 15.301537 27.236313 -41.641143 -18.882714
-62.114863 151.710185 15.301537 27.236313 -41.641143 -18.882686
-62.124474 151.710182 15.301537 27.236313 -41.641143 -18.882658
-62.134086 151.710180 15.301537 27.236313 -41.641143 -18.882629
-62.143698 151.710178 15.301537 27.236313 -41.641143 -18.882601
-62.153309 151.710175 15.301537 27.236313 -41.641143 -18.882572
-62.162920 151.710172 15.301537 27.236313 -41.641143 -18.882542
-62.172532 151.710170 15.301537 27.236313 -41.641143 -18.882512
-62.182144 151.710167 15.301537 27.236313 -41.641143 -18.882482
-62.191756 151.710165 15.301537 27.236313 -41.641143 -18.882452
-62.201368 151.710162 15.301537 27.236313 -41.641143 -18.882421
-62.210980 151.710159 15.301537 27.236313 -41.641143 -18.882390
-62.220592 151.710156 15.301537 27.236313 -41.641143 -18.882358
-62.230204 151.710154 15.301537 27.236313 -41.641143 -18.882327
-62.239816 151.710151 15.301537 27.236313 -41.641143 -18.882294
-62.249429 151.710148 15.301537 27.236313 -41.641143 -18.882262
-62.259041 151.710145 15.301537 27.236313 -41.641143 -18.882229
-62.268653 151.710142 15.301537 27.236313 -41.641143 -18.882196
-62.278266 151.710139 15.301537 27.236313 -41.641143 -18.882162
-62.287878 151.710136 15.301537 27.236313 -41.641143 -18.882128
-62.297491 151.710133 15.301537 27.236313 -41.641143 -18.882094
-62.307103 151.710130 15.301537 27.236313 -41.641143 -18.882060
-62.316716 151.710127 15.301537 27.236313 -41.641143 -18.882025
-62.326329 151.710124 15.301537 27.236313 -41.641143 -18.881989
-62.335941 151.710121 15.301537 27.236313 -41.641143 -18.881954
-62.345554 151.710118 15.301537 27.236313 -41.641143 -18.881918
-62.355167 151.710115 15.301537 27.236313 -41.641143 -18.881881
-62.364780 151.710112 15.301537 27.236313 -41.641143 -18.881845
-62.374393 151.710108 15.301537 27.236313 -41.641143 -18.881807
-62.384007 151.710105 15.301537 27.236313 -41.641143 -18.881770
-62.393620 151.710102 15.301537 27.236313 -41.641143 -18.881732
-62.403233 151.710098 15.301537 27.236313 -41.641143 -18.881694
-62.412846 151.710095 15.301537 27.236313 -41.641143 -18.881655
-62.422459 151.710092 15.301537 27.236313 -41.641143 -18.881617
-62.432073 151.710088 15.301537 27.236313 -41.641143 -18.881577
-62.441686 151.710085 15.301537 27.236313 -41.641143 -18.881538
-62.451300 151.710081 15.301537 27.236313 -41.641143 -18.881498
-62.460914 151.710078 15.301537 27.236313 -41.641143 -18.881457
-62.470527 151.710074 15.301537 27.236313 -41.641143 -18.881417
-62.480141 151.710071 15.301537 27.236313 -41.641143 -18.881376
-62.489755 151.710067 15.301537 27.236313 -41.641143 -18.881335
-62.499369 151.710063 15.301537 27.236313 -41.641143 -18.881293
-62.508982 151.710060 15.301537 27.236313 -41.641143 -18.881251
-62.518596 151.710056 15.301537 27.236313 -41.641143 -18.881209
-62.528211 151.710052 15.301537 27.236313 -41.641143 -18.881166
-62.537825 151.710049 15.301537 27.236313 -41.641143 -18.881123
-62.547439 151.710045 15.301537 27.236313 -41.641143 -18.881080
-62.557052 151.710041 15.301537 27.236313 -41.641143 -18.881037
-62.566667 151.710037 15.301537 27.236313 -41.641143 -18.880993
-62.576281 151.710033 15.301537 27.236313 -41.641143 -18.880949
-62.585895 151.710030 15.301537 27.236313 -41.641143 -18.880905
-62.595510 151.710026 15.301537 27.236313 -41.641143 -18.880860
-62.605125 151.710022 15.301537 27.236313 -41.641143 -18.880815
-62.614739 151.710018 15.301537 27.236313 -41.641143 -18.880770
-62.624354 151.710014 15.301537 27.236313 -41.641143 -18.880724
-62.633968 151.710010 15.301537 27.236313 -41.641143 -18.880679
-62.643582 151.710006 15.301537 27.236313 -41.641143 -18.880633
-62.653198 151.710002 15.301537 27.236313 -41.641143 -18.880587
-62.662812 151.709998 15.301537 27.236313 -41.641143 -18.880540
-62.672427 151.709994 15.301537 27.236313 -41.641143 -18.880493
-62.682042 151.709990 15.301537 27.236313 -41.641143 -18.880447
-62.691656 151.709985 15.301537 27.236313 -41.641143 -18.880399
-62.701272 151.709981 15.301537 27.236313 -41.641143 -18.880352
-62.710886 151.709977 15.301537 27.236313 -41.641143 -18.880304
-62.720502 151.709973 15.301537 27.236313 -41.641143 -18.880256
-62.730116 151.709969 15.301537 27.236313 -41.641143 -18.880208
-62.739732 151.709964 15.301537 27.236313 -41.641143 -18.880160
-62.749347 151.709960 15.301537 27.236313 -41.641143 -18.880111
-62.758961 151.709956 15.301537 27.236313 -41.641143 -18.880063
-62.768577 151.709952 15.301537 27.236313 -41.641143 -18.880014
-62.778192 151.709947 15.301537 27.236313 -41.641143 -18.879965
-62.787807 151.709943 15.301537 27.236313 -41.641143 -18.879915
-62.797422 151.709939 15.301537 27.236313 -41.641143 -18.879866
-62.807038 151.709934 15.301537 27.236313 -41.641143 -18.879816
-62.816653 151.709930 15.301537 27.236313 -41.641143 -18.879766
-62.826269 151.709926 15.301537 27.236313 -41.641143 -18.879716
-62.835884 151.709921 15.301537 27.236313 -41.641143 -18.879666
-62.845499 151.709917 15.301537 27.236313 -41.641143 -18.879616
-62.855114 151.709913 15.301537 27.236313 -41.641143 -18.879565
-62.864730 151.709908 15.301537 27.236313 -41.641143 -18.879514
-62.874345 151.709904 15.301537 27.236313 -41.641143 -18.879463
-62.883961 151.709899 15.301537 27.236313 -41.641143 -18.879412
-62.893576 151.709895 15.301537 27.236313 -41.641143 -18.879361
-62.903192 151.709890 15.301537 27.236313 -41.641143 -18.879310
-62.912809 151.709886 15.301537 27.236313 -41.641143 -18.879258
-62.922424 151.709881 15.301537 27.236313 -41.641143 -18.879207
-62.932040 151.709877 15.301537 27.236313 -41.641143 -18.879155
-62.941655 151.709872 15.301537 27.236313 -41.641143 -18.879103
-62.951271 151.709868 15.301537 27.236313 -41.641143 -18.879051
-62.960886 151.709863 15.301537 27.236313 -41.641143 -18.878999
-62.970502 151.709859 15.301537 27.236313 -41.641143 -18.878947
-62.980118 151.709854 15.301537 27.236313 -41.641143 -18.878895
-62.989734 151.709849 15.301537 27.236313 -41.641143 -18.878842
-62.999349 151.709845 15.301537 27.236313 -41.641143 -18.878790
-63.008965 151.709840 15.301537 27.236313 -41.641143 -18.878737
-63.018582 151.709836 15.301537 27.236313 -41.641143 -18.878684
-63.028197 151.709831 15.301537 27.236313 -41.641143 -18.878631
-63.037813 151.709827 15.301537 27.236313 -41.641143 -18.878579
-63.047428 151.709822 15.301537 27.236313 -41.641143 -18.878526
-63.057045 151.709817 15.301537 27.236313 -41.641143 -18.878473
-63.066661 151.709813 15.301537 27.236313 -41.641143 -18.878419
-63.076276 151.709808 15.301537 27.236313 -41.641143 -18.878366
-63.085893 151.709803 15.301537 27.236313 -41.641143 -18.878313
-63.095508 151.709799 15.301537 27.236313 -41.641143 -18.878260
-63.105124 151.709794 15.301537 27.236313 -41.641143 -18.878206
-63.114740 151.709789 15.301537 27.236313 -41.641143 -18.878153
-63.124356 151.709785 15.301537 27.236313 -41.641143 -18.878100
-63.133973 151.709780 15.301537 27.236313 -41.641143 -18.878046
-63.143588 151.709775 15.301537 27.236313 -41.641143 -18.877993
-63.153204 151.709771 15.301537 27.236313 -41.641143 -18.877939
-63.162820 151.709766 15.301537 27.236313 -41.641143 -18.877886
-63.172436 151.709761 15.301537 27.236313 -41.641143 -18.877832
-63.182053 151.709757 15.301537 27.236313 -41.641143 -18.877778
-63.191668 151.709752 15.301537 27.236313 -41.641143 -18.877725
-63.201284 151.709747 15.301537 27.236313 -41.641143 -18.877671
-63.210900 151.709743 15.301537 27.236313 -41.641143 -18.877617
-63.220516 151.709738 15.301537 27.236313 -41.641143 -18.877564
-63.230133 151.709733 15.301537 27.236313 -41.641143 -18.877510
-63.239748 151.709729 15.301537 27.236313 -41.641143 -18.877457
-63.249364 151.709724 15.301537 27.236313 -41.641143 -18.877403
-63.258980 151.709719 15.301537 27.236313 -41.641143 -18.877349
-63.268596 151.709715 15.301537 27.236313 -41.641143 -18.877296
-63.278213 151.709710 15.301537 27.236313 -41.641143 -18.877242
-63.287828 151.709705 15.301537 27.236313 -41.641143 -18.877189
-63.297444 151.709701 15.301537 27.236313 -41.641143 -18.877135
-63.307060 151.709696 15.301537 27.236313 -41.641143 -18.877082
-63.316676 151.709691 15.301537 27.236313 -41.641143 -18.877028
-63.326292 151.709687 15.301537 27.236313 -41.641143 -18.876975
-63.335908 151.709682 15.301537 27.236313 -41.641143 -18.876922
-63.345524 151.709677 15.301537 27.236313 -41.641143 -18.876868
-63.355139 151.709673 15.301537 27.236313 -41.641143 -18.876815
-63.364756 151.709668 15.301537 27.236313 -41.641143 -18.876762
-63.374372 151.709663 15.301537 27.236313 -41.641143 -18.876709
-63.383987 151.709659 15.301537 27.236313 -41.641143 -18.876656
-63.393604 151.709654 15.301537 27.236313 -41.641143 -18.876603
-63.403219 151.709649 15.301537 27.236313 -41.641143 -18.876550
-63.412835 151.709645 15.301537 27.236313 -41.641143 -18.876497
-63.422450 151.709640 15.301537 27.236313 -41.641143 -18.876445
-63.432067 151.709636 15.301537 27.236313 -41.641143 -18.876392
-63.441683 151.709631 15.301537 27.236313 -41.641143 -18.876340
-63.451298 151.709627 15.301537 27.236313 -41.641143 -18.876287
-63.460914 151.709622 15.301537 27.236313 -41.641143 -18.876235
-63.470530 151.709617 15.301537 27.236313 -41.641143 -18.876183
-63.480146 151.709613 15.301537 27.236313 -41.641143 -18.876131
-63.489761 151.709608 15.301537 27.236313 -41.641143 -18.876079
-63.499377 151.709604 15.301537 27.236313 -41.641143 -18.876027
-63.508992 151.709599 15.301537 27.236313 -41.641143 -18.875975
-63.518608 151.709595 15.301537 27.236313 -41.641143 -18.875924
-63.528224 151.709590 15.301537 27.236313 -41.641143 -18.875872
-63.537839 151.709586 15.301537 27.236313 -41.641143 -18.875821
-63.547455 151.709581 15.301537 27.236313 -41.641143 -18.875770
-63.557070 151.709577 15.301537 27.236313 -41.641143 -18.875719
-63.566686 151.709572 15.301537 27.236313 -41.641143 -18.875668
-63.576301 151.709568 15.301537 27.236313 -41.641143 -18.875617
-63.585917 151.709564 15.301537 27.236313 -41.641143 -18.875567
-63.595532 151.709559 15.301537 27.236313 -41.641143 -18.875516
-63.605148 151.709555 15.301537 27.236313 -41.641143 -18.875466
-63.614763 151.709550 15.301537 27.236313 -41.641143 -18.875416
-63.624379 151.709546 15.301537 27.236313 -41.641143 -18.875366
-63.633994 151.709542 15.301537 27.236313 -41.641143 -18.875317
-63.643609 151.709537 15.301537 27.236313 -41.641143 -18.875267
-63.653224 151.709533 15.301537 27.236313 -41.641143 -18.875218
-63.662840 151.709529 15.301537 27.236313 -41.641143 -18.875169
-63.672454 151.709525 15.301537 27.236313 -41.641143 -18.875120
-63.682069 151.709520 15.301537 27.236313 -41.641143 -18.875072
-63.691685 151.709516 15.301537 27.236313 -41.641143 -18.875023
-63.701299 151.709512 15.301537 27.236313 -41.641143 -18.874975
-63.710915 151.709508 15.301537 27.236313 -41.641143 -18.874927
-63.720529 151.709504 15.301537 27.236313 -41.641143 -18.874879
-63.730145 151.709500 15.301537 27.236313 -41.641143 -18.874832
-63.739759 151.709495 15.301537 27.236313 -41.641143 -18.874784
-63.749374 151.709491 15.301537 27.236313 -41.641143 -18.874737
-63.758989 151.709487 15.301537 27.236313 -41.641143 -18.874690
-63.768604 151.709483 15.301537 27.236313 -41.641143 -18.874644
-63.778219 151.709479 15.301537 27.236313 -41.641143 -18.874597
-63.787833 151.709475 15.301537 27.236313 -41.641143 -18.874551
-63.797447 151.709471 15.301537 27.236313 -41.641143 -18.874505
-63.807063 151.709467 15.301537 27.236313 -41.641143 -18.874460
-63.816677 151.709463 15.301537 27.236313 -41.641143 -18.874414
-63.826291 151.709459 15.301537 27.236313 -41.641143 -18.874369
-63.835906 151.709455 15.301537 27.236313 -41.641143 -18.874325
-63.845520 151.709451 15.301537 27.236313 -41.641143 -18.874280
-63.855134 151.709448 15.301537 27.236313 -41.641143 -18.874236
-63.864749 151.709444 15.301537 27.236313 -41.641143 -18.874192
-63.874363 151.709440 15.301537 27.236313 -41.641143 -18.874148
-63.883977 151.709436 15.301537 27.236313 -41.641143 -18.874105
-63.893592 151.709432 15.301537 27.236313 -41.641143 -18.874062
-63.903205 151.709429 15.301537 27.236313 -41.641143 -18.874019
-63.912819 151.709425 15.301537 27.236313 -41.641143 -18.873977
-63.922433 151.709421 15.301537 27.236313 -41.641143 -18.873934
-63.932048 151.709418 15.301537 27.236313 -41.641143 -18.873893
-63.941661 151.709414 15.301537 27.236313 -41.641143 -18.873851
-63.951275 151.709410 15.301537 27.236313 -41.641143 -18.873810
-63.960888 151.709407 15.301537 27.236313 -41.641143 -18.873769
-63.970502 151.709403 15.301537 27.236313 -41.641143 -18.873729
-63.980116 151.709400 15.301537 27.236313 -41.641143 -18.873688
-63.989729 151.709396 15.301537 27.236313 -41.641143 -18.873649
-63.999343 151.709393 15.301537 27.236313 -41.641143 -18.873609
-64.008956 151.709389 15.301537 27.236313 -41.641143 -18.873570
-64.018569 151.709386 15.301537 27.236313 -41.641143 -18.873531
-64.028183 151.709383 15.301537 27.236313 -41.641143 -18.873493
-64.037796 151.709379 15.301537 27.236313 -41.641143 -18.873455
-64.047409 151.709376 15.301537 27.236313 -41.641143 -18.873417
-64.057022 151.709373 15.301537 27.236313 -41.641143 -18.873380
-64.066635 151.709370 15.301537 27.236313 -41.641143 -18.873343
-64.076248 151.709366 15.301537 27.236313 -41.641143 -18.873306
-64.085861 151.709363 15.301537 27.236313 -41.641143 -18.873270
-64.095474 151.709360 15.301537 27.236313 -41.641143 -18.873234
-64.105086 151.709357 15.301537 27.236313 -41.641143 -18.873199
-64.114699 151.709354 15.301537 27.236313 -41.641143 -18.873164
-64.124312 151.709351 15.301537 27.236313 -41.641143 -18.873129
-64.133924 151.709348 15.301537 27.236313 -41.641143 -18.873095
-64.143536 151.709345 15.301537 27.236313 -41.641143 -18.873061
-64.153149 151.709342 15.301537 27.236313 -41.641143 -18.873028
-64.162761 151.709339 15.301537 27.236313 -41.641143 -18.872995
-64.172373 151.709336 15.301537 27.236313 -41.641143 -18.872963
-64.181986 151.709334 15.301537 27.236313 -41.641143 -18.872931
-64.191598 151.709331 15.301537 27.236313 -41.641143 -18.872899
-64.201210 151.709328 15.301537 27.236313 -41.641143 -18.872868
-64.210822 151.709325 15.301537 27.236313 -41.641143 -18.872837
-64.220434 151.709323 15.301537 27.236313 -41.641143 -18.872807
-64.230046 151.709320 15.301537 27.236313 -41.641143 -18.872777
-64.239657 151.709318 15.301537 27.236313 -41.641143 -18.872747
-64.249269 151.709315 15.301537 27.236313 -41.641143 -18.872718
-64.258880 151.709313 15.301537 27.236313 -41.641143 -18.872690
-64.268491 151.709310 15.301537 27.236313 -41.641143 -18.872662
-64.278103 151.709308 15.301537 27.236313 -41.641143 -18.872634
-64.287714 151.709305 15.301537 27.236313 -41.641143 -18.872607
-64.297326 151.709303 15.301537 27.236313 -41.641143 -18.872581
-64.306937 151.709301 15.301537 27.236313 -41.641143 -18.872555
-64.316547 151.709299 15.301537 27.236313 -41.641143 -18.872529
-64.326159 151.709296 15.301537 27.236313 -41.641143 -18.872504
-64.335770 151.709294 15.301537 27.236313 -41.641143 -18.872479
-64.345380 151.709292 15.301537 27.236313 -41.641143 -18.872455
-64.354991 151.709290 15.301537 27.236313 -41.641143 -18.872431
-64.364601 151.709288 15.301537 27.236313 -41.641143 -18.872408
-64.374212 151.709286 15.301537 27.236313 -41.641143 -18.872386
-64.383822 151.709284 15.301537 27.236313 -41.641143 -18.872364
-64.393433 151.709282 15.301537 27.236313 -41.641143 -18.872342
-64.403042 151.709280 15.301537 27.236313 -41.641143 -18.872321
-64.412653 151.709279 15.301537 27.236313 -41.641143 -18.872301
-64.422263 151.709277 15.301537 27.236313 -41.641143 -18.872281
-64.431872 151.709275 15.301537 27.236313 -41.641143 -18.872261
-64.441483 151.709273 15.301537 27.236313 -41.641143 -18.872242
-64.451092 151.709272 15.301537 27.236313 -41.641143 -18.872224
-64.460702 151.709270 15.301537 27.236313 -41.641143 -18.872206
-64.470311 151.709269 15.301537 27.236313 -41.641143 -18.872189
-64.479921 151.709267 15.301537 27.236313 -41.641143 -18.872172
-64.489529 151.709266 15.301537 27.236313 -41.641143 -18.872156
-64.499139 151.709265 15.301537 27.236313 -41.641143 -18.872141
-64.508748 151.709263 15.301537 27.236313 -41.641143 -18.872126
-64.518357 151.709262 15.301537 27.236313 -41.641143 -18.872111
-64.527966 151.709261 15.301537 27.236313 -41.641143 -18.872098
-64.537575 151.709260 15.301537 27.236313 -41.641143 -18.872084
-64.547184 151.709259 15.301537 27.236313 -41.641143 -18.872072
-64.556792 151.709258 15.301537 27.236313 -41.641143 -18.872060
-64.566401 151.709257 15.301537 27.236313 -41.641143 -18.872048
-64.576009 151.709256 15.301537 27.236313 -41.641143 -18.872038
-64.585617 151.709255 15.301537 27.236313 -41.641143 -18.872027
-64.595226 151.709254 15.301537 27.236313 -41.641143 -18.872018
-64.604834 151.709253 15.301537 27.236313 -41.641143 -18.872009
-64.614441 151.709252 15.301537 27.236313 -41.641143 -18.872000
-64.624049 151.709252 15.301537 27.236313 -41.641143 -18.871993
-64.633656 151.709251 15.301537 27.236313 -41.641143 -18.871986
-64.643265 151.709251 15.301537 27.236313 -41.641143 -18.871979
-64.652872 151.709250 15.301537 27.236313 -41.641143 -18.871973
-64.662479 151.709250 15.301537 27.236313 -41.641143 -18.871968
-64.672086 151.709249 15.301537 27.236313 -41.641143 -18.871964
-64.681693 151.709249 15.301537 27.236313 -41.641143 -18.871960
-64.691300 151.709249 15.301537 27.236313 -41.641143 -18.871957
-64.700907 151.709248 15.301537 27.236313 -41.641143 -18.871954
-64.710515 151.709248 15.301537 27.236313 -41.641143 -18.871952
-64.720121 151.709248 15.301537 27.236313 -41.641143 -18.871951
-64.729728 151.709248 15.301537 27.236313 -41.641143 -18.871950
-64.739334 151.709248 15.301537 27.236313 -41.641143 -18.871951
-64.748941 151.709248 15.301537 27.236313 -41.641143 -18.871951
-64.758546 151.709248 15.301537 27.236313 -41.641143 -18.871953
-64.768152 151.709248 15.301537 27.236313 -41.641143 -18.871955
-64.777758 151.709249 15.301537 27.236313 -41.641143 -18.871958
-64.787364 151.709249 15.301537 27.236313 -41.641143 -18.871961
-64.796970 151.709249 15.301537 27.236313 -41.641143 -18.871966
-64.806575 151.709250 15.301537 27.236313 -41.641143 -18.871971
-64.816181 151.709250 15.301537 27.236313 -41.641143 -18.871976
-64.825786 151.709251 15.301537 27.236313 -41.641143 -18.871983
-64.835391 151.709252 15.301537 27.236313 -41.641143 -18.871990
-64.844996 151.709252 15.301537 27.236313 -41.641143 -18.871998
-64.854601 151.709253 15.301537 27.236313 -41.641143 -18.872006
-64.864206 151.709254 15.301537 27.236313 -41.641143 -18.872016
-64.873810 151.709255 15.301537 27.236313 -41.641143 -18.872026
-64.883415 151.709256 15.301537 27.236313 -41.641143 -18.872037
-64.893020 151.709257 15.301537 27.236313 -41.641143 -18.872048
-64.902623 151.709258 15.301537 27.236313 -41.641143 -18.872061
-64.912228 151.709259 15.301537 27.236313 -41.641143 -18.872074
-64.921831 151.709260 15.301537 27.236313 -41.641143 -18.872087
-64.931435 151.709261 15.301537 27.236313 -41.641143 -18.872102
-64.941039 151.709263 15.301537 27.236313 -41.641143 -18.872117
-64.950642 151.709264 15.301537 27.236313 -41.641143 -18.872134
-64.960246 151.709265 15.301537 27.236313 -41.641143 -18.872150
-64.969849 151.709267 15.301537 27.236313 -41.641143 -18.872168
-64.979452 151.709269 15.301537 27.236313 -41.641143 -18.872187
-64.989055 151.709270 15.301537 27.236313 -41.641143 -18.872206
-64.998658 151.709272 15.301537 27.236313 -41.641143 -18.872226
-65.008261 151.709274 15.301537 27.236313 -41.641143 -18.872247
-65.017863 151.709276 15.301537 27.236313 -41.641143 -18.872268
-65.027466 151.709278 15.301537 27.236313 -41.641143 -18.872291
-65.037068 151.709280 15.301537 27.236313 -41.641143 -18.872314
-65.046670 151.709282 15.301537 27.236313 -41.641143 -18.872338
-65.056272 151.709284 15.301537 27.236313 -41.641143 -18.872363
-65.065874 151.709286 15.301537 27.236313 -41.641143 -18.872389
-65.075476 151.709289 15.301537 27.236313 -41.641143 -18.872415
-65.085077 151.709291 15.301537 27.236313 -41.641143 -18.872443
-65.094679 151.709293 15.301537 27.236313 -41.641143 -18.872471
-65.104280 151.709296 15.301537 27.236313 -41.641143 -18.872500
-65.113881 151.709299 15.301537 27.236313 -41.641143 -18.872530
-65.123482 151.709301 15.301537 27.236313 -41.641143 -18.872561
-65.133082 151.709304 15.301537 27.236313 -41.641143 -18.872592
-65.142683 151.709307 15.301537 27.236313 -41.641143 -18.872625
-65.152283 151.709310 15.301537 27.236313 -41.641143 -18.872658
-65.161884 151.709313 15.301537 27.236313 -41.641143 -18.872692
-65.171484 151.709316 15.301537 27.236313 -41.641143 -18.872727
-65.181084 151.709319 15.301537 27.236313 -41.641143 -18.872763
-65.190684 151.709322 15.301537 27.236313 -41.641143 -18.872800
-65.200284 151.709326 15.301537 27.236313 -41.641143 -18.872838
-65.209884 151.709329 15.301537 27.236313 -41.641143 -18.872877
-65.219483 151.709332 15.301537 27.236313 -41.641143 -18.872916
-65.229083 151.709336 15.301537 27.236313 -41.641143 -18.872956
-65.238681 151.709339 15.301537 27.236313 -41.641143 -18.872998
-65.248280 151.709343 15.301537 27.236313 -41.641143 -18.873040
-65.257879 151.709347 15.301537 27.236313 -41.641143 -18.873083
-65.267477 151.709351 15.301537 27.236313 -41.641143 -18.873127
-65.277076 151.709355 15.301537 27.236313 -41.641143 -18.873172
-65.286674 151.709359 15.301537 27.236313 -41.641143 -18.873218
-65.296272 151.709363 15.301537 27.236313 -41.641143 -18.873265
-65.305870 151.709367 15.301537 27.236313 -41.641143 -18.873312
-65.315467 151.709371 15.301537 27.236313 -41.641143 -18.873361
-65.325065 151.709376 15.301537 27.236313 -41.641143 -18.873411
-65.334662 151.709380 15.301537 27.236313 -41.641143 -18.873461
-65.344260 151.709384 15.301537 27.236313 -41.641143 -18.873513
-65.353857 151.709389 15.301537 27.236313 -41.641143 -18.873565
-65.363454 151.709394 15.301537 27.236313 -41.641143 -18.873619
-65.373051 151.709398 15.301537 27.236313 -41.641143 -18.873673
-65.382648 151.709403 15.301537 27.236313 -41.641143 -18.873728
-65.392244 151.709408 15.301537 27.236313 -41.641143 -18.873785
-65.401840 151.709413 15.301537 27.236313 -41.641143 -18.873842
-65.411435 151.709418 15.301537 27.236313 -41.641143 -18.873900
-65.421032 151.709423 15.301537 27.236313 -41.641143 -18.873959
-65.430628 151.709429 15.301537 27.236313 -41.641143 -18.874019
-65.440223 151.709434 15.301537 27.236313 -41.641143 -18.874081
-65.449818 151.709439 15.301537 27.236313 -41.641143 -18.874143
-65.459413 151.709445 15.301537 27.236313 -41.641143 -18.874206
-65.469008 151.709450 15.301537 27.236313 -41.641143 -18.874270
-65.478603 151.709456 15.301537 27.236313 -41.641143 -18.874336
-65.488197 151.709462 15.301537 27.236313 -41.641143 -18.874402
-65.497792 151.709468 15.301537 27.236313 -41.641143 -18.874469
-65.507386 151.709474 15.301537 27.236313 -41.641143 -18.874537
-65.516980 151.709480 15.301537 27.236313 -41.641143 -18.874607
-65.526574 151.709486 15.301537 27.236313 -41.641143 -18.874677
-65.536168 151.709492 15.301537 27.236313 -41.641143 -18.874748
-65.545762 151.709499 15.301537 27.236313 -41.641143 -18.874821
-65.555355 151.709505 15.301537 27.236313 -41.641143 -18.874894
-65.564947 151.709511 15.301537 27.236313 -41.641143 -18.874969
-65.574541 151.709518 15.301537 27.236313 -41.641143 -18.875044
-65.584134 151.709525 15.301537 27.236313 -41.641143 -18.875121
-65.593727 151.709531 15.301537 27.236313 -41.641143 -18.875198
-65.603318 151.709538 15.301537 27.236313 -41.641143 -18.875277
-65.612911 151.709545 15.301537 27.236313 -41.641143 -18.875357
-65.622502 151.709552 15.301537 27.236313 -41.641143 -18.875438
-65.632095 151.709560 15.301537 27.236313 -41.641143 -18.875520
-65.641687 151.709567 15.301537 27.236313 -41.641143 -18.875603
-65.651278 151.709574 15.301537 27.236313 -41.641143 -18.875687
-65.660869 151.709582 15.301537 27.236313 -41.641143 -18.875772
-65.670460 151.709589 15.301537 27.236313 -41.641143 -18.875858
-65.680050 151.709597 15.301537 27.236313 -41.641143 -18.875946
-65.689642 151.709604 15.301537 27.236313 -41.641143 -18.876034
-65.699232 151.709612 15.301537 27.236313 -41.641143 -18.876124
-65.708822 151.709620 15.301537 27.236313 -41.641143 -18.876215
-65.718412 151.709628 15.301537 27.236313 -41.641143 -18.876306
-65.728002 151.709636 15.301537 27.236313 -41.641143 -18.876399
-65.737592 151.709644 15.301537 27.236313 -41.641143 -18.876493
-65.747181 151.709653 15.301537 27.236313 -41.641143 -18.876589
-65.756770 151.709661 15.301537 27.236313 -41.641143 -18.876685
-65.766359 151.709670 15.301537 27.236313 -41.641143 -18.876782
-65.775948 151.709678 15.301537 27.236313 -41.641143 -18.876881
-65.785536 151.709687 15.301537 27.236313 -41.641143 -18.876981
-65.795125 151.709696 15.301537 27.236313 -41.641143 -18.877082
-65.804713 151.709705 15.301537 27.236313 -41.641143 -18.877184
-65.814301 151.709714 15.301537 27.236313 -41.641143 -18.877287
-65.823889 151.709723 15.301537 27.236313 -41.641143 -18.877391
-65.833477 151.709732 15.301537 27.236313 -41.641143 -18.877497
-65.843064 151.709741 15.301537 27.236313 -41.641143 -18.877604
-65.852652 151.709751 15.301537 27.236313 -41.641143 -18.877712
-65.862238 151.709760 15.301537 27.236313 -41.641143 -18.877821
-65.871825 151.709770 15.301537 27.236313 -41.641143 -18.877931
-65.881412 151.709780 15.301537 27.236313 -41.641143 -18.878043
-65.890997 151.709790 15.301537 27.236313 -41.641143 -18.878155
-65.900584 151.709799 15.301537 27.236313 -41.641143 -18.878269
-65.910170 151.709810 15.301537 27.236313 -41.641143 -18.878384
-65.919755 151.709820 15.301537 27.236313 -41.641143 -18.878500
-65.929341 151.709830 15.301537 27.236313 -41.641143 -18.878618
-65.938926 151.709840 15.301537 27.236313 -41.641143 -18.878737
-65.948512 151.709851 15.301537 27.236313 -41.641143 -18.878856
-65.958096 151.709861 15.301537 27.236313 -41.641143 -18.878978
-65.967680 151.709872 15.301537 27.236313 -41.641143 -18.879100
-65.977265 151.709883 15.301537 27.236313 -41.641143 -18.879224
-65.986849 151.709894 15.301537 27.236313 -41.641143 -18.879348
-65.996433 151.709905 15.301537 27.236313 -41.641143 -18.879474
-66.006017 151.709916 15.301537 27.236313 -41.641143 -18.879602
-66.015600 151.709927 15.301537 27.236313 -41.641143 -18.879730
-66.025184 151.709938 15.301537 27.236313 -41.641143 -18.879860
-66.034767 151.709950 15.301537 27.236313 -41.641143 -18.879991
-66.044350 151.709961 15.301537 27.236313 -41.641143 -18.880124
-66.053932 151.709973 15.301537 27.236313 -41.641143 -18.880257
-66.063515 151.709985 15.301537 27.236313 -41.641143 -18.880392
-66.073097 151.709997 15.301537 27.236313 -41.641143 -18.880528
-66.082678 151.710009 15.301537 27.236313 -41.641143 -18.880666
-66.092260 151.710021 15.301537 27.236313 -41.641143 -18.880804
-66.101841 151.710033 15.301537 27.236313 -41.641143 -18.880944
-66.111423 151.710045 15.301537 27.236313 -41.641143 -18.881086
-66.121004 151.710058 15.301537 27.236313 -41.641143 -18.881228
-66.130584 151.710070 15.301537 27.236313 -41.641143 -18.881372
-66.140165 151.710083 15.301537 27.236313 -41.641143 -18.881517
-66.149745 151.710096 15.301537 27.236313 -41.641143 -18.881664
-66.159325 151.710109 15.301537 27.236313 -41.641143 -18.881812
-66.168905 151.710122 15.301537 27.236313 -41.641143 -18.881961
-66.178484 151.710135 15.301537 27.236313 -41.641143 -18.882111
-66.188064 151.710148 15.301537 27.236313 -41.641143 -18.882263
-66.197643 151.710161 15.301537 27.236313 -41.641143 -18.882416
-66.207222 151.710175 15.301537 27.236313 -41.641143 -18.882570
-66.216801 151.710188 15.301537 27.236313 -41.641143 -18.882725
-66.226379 151.710202 15.301537 27.236313 -41.641143 -18.882882
-66.235958 151.710216 15.301537 27.236313 -41.641143 -18.883040
-66.245535 151.710230 15.301537 27.236313 -41.641143 -18.883199
-66.255113 151.710244 15.301537 27.236313 -41.641143 -18.883359
-66.264691 151.710258 15.301537 27.236313 -41.641143 -18.883521
-66.274268 151.710272 15.301537 27.236313 -41.641143 -18.883683
-66.283846 151.710286 15.301537 27.236313 -41.641143 -18.883847
-66.293423 151.710301 15.301537 27.236313 -41.641143 -18.884012
-66.303000 151.710315 15.301537 27.236313 -41.641143 -18.884178
-66.312576 151.710330 15.301537 27.236313 -41.641143 -18.884345
-66.322153 151.710344 15.301537 27.236313 -41.641143 -18.884513
-66.331729 151.710359 15.301537 27.236313 -41.641143 -18.884682
-66.341305 151.710374 15.301537 27.236313 -41.641143 -18.884853
-66.350880 151.710389 15.301537 27.236313 -41.641143 -18.885024
-66.360456 151.710404 15.301537 27.236313 -41.641143 -18.885196
-66.370031 151.710419 15.301537 27.236313 -41.641143 -18.885370
-66.379607 151.710434 15.301537 27.236313 -41.641143 -18.885544
-66.389182 151.710450 15.301537 27.236313 -41.641143 -18.885720
-66.398756 151.710465 15.301537 27.236313 -41.641143 -18.885896
-66.408332 151.710480 15.301537 27.236313 -41.641143 -18.886073
-66.417906 151.710496 15.301537 27.236313 -41.641143 -18.886251
-66.427480 151.710512 15.301537 27.236313 -41.641143 -18.886431
-66.437055 151.710527 15.301537 27.236313 -41.641143 -18.886611
-66.446629 151.710543 15.301537 27.236313 -41.641143 -18.886792
-66.456203 151.710559 15.301537 27.236313 -41.641143 -18.886974
-66.465777 151.710575 15.301537 27.236313 -41.641143 -18.887156
-66.475350 151.710591 15.301537 27.236313 -41.641143 -18.887340
-66.484924 151.710607 15.301537 27.236313 -41.641143 -18.887525
-66.494497 151.710623 15.301537 27.236313 -41.641143 -18.887710
-66.504071 151.710640 15.301537 27.236313 -41.641143 -18.887896
-66.513643 151.710656 15.301537 27.236313 -41.641143 -18.888083
-66.523216 151.710672 15.301537 27.236313 -41.641143 -18.888271
-66.532789 151.710689 15.301537 27.236313 -41.641143 -18.888459
