-20.670809 151.710101 15.301537 27.236313 -41.641143 -18.881721
-20.678077 151.710101 15.301537 27.236313 -41.641143 -18.881721
-20.685341 151.710101 15.301537 27.236313 -41.641143 -18.881721
-20.692601 151.710101 15.301537 27.236313 -41.641143 -18.881721
-20.699857 151.710101 15.301537 27.236313 -41.641143 -18.881721
-20.707109 151.710101 15.301537 27.236313 -41.641143 -18.881721
-20.714358 151.710101 15.301537 27.236313 -41.641143 -18.881721
-20.721603 151.710101 15.301537 27.236313 -41.641143 -18.881721
-20.728845 151.710101 15.301537 27.236313 -41.641143 -18.881721
-20.736084 151.710101 15.301537 27.236313 -41.641143 -18.881721
-20.743319 151.710101 15.301537 27.236313 -41.641143 -18.881721
-20.750553 151.710101 15.301537 27.236313 -41.641143 -18.881721
-20.757783 151.710101 15.301537 27.236313 -41.641143 -18.881721
-20.765011 151.710101 15.301537 27.236313 -41.641143 -18.881721
-20.772237 151.710101 15.301537 27.236313 -41.641143 -18.881721
-20.779460 151.710101 15.301537 27.236313 -41.641143 -18.881721
-20.786682 151.710101 15.301537 27.236313 -41.641143 -18.881721
-20.793902 151.710101 15.301537 27.236313 -41.641143 -18.881721
-20.801120 151.710101 15.301537 27.236313 -41.641143 -18.881721
-20.808337 151.710101 15.301537 27.236313 -41.641143 -18.881721
-20.815552 151.710101 15.301537 27.236313 -41.641143 -18.881721
-20.822767 151.710101 15.301537 27.236313 -41.641143 -18.881721
-20.829980 151.710101 15.301537 27.236313 -41.641143 -18.881721
-20.837193 151.710101 15.301537 27.236313 -41.641143 -18.881721
-20.844404 151.710101 15.301537 27.236313 -41.641143 -18.881721
-20.851616 151.710101 15.301537 27.236313 -41.641143 -18.881721
-20.858827 151.710101 15.301537 27.236313 -41.641143 -18.881721
-20.866038 151.710101 15.301537 27.236313 -41.641143 -18.881721
-20.873249 151.710101 15.301537 27.236313 -41.641143 -18.881721
-20.880460 151.710101 15.301537 27.236313 -41.641143 -18.881721
-20.887671 151.710101 15.301537 27.236313 -41.641143 -18.881721
-20.894883 151.710101 15.301537 27.236313 -41.641143 -18.881721
-20.902096 151.710101 15.301537 27.236313 -41.641143 -18.881721
-20.909309 151.710101 15.301537 27.236313 -41.641143 -18.881721
-20.916523 151.710101 15.301537 27.236313 -41.641143 -18.881721
-20.923739 151.710101 15.301537 27.236313 -41.641143 -18.881721
-20.930956 151.710101 15.301537 27.236313 -41.641143 -18.881721
-20.938174 151.710101 15.301537 27.236313 -41.641143 -18.881721
-20.945394 151.710101 15.301537 27.236313 -41.641143 -18.881721
-20.952616 151.710101 15.301537 27.236313 -41.641143 -18.881721
-20.959839 151.710101 15.301537 27.236313 -41.641143 -18.881721
-20.967065 151.710101 15.301537 27.236313 -41.641143 -18.881721
-20.974293 151.710101 15.301537 27.236313 -41.641143 -18.881721
-20.981524 151.710101 15.301537 27.236313 -41.641143 -18.881721
-20.988757 151.710101 15.301537 27.236313 -41.641143 -18.881721
-20.995993 151.710101 15.301537 27.236313 -41.641143 -18.881721
-21.003232 151.710101 15.301537 27.236313 -41.641143 -18.881721
-21.010474 151.710101 15.301537 27.236313 -41.641143 -18.881721
-21.017719 151.710101 15.301537 27.236313 -41.641143 -18.881721
-21.024968 151.710101 15.301537 27.236313 -41.641143 -18.881721
-21.032221 151.710101 15.301537 27.236313 -41.641143 -18.881721
-21.039477 151.710101 15.301537 27.236313 -41.641143 -18.881721
-21.046737 151.710101 15.301537 27.236313 -41.641143 -18.881721
-21.054001 151.710101 15.301537 27.236313 -41.641143 -18.881721
-21.061270 151.710101 15.301537 27.236313 -41.641143 -18.881721
-21.068542 151.710101 15.301537 27.236313 -41.641143 -18.881721
-21.075820 151.710101 15.301537 27.236313 -41.641143 -18.881721
-21.083102 151.710101 15.301537 27.236313 -41.641143 -18.881721
-21.090389 151.710101 15.301537 27.236313 -41.641143 -18.881721
-21.097681 151.710101 15.301537 27.236313 -41.641143 -18.881721
-21.104979 151.710101 15.301537 27.236313 -41.641143 -18.881721
-21.112282 151.710101 15.301537 27.236313 -41.641143 -18.881721
-21.119590 151.710101 15.301537 27.236313 -41.641143 -18.881721
-21.126904 151.710101 15.301537 27.236313 -41.641143 -18.881721
-21.134224 151.710101 15.301537 27.236313 -41.641143 -18.881721
-21.141551 151.710101 15.301537 27.236313 -41.641143 -18.881721
-21.148883 151.710101 15.301537 27.236313 -41.641143 -18.881721
-21.156222 151.710101 15.301537 27.236313 -41.641143 -18.881721
-21.163567 151.710101 15.301537 27.236313 -41.641143 -18.881721
-21.170919 151.710101 15.301537 27.236313 -41.641143 -18.881721
-21.178278 151.710101 15.301537 27.236313 -41.641143 -18.881721
-21.185644 151.710101 15.301537 27.236313 -41.641143 -18.881721
-21.193017 151.710101 15.301537 27.236313 -41.641143 -18.881721
-21.200398 151.710101 15.301537 27.236313 -41.641143 -18.881721
-21.207786 151.710101 15.301537 27.236313 -41.641143 -18.881721
-21.215181 151.710101 15.301537 27.236313 -41.641143 -18.881721
-21.222585 151.710101 15.301537 27.236313 -41.641143 -18.881721
-21.229997 151.710101 15.301537 27.236313 -41.641143 -18.881721
-21.237416 151.710101 15.301537 27.236313 -41.641143 -18.881721
-21.244845 151.710101 15.301537 27.236313 -41.641143 -18.881721
-21.252281 151.710101 15.301537 27.236313 -41.641143 -18.881721
-21.259727 151.710101 15.301537 27.236313 -41.641143 -18.881721
-21.267181 151.710101 15.301537 27.236313 -41.641143 -18.881721
-21.274644 151.710101 15.301537 27.236313 -41.641143 -18.881721
-21.282117 151.710101 15.301537 27.236313 -41.641143 -18.881721
-21.289598 151.710101 15.301537 27.236313 -41.641143 -18.881721
-21.297090 151.710101 15.301537 27.236313 -41.641143 -18.881721
-21.304590 151.710101 15.301537 27.236313 -41.641143 -18.881721
-21.312101 151.710101 15.301537 27.236313 -41.641143 -18.881721
-21.319622 151.710101 15.301537 27.236313 -41.641143 -18.881721
-21.327153 151.710101 15.301537 27.236313 -41.641143 -18.881721
-21.334694 151.710101 15.301537 27.236313 -41.641143 -18.881721
-21.342246 151.710101 15.301537 27.236313 -41.641143 -18.881721
-21.349808 151.710101 15.301537 27.236313 -41.641143 -18.881721
-21.357381 151.710101 15.301537 27.236313 -41.641143 -18.881721
-21.364965 151.710101 15.301537 27.236313 -41.641143 -18.881721
-21.372560 151.710101 15.301537 27.236313 -41.641143 -18.881721
-21.380167 151.710101 15.301537 27.236313 -41.641143 -18.881721
-21.387785 151.710101 15.301537 27.236313 -41.641143 -18.881721
-21.395415 151.710101 15.301537 27.236313 -41.641143 -18.881721
-21.403056 151.710101 15.301537 27.236313 -41.641143 -18.881721
-21.410709 151.710101 15.301537 27.236313 -41.641143 -18.881721
-21.418375 151.710101 15.301537 27.236313 -41.641143 -18.881721
-21.426053 151.710101 15.301537 27.236313 -41.641143 -18.881721
-21.433743 151.710101 15.301537 27.236313 -41.641143 -18.881721
-21.441446 151.710101 15.301537 27.236313 -41.641143 -18.881721
-21.449161 151.710101 15.301537 27.236313 -41.641143 -18.881721
-21.456890 151.710101 15.301537 27.236313 -41.641143 -18.881721
-21.464631 151.710101 15.301537 27.236313 -41.641143 -18.881721
-21.472384 151.710101 15.301537 27.236313 -41.641143 -18.881721
-21.480151 151.710101 15.301537 27.236313 -41.641143 -18.881721
-21.487930 151.710101 15.301537 27.236313 -41.641143 -18.881721
-21.495721 151.710101 15.301537 27.236313 -41.641143 -18.881721
-21.503526 151.710101 15.301537 27.236313 -41.641143 -18.881721
-21.511342 151.710101 15.301537 27.236313 -41.641143 -18.881721
-21.519171 151.710101 15.301537 27.236313 -41.641143 -18.881721
-21.527013 151.710101 15.301537 27.236313 -41.641143 -18.881721
-21.534867 151.710101 15.301537 27.236313 -41.641143 -18.881721
-21.542733 151.710101 15.301537 27.236313 -41.641143 -18.881721
-21.550612 151.710101 15.301537 27.236313 -41.641143 -18.881721
-21.558503 151.710101 15.301537 27.236313 -41.641143 -18.881721
-21.566407 151.710101 15.301537 27.236313 -41.641143 -18.881721
-21.574323 151.710101 15.301537 27.236313 -41.641143 -18.881721
-21.582251 151.710101 15.301537 27.236313 -41.641143 -18.881721
-21.590191 151.710101 15.301537 27.236313 -41.641143 -18.881721
-21.598143 151.710101 15.301537 27.236313 -41.641143 -18.881721
-21.606108 151.710101 15.301537 27.236313 -41.641143 -18.881721
-21.614084 151.710101 15.301537 27.236313 -41.641143 -18.881721
-21.622073 151.710101 15.301537 27.236313 -41.641143 -18.881721
-21.630074 151.710101 15.301537 27.236313 -41.641143 -18.881721
-21.638087 151.710101 15.301537 27.236313 -41.641143 -18.881721
-21.646111 151.710101 15.301537 27.236313 -41.641143 -18.881721
-21.654148 151.710101 15.301537 27.236313 -41.641143 -18.881721
-21.662197 151.710101 15.301537 27.236313 -41.641143 -18.881721
-21.670257 151.710101 15.301537 27.236313 -41.641143 -18.881721
-21.678330 151.710101 15.301537 27.236313 -41.641143 -18.881721
-21.686414 151.710101 15.301537 27.236313 -41.641143 -18.881721
-21.694510 151.710101 15.301537 27.236313 -41.641143 -18.881721
-21.702618 151.710101 15.301537 27.236313 -41.641143 -18.881721
-21.710738 151.710101 15.301537 27.236313 -41.641143 -18.881721
-21.718869 151.710101 15.301537 27.236313 -41.641143 -18.881721
-21.727012 151.710101 15.301537 27.236313 -41.641143 -18.881721
-21.735166 151.710101 15.301537 27.236313 -41.641143 -18.881721
-21.743333 151.710101 15.301537 27.236313 -41.641143 -18.881721
-21.751511 151.710101 15.301537 27.236313 -41.641143 -18.881721
-21.759700 151.710101 15.301537 27.236313 -41.641143 -18.881721
-21.767901 151.710101 15.301537 27.236313 -41.641143 -18.881721
-21.776113 151.710101 15.301537 27.236313 -41.641143 -18.881721
-21.784337 151.710101 15.301537 27.236313 -41.641143 -18.881721
-21.792572 151.710101 15.301537 27.236313 -41.641143 -18.881721
-21.800819 151.710101 15.301537 27.236313 -41.641143 -18.881721
-21.809077 151.710101 15.301537 27.236313 -41.641143 -18.881721
-21.817346 151.710101 15.301537 27.236313 -41.641143 -18.881721
-21.825627 151.710101 15.301537 27.236313 -41.641143 -18.881721
-21.833919 151.710101 15.301537 27.236313 -41.641143 -18.881721
-21.842222 151.710101 15.301537 27.236313 -41.641143 -18.881721
-21.850536 151.710101 15.301537 27.236313 -41.641143 -18.881721
-21.858862 151.710101 15.301537 27.236313 -41.641143 -18.881721
-21.867198 151.710101 15.301537 27.236313 -41.641143 -18.881721
-21.875546 151.710101 15.301537 27.236313 -41.641143 -18.881721
-21.883905 151.710101 15.301537 27.236313 -41.641143 -18.881721
-21.892275 151.710101 15.301537 27.236313 -41.641143 -18.881721
-21.900656 151.710101 15.301537 27.236313 -41.641143 -18.881721
-21.909048 151.710101 15.301537 27.236313 -41.641143 -18.881721
-21.917451 151.710101 15.301537 27.236313 -41.641143 -18.881721
-21.925864 151.710101 15.301537 27.236313 -41.641143 -18.881721
-21.934289 151.710101 15.301537 27.236313 -41.641143 -18.881721
-21.942725 151.710101 15.301537 27.236313 -41.641143 -18.881721
-21.951171 151.710101 15.301537 27.236313 -41.641143 -18.881721
-21.959628 151.710101 15.301537 27.236313 -41.641143 -18.881721
-21.968096 151.710101 15.301537 27.236313 -41.641143 -18.881721
-21.976575 151.710101 15.301537 27.236313 -41.641143 -18.881721
-21.985064 151.710101 15.301537 27.236313 -41.641143 -18.881721
-21.993564 151.710101 15.301537 27.236313 -41.641143 -18.881721
-22.002075 151.710101 15.301537 27.236313 -41.641143 -18.881721
-22.010596 151.710101 15.301537 27.236313 -41.641143 -18.881721
-22.019128 151.710101 15.301537 27.236313 -41.641143 -18.881721
-22.027670 151.710101 15.301537 27.236313 -41.641143 -18.881721
-22.036223 151.710101 15.301537 27.236313 -41.641143 -18.881721
-22.044786 151.710101 15.301537 27.236313 -41.641143 -18.881721
-22.053360 151.710101 15.301537 27.236313 -41.641143 -18.881721
-22.061945 151.710101 15.301537 27.236313 -41.641143 -18.881721
-22.070539 151.710101 15.301537 27.236313 -41.641143 -18.881721
-22.079144 151.710101 15.301537 27.236313 -41.641143 -18.881721
-22.087759 151.710101 15.301537 27.236313 -41.641143 -18.881721
-22.096385 151.710101 15.301537 27.236313 -41.641143 -18.881721
-22.105021 151.710101 15.301537 27.236313 -41.641143 -18.881721
-22.113667 151.710101 15.301537 27.236313 -41.641143 -18.881721
-22.122323 151.710101 15.301537 27.236313 -41.641143 -18.881721
-22.130990 151.710101 15.301537 27.236313 -41.641143 -18.881721
-22.139666 151.710101 15.301537 27.236313 -41.641143 -18.881721
-22.148353 151.710101 15.301537 27.236313 -41.641143 -18.881721
-22.157050 151.710101 15.301537 27.236313 -41.641143 -18.881721
-22.165757 151.710101 15.301537 27.236313 -41.641143 -18.881721
-22.174474 151.710101 15.301537 27.236313 -41.641143 -18.881721
-22.183201 151.710101 15.301537 27.236313 -41.641143 -18.881721
-22.191937 151.710101 15.301537 27.236313 -41.641143 -18.881721
-22.200684 151.710101 15.301537 27.236313 -41.641143 -18.881721
-22.209441 151.710101 15.301537 27.236313 -41.641143 -18.881721
-22.218207 151.710101 15.301537 27.236313 -41.641143 -18.881721
-22.226983 151.710101 15.301537 27.236313 -41.641143 -18.881721
-22.235769 151.710101 15.301537 27.236313 -41.641143 -18.881721
-22.244565 151.710101 15.301537 27.236313 -41.641143 -18.881721
-22.253371 151.710101 15.301537 27.236313 -41.641143 -18.881721
-22.262186 151.710101 15.301537 27.236313 -41.641143 -18.881721
-22.271011 151.710101 15.301537 27.236313 -41.641143 -18.881721
-22.279845 151.710101 15.301537 27.236313 -41.641143 -18.881721
-22.288689 151.710101 15.301537 27.236313 -41.641143 -18.881721
-22.297543 151.710101 15.301537 27.236313 -41.641143 -18.881721
-22.306406 151.710101 15.301537 27.236313 -41.641143 -18.881721
-22.315279 151.710101 15.301537 27.236313 -41.641143 -18.881721
-22.324161 151.710101 15.301537 27.236313 -41.641143 -18.881721
-22.333053 151.710101 15.301537 27.236313 -41.641143 -18.881721
-22.341954 151.710101 15.301537 27.236313 -41.641143 -18.881721
-22.350864 151.710101 15.301537 27.236313 -41.641143 -18.881721
-22.359784 151.710101 15.301537 27.236313 -41.641143 -18.881721
-22.368713 151.710101 15.301537 27.236313 -41.641143 -18.881721
-22.377652 151.710101 15.301537 27.236313 -41.641143 -18.881721
-22.386599 151.710101 15.301537 27.236313 -41.641143 -18.881721
-22.395556 151.710101 15.301537 27.236313 -41.641143 -18.881721
-22.404522 151.710101 15.301537 27.236313 -41.641143 -18.881721
-22.413498 151.710101 15.301537 27.236313 -41.641143 -18.881721
-22.422482 151.710101 15.301537 27.236313 -41.641143 -18.881721
-22.431475 151.710101 15.301537 27.236313 -41.641143 -18.881721
-22.440478 151.710101 15.301537 27.236313 -41.641143 -18.881721
-22.449490 151.710101 15.301537 27.236313 -41.641143 -18.881721
-22.458510 151.710101 15.301537 27.236313 -41.641143 -18.881721
-22.467540 151.710101 15.301537 27.236313 -41.641143 -18.881721
-22.476578 151.710101 15.301537 27.236313 -41.641143 -18.881721
-22.485626 151.710101 15.301537 27.236313 -41.641143 -18.881721
-22.494682 151.710101 15.301537 27.236313 -41.641143 -18.881721
-22.503747 151.710101 15.301537 27.236313 -41.641143 -18.881721
-22.512821 151.710101 15.301537 27.236313 -41.641143 -18.881721
-22.521904 151.710101 15.301537 27.236313 -41.641143 -18.881721
-22.530995 151.710101 15.301537 27.236313 -41.641143 -18.881721
-22.540095 151.710101 15.301537 27.236313 -41.641143 -18.881721
-22.549204 151.710101 15.301537 27.236313 -41.641143 -18.881721
-22.558322 151.710101 15.301537 27.236313 -41.641143 -18.881721
-22.567448 151.710101 15.301537 27.236313 -41.641143 -18.881721
-22.576583 151.710101 15.301537 27.236313 -41.641143 -18.881721
-22.585726 151.710101 15.301537 27.236313 -41.641143 -18.881721
-22.594878 151.710101 15.301537 27.236313 -41.641143 -18.881721
-22.604039 151.710101 15.301537 27.236313 -41.641143 -18.881721
-22.613207 151.710101 15.301537 27.236313 -41.641143 -18.881721
-22.622385 151.710101 15.301537 27.236313 -41.641143 -18.881721
-22.631570 151.710101 15.301537 27.236313 -41.641143 -18.881721
-22.640764 151.710101 15.301537 27.236313 -41.641143 -18.881721
-22.649967 151.710101 15.301537 27.236313 -41.641143 -18.881721
-22.659178 151.710101 15.301537 27.236313 -41.641143 -18.881721
-22.668397 151.710101 15.301537 27.236313 -41.641143 -18.881721
-22.677624 151.710101 15.301537 27.236313 -41.641143 -18.881721
-22.686859 151.710101 15.301537 27.236313 -41.641143 -18.881721
-22.696103 151.710101 15.301537 27.236313 -41.641143 -18.881721
-22.705355 151.710101 15.301537 27.236313 -41.641143 -18.881721
-22.714615 151.710101 15.301537 27.236313 -41.641143 -18.881721
-22.723883 151.710101 15.301537 27.236313 -41.641143 -18.881721
-22.733159 151.710101 15.301537 27.236313 -41.641143 -18.881721
-22.742443 151.710101 15.301537 27.236313 -41.641143 -18.881721
-22.751735 151.710101 15.301537 27.236313 -41.641143 -18.881721
-22.761035 151.710101 15.301537 27.236313 -41.641143 -18.881721
-22.770343 151.710101 15.301537 27.236313 -41.641143 -18.881721
-22.779659 151.710101 15.301537 27.236313 -41.641143 -18.881721
-22.788983 151.710101 15.301537 27.236313 -41.641143 -18.881721
-22.798315 151.710101 15.301537 27.236313 -41.641143 -18.881721
-22.807654 151.710101 15.301537 27.236313 -41.641143 -18.881721
-22.817002 151.710101 15.301537 27.236313 -41.641143 -18.881721
-22.826357 151.710101 15.301537 27.236313 -41.641143 -18.881721
-22.835719 151.710101 15.301537 27.236313 -41.641143 -18.881721
-22.845090 151.710101 15.301537 27.236313 -41.641143 -18.881721
-22.854468 151.710101 15.301537 27.236313 -41.641143 -18.881721
-22.863853 151.710101 15.301537 27.236313 -41.641143 -18.881721
-22.873247 151.710101 15.301537 27.236313 -41.641143 -18.881721
-22.882647 151.710101 15.301537 27.236313 -41.641143 -18.881721
-22.892056 151.710101 15.301537 27.236313 -41.641143 -18.881721
-22.901472 151.710101 15.301537 27.236313 -41.641143 -18.881721
-22.910895 151.710101 15.301537 27.236313 -41.641143 -18.881721
-22.920326 151.710101 15.301537 27.236313 -41.641143 -18.881721
-22.929764 151.710101 15.301537 27.236313 -41.641143 -18.881721
-22.939209 151.710101 15.301537 27.236313 -41.641143 -18.881721
-22.948662 151.710101 15.301537 27.236313 -41.641143 -18.881721
-22.958122 151.710101 15.301537 27.236313 -41.641143 -18.881721
-22.967590 151.710101 15.301537 27.236313 -41.641143 -18.881721
-22.977064 151.710101 15.301537 27.236313 -41.641143 -18.881721
-22.986546 151.710101 15.301537 27.236313 -41.641143 -18.881721
-22.996035 151.710101 15.301537 27.236313 -41.641143 -18.881721
-23.005532 151.710101 15.301537 27.236313 -41.641143 -18.881721
-23.015035 151.710101 15.301537 27.236313 -41.641143 -18.881721
-23.024545 151.710101 15.301537 27.236313 -41.641143 -18.881721
-23.034063 151.710101 15.301537 27.236313 -41.641143 -18.881721
-23.043587 151.710101 15.301537 27.236313 -41.641143 -18.881721
-23.053119 151.710101 15.301537 27.236313 -41.641143 -18.881721
-23.062657 151.710101 15.301537 27.236313 -41.641143 -18.881721
-23.072203 151.710101 15.301537 27.236313 -41.641143 -18.881721
-23.081755 151.710101 15.301537 27.236313 -41.641143 -18.881721
-23.091314 151.710101 15.301537 27.236313 -41.641143 -18.881721
-23.100880 151.710101 15.301537 27.236313 -41.641143 -18.881721
-23.110453 151.710101 15.301537 27.236313 -41.641143 -18.881721
-23.120033 151.710101 15.301537 27.236313 -41.641143 -18.881721
-23.129619 151.710101 15.301537 27.236313 -41.641143 -18.881721
-23.139212 151.710101 15.301537 27.236313 -41.641143 -18.881721
-23.148812 151.710101 15.301537 27.236313 -41.641143 -18.881721
-23.158418 151.710101 15.301537 27.236313 -41.641143 -18.881721
-23.168031 151.710101 15.301537 27.236313 -41.641143 -18.881721
-23.177650 151.710101 15.301537 27.236313 -41.641143 -18.881721
-23.187277 151.710101 15.301537 27.236313 -41.641143 -18.881721
-23.196909 151.710101 15.301537 27.236313 -41.641143 -18.881721
-23.206548 151.710101 15.301537 27.236313 -41.641143 -18.881721
-23.216194 151.710101 15.301537 27.236313 -41.641143 -18.881721
-23.225846 151.710101 15.301537 27.236313 -41.641143 -18.881721
-23.235504 151.710101 15.301537 27.236313 -41.641143 -18.881721
-23.245169 151.710101 15.301537 27.236313 -41.641143 -18.881721
-23.254840 151.710101 15.301537 27.236313 -41.641143 -18.881721
-23.264517 151.710101 15.301537 27.236313 -41.641143 -18.881721
-23.274201 151.710101 15.301537 27.236313 -41.641143 -18.881721
-23.283891 151.710101 15.301537 27.236313 -41.641143 -18.881721
-23.293587 151.710101 15.301537 27.236313 -41.641143 -18.881721
-23.303289 151.710101 15.301537 27.236313 -41.641143 -18.881721
-23.312998 151.710101 15.301537 27.236313 -41.641143 -18.881721
-23.322712 151.710101 15.301537 27.236313 -41.641143 -18.881721
-23.332433 151.710101 15.301537 27.236313 -41.641143 -18.881721
-23.342160 151.710101 15.301537 27.236313 -41.641143 -18.881721
-23.351892 151.710101 15.301537 27.236313 -41.641143 -18.881721
-23.361631 151.710101 15.301537 27.236313 -41.641143 -18.881721
-23.371376 151.710101 15.301537 27.236313 -41.641143 -18.881721
-23.381126 151.710101 15.301537 27.236313 -41.641143 -18.881721
-23.390883 151.710101 15.301537 27.236313 -41.641143 -18.881721
-23.400645 151.710101 15.301537 27.236313 -41.641143 -18.881721
-23.410413 151.710101 15.301537 27.236313 -41.641143 -18.881721
-23.420187 151.710101 15.301537 27.236313 -41.641143 -18.881721
-23.429967 151.710101 15.301537 27.236313 -41.641143 -18.881721
-23.439752 151.710101 15.301537 27.236313 -41.641143 -18.881721
-23.449543 151.710101 15.301537 27.236313 -41.641143 -18.881721
-23.459340 151.710101 15.301537 27.236313 -41.641143 -18.881721
-23.469143 151.710101 15.301537 27.236313 -41.641143 -18.881721
-23.478951 151.710101 15.301537 27.236313 -41.641143 -18.881721
-23.488764 151.710101 15.301537 27.236313 -41.641143 -18.881721
-23.498583 151.710101 15.301537 27.236313 -41.641143 -18.881721
-23.508408 151.710101 15.301537 27.236313 -41.641143 -18.881721
-23.518238 151.710101 15.301537 27.236313 -41.641143 -18.881721
-23.528074 151.710101 15.301537 27.236313 -41.641143 -18.881721
-23.537915 151.710101 15.301537 27.236313 -41.641143 -18.881721
-23.547761 151.710101 15.301537 27.236313 -41.641143 -18.881721
-23.557613 151.710101 15.301537 27.236313 -41.641143 -18.881721
-23.567470 151.710101 15.301537 27.236313 -41.641143 -18.881721
-23.577333 151.710101 15.301537 27.236313 -41.641143 -18.881721
-23.587201 151.710101 15.301537 27.236313 -41.641143 -18.881721
-23.597073 151.710101 15.301537 27.236313 -41.641143 -18.881721
-23.606952 151.710101 15.301537 27.236313 -41.641143 -18.881721
-23.616835 151.710101 15.301537 27.236313 -41.641143 -18.881721
-23.626723 151.710101 15.301537 27.236313 -41.641143 -18.881721
-23.636617 151.710101 15.301537 27.236313 -41.641143 -18.881721
-23.646515 151.710101 15.301537 27.236313 -41.641143 -18.881721
-23.656419 151.710101 15.301537 27.236313 -41.641143 -18.881721
-23.666328 151.710101 15.301537 27.236313 -41.641143 -18.881721
-23.676241 151.710101 15.301537 27.236313 -41.641143 -18.881721
-23.686160 151.710101 15.301537 27.236313 -41.641143 -18.881721
-23.696084 151.710101 15.301537 27.236313 -41.641143 -18.881721
-23.706012 151.710101 15.301537 27.236313 -41.641143 -18.881721
-23.715945 151.710101 15.301537 27.236313 -41.641143 -18.881721
-23.725883 151.710101 15.301537 27.236313 -41.641143 -18.881721
-23.735826 151.710101 15.301537 27.236313 -41.641143 -18.881721
-23.745774 151.710101 15.301537 27.236313 -41.641143 -18.881721
-23.755726 151.710101 15.301537 27.236313 -41.641143 -18.881721
-23.765683 151.710101 15.301537 27.236313 -41.641143 -18.881721
-23.775645 151.710101 15.301537 27.236313 -41.641143 -18.881721
-23.785611 151.710101 15.301537 27.236313 -41.641143 -18.881721
-23.795582 151.710101 15.301537 27.236313 -41.641143 -18.881721
-23.805558 151.710101 15.301537 27.236313 -41.641143 -18.881721
-23.815538 151.710101 15.301537 27.236313 -41.641143 -18.881721
-23.825523 151.710101 15.301537 27.236313 -41.641143 -18.881721
-23.835512 151.710101 15.301537 27.236313 -41.641143 -18.881721
-23.845505 151.710101 15.301537 27.236313 -41.641143 -18.881721
-23.855503 151.710101 15.301537 27.236313 -41.641143 -18.881721
-23.865505 151.710101 15.301537 27.236313 -41.641143 -18.881721
-23.875512 151.710101 15.301537 27.236313 -41.641143 -18.881721
-23.885523 151.710101 15.301537 27.236313 -41.641143 -18.881721
-23.895538 151.710101 15.301537 27.236313 -41.641143 -18.881721
-23.905558 151.710101 15.301537 27.236313 -41.641143 -18.881721
-23.915582 151.710101 15.301537 27.236313 -41.641143 -18.881721
-23.925610 151.710101 15.301537 27.236313 -41.641143 -18.881721
-23.935642 151.710101 15.301537 27.236313 -41.641143 -18.881721
-23.945678 151.710101 15.301537 27.236313 -41.641143 -18.881721
-23.955718 151.710101 15.301537 27.236313 -41.641143 -18.881721
-23.965763 151.710101 15.301537 27.236313 -41.641143 -18.881721
-23.975811 151.710101 15.301537 27.236313 -41.641143 -18.881721
-23.985864 151.710101 15.301537 27.236313 -41.641143 -18.881721
-23.995920 151.710101 15.301537 27.236313 -41.641143 -18.881721
-24.005981 151.710101 15.301537 27.236313 -41.641143 -18.881721
-24.016045 151.710101 15.301537 27.236313 -41.641143 -18.881721
-24.026113 151.710101 15.301537 27.236313 -41.641143 -18.881721
-24.036185 151.710101 15.301537 27.236313 -41.641143 -18.881721
-24.046261 151.710101 15.301537 27.236313 -41.641143 -18.881721
-24.056341 151.710101 15.301537 27.236313 -41.641143 -18.881721
-24.066424 151.710101 15.301537 27.236313 -41.641143 -18.881721
-24.076511 151.710101 15.301537 27.236313 -41.641143 -18.881721
-24.086602 151.710101 15.301537 27.236313 -41.641143 -18.881721
-24.096696 151.710101 15.301537 27.236313 -41.641143 -18.881721
-24.106795 151.710101 15.301537 27.236313 -41.641143 -18.881721
-24.116896 151.710101 15.301537 27.236313 -41.641143 -18.881721
-24.127002 151.710101 15.301537 27.236313 -41.641143 -18.881721
-24.137110 151.710101 15.301537 27.236313 -41.641143 -18.881721
-24.147223 151.710101 15.301537 27.236313 -41.641143 -18.881721
-24.157338 151.710101 15.301537 27.236313 -41.641143 -18.881721
-24.167458 151.710101 15.301537 27.236313 -41.641143 -18.881721
-24.177580 151.710101 15.301537 27.236313 -41.641143 -18.881721
-24.187706 151.710101 15.301537 27.236313 -41.641143 -18.881721
-24.197836 151.710101 15.301537 27.236313 -41.641143 -18.881721
-24.207968 151.710101 15.301537 27.236313 -41.641143 -18.881721
-24.218104 151.710101 15.301537 27.236313 -41.641143 -18.881721
-24.228243 151.710101 15.301537 27.236313 -41.641143 -18.881721
-24.238386 151.710101 15.301537 27.236313 -41.641143 -18.881721
-24.248531 151.710101 15.301537 27.236313 -41.641143 -18.881721
-24.258680 151.710101 15.301537 27.236313 -41.641143 -18.881721
-24.268832 151.710101 15.301537 27.236313 -41.641143 -18.881721
-24.278987 151.710101 15.301537 27.236313 -41.641143 -18.881721
-24.289145 151.710101 15.301537 27.236313 -41.641143 -18.881721
-24.299306 151.710101 15.301537 27.236313 -41.641143 -18.881721
-24.309470 151.710101 15.301537 27.236313 -41.641143 -18.881721
-24.319637 151.710101 15.301537 27.236313 -41.641143 -18.881721
-24.329807 151.710101 15.301537 27.236313 -41.641143 -18.881721
-24.339980 151.710101 15.301537 27.236313 -41.641143 -18.881721
-24.350156 151.710101 15.301537 27.236313 -41.641143 -18.881721
-24.360335 151.710101 15.301537 27.236313 -41.641143 -18.881721
-24.370516 151.710101 15.301537 27.236313 -41.641143 -18.881721
-24.380700 151.710101 15.301537 27.236313 -41.641143 -18.881721
-24.390887 151.710101 15.301537 27.236313 -41.641143 -18.881721
-24.401077 151.710101 15.301537 27.236313 -41.641143 -18.881721
-24.411269 151.710101 15.301537 27.236313 -41.641143 -18.881721
-24.421464 151.710101 15.301537 27.236313 -41.641143 -18.881721
-24.431662 151.710101 15.301537 27.236313 -41.641143 -18.881721
-24.441862 151.710101 15.301537 27.236313 -41.641143 -18.881721
-24.452065 151.710101 15.301537 27.236313 -41.641143 -18.881721
-24.462270 151.710101 15.301537 27.236313 -41.641143 -18.881721
-24.472478 151.710101 15.301537 27.236313 -41.641143 -18.881721
-24.482688 151.710101 15.301537 27.236313 -41.641143 -18.881721
-24.492901 151.710101 15.301537 27.236313 -41.641143 -18.881721
-24.503116 151.710101 15.301537 27.236313 -41.641143 -18.881721
-24.513334 151.710101 15.301537 27.236313 -41.641143 -18.881721
-24.523554 151.710101 15.301537 27.236313 -41.641143 -18.881721
-24.533776 151.710101 15.301537 27.236313 -41.641143 -18.881721
-24.544000 151.710101 15.301537 27.236313 -41.641143 -18.881721
-24.554227 151.710101 15.301537 27.236313 -41.641143 -18.881721
-24.564456 151.710101 15.301537 27.236313 -41.641143 -18.881721
-24.574687 151.710101 15.301537 27.236313 -41.641143 -18.881721
-24.584920 151.710101 15.301537 27.236313 -41.641143 -18.881721
-24.595155 151.710101 15.301537 27.236313 -41.641143 -18.881721
-24.605393 151.710101 15.301537 27.236313 -41.641143 -18.881721
-24.615632 151.710101 15.301537 27.236313 -41.641143 -18.881721
-24.625874 151.710101 15.301537 27.236313 -41.641143 -18.881721
-24.636117 151.710101 15.301537 27.236313 -41.641143 -18.881721
-24.646363 151.710101 15.301537 27.236313 -41.641143 -18.881721
-24.656610 151.710101 15.301537 27.236313 -41.641143 -18.881721
-24.666859 151.710101 15.301537 27.236313 -41.641143 -18.881721
-24.677111 151.710101 15.301537 27.236313 -41.641143 -18.881721
-24.687364 151.710101 15.301537 27.236313 -41.641143 -18.881721
-24.697618 151.710101 15.301537 27.236313 -41.641143 -18.881721
-24.707875 151.710101 15.301537 27.236313 -41.641143 -18.881721
-24.718133 151.710101 15.301537 27.236313 -41.641143 -18.881721
-24.728393 151.710101 15.301537 27.236313 -41.641143 -18.881721
-24.738655 151.710101 15.301537 27.236313 -41.641143 -18.881721
-24.748918 151.710101 15.301537 27.236313 -41.641143 -18.881721
-24.759183 151.710101 15.301537 27.236313 -41.641143 -18.881721
-24.769450 151.710101 15.301537 27.236313 -41.641143 -18.881721
-24.779718 151.710101 15.301537 27.236313 -41.641143 -18.881721
-24.789988 151.710101 15.301537 27.236313 -41.641143 -18.881721
-24.800259 151.710101 15.301537 27.236313 -41.641143 -18.881721
-24.810532 151.710101 15.301537 27.236313 -41.641143 -18.881721
-24.820806 151.710101 15.301537 27.236313 -41.641143 -18.881721
-24.831081 151.710101 15.301537 27.236313 -41.641143 -18.881721
-24.841358 151.710101 15.301537 27.236313 -41.641143 -18.881721
-24.851636 151.710101 15.301537 27.236313 -41.641143 -18.881721
-24.861915 151.710101 15.301537 27.236313 -41.641143 -18.881721
-24.872196 151.710101 15.301537 27.236313 -41.641143 -18.881721
-24.882478 151.710101 15.301537 27.236313 -41.641143 -18.881721
-24.892761 151.710101 15.301537 27.236313 -41.641143 -18.881721
-24.903046 151.710101 15.301537 27.236313 -41.641143 -18.881721
-24.913331 151.710101 15.301537 27.236313 -41.641143 -18.881721
-24.923618 151.710101 15.301537 27.236313 -41.641143 -18.881721
-24.933905 151.710101 15.301537 27.236313 -41.641143 -18.881721
-24.944194 151.710101 15.301537 27.236313 -41.641143 -18.881721
