17.363511 150.262128 68.706299 -11.185934 66.391626 -21.269234
17.364465 150.261604 68.704022 -11.191623 66.400219 -21.272012
17.365418 150.261080 68.701744 -11.197315 66.408812 -21.274795
17.366373 150.260557 68.699468 -11.203011 66.417405 -21.277584
17.367327 150.260033 68.697191 -11.208711 66.425999 -21.280377
17.368281 150.259509 68.694914 -11.214412 66.434592 -21.283171
17.369236 150.258986 68.692638 -11.220118 66.443187 -21.285973
17.370190 150.258463 68.690362 -11.225828 66.451782 -21.288779
17.371144 150.257940 68.688086 -11.231541 66.460377 -21.291591
17.372100 150.257417 68.685810 -11.237258 66.468971 -21.294405
17.373055 150.256894 68.683534 -11.242978 66.477567 -21.297226
17.374009 150.256372 68.681258 -11.248701 66.486163 -21.300050
17.374965 150.255849 68.678983 -11.254428 66.494758 -21.302880
17.375920 150.255328 68.676707 -11.260158 66.503354 -21.305714
17.376875 150.254805 68.674432 -11.265891 66.511950 -21.308552
17.377832 150.254283 68.672157 -11.271630 66.520547 -21.311397
17.378787 150.253762 68.669882 -11.277370 66.529144 -21.314243
17.379743 150.253239 68.667607 -11.283114 66.537741 -21.317096
17.380700 150.252718 68.665332 -11.288861 66.546338 -21.319953
17.381656 150.252196 68.663058 -11.294614 66.554936 -21.322817
17.382612 150.251675 68.660784 -11.300368 66.563534 -21.325682
17.383569 150.251155 68.658510 -11.306127 66.572132 -21.328554
17.384525 150.250633 68.656235 -11.311888 66.580730 -21.331430
17.385482 150.250112 68.653962 -11.317654 66.589328 -21.334312
17.386439 150.249592 68.651688 -11.323423 66.597928 -21.337196
17.387396 150.249071 68.649414 -11.329194 66.606526 -21.340086
17.388353 150.248551 68.647141 -11.334971 66.615126 -21.342981
17.389310 150.248030 68.644868 -11.340750 66.623726 -21.345881
17.390268 150.247510 68.642595 -11.346533 66.632325 -21.348785
17.391225 150.246990 68.640321 -11.352321 66.640926 -21.351697
17.392183 150.246470 68.638049 -11.358110 66.649526 -21.354609
17.393142 150.245951 68.635776 -11.363905 66.658127 -21.357528
17.394099 150.245431 68.633503 -11.369701 66.666727 -21.360450
17.395057 150.244912 68.631232 -11.375503 66.675328 -21.363380
17.396015 150.244393 68.628959 -11.381307 66.683930 -21.366312
17.396974 150.243873 68.626687 -11.387116 66.692532 -21.369252
17.397933 150.243355 68.624415 -11.392927 66.701134 -21.372193
17.398891 150.242835 68.622144 -11.398743 66.709736 -21.375141
17.399851 150.242317 68.619872 -11.404562 66.718338 -21.378094
17.400809 150.241799 68.617600 -11.410385 66.726940 -21.381051
17.401768 150.241280 68.615328 -11.416210 66.735544 -21.384011
17.402727 150.240762 68.613058 -11.422041 66.744147 -21.386979
17.403687 150.240244 68.610787 -11.427874 66.752750 -21.389949
17.404647 150.239726 68.608516 -11.433712 66.761354 -21.392926
17.405606 150.239208 68.606245 -11.439552 66.769958 -21.395907
17.406566 150.238690 68.603975 -11.445396 66.778562 -21.398892
17.407526 150.238173 68.601704 -11.451246 66.787167 -21.401886
17.408486 150.237655 68.599434 -11.457097 66.795771 -21.404880
17.409446 150.237139 68.597164 -11.462952 66.804375 -21.407880
17.410406 150.236621 68.594894 -11.468812 66.812981 -21.410886
17.411368 150.236104 68.592624 -11.474674 66.821586 -21.413896
17.412328 150.235588 68.590354 -11.480541 66.830192 -21.416910
17.413289 150.235071 68.588085 -11.486411 66.838797 -21.419931
17.414249 150.234555 68.585816 -11.492286 66.847404 -21.422957
17.415210 150.234038 68.583546 -11.498162 66.856010 -21.425984
17.416172 150.233522 68.581277 -11.504044 66.864616 -21.429020
17.417133 150.233005 68.579008 -11.509929 66.873224 -21.432060
17.418094 150.232490 68.576739 -11.515818 66.881831 -21.435105
17.419056 150.231974 68.574471 -11.521710 66.890438 -21.438154
17.420017 150.231459 68.572202 -11.527606 66.899045 -21.441208
17.420980 150.230943 68.569934 -11.533506 66.907652 -21.444266
17.421942 150.230428 68.567666 -11.539410 66.916261 -21.447330
17.422904 150.229913 68.565398 -11.545317 66.924869 -21.450399
17.423866 150.229398 68.563130 -11.551229 66.933477 -21.453474
17.424828 150.228883 68.560862 -11.557144 66.942086 -21.456553
17.425791 150.228368 68.558594 -11.563062 66.950695 -21.459635
17.426754 150.227853 68.556327 -11.568984 66.959304 -21.462724
17.427717 150.227339 68.554060 -11.574911 66.967913 -21.465819
17.428679 150.226825 68.551793 -11.580841 66.976524 -21.468917
17.429642 150.226310 68.549526 -11.586775 66.985133 -21.472021
17.430606 150.225797 68.547258 -11.592712 66.993743 -21.475130
17.431569 150.225282 68.544992 -11.598653 67.002354 -21.478242
17.432533 150.224769 68.542726 -11.604599 67.010964 -21.481361
17.433496 150.224256 68.540459 -11.610547 67.019575 -21.484484
17.434460 150.223741 68.538193 -11.616500 67.028186 -21.487614
17.435424 150.223228 68.535927 -11.622458 67.036797 -21.490748
17.436389 150.222716 68.533661 -11.628419 67.045409 -21.493887
17.437353 150.222203 68.531395 -11.634383 67.054021 -21.497030
17.438317 150.221690 68.529130 -11.640350 67.062632 -21.500178
17.439281 150.221177 68.526864 -11.646323 67.071244 -21.503332
17.440246 150.220665 68.524599 -11.652298 67.079857 -21.506491
17.441210 150.220152 68.522334 -11.658278 67.088469 -21.509654
17.442175 150.219640 68.520068 -11.664261 67.097082 -21.512823
17.443141 150.219127 68.517804 -11.670249 67.105695 -21.515997
17.444106 150.218616 68.515538 -11.676240 67.114308 -21.519176
17.445071 150.218104 68.513274 -11.682236 67.122922 -21.522361
17.446036 150.217593 68.511010 -11.688234 67.131535 -21.525548
17.447002 150.217081 68.508745 -11.694237 67.140149 -21.528742
17.447967 150.216570 68.506481 -11.700245 67.148764 -21.531944
17.448933 150.216058 68.504218 -11.706255 67.157378 -21.535147
17.449899 150.215548 68.501953 -11.712270 67.165993 -21.538356
17.450866 150.215036 68.499690 -11.718288 67.174607 -21.541570
17.451832 150.214526 68.497426 -11.724310 67.183223 -21.544789
17.452798 150.214015 68.495162 -11.730337 67.191837 -21.548014
17.453764 150.213505 68.492900 -11.736367 67.200453 -21.551243
17.454731 150.212995 68.490636 -11.742402 67.209069 -21.554479
17.455698 150.212484 68.488373 -11.748441 67.217685 -21.557719
17.456664 150.211974 68.486111 -11.754482 67.226301 -21.560964
17.457631 150.211464 68.483848 -11.760528 67.234917 -21.564214
17.458598 150.210955 68.481585 -11.766579 67.243534 -21.567469
17.459567 150.210445 68.479323 -11.772633 67.252150 -21.570731
17.460534 150.209936 68.477060 -11.778691 67.260768 -21.573996
17.461502 150.209426 68.474798 -11.784753 67.269385 -21.577267
17.462469 150.208917 68.472537 -11.790818 67.278002 -21.580543
17.463437 150.208408 68.470275 -11.796888 67.286620 -21.583824
17.464405 150.207899 68.468014 -11.802963 67.295238 -21.587111
17.465373 150.207391 68.465752 -11.809041 67.303856 -21.590402
17.466341 150.206883 68.463490 -11.815123 67.312474 -21.593700
17.467309 150.206374 68.461230 -11.821209 67.321093 -21.597001
17.468278 150.205866 68.458969 -11.827299 67.329712 -21.600308
17.469246 150.205358 68.456707 -11.833392 67.338330 -21.603620
17.470215 150.204850 68.454447 -11.839491 67.346950 -21.606938
17.471184 150.204342 68.452186 -11.845594 67.355569 -21.610261
17.472153 150.203835 68.449926 -11.851699 67.364188 -21.613590
17.473122 150.203327 68.447666 -11.857810 67.372808 -21.616923
17.474092 150.202820 68.445406 -11.863924 67.381428 -21.620261
17.475062 150.202312 68.443146 -11.870043 67.390049 -21.623604
17.476032 150.201805 68.440886 -11.876166 67.398669 -21.626956
17.477001 150.201299 68.438626 -11.882292 67.407289 -21.630309
17.477971 150.200792 68.436366 -11.888422 67.415911 -21.633668
17.478941 150.200285 68.434107 -11.894557 67.424531 -21.637033
17.479911 150.199779 68.431848 -11.900696 67.433153 -21.640403
17.480881 150.199272 68.429589 -11.906839 67.441774 -21.643779
17.481852 150.198766 68.427330 -11.912986 67.450396 -21.647160
17.482822 150.198261 68.425071 -11.919137 67.459018 -21.650547
17.483793 150.197754 68.422812 -11.925293 67.467640 -21.653938
17.484764 150.197249 68.420554 -11.931452 67.476262 -21.657335
17.485735 150.196743 68.418296 -11.937616 67.484885 -21.660736
17.486706 150.196238 68.416037 -11.943783 67.493507 -21.664144
17.487677 150.195733 68.413779 -11.949955 67.502130 -21.667556
17.488648 150.195228 68.411522 -11.956130 67.510753 -21.670973
17.489620 150.194723 68.409264 -11.962311 67.519376 -21.674397
17.490591 150.194218 68.407006 -11.968494 67.527999 -21.677824
17.491563 150.193713 68.404748 -11.974684 67.536623 -21.681261
17.492535 150.193208 68.402492 -11.980875 67.545247 -21.684698
17.493507 150.192705 68.400234 -11.987073 67.553872 -21.688144
17.494479 150.192200 68.397977 -11.993274 67.562495 -21.691593
17.495451 150.191696 68.395721 -11.999479 67.571120 -21.695050
17.496424 150.191193 68.393464 -12.005688 67.579744 -21.698510
17.497396 150.190688 68.391207 -12.011902 67.588369 -21.701976
17.498369 150.190185 68.388950 -12.018120 67.596994 -21.705448
17.499342 150.189682 68.386694 -12.024342 67.605620 -21.708925
17.500315 150.189178 68.384438 -12.030569 67.614245 -21.712409
17.501288 150.188675 68.382182 -12.036799 67.622871 -21.715896
17.502261 150.188172 68.379926 -12.043034 67.631497 -21.719390
17.503235 150.187670 68.377671 -12.049272 67.640123 -21.722887
17.504208 150.187167 68.375415 -12.055516 67.648748 -21.726393
17.505182 150.186664 68.373160 -12.061763 67.657375 -21.729903
17.506155 150.186162 68.370904 -12.068015 67.666001 -21.733418
17.507129 150.185660 68.368650 -12.074271 67.674628 -21.736938
17.508103 150.185157 68.366394 -12.080532 67.683255 -21.740464
17.509077 150.184656 68.364139 -12.086797 67.691883 -21.743997
17.510051 150.184154 68.361885 -12.093065 67.700509 -21.747532
17.511026 150.183652 68.359630 -12.099338 67.709137 -21.751075
17.512000 150.183151 68.357376 -12.105616 67.717764 -21.754623
17.512975 150.182649 68.355122 -12.111897 67.726392 -21.758175
17.513950 150.182149 68.352868 -12.118184 67.735021 -21.761736
17.514925 150.181648 68.350614 -12.124474 67.743649 -21.765300
17.515900 150.181147 68.348360 -12.130769 67.752277 -21.768870
17.516876 150.180646 68.346107 -12.137068 67.760905 -21.772445
17.517851 150.180146 68.343853 -12.143372 67.769535 -21.776027
17.518827 150.179645 68.341600 -12.149680 67.778164 -21.779613
17.519802 150.179145 68.339347 -12.155992 67.786793 -21.783205
17.520777 150.178645 68.337094 -12.162308 67.795422 -21.786803
17.521753 150.178145 68.334841 -12.168628 67.804051 -21.790405
17.522729 150.177645 68.332589 -12.174954 67.812681 -21.794015
17.523705 150.177146 68.330336 -12.181284 67.821312 -21.797629
17.524682 150.176646 68.328083 -12.187619 67.829942 -21.801250
17.525658 150.176146 68.325831 -12.193957 67.838572 -21.804874
17.526635 150.175648 68.323580 -12.200299 67.847202 -21.808506
17.527612 150.175148 68.321327 -12.206647 67.855833 -21.812143
17.528589 150.174650 68.319076 -12.212998 67.864463 -21.815785
17.529565 150.174151 68.316824 -12.219355 67.873094 -21.819433
17.530542 150.173652 68.314572 -12.225715 67.881725 -21.823086
17.531519 150.173153 68.312321 -12.232080 67.890357 -21.826745
17.532497 150.172655 68.310070 -12.238449 67.898989 -21.830409
17.533474 150.172158 68.307819 -12.244824 67.907620 -21.834080
17.534452 150.171660 68.305567 -12.251202 67.916252 -21.837756
17.535430 150.171162 68.303317 -12.257585 67.924884 -21.841439
17.536408 150.170664 68.301066 -12.263972 67.933516 -21.845126
17.537385 150.170167 68.298816 -12.270363 67.942149 -21.848818
17.538363 150.169669 68.296565 -12.276759 67.950781 -21.852516
17.539342 150.169172 68.294315 -12.283161 67.959414 -21.856221
17.540320 150.168675 68.292065 -12.289566 67.968047 -21.859931
17.541299 150.168178 68.289815 -12.295975 67.976680 -21.863646
17.542278 150.167682 68.287566 -12.302390 67.985313 -21.867370
17.543257 150.167185 68.285316 -12.308808 67.993946 -21.871096
17.544235 150.166689 68.283066 -12.315233 68.002580 -21.874830
17.545214 150.166192 68.280817 -12.321660 68.011214 -21.878568
17.546193 150.165696 68.278568 -12.328093 68.019847 -21.882313
17.547173 150.165200 68.276319 -12.334529 68.028482 -21.886061
17.548152 150.164704 68.274070 -12.340970 68.037116 -21.889817
17.549132 150.164209 68.271821 -12.347417 68.045751 -21.893579
17.550111 150.163713 68.269573 -12.353868 68.054385 -21.897347
17.551091 150.163217 68.267324 -12.360322 68.063020 -21.901119
17.552071 150.162722 68.265076 -12.366782 68.071654 -21.904899
17.553052 150.162227 68.262828 -12.373247 68.080290 -21.908684
17.554032 150.161733 68.260580 -12.379715 68.088925 -21.912473
17.555013 150.161238 68.258332 -12.386190 68.097560 -21.916271
17.555992 150.160743 68.256084 -12.392667 68.106195 -21.920071
17.556973 150.160249 68.253837 -12.399150 68.114831 -21.923880
17.557954 150.159754 68.251590 -12.405638 68.123467 -21.927694
17.558935 150.159261 68.249343 -12.412129 68.132103 -21.931513
17.559916 150.158766 68.247096 -12.418626 68.140739 -21.935338
17.560897 150.158273 68.244848 -12.425127 68.149375 -21.939169
17.561878 150.157779 68.242601 -12.431634 68.158012 -21.943005
17.562860 150.157286 68.240355 -12.438145 68.166649 -21.946849
17.563842 150.156793 68.238109 -12.444659 68.175285 -21.950697
17.564823 150.156299 68.235862 -12.451180 68.183923 -21.954552
17.565805 150.155806 68.233616 -12.457704 68.192560 -21.958411
17.566787 150.155313 68.231370 -12.464233 68.201196 -21.962277
17.567769 150.154820 68.229124 -12.470767 68.209834 -21.966150
17.568752 150.154328 68.226879 -12.477307 68.218472 -21.970029
17.569733 150.153835 68.224633 -12.483850 68.227109 -21.973912
17.570716 150.153343 68.222387 -12.490398 68.235747 -21.977802
17.571699 150.152851 68.220142 -12.496951 68.244386 -21.981698
17.572682 150.152360 68.217897 -12.503509 68.253024 -21.985601
17.573664 150.151867 68.215652 -12.510071 68.261662 -21.989507
17.574647 150.151375 68.213406 -12.516638 68.270300 -21.993421
17.575630 150.150885 68.211162 -12.523209 68.278939 -21.997339
17.576614 150.150393 68.208917 -12.529786 68.287578 -22.001265
17.577596 150.149902 68.206673 -12.536368 68.296217 -22.005197
17.578580 150.149410 68.204429 -12.542954 68.304856 -22.009134
17.579564 150.148920 68.202185 -12.549544 68.313495 -22.013077
17.580548 150.148429 68.199941 -12.556140 68.322134 -22.017026
17.581531 150.147939 68.197697 -12.562740 68.330774 -22.020980
17.582516 150.147448 68.195453 -12.569346 68.339413 -22.024942
17.583500 150.146957 68.193210 -12.575956 68.348053 -22.028909
17.584485 150.146467 68.190966 -12.582571 68.356694 -22.032883
17.585468 150.145977 68.188723 -12.589191 68.365333 -22.036862
17.586453 150.145489 68.186479 -12.595816 68.373974 -22.040848
17.587438 150.144999 68.184237 -12.602444 68.382614 -22.044837
17.588422 150.144509 68.181994 -12.609079 68.391254 -22.048836
17.589407 150.144019 68.179752 -12.615719 68.399896 -22.052840
17.590393 150.143531 68.177509 -12.622362 68.408536 -22.056848
17.591378 150.143041 68.175267 -12.629011 68.417177 -22.060863
17.592363 150.142553 68.173025 -12.635665 68.425818 -22.064885
17.593349 150.142064 68.170782 -12.642323 68.434459 -22.068912
17.594334 150.141576 68.168541 -12.648987 68.443100 -22.072946
17.595320 150.141087 68.166299 -12.655655 68.451742 -22.076986
17.596306 150.140599 68.164057 -12.662329 68.460384 -22.081031
17.597292 150.140111 68.161816 -12.669008 68.469026 -22.085083
17.598277 150.139623 68.159574 -12.675690 68.477667 -22.089140
17.599264 150.139135 68.157333 -12.682378 68.486310 -22.093205
17.600251 150.138648 68.155092 -12.689071 68.494952 -22.097276
17.601236 150.138160 68.152851 -12.695769 68.503594 -22.101351
17.602223 150.137673 68.150610 -12.702472 68.512236 -22.105434
17.603210 150.137185 68.148370 -12.709179 68.520879 -22.109522
17.604197 150.136698 68.146129 -12.715892 68.529521 -22.113617
17.605184 150.136212 68.143889 -12.722611 68.538165 -22.117719
17.606172 150.135725 68.141649 -12.729333 68.546808 -22.121826
17.607158 150.135239 68.139409 -12.736061 68.555451 -22.125939
17.608146 150.134752 68.137169 -12.742794 68.564094 -22.130058
17.609134 150.134267 68.134929 -12.749532 68.572738 -22.134185
17.610121 150.133780 68.132690 -12.756274 68.581381 -22.138316
17.611109 150.133294 68.130451 -12.763022 68.590024 -22.142455
17.612097 150.132809 68.128211 -12.769774 68.598668 -22.146598
17.613085 150.132324 68.125972 -12.776533 68.607312 -22.150749
17.614073 150.131838 68.123733 -12.783296 68.615956 -22.154905
17.615062 150.131352 68.121494 -12.790063 68.624600 -22.159068
17.616050 150.130867 68.119256 -12.796836 68.633245 -22.163237
17.617039 150.130383 68.117017 -12.803615 68.641889 -22.167414
17.618028 150.129898 68.114779 -12.810397 68.650533 -22.171594
17.619016 150.129413 68.112540 -12.817186 68.659178 -22.175784
17.620005 150.128929 68.110302 -12.823979 68.667822 -22.179977
17.620994 150.128445 68.108064 -12.830778 68.676468 -22.184178
17.621983 150.127960 68.105826 -12.837582 68.685113 -22.188386
17.622973 150.127476 68.103589 -12.844390 68.693757 -22.192598
17.623962 150.126993 68.101352 -12.851204 68.702403 -22.196818
17.624952 150.126509 68.099114 -12.858022 68.711048 -22.201043
17.625941 150.126025 68.096877 -12.864847 68.719694 -22.205275
17.626931 150.125542 68.094639 -12.871675 68.728339 -22.209513
17.627921 150.125059 68.092404 -12.878510 68.736985 -22.213758
17.628911 150.124576 68.090166 -12.885349 68.745630 -22.218009
17.629902 150.124092 68.087930 -12.892194 68.754276 -22.222267
17.630891 150.123610 68.085693 -12.899044 68.762923 -22.226532
17.631882 150.123127 68.083457 -12.905899 68.771568 -22.230802
17.632873 150.122646 68.081220 -12.912760 68.780215 -22.235079
17.633863 150.122163 68.078985 -12.919624 68.788861 -22.239360
17.634855 150.121681 68.076749 -12.926494 68.797508 -22.243649
17.635845 150.121199 68.074513 -12.933370 68.806154 -22.247945
17.636837 150.120718 68.072277 -12.940251 68.814801 -22.252247
17.637828 150.120236 68.070042 -12.947138 68.823448 -22.256556
17.638819 150.119754 68.067807 -12.954030 68.832095 -22.260872
17.639811 150.119273 68.065571 -12.960926 68.840742 -22.265193
17.640802 150.118792 68.063337 -12.967827 68.849388 -22.269520
17.641794 150.118310 68.061102 -12.974735 68.858036 -22.273854
17.642786 150.117830 68.058867 -12.981648 68.866684 -22.278197
17.643778 150.117349 68.056632 -12.988565 68.875331 -22.282543
17.644770 150.116869 68.054398 -12.995489 68.883979 -22.286898
17.645763 150.116389 68.052164 -13.002417 68.892626 -22.291257
17.646755 150.115909 68.049929 -13.009350 68.901274 -22.295624
17.647747 150.115428 68.047695 -13.016289 68.909922 -22.299996
17.648741 150.114948 68.045462 -13.023234 68.918570 -22.304377
17.649733 150.114469 68.043228 -13.030183 68.927218 -22.308762
17.650726 150.113989 68.040995 -13.037139 68.935866 -22.313157
17.651719 150.113510 68.038761 -13.044099 68.944514 -22.317555
17.652712 150.113031 68.036528 -13.051065 68.953163 -22.321962
17.653705 150.112552 68.034295 -13.058035 68.961811 -22.326372
17.654699 150.112073 68.032062 -13.065012 68.970460 -22.330792
17.655692 150.111594 68.029829 -13.071993 68.979108 -22.335218
17.656686 150.111115 68.027597 -13.078981 68.987758 -22.339650
17.657679 150.110637 68.025365 -13.085973 68.996406 -22.344088
17.658674 150.110159 68.023132 -13.092971 69.005055 -22.348532
17.659667 150.109681 68.020899 -13.099974 69.013704 -22.352985
17.660662 150.109203 68.018668 -13.106983 69.022353 -22.357443
17.661656 150.108725 68.016436 -13.113997 69.031003 -22.361909
17.662651 150.108248 68.014204 -13.121018 69.039652 -22.366382
17.663645 150.107770 68.011972 -13.128043 69.048302 -22.370860
17.664640 150.107293 68.009741 -13.135073 69.056951 -22.375345
17.665634 150.106815 68.007510 -13.142109 69.065601 -22.379835
17.666630 150.106338 68.005278 -13.149150 69.074250 -22.384333
17.667625 150.105862 68.003047 -13.156198 69.082901 -22.388840
17.668620 150.105385 68.000816 -13.163249 69.091550 -22.393349
17.669615 150.104909 67.998586 -13.170307 69.100200 -22.397868
17.670611 150.104432 67.996355 -13.177371 69.108851 -22.402395
17.671606 150.103956 67.994124 -13.184441 69.117501 -22.406927
17.672602 150.103480 67.991895 -13.191515 69.126151 -22.411465
17.673598 150.103003 67.989664 -13.198594 69.134801 -22.416008
17.674594 150.102528 67.987434 -13.205679 69.143451 -22.420560
17.675590 150.102053 67.985204 -13.212772 69.152102 -22.425120
17.676587 150.101577 67.982974 -13.219867 69.160753 -22.429684
17.677582 150.101102 67.980745 -13.226969 69.169403 -22.434256
17.678580 150.100627 67.978515 -13.234078 69.178054 -22.438836
17.679576 150.100152 67.976286 -13.241191 69.186705 -22.443422
17.680572 150.099677 67.974057 -13.248310 69.195356 -22.448014
17.681569 150.099203 67.971828 -13.255433 69.204007 -22.452612
17.682566 150.098728 67.969599 -13.262564 69.212658 -22.457219
17.683564 150.098254 67.967371 -13.269700 69.221310 -22.461832
17.684560 150.097780 67.965142 -13.276841 69.229960 -22.466452
17.685558 150.097306 67.962913 -13.283987 69.238612 -22.471076
17.686555 150.096832 67.960686 -13.291141 69.247264 -22.475710
17.687553 150.096359 67.958457 -13.298299 69.255915 -22.480351
17.688551 150.095886 67.956229 -13.305463 69.264567 -22.484997
17.689548 150.095412 67.954002 -13.312633 69.273218 -22.489651
17.690547 150.094939 67.951774 -13.319807 69.281870 -22.494311
17.691544 150.094466 67.949547 -13.326990 69.290522 -22.498981
17.692543 150.093993 67.947319 -13.334175 69.299173 -22.503653
17.693541 150.093520 67.945092 -13.341367 69.307825 -22.508334
17.694539 150.093047 67.942865 -13.348566 69.316478 -22.513023
17.695538 150.092576 67.940638 -13.355769 69.325129 -22.517718
17.696537 150.092103 67.938412 -13.362978 69.333781 -22.522418
17.697536 150.091631 67.936184 -13.370194 69.342434 -22.527129
17.698535 150.091160 67.933958 -13.377415 69.351086 -22.531845
17.699533 150.090688 67.931732 -13.384642 69.359739 -22.536568
17.700533 150.090217 67.929506 -13.391875 69.368391 -22.541298
17.701532 150.089745 67.927279 -13.399112 69.377044 -22.546033
17.702532 150.089274 67.925054 -13.406356 69.385696 -22.550777
17.703532 150.088803 67.922828 -13.413607 69.394349 -22.555529
17.704531 150.088332 67.920603 -13.420862 69.403002 -22.560286
17.705531 150.087861 67.918377 -13.428122 69.411654 -22.565049
17.706531 150.087390 67.916152 -13.435390 69.420307 -22.569821
17.707532 150.086920 67.913926 -13.442663 69.428960 -22.574601
17.708532 150.086450 67.911701 -13.449942 69.437613 -22.579385
17.709532 150.085980 67.909476 -13.457227 69.446266 -22.584177
17.710533 150.085511 67.907252 -13.464517 69.454919 -22.588977
17.711533 150.085041 67.905027 -13.471814 69.463572 -22.593786
17.712533 150.084571 67.902802 -13.479116 69.472226 -22.598599
17.713535 150.084102 67.900579 -13.486424 69.480878 -22.603420
17.714535 150.083632 67.898354 -13.493738 69.489532 -22.608247
17.715536 150.083164 67.896130 -13.501058 69.498185 -22.613083
17.716538 150.082694 67.893906 -13.508384 69.506839 -22.617925
17.717539 150.082226 67.891683 -13.515716 69.515493 -22.622774
17.718540 150.081757 67.889460 -13.523053 69.524146 -22.627630
17.719542 150.081288 67.887236 -13.530397 69.532799 -22.632494
17.720544 150.080820 67.885012 -13.537746 69.541453 -22.637364
17.721545 150.080352 67.882790 -13.545103 69.550107 -22.642242
17.722548 150.079884 67.880567 -13.552464 69.558761 -22.647126
17.723550 150.079416 67.878344 -13.559831 69.567415 -22.652018
17.724552 150.078948 67.876121 -13.567204 69.576068 -22.656916
17.725555 150.078482 67.873898 -13.574584 69.584722 -22.661825
17.726557 150.078014 67.871677 -13.581969 69.593376 -22.666738
17.727559 150.077547 67.869454 -13.589360 69.602030 -22.671658
17.728563 150.077080 67.867232 -13.596758 69.610684 -22.676587
17.729565 150.076613 67.865010 -13.604162 69.619338 -22.681523
17.730568 150.076147 67.862788 -13.611572 69.627993 -22.686465
17.731572 150.075680 67.860567 -13.618987 69.636647 -22.691415
17.732574 150.075214 67.858345 -13.626408 69.645301 -22.696371
17.733578 150.074748 67.856124 -13.633836 69.653955 -22.701334
17.734582 150.074281 67.853902 -13.641270 69.662609 -22.706307
17.735585 150.073816 67.851681 -13.648708 69.671263 -22.711283
17.736588 150.073350 67.849460 -13.656155 69.679918 -22.716270
17.737592 150.072885 67.847240 -13.663607 69.688572 -22.721264
17.738597 150.072419 67.845019 -13.671065 69.697227 -22.726264
17.739600 150.071954 67.842798 -13.678529 69.705882 -22.731272
17.740604 150.071490 67.840578 -13.686000 69.714536 -22.736288
17.741609 150.071025 67.838358 -13.693476 69.723191 -22.741310
17.742614 150.070560 67.836138 -13.700959 69.731845 -22.746341
17.743618 150.070096 67.833918 -13.708446 69.740500 -22.751375
17.744622 150.069631 67.831698 -13.715942 69.749155 -22.756421
17.745628 150.069167 67.829478 -13.723443 69.757809 -22.761472
17.746633 150.068703 67.827260 -13.730951 69.766465 -22.766533
17.747637 150.068239 67.825040 -13.738465 69.775120 -22.771600
17.748642 150.067776 67.822821 -13.745984 69.783774 -22.776672
17.749648 150.067312 67.820601 -13.753509 69.792429 -22.781754
17.750654 150.066848 67.818383 -13.761042 69.801083 -22.786843
17.751659 150.066385 67.816164 -13.768581 69.809739 -22.791940
17.752664 150.065922 67.813945 -13.776125 69.818393 -22.797044
17.753671 150.065460 67.811727 -13.783676 69.827049 -22.802155
17.754677 150.064997 67.809509 -13.791234 69.835704 -22.807275
17.755682 150.064534 67.807290 -13.798797 69.844359 -22.812399
17.756688 150.064072 67.805072 -13.806366 69.853014 -22.817534
17.757695 150.063610 67.802855 -13.813942 69.861669 -22.822674
17.758702 150.063148 67.800637 -13.821525 69.870324 -22.827823
17.759708 150.062685 67.798419 -13.829113 69.878979 -22.832978
17.760714 150.062224 67.796202 -13.836708 69.887635 -22.838142
17.761722 150.061763 67.793985 -13.844309 69.896290 -22.843313
17.762729 150.061301 67.791768 -13.851916 69.904945 -22.848491
17.763736 150.060840 67.789551 -13.859531 69.913600 -22.853679
17.764742 150.060379 67.787334 -13.867150 69.922256 -22.858870
17.765749 150.059918 67.785117 -13.874776 69.930911 -22.864071
17.766758 150.059458 67.782901 -13.882411 69.939566 -22.869281
17.767765 150.058997 67.780684 -13.890049 69.948221 -22.874497
17.768773 150.058536 67.778468 -13.897695 69.956877 -22.879720
17.769780 150.058076 67.776252 -13.905348 69.965533 -22.884953
17.770788 150.057616 67.774036 -13.913007 69.974188 -22.890192
17.771797 150.057157 67.771820 -13.920672 69.982844 -22.895440
17.772805 150.056696 67.769604 -13.928343 69.991498 -22.900693
17.773813 150.056237 67.767389 -13.936021 70.000155 -22.905956
17.774821 150.055778 67.765173 -13.943705 70.008810 -22.911224
17.775829 150.055319 67.762958 -13.951396 70.017465 -22.916502
17.776839 150.054859 67.760743 -13.959094 70.026121 -22.921789
17.777847 150.054401 67.758528 -13.966799 70.034777 -22.927082
17.778856 150.053942 67.756314 -13.974509 70.043432 -22.932382
17.779865 150.053484 67.754099 -13.982225 70.052087 -22.937689
17.780874 150.053025 67.751884 -13.989948 70.060743 -22.943005
17.781883 150.052567 67.749670 -13.997678 70.069398 -22.948327
17.782893 150.052109 67.747456 -14.005415 70.078054 -22.953660
17.783902 150.051651 67.745242 -14.013158 70.086710 -22.958999
17.784912 150.051193 67.743027 -14.020908 70.095365 -22.964346
17.785921 150.050735 67.740814 -14.028663 70.104020 -22.969700
17.786931 150.050278 67.738600 -14.036426 70.112676 -22.975062
17.787941 150.049821 67.736387 -14.044195 70.121332 -22.980431
17.788951 150.049364 67.734174 -14.051971 70.129987 -22.985810
17.789962 150.048907 67.731960 -14.059755 70.138643 -22.991197
17.790972 150.048451 67.729748 -14.067544 70.147299 -22.996591
17.791982 150.047994 67.727534 -14.075340 70.155954 -23.001992
17.792993 150.047537 67.725322 -14.083142 70.164610 -23.007400
17.794003 150.047081 67.723109 -14.090950 70.173265 -23.012816
17.795014 150.046625 67.720897 -14.098767 70.181921 -23.018242
17.796025 150.046169 67.718685 -14.106588 70.190576 -23.023673
17.797036 150.045713 67.716473 -14.114418 70.199232 -23.029114
17.798048 150.045258 67.714260 -14.122254 70.207888 -23.034564
17.799059 150.044802 67.712048 -14.130096 70.216543 -23.040019
17.800070 150.044348 67.709837 -14.137945 70.225199 -23.045484
17.801082 150.043892 67.707625 -14.145802 70.233854 -23.050956
17.802093 150.043437 67.705413 -14.153663 70.242510 -23.056436
17.803105 150.042983 67.703202 -14.161533 70.251165 -23.061924
17.804117 150.042528 67.700991 -14.169410 70.259821 -23.067421
17.805129 150.042074 67.698780 -14.177292 70.268476 -23.072923
17.806141 150.041619 67.696569 -14.185182 70.277132 -23.078435
17.807154 150.041165 67.694359 -14.193079 70.285787 -23.083956
17.808166 150.040712 67.692148 -14.200982 70.294443 -23.089483
17.809179 150.040258 67.689938 -14.208893 70.303099 -23.095020
17.810191 150.039805 67.687727 -14.216810 70.311754 -23.100564
17.811204 150.039351 67.685517 -14.224733 70.320409 -23.106116
17.812217 150.038898 67.683307 -14.232663 70.329064 -23.111675
17.813230 150.038445 67.681097 -14.240601 70.337721 -23.117243
17.814243 150.037992 67.678887 -14.248545 70.346375 -23.122819
17.815256 150.037540 67.676678 -14.256497 70.355031 -23.128404
17.816269 150.037087 67.674468 -14.264456 70.363686 -23.133998
17.817283 150.036634 67.672259 -14.272420 70.372341 -23.139597
17.818296 150.036182 67.670050 -14.280392 70.380996 -23.145205
17.819310 150.035730 67.667842 -14.288371 70.389652 -23.150821
17.820325 150.035278 67.665632 -14.296358 70.398308 -23.156447
17.821339 150.034827 67.663424 -14.304350 70.406963 -23.162079
17.822353 150.034375 67.661215 -14.312349 70.415618 -23.167719
17.823367 150.033923 67.659007 -14.320356 70.424273 -23.173369
17.824381 150.033472 67.656798 -14.328369 70.432928 -23.179025
17.825395 150.033021 67.654591 -14.336390 70.441584 -23.184690
17.826410 150.032570 67.652382 -14.344418 70.450239 -23.190365
17.827425 150.032120 67.650175 -14.352453 70.458894 -23.196047
17.828439 150.031670 67.647967 -14.360494 70.467549 -23.201737
17.829454 150.031219 67.645760 -14.368542 70.476204 -23.207434
17.830469 150.030769 67.643552 -14.376599 70.484859 -23.213142
17.831484 150.030319 67.641346 -14.384662 70.493514 -23.218857
17.832500 150.029869 67.639138 -14.392731 70.502169 -23.224578
17.833515 150.029420 67.636931 -14.400808 70.510824 -23.230311
17.834531 150.028970 67.634724 -14.408892 70.519479 -23.236050
17.835546 150.028521 67.632518 -14.416983 70.528134 -23.241798
