-15.434111 151.367557 -81.637928 -164.813826 38.118543 -172.048758
-15.432398 151.367982 -81.630136 -164.814324 38.113874 -172.049594
-15.430687 151.368407 -81.622345 -164.814825 38.109201 -172.050432
-15.428974 151.368832 -81.614555 -164.815327 38.104527 -172.051269
-15.427261 151.369257 -81.606766 -164.815829 38.099852 -172.052106
-15.425548 151.369682 -81.598978 -164.816334 38.095175 -172.052944
-15.423835 151.370108 -81.591192 -164.816840 38.090497 -172.053782
-15.422121 151.370534 -81.583406 -164.817348 38.085817 -172.054621
-15.420408 151.370959 -81.575622 -164.817857 38.081136 -172.055459
-15.418693 151.371385 -81.567839 -164.818368 38.076452 -172.056299
-15.416979 151.371810 -81.560057 -164.818880 38.071767 -172.057138
-15.415265 151.372237 -81.552275 -164.819394 38.067082 -172.057979
-15.413549 151.372662 -81.544496 -164.819910 38.062393 -172.058818
-15.411834 151.373088 -81.536716 -164.820426 38.057704 -172.059658
-15.410119 151.373515 -81.528939 -164.820945 38.053013 -172.060500
-15.408403 151.373941 -81.521162 -164.821466 38.048320 -172.061341
-15.406687 151.374367 -81.513388 -164.821987 38.043626 -172.062182
-15.404971 151.374794 -81.505613 -164.822510 38.038930 -172.063025
-15.403255 151.375221 -81.497841 -164.823036 38.034232 -172.063868
-15.401538 151.375647 -81.490068 -164.823562 38.029533 -172.064710
-15.399820 151.376074 -81.482297 -164.824090 38.024833 -172.065553
-15.398104 151.376501 -81.474527 -164.824619 38.020131 -172.066396
-15.396386 151.376929 -81.466759 -164.825150 38.015427 -172.067239
-15.394668 151.377356 -81.458991 -164.825683 38.010722 -172.068083
-15.392950 151.377784 -81.451225 -164.826217 38.006015 -172.068927
-15.391233 151.378211 -81.443460 -164.826752 38.001306 -172.069771
-15.389514 151.378639 -81.435696 -164.827290 37.996596 -172.070616
-15.387795 151.379066 -81.427933 -164.827829 37.991884 -172.071461
-15.386077 151.379494 -81.420172 -164.828370 37.987171 -172.072307
-15.384358 151.379922 -81.412410 -164.828911 37.982456 -172.073153
-15.382638 151.380349 -81.404651 -164.829455 37.977739 -172.073999
-15.380919 151.380778 -81.396893 -164.830000 37.973021 -172.074845
-15.379199 151.381206 -81.389135 -164.830547 37.968300 -172.075693
-15.377479 151.381635 -81.381380 -164.831095 37.963579 -172.076540
-15.375759 151.382063 -81.373624 -164.831645 37.958857 -172.077387
-15.374039 151.382491 -81.365870 -164.832195 37.954132 -172.078234
-15.372318 151.382920 -81.358118 -164.832748 37.949405 -172.079082
-15.370597 151.383349 -81.350366 -164.833303 37.944677 -172.079930
-15.368876 151.383778 -81.342616 -164.833859 37.939947 -172.080780
-15.367155 151.384207 -81.334867 -164.834416 37.935217 -172.081628
-15.365434 151.384637 -81.327119 -164.834975 37.930484 -172.082478
-15.363711 151.385065 -81.319372 -164.835536 37.925750 -172.083328
-15.361990 151.385495 -81.311626 -164.836098 37.921014 -172.084178
-15.360268 151.385924 -81.303881 -164.836662 37.916276 -172.085028
-15.358546 151.386353 -81.296137 -164.837227 37.911537 -172.085879
-15.356823 151.386784 -81.288395 -164.837795 37.906796 -172.086729
-15.355100 151.387213 -81.280654 -164.838363 37.902053 -172.087581
-15.353378 151.387644 -81.272914 -164.838933 37.897309 -172.088433
-15.351654 151.388073 -81.265175 -164.839504 37.892564 -172.089284
-15.349931 151.388503 -81.257437 -164.840078 37.887817 -172.090138
-15.348207 151.388934 -81.249700 -164.840653 37.883067 -172.090990
-15.346484 151.389364 -81.241965 -164.841229 37.878317 -172.091843
-15.344760 151.389795 -81.234231 -164.841806 37.873565 -172.092696
-15.343036 151.390225 -81.226497 -164.842387 37.868811 -172.093550
-15.341312 151.390656 -81.218765 -164.842968 37.864055 -172.094404
-15.339587 151.391087 -81.211035 -164.843550 37.859298 -172.095259
-15.337863 151.391517 -81.203304 -164.844134 37.854540 -172.096113
-15.336139 151.391949 -81.195576 -164.844719 37.849780 -172.096967
-15.334413 151.392380 -81.187848 -164.845307 37.845017 -172.097823
-15.332688 151.392812 -81.180122 -164.845896 37.840253 -172.098678
-15.330962 151.393243 -81.172397 -164.846486 37.835488 -172.099534
-15.329238 151.393674 -81.164672 -164.847078 37.830722 -172.100391
-15.327512 151.394106 -81.156950 -164.847672 37.825953 -172.101247
-15.325787 151.394538 -81.149228 -164.848267 37.821183 -172.102104
-15.324060 151.394970 -81.141508 -164.848864 37.816410 -172.102962
-15.322334 151.395402 -81.133788 -164.849462 37.811637 -172.103819
-15.320608 151.395834 -81.126071 -164.850062 37.806862 -172.104677
-15.318881 151.396266 -81.118353 -164.850664 37.802085 -172.105536
-15.317155 151.396698 -81.110637 -164.851267 37.797307 -172.106394
-15.315428 151.397131 -81.102922 -164.851872 37.792527 -172.107253
-15.313700 151.397563 -81.095209 -164.852477 37.787745 -172.108112
-15.311974 151.397996 -81.087496 -164.853085 37.782962 -172.108971
-15.310247 151.398429 -81.079785 -164.853695 37.778177 -172.109831
-15.308519 151.398862 -81.072075 -164.854306 37.773390 -172.110692
-15.306792 151.399295 -81.064366 -164.854918 37.768602 -172.111552
-15.305064 151.399728 -81.056658 -164.855532 37.763812 -172.112413
-15.303336 151.400160 -81.048952 -164.856148 37.759021 -172.113275
-15.301608 151.400594 -81.041247 -164.856765 37.754227 -172.114135
-15.299880 151.401027 -81.033542 -164.857384 37.749432 -172.114998
-15.298152 151.401462 -81.025839 -164.858004 37.744636 -172.115860
-15.296424 151.401895 -81.018137 -164.858626 37.739838 -172.116723
-15.294695 151.402329 -81.010436 -164.859250 37.735038 -172.117586
-15.292966 151.402763 -81.002737 -164.859875 37.730236 -172.118449
-15.291237 151.403197 -80.995038 -164.860502 37.725433 -172.119313
-15.289508 151.403631 -80.987341 -164.861130 37.720628 -172.120175
-15.287779 151.404065 -80.979645 -164.861759 37.715821 -172.121040
-15.286050 151.404500 -80.971949 -164.862391 37.711013 -172.121904
-15.284321 151.404935 -80.964256 -164.863023 37.706203 -172.122768
-15.282592 151.405369 -80.956564 -164.863659 37.701392 -172.123635
-15.280862 151.405804 -80.948872 -164.864294 37.696579 -172.124499
-15.279132 151.406239 -80.941182 -164.864933 37.691764 -172.125365
-15.277402 151.406674 -80.933493 -164.865572 37.686947 -172.126232
-15.275672 151.407109 -80.925805 -164.866213 37.682128 -172.127097
-15.273943 151.407544 -80.918118 -164.866856 37.677309 -172.127965
-15.272212 151.407980 -80.910433 -164.867499 37.672488 -172.128832
-15.270482 151.408415 -80.902748 -164.868145 37.667664 -172.129699
-15.268752 151.408850 -80.895065 -164.868793 37.662839 -172.130567
-15.267021 151.409286 -80.887383 -164.869441 37.658013 -172.131435
-15.265291 151.409722 -80.879703 -164.870092 37.653184 -172.132303
-15.263560 151.410158 -80.872023 -164.870743 37.648354 -172.133172
-15.261829 151.410594 -80.864344 -164.871398 37.643523 -172.134041
-15.260098 151.411030 -80.856667 -164.872053 37.638689 -172.134911
-15.258367 151.411467 -80.848991 -164.872709 37.633855 -172.135779
-15.256636 151.411902 -80.841315 -164.873367 37.629018 -172.136650
-15.254904 151.412339 -80.833642 -164.874027 37.624179 -172.137519
-15.253174 151.412776 -80.825969 -164.874690 37.619340 -172.138391
-15.251443 151.413213 -80.818298 -164.875352 37.614498 -172.139262
-15.249711 151.413650 -80.810628 -164.876017 37.609655 -172.140133
-15.247979 151.414087 -80.802959 -164.876683 37.604809 -172.141005
-15.246247 151.414524 -80.795291 -164.877351 37.599962 -172.141877
-15.244516 151.414961 -80.787624 -164.878020 37.595115 -172.142748
-15.242784 151.415398 -80.779959 -164.878692 37.590264 -172.143622
-15.241052 151.415836 -80.772295 -164.879365 37.585413 -172.144494
-15.239321 151.416273 -80.764631 -164.880039 37.580559 -172.145368
-15.237588 151.416711 -80.756969 -164.880715 37.575704 -172.146242
-15.235856 151.417149 -80.749309 -164.881392 37.570847 -172.147115
-15.234123 151.417587 -80.741650 -164.882071 37.565988 -172.147989
-15.232391 151.418025 -80.733991 -164.882751 37.561127 -172.148864
-15.230659 151.418463 -80.726334 -164.883433 37.556266 -172.149739
-15.228926 151.418901 -80.718678 -164.884117 37.551402 -172.150613
-15.227194 151.419340 -80.711024 -164.884802 37.546536 -172.151489
-15.225462 151.419779 -80.703370 -164.885491 37.541669 -172.152366
-15.223729 151.420218 -80.695717 -164.886179 37.536801 -172.153241
-15.221996 151.420656 -80.688066 -164.886869 37.531930 -172.154118
-15.220263 151.421095 -80.680416 -164.887561 37.527058 -172.154995
-15.218530 151.421534 -80.672767 -164.888254 37.522184 -172.155872
-15.216798 151.421974 -80.665119 -164.888949 37.517308 -172.156750
-15.215065 151.422412 -80.657474 -164.889646 37.512431 -172.157627
-15.213332 151.422851 -80.649828 -164.890344 37.507552 -172.158505
-15.211599 151.423291 -80.642184 -164.891043 37.502671 -172.159384
-15.209866 151.423731 -80.634541 -164.891745 37.497789 -172.160263
-15.208133 151.424171 -80.626899 -164.892448 37.492905 -172.161141
-15.206399 151.424610 -80.619259 -164.893152 37.488018 -172.162021
-15.204666 151.425050 -80.611620 -164.893858 37.483131 -172.162900
-15.202933 151.425491 -80.603982 -164.894566 37.478242 -172.163781
-15.201200 151.425931 -80.596345 -164.895275 37.473350 -172.164661
-15.199466 151.426371 -80.588710 -164.895986 37.468458 -172.165542
-15.197733 151.426812 -80.581075 -164.896700 37.463563 -172.166423
-15.196000 151.427252 -80.573442 -164.897414 37.458668 -172.167305
-15.194266 151.427693 -80.565810 -164.898130 37.453769 -172.168186
-15.192532 151.428134 -80.558180 -164.898847 37.448870 -172.169068
-15.190799 151.428575 -80.550550 -164.899566 37.443969 -172.169951
-15.189065 151.429016 -80.542921 -164.900286 37.439066 -172.170834
-15.187332 151.429457 -80.535294 -164.901008 37.434161 -172.171716
-15.185598 151.429899 -80.527668 -164.901732 37.429254 -172.172599
-15.183865 151.430340 -80.520043 -164.902457 37.424346 -172.173483
-15.182131 151.430782 -80.512420 -164.903184 37.419436 -172.174367
-15.180398 151.431223 -80.504797 -164.903912 37.414524 -172.175251
-15.178664 151.431665 -80.497176 -164.904642 37.409610 -172.176136
-15.176930 151.432107 -80.489556 -164.905375 37.404696 -172.177022
-15.175196 151.432549 -80.481938 -164.906108 37.399779 -172.177906
-15.173463 151.432992 -80.474320 -164.906843 37.394860 -172.178791
-15.171729 151.433434 -80.466704 -164.907579 37.389940 -172.179677
-15.169996 151.433876 -80.459088 -164.908318 37.385018 -172.180563
-15.168261 151.434319 -80.451475 -164.909057 37.380094 -172.181450
-15.166528 151.434761 -80.443862 -164.909798 37.375168 -172.182337
-15.164794 151.435204 -80.436250 -164.910542 37.370241 -172.183225
-15.163060 151.435647 -80.428640 -164.911287 37.365312 -172.184112
-15.161326 151.436090 -80.421032 -164.912033 37.360381 -172.185000
-15.159592 151.436533 -80.413423 -164.912780 37.355449 -172.185887
-15.157858 151.436977 -80.405816 -164.913529 37.350515 -172.186776
-15.156125 151.437419 -80.398212 -164.914282 37.345578 -172.187665
-15.154391 151.437863 -80.390607 -164.915034 37.340640 -172.188554
-15.152657 151.438307 -80.383005 -164.915788 37.335701 -172.189444
-15.150924 151.438751 -80.375403 -164.916543 37.330760 -172.190333
-15.149190 151.439195 -80.367802 -164.917302 37.325817 -172.191224
-15.147456 151.439638 -80.360203 -164.918061 37.320872 -172.192114
-15.145722 151.440083 -80.352605 -164.918821 37.315925 -172.193004
-15.143989 151.440527 -80.345008 -164.919584 37.310977 -172.193896
-15.142255 151.440971 -80.337412 -164.920348 37.306027 -172.194787
-15.140521 151.441416 -80.329818 -164.921113 37.301075 -172.195679
-15.138788 151.441860 -80.322225 -164.921881 37.296123 -172.196571
-15.137054 151.442306 -80.314633 -164.922649 37.291167 -172.197464
-15.135321 151.442750 -80.307042 -164.923420 37.286210 -172.198356
-15.133587 151.443196 -80.299453 -164.924192 37.281251 -172.199249
-15.131854 151.443640 -80.291865 -164.924964 37.276291 -172.200142
-15.130121 151.444085 -80.284277 -164.925740 37.271329 -172.201036
-15.128387 151.444531 -80.276692 -164.926517 37.266364 -172.201930
-15.126653 151.444977 -80.269108 -164.927296 37.261398 -172.202825
-15.124920 151.445422 -80.261523 -164.928075 37.256431 -172.203719
-15.123187 151.445868 -80.253942 -164.928858 37.251461 -172.204614
-15.121453 151.446314 -80.246361 -164.929640 37.246491 -172.205508
-15.119720 151.446760 -80.238781 -164.930426 37.241518 -172.206405
-15.117987 151.447206 -80.231202 -164.931212 37.236542 -172.207300
-15.116254 151.447652 -80.223625 -164.932000 37.231567 -172.208197
-15.114521 151.448098 -80.216049 -164.932790 37.226588 -172.209094
-15.112788 151.448546 -80.208475 -164.933581 37.221609 -172.209989
-15.111054 151.448992 -80.200901 -164.934374 37.216627 -172.210887
-15.109322 151.449439 -80.193329 -164.935169 37.211644 -172.211785
-15.107589 151.449886 -80.185758 -164.935965 37.206658 -172.212683
-15.105856 151.450333 -80.178188 -164.936763 37.201671 -172.213580
-15.104123 151.450779 -80.170620 -164.937563 37.196682 -172.214479
-15.102391 151.451227 -80.163052 -164.938364 37.191692 -172.215378
-15.100658 151.451674 -80.155486 -164.939166 37.186699 -172.216277
-15.098925 151.452122 -80.147921 -164.939970 37.181705 -172.217176
-15.097193 151.452570 -80.140358 -164.940776 37.176709 -172.218076
-15.095461 151.453018 -80.132795 -164.941584 37.171712 -172.218977
-15.093728 151.453465 -80.125235 -164.942393 37.166713 -172.219877
-15.091996 151.453913 -80.117675 -164.943204 37.161711 -172.220777
-15.090263 151.454362 -80.110116 -164.944017 37.156708 -172.221679
-15.088531 151.454810 -80.102558 -164.944831 37.151703 -172.222580
-15.086799 151.455258 -80.095002 -164.945646 37.146697 -172.223481
-15.085067 151.455706 -80.087447 -164.946464 37.141688 -172.224384
-15.083335 151.456155 -80.079894 -164.947282 37.136678 -172.225286
-15.081603 151.456605 -80.072341 -164.948103 37.131666 -172.226188
-15.079871 151.457053 -80.064789 -164.948925 37.126653 -172.227091
-15.078140 151.457503 -80.057240 -164.949749 37.121636 -172.227995
-15.076408 151.457951 -80.049692 -164.950574 37.116620 -172.228898
-15.074676 151.458400 -80.042144 -164.951402 37.111600 -172.229803
-15.072945 151.458850 -80.034598 -164.952230 37.106580 -172.230706
-15.071213 151.459300 -80.027052 -164.953060 37.101557 -172.231611
-15.069483 151.459749 -80.019509 -164.953892 37.096532 -172.232516
-15.067751 151.460200 -80.011967 -164.954726 37.091506 -172.233421
-15.066020 151.460649 -80.004426 -164.955561 37.086477 -172.234327
-15.064289 151.461099 -79.996886 -164.956398 37.081448 -172.235233
-15.062558 151.461549 -79.989346 -164.957236 37.076416 -172.236139
-15.060827 151.461999 -79.981809 -164.958076 37.071382 -172.237045
-15.059097 151.462451 -79.974273 -164.958918 37.066348 -172.237952
-15.057367 151.462901 -79.966738 -164.959760 37.061310 -172.238859
-15.055636 151.463352 -79.959204 -164.960606 37.056271 -172.239767
-15.053906 151.463803 -79.951672 -164.961453 37.051230 -172.240674
-15.052175 151.464254 -79.944141 -164.962300 37.046188 -172.241582
-15.050445 151.464705 -79.936611 -164.963151 37.041144 -172.242491
-15.048715 151.465156 -79.929082 -164.964002 37.036098 -172.243400
-15.046985 151.465608 -79.921554 -164.964855 37.031049 -172.244308
-15.045256 151.466058 -79.914028 -164.965710 37.026000 -172.245218
-15.043526 151.466510 -79.906504 -164.966566 37.020948 -172.246128
-15.041797 151.466962 -79.898980 -164.967424 37.015894 -172.247038
-15.040067 151.467414 -79.891458 -164.968284 37.010839 -172.247949
-15.038338 151.467865 -79.883936 -164.969145 37.005782 -172.248859
-15.036609 151.468318 -79.876417 -164.970008 37.000724 -172.249770
-15.034879 151.468770 -79.868898 -164.970873 36.995663 -172.250682
-15.033150 151.469223 -79.861381 -164.971739 36.990601 -172.251593
-15.031422 151.469675 -79.853865 -164.972606 36.985537 -172.252505
-15.029693 151.470128 -79.846349 -164.973476 36.980471 -172.253416
-15.027965 151.470580 -79.838836 -164.974347 36.975402 -172.254330
-15.026236 151.471034 -79.831324 -164.975219 36.970332 -172.255242
-15.024508 151.471486 -79.823813 -164.976093 36.965261 -172.256155
-15.022781 151.471940 -79.816303 -164.976970 36.960187 -172.257069
-15.021052 151.472393 -79.808795 -164.977847 36.955113 -172.257983
-15.019325 151.472847 -79.801287 -164.978727 36.950035 -172.258898
-15.017597 151.473300 -79.793782 -164.979607 36.944957 -172.259811
-15.015870 151.473753 -79.786278 -164.980489 36.939875 -172.260726
-15.014142 151.474208 -79.778774 -164.981374 36.934793 -172.261641
-15.012416 151.474662 -79.771273 -164.982260 36.929708 -172.262557
-15.010689 151.475115 -79.763771 -164.983147 36.924622 -172.263472
-15.008962 151.475569 -79.756272 -164.984036 36.919534 -172.264388
-15.007235 151.476025 -79.748774 -164.984927 36.914444 -172.265305
-15.005509 151.476479 -79.741278 -164.985820 36.909353 -172.266222
-15.003782 151.476933 -79.733783 -164.986713 36.904259 -172.267138
-15.002056 151.477388 -79.726288 -164.987609 36.899164 -172.268055
-15.000331 151.477843 -79.718796 -164.988506 36.894065 -172.268973
-14.998604 151.478298 -79.711304 -164.989405 36.888967 -172.269891
-14.996878 151.478753 -79.703814 -164.990307 36.883866 -172.270810
-14.995154 151.479208 -79.696325 -164.991209 36.878763 -172.271729
-14.993428 151.479664 -79.688838 -164.992113 36.873658 -172.272648
-14.991703 151.480119 -79.681351 -164.993018 36.868551 -172.273567
-14.989979 151.480575 -79.673867 -164.993926 36.863444 -172.274486
-14.988254 151.481031 -79.666383 -164.994835 36.858333 -172.275406
-14.986530 151.481486 -79.658901 -164.995746 36.853221 -172.276327
-14.984805 151.481942 -79.651421 -164.996658 36.848107 -172.277247
-14.983081 151.482399 -79.643941 -164.997572 36.842991 -172.278168
-14.981358 151.482855 -79.636464 -164.998488 36.837873 -172.279089
-14.979634 151.483311 -79.628986 -164.999405 36.832754 -172.280010
-14.977910 151.483768 -79.621511 -165.000324 36.827633 -172.280932
-14.976188 151.484225 -79.614037 -165.001245 36.822510 -172.281854
-14.974465 151.484682 -79.606565 -165.002167 36.817384 -172.282777
-14.972742 151.485139 -79.599093 -165.003091 36.812257 -172.283699
-14.971019 151.485596 -79.591624 -165.004017 36.807128 -172.284623
-14.969296 151.486053 -79.584155 -165.004945 36.801997 -172.285546
-14.967575 151.486510 -79.576688 -165.005873 36.796865 -172.286470
-14.965853 151.486968 -79.569223 -165.006804 36.791731 -172.287393
-14.964131 151.487426 -79.561758 -165.007737 36.786594 -172.288319
-14.962410 151.487883 -79.554295 -165.008672 36.781455 -172.289244
-14.960688 151.488342 -79.546833 -165.009607 36.776315 -172.290168
-14.958967 151.488799 -79.539374 -165.010545 36.771174 -172.291094
-14.957247 151.489258 -79.531914 -165.011484 36.766029 -172.292019
-14.955527 151.489716 -79.524457 -165.012425 36.760884 -172.292945
-14.953807 151.490175 -79.517001 -165.013368 36.755736 -172.293872
-14.952087 151.490633 -79.509547 -165.014312 36.750587 -172.294799
-14.950366 151.491091 -79.502094 -165.015257 36.745436 -172.295725
-14.948647 151.491550 -79.494642 -165.016205 36.740282 -172.296652
-14.946928 151.492009 -79.487191 -165.017155 36.735127 -172.297580
-14.945209 151.492469 -79.479742 -165.018105 36.729969 -172.298508
-14.943490 151.492928 -79.472295 -165.019059 36.724811 -172.299437
-14.941772 151.493388 -79.464849 -165.020012 36.719649 -172.300365
-14.940054 151.493847 -79.457405 -165.020969 36.714487 -172.301294
-14.938336 151.494307 -79.449961 -165.021927 36.709322 -172.302223
-14.936618 151.494766 -79.442519 -165.022887 36.704156 -172.303153
-14.934901 151.495226 -79.435079 -165.023848 36.698987 -172.304083
-14.933184 151.495686 -79.427640 -165.024810 36.693817 -172.305013
-14.931467 151.496147 -79.420203 -165.025775 36.688645 -172.305942
-14.929750 151.496607 -79.412766 -165.026741 36.683471 -172.306873
-14.928034 151.497067 -79.405332 -165.027710 36.678294 -172.307805
-14.926318 151.497528 -79.397899 -165.028679 36.673116 -172.308736
-14.924602 151.497989 -79.390466 -165.029650 36.667937 -172.309669
-14.922887 151.498450 -79.383036 -165.030624 36.662755 -172.310600
-14.921172 151.498911 -79.375607 -165.031599 36.657572 -172.311533
-14.919457 151.499372 -79.368180 -165.032576 36.652385 -172.312466
-14.917742 151.499833 -79.360755 -165.033554 36.647198 -172.313399
-14.916028 151.500295 -79.353331 -165.034534 36.642008 -172.314332
-14.914314 151.500756 -79.345908 -165.035515 36.636817 -172.315265
-14.912601 151.501218 -79.338486 -165.036499 36.631624 -172.316200
-14.910887 151.501680 -79.331065 -165.037484 36.626429 -172.317134
-14.909175 151.502142 -79.323647 -165.038471 36.621232 -172.318069
-14.907462 151.502604 -79.316230 -165.039460 36.616033 -172.319004
-14.905749 151.503066 -79.308814 -165.040451 36.610832 -172.319940
-14.904037 151.503529 -79.301401 -165.041443 36.605629 -172.320876
-14.902325 151.503991 -79.293987 -165.042436 36.600424 -172.321811
-14.900613 151.504453 -79.286576 -165.043432 36.595217 -172.322747
-14.898902 151.504916 -79.279167 -165.044429 36.590009 -172.323684
-14.897192 151.505380 -79.271759 -165.045428 36.584798 -172.324621
-14.895481 151.505843 -79.264352 -165.046428 36.579585 -172.325558
-14.893771 151.506306 -79.256947 -165.047431 36.574371 -172.326496
-14.892061 151.506769 -79.249543 -165.048435 36.569155 -172.327434
-14.890352 151.507232 -79.242141 -165.049441 36.563936 -172.328372
-14.888642 151.507696 -79.234741 -165.050449 36.558716 -172.329310
-14.886934 151.508160 -79.227342 -165.051458 36.553494 -172.330249
-14.885225 151.508624 -79.219944 -165.052470 36.548270 -172.331189
-14.883517 151.509088 -79.212549 -165.053482 36.543044 -172.332128
-14.881809 151.509552 -79.205154 -165.054497 36.537816 -172.333069
-14.880102 151.510017 -79.197761 -165.055513 36.532585 -172.334008
-14.878394 151.510481 -79.190370 -165.056531 36.527354 -172.334948
-14.876688 151.510945 -79.182980 -165.057551 36.522120 -172.335889
-14.874981 151.511410 -79.175591 -165.058573 36.516884 -172.336832
-14.873276 151.511875 -79.168204 -165.059596 36.511647 -172.337772
-14.871570 151.512339 -79.160819 -165.060621 36.506407 -172.338714
-14.869864 151.512805 -79.153435 -165.061648 36.501165 -172.339656
-14.868159 151.513270 -79.146052 -165.062677 36.495922 -172.340599
-14.866455 151.513735 -79.138672 -165.063706 36.490676 -172.341541
-14.864751 151.514201 -79.131293 -165.064738 36.485429 -172.342484
-14.863047 151.514667 -79.123915 -165.065773 36.480179 -172.343428
-14.861344 151.515133 -79.116539 -165.066808 36.474928 -172.344371
-14.859640 151.515599 -79.109165 -165.067845 36.469674 -172.345316
-14.857938 151.516065 -79.101792 -165.068885 36.464419 -172.346260
-14.856235 151.516531 -79.094421 -165.069926 36.459161 -172.347205
-14.854533 151.516998 -79.087051 -165.070967 36.453903 -172.348149
-14.852831 151.517464 -79.079683 -165.072012 36.448641 -172.349095
-14.851130 151.517930 -79.072316 -165.073059 36.443378 -172.350041
-14.849429 151.518398 -79.064952 -165.074106 36.438113 -172.350987
-14.847729 151.518864 -79.057588 -165.075155 36.432845 -172.351933
-14.846029 151.519331 -79.050226 -165.076207 36.427576 -172.352880
-14.844330 151.519798 -79.042866 -165.077261 36.422305 -172.353827
-14.842630 151.520266 -79.035507 -165.078316 36.417032 -172.354775
-14.840932 151.520734 -79.028150 -165.079372 36.411758 -172.355721
-14.839233 151.521201 -79.020795 -165.080430 36.406480 -172.356669
-14.837535 151.521669 -79.013440 -165.081490 36.401201 -172.357618
-14.835837 151.522137 -79.006089 -165.082553 36.395920 -172.358566
-14.834141 151.522605 -78.998738 -165.083617 36.390638 -172.359516
-14.832443 151.523073 -78.991389 -165.084682 36.385353 -172.360465
-14.830747 151.523542 -78.984041 -165.085750 36.380065 -172.361415
-14.829051 151.524010 -78.976696 -165.086818 36.374777 -172.362364
-14.827356 151.524479 -78.969352 -165.087889 36.369486 -172.363314
-14.825661 151.524947 -78.962009 -165.088962 36.364193 -172.364265
-14.823967 151.525416 -78.954668 -165.090036 36.358898 -172.365215
-14.822272 151.525885 -78.947328 -165.091112 36.353601 -172.366167
-14.820578 151.526355 -78.939991 -165.092190 36.348302 -172.367118
-14.818885 151.526823 -78.932655 -165.093271 36.343001 -172.368071
-14.817192 151.527293 -78.925321 -165.094352 36.337698 -172.369022
-14.815500 151.527763 -78.917987 -165.095436 36.332393 -172.369975
-14.813807 151.528233 -78.910657 -165.096520 36.327086 -172.370927
-14.812116 151.528703 -78.903327 -165.097607 36.321778 -172.371881
-14.810425 151.529173 -78.895999 -165.098695 36.316467 -172.372834
-14.808734 151.529643 -78.888673 -165.099786 36.311154 -172.373788
-14.807044 151.530114 -78.881349 -165.100878 36.305839 -172.374742
-14.805354 151.530584 -78.874026 -165.101973 36.300523 -172.375697
-14.803664 151.531055 -78.866705 -165.103068 36.295203 -172.376651
-14.801976 151.531525 -78.859385 -165.104166 36.289882 -172.377606
-14.800288 151.531996 -78.852067 -165.105265 36.284560 -172.378562
-14.798600 151.532467 -78.844750 -165.106367 36.279235 -172.379518
-14.796912 151.532938 -78.837436 -165.107469 36.273908 -172.380473
-14.795225 151.533409 -78.830124 -165.108574 36.268579 -172.381430
-14.793539 151.533880 -78.822812 -165.109681 36.263248 -172.382387
-14.791852 151.534353 -78.815503 -165.110789 36.257916 -172.383343
-14.790167 151.534824 -78.808195 -165.111899 36.252580 -172.384301
-14.788482 151.535296 -78.800889 -165.113012 36.247243 -172.385259
-14.786797 151.535768 -78.793584 -165.114125 36.241904 -172.386217
-14.785113 151.536240 -78.786281 -165.115241 36.236563 -172.387175
-14.783429 151.536713 -78.778980 -165.116358 36.231221 -172.388134
-14.781746 151.537185 -78.771681 -165.117477 36.225875 -172.389093
-14.780063 151.537658 -78.764383 -165.118599 36.220528 -172.390052
-14.778382 151.538130 -78.757087 -165.119721 36.215179 -172.391011
-14.776700 151.538603 -78.749793 -165.120846 36.209828 -172.391971
-14.775019 151.539077 -78.742500 -165.121972 36.204475 -172.392931
-14.773338 151.539550 -78.735209 -165.123100 36.199120 -172.393892
-14.771658 151.540023 -78.727921 -165.124231 36.193762 -172.394854
-14.769978 151.540496 -78.720632 -165.125362 36.188403 -172.395814
-14.768299 151.540970 -78.713347 -165.126496 36.183042 -172.396775
-14.766620 151.541444 -78.706063 -165.127632 36.177678 -172.397738
-14.764942 151.541918 -78.698781 -165.128769 36.172312 -172.398699
-14.763265 151.542392 -78.691500 -165.129909 36.166945 -172.399662
-14.761588 151.542866 -78.684222 -165.131049 36.161576 -172.400624
-14.759911 151.543340 -78.676944 -165.132192 36.156204 -172.401589
-14.758235 151.543815 -78.669669 -165.133337 36.150830 -172.402552
-14.756559 151.544290 -78.662395 -165.134483 36.145455 -172.403516
-14.754884 151.544764 -78.655123 -165.135632 36.140078 -172.404479
-14.753210 151.545240 -78.647853 -165.136781 36.134698 -172.405443
-14.751536 151.545714 -78.640585 -165.137933 36.129316 -172.406409
-14.749863 151.546189 -78.633319 -165.139087 36.123932 -172.407374
-14.748190 151.546665 -78.626053 -165.140244 36.118546 -172.408339
-14.746517 151.547140 -78.618791 -165.141401 36.113158 -172.409305
-14.744845 151.547616 -78.611529 -165.142560 36.107768 -172.410271
-14.743174 151.548092 -78.604270 -165.143721 36.102376 -172.411238
-14.741503 151.548568 -78.597013 -165.144884 36.096982 -172.412204
-14.739833 151.549044 -78.589756 -165.146048 36.091586 -172.413172
-14.738164 151.549520 -78.582502 -165.147215 36.086187 -172.414139
-14.736494 151.549996 -78.575250 -165.148384 36.080788 -172.415107
-14.734826 151.550472 -78.567999 -165.149554 36.075385 -172.416075
-14.733158 151.550950 -78.560750 -165.150726 36.069981 -172.417043
-14.731491 151.551427 -78.553503 -165.151899 36.064574 -172.418011
-14.729824 151.551904 -78.546258 -165.153076 36.059166 -172.418980
-14.728157 151.552381 -78.539014 -165.154253 36.053755 -172.419950
-14.726492 151.552858 -78.531772 -165.155433 36.048342 -172.420920
-14.724826 151.553336 -78.524533 -165.156613 36.042927 -172.421889
-14.723162 151.553812 -78.517294 -165.157797 36.037511 -172.422860
-14.721498 151.554290 -78.510058 -165.158982 36.032092 -172.423830
-14.719835 151.554768 -78.502823 -165.160169 36.026671 -172.424801
-14.718172 151.555246 -78.495590 -165.161357 36.021248 -172.425772
-14.716510 151.555725 -78.488360 -165.162548 36.015823 -172.426744
-14.714848 151.556202 -78.481131 -165.163741 36.010396 -172.427716
-14.713186 151.556681 -78.473904 -165.164935 36.004966 -172.428688
-14.711526 151.557160 -78.466678 -165.166131 35.999534 -172.429661
-14.709867 151.557638 -78.459455 -165.167329 35.994101 -172.430633
-14.708207 151.558117 -78.452232 -165.168529 35.988666 -172.431606
-14.706548 151.558596 -78.445012 -165.169730 35.983228 -172.432580
-14.704891 151.559075 -78.437795 -165.170934 35.977788 -172.433554
-14.703233 151.559554 -78.430578 -165.172140 35.972346 -172.434529
-14.701576 151.560034 -78.423364 -165.173346 35.966902 -172.435502
-14.699920 151.560513 -78.416151 -165.174555 35.961456 -172.436477
-14.698264 151.560994 -78.408940 -165.175766 35.956008 -172.437452
-14.696609 151.561473 -78.401732 -165.176980 35.950558 -172.438428
-14.694955 151.561954 -78.394524 -165.178193 35.945106 -172.439403
-14.693301 151.562434 -78.387319 -165.179410 35.939651 -172.440380
-14.691647 151.562914 -78.380116 -165.180628 35.934194 -172.441356
-14.689995 151.563394 -78.372914 -165.181849 35.928736 -172.442333
-14.688343 151.563876 -78.365715 -165.183071 35.923275 -172.443310
-14.686692 151.564356 -78.358517 -165.184295 35.917812 -172.444287
-14.685041 151.564837 -78.351321 -165.185522 35.912347 -172.445266
-14.683391 151.565318 -78.344128 -165.186749 35.906880 -172.446244
-14.681742 151.565799 -78.336935 -165.187979 35.901411 -172.447222
-14.680093 151.566281 -78.329745 -165.189211 35.895940 -172.448201
-14.678445 151.566762 -78.322556 -165.190444 35.890466 -172.449180
-14.676797 151.567244 -78.315370 -165.191678 35.884991 -172.450158
-14.675151 151.567726 -78.308186 -165.192916 35.879513 -172.451138
-14.673504 151.568208 -78.301003 -165.194155 35.874033 -172.452119
-14.671859 151.568690 -78.293822 -165.195396 35.868552 -172.453099
-14.670214 151.569173 -78.286642 -165.196639 35.863067 -172.454080
-14.668570 151.569654 -78.279466 -165.197883 35.857581 -172.455060
-14.666926 151.570137 -78.272291 -165.199129 35.852093 -172.456041
-14.665282 151.570620 -78.265117 -165.200379 35.846603 -172.457023
-14.663641 151.571103 -78.257946 -165.201628 35.841111 -172.458005
-14.661999 151.571586 -78.250776 -165.202881 35.835616 -172.458987
-14.660358 151.572069 -78.243609 -165.204135 35.830119 -172.459970
-14.658717 151.572553 -78.236444 -165.205390 35.824620 -172.460952
-14.657078 151.573036 -78.229280 -165.206649 35.819119 -172.461936
-14.655439 151.573520 -78.222118 -165.207908 35.813616 -172.462920
-14.653800 151.574003 -78.214958 -165.209170 35.808110 -172.463903
-14.652163 151.574488 -78.207800 -165.210433 35.802603 -172.464887
-14.650526 151.574971 -78.200645 -165.211699 35.797094 -172.465872
-14.648890 151.575456 -78.193490 -165.212966 35.791582 -172.466857
-14.647254 151.575940 -78.186338 -165.214235 35.786068 -172.467842
-14.645620 151.576424 -78.179188 -165.215506 35.780553 -172.468828
-14.643985 151.576910 -78.172040 -165.216780 35.775034 -172.469813
-14.642352 151.577394 -78.164894 -165.218055 35.769514 -172.470799
-14.640720 151.577879 -78.157750 -165.219331 35.763992 -172.471786
-14.639088 151.578365 -78.150607 -165.220610 35.758467 -172.472772
-14.637455 151.578850 -78.143467 -165.221891 35.752940 -172.473760
-14.635825 151.579335 -78.136328 -165.223173 35.747411 -172.474747
-14.634195 151.579821 -78.129191 -165.224458 35.741881 -172.475734
-14.632566 151.580307 -78.122057 -165.225743 35.736347 -172.476722
-14.630937 151.580792 -78.114924 -165.227031 35.730812 -172.477711
-14.629310 151.581278 -78.107794 -165.228322 35.725274 -172.478700
-14.627682 151.581765 -78.100665 -165.229613 35.719735 -172.479688
-14.626056 151.582251 -78.093538 -165.230907 35.714193 -172.480678
-14.624430 151.582738 -78.086414 -165.232204 35.708649 -172.481668
-14.622805 151.583224 -78.079292 -165.233501 35.703103 -172.482657
-14.621181 151.583711 -78.072171 -165.234801 35.697555 -172.483648
-14.619557 151.584199 -78.065052 -165.236102 35.692004 -172.484638
-14.617934 151.584686 -78.057935 -165.237407 35.686452 -172.485629
-14.616312 151.585173 -78.050820 -165.238711 35.680897 -172.486621
