-80.999549 150.020742 1.382409 53.637232 -75.275192 -42.680892
-81.000964 150.021103 1.385684 53.614154 -75.268293 -42.657423
-81.002380 150.021465 1.388961 53.591101 -75.261391 -42.633977
-81.003796 150.021825 1.392238 53.568067 -75.254488 -42.610550
-81.005213 150.022186 1.395515 53.545056 -75.247582 -42.587146
-81.006630 150.022548 1.398791 53.522067 -75.240673 -42.563764
-81.008050 150.022908 1.402068 53.499100 -75.233762 -42.540404
-81.009469 150.023269 1.405346 53.476158 -75.226848 -42.517068
-81.010888 150.023630 1.408622 53.453234 -75.219933 -42.493750
-81.012310 150.023991 1.411900 53.430333 -75.213014 -42.470454
-81.013731 150.024351 1.415177 53.407453 -75.206093 -42.447179
-81.015153 150.024712 1.418455 53.384597 -75.199170 -42.423929
-81.016576 150.025073 1.421733 53.361760 -75.192244 -42.400697
-81.018000 150.025434 1.425010 53.338947 -75.185317 -42.377489
-81.019425 150.025794 1.428289 53.316154 -75.178386 -42.354301
-81.020850 150.026155 1.431567 53.293386 -75.171453 -42.331136
-81.022276 150.026515 1.434846 53.270636 -75.164518 -42.307990
-81.023703 150.026876 1.438124 53.247910 -75.157580 -42.284868
-81.025130 150.027237 1.441403 53.225205 -75.150641 -42.261766
-81.026558 150.027597 1.444681 53.202524 -75.143698 -42.238688
-81.027987 150.027958 1.447961 53.179863 -75.136753 -42.215630
-81.029417 150.028318 1.451240 53.157221 -75.129806 -42.192590
-81.030847 150.028678 1.454519 53.134603 -75.122856 -42.169574
-81.032278 150.029038 1.457799 53.112006 -75.115904 -42.146580
-81.033710 150.029400 1.461078 53.089435 -75.108951 -42.123609
-81.035143 150.029760 1.464358 53.066880 -75.101994 -42.100656
-81.036576 150.030120 1.467638 53.044348 -75.095035 -42.077725
-81.038010 150.030480 1.470918 53.021837 -75.088074 -42.054815
-81.039446 150.030841 1.474198 52.999347 -75.081110 -42.031927
-81.040881 150.031201 1.477478 52.976883 -75.074144 -42.009062
-81.042318 150.031561 1.480759 52.954437 -75.067175 -41.986216
-81.043754 150.031921 1.484040 52.932014 -75.060205 -41.963394
-81.045193 150.032281 1.487321 52.909610 -75.053231 -41.940588
-81.046631 150.032642 1.490602 52.887230 -75.046256 -41.917808
-81.048071 150.033002 1.493882 52.864867 -75.039278 -41.895044
-81.049511 150.033362 1.497163 52.842530 -75.032298 -41.872306
-81.050951 150.033722 1.500445 52.820214 -75.025316 -41.849588
-81.052394 150.034082 1.503726 52.797918 -75.018331 -41.826891
-81.053836 150.034441 1.507008 52.775641 -75.011344 -41.804211
-81.055279 150.034801 1.510290 52.753389 -75.004354 -41.781557
-81.056723 150.035161 1.513571 52.731156 -74.997363 -41.758921
-81.058168 150.035521 1.516854 52.708946 -74.990369 -41.736308
-81.059613 150.035881 1.520135 52.686756 -74.983372 -41.713714
-81.061059 150.036241 1.523418 52.664589 -74.976373 -41.691144
-81.062506 150.036601 1.526700 52.642443 -74.969373 -41.668594
-81.063954 150.036960 1.529983 52.620317 -74.962369 -41.646064
-81.065402 150.037320 1.533266 52.598212 -74.955363 -41.623554
-81.066852 150.037680 1.536549 52.576129 -74.948356 -41.601067
-81.068302 150.038040 1.539832 52.554065 -74.941346 -41.578598
-81.069752 150.038399 1.543115 52.532023 -74.934333 -41.556151
-81.071204 150.038758 1.546398 52.510005 -74.927318 -41.533727
-81.072657 150.039118 1.549682 52.488004 -74.920301 -41.511320
-81.074109 150.039478 1.552966 52.466026 -74.913282 -41.488936
-81.075563 150.039837 1.556249 52.444069 -74.906260 -41.466572
-81.077018 150.040197 1.559533 52.422134 -74.899236 -41.444231
-81.078473 150.040557 1.562817 52.400217 -74.892209 -41.421907
-81.079929 150.040915 1.566101 52.378323 -74.885181 -41.399605
-81.081386 150.041275 1.569386 52.356449 -74.878151 -41.377324
-81.082843 150.041635 1.572670 52.334596 -74.871118 -41.355062
-81.084301 150.041994 1.575955 52.312764 -74.864082 -41.332824
-81.085760 150.042353 1.579239 52.290954 -74.857045 -41.310604
-81.087220 150.042712 1.582524 52.269165 -74.850005 -41.288407
-81.088681 150.043072 1.585810 52.247395 -74.842963 -41.266227
-81.090143 150.043430 1.589095 52.225647 -74.835919 -41.244071
-81.091604 150.043790 1.592381 52.203919 -74.828872 -41.221933
-81.093067 150.044149 1.595665 52.182214 -74.821823 -41.199817
-81.094531 150.044508 1.598951 52.160526 -74.814772 -41.177720
-81.095995 150.044867 1.602237 52.138863 -74.807719 -41.155646
-81.097460 150.045227 1.605522 52.117215 -74.800663 -41.133588
-81.098926 150.045585 1.608809 52.095592 -74.793606 -41.111554
-81.100394 150.045945 1.612095 52.073990 -74.786546 -41.089539
-81.101861 150.046303 1.615381 52.052409 -74.779483 -41.067547
-81.103329 150.046663 1.618668 52.030843 -74.772419 -41.045569
-81.104798 150.047021 1.621954 52.009303 -74.765352 -41.023617
-81.106268 150.047380 1.625242 51.987782 -74.758283 -41.001684
-81.107739 150.047739 1.628528 51.966281 -74.751212 -40.979770
-81.109210 150.048098 1.631815 51.944802 -74.744138 -40.957877
-81.110682 150.048456 1.635103 51.923343 -74.737063 -40.936005
-81.112155 150.048816 1.638390 51.901907 -74.729985 -40.914154
-81.113628 150.049174 1.641677 51.880487 -74.722905 -40.892321
-81.115103 150.049533 1.644965 51.859088 -74.715823 -40.870508
-81.116578 150.049892 1.648253 51.837713 -74.708739 -40.848718
-81.118054 150.050251 1.651540 51.816355 -74.701652 -40.826945
-81.119530 150.050609 1.654828 51.795017 -74.694563 -40.805191
-81.121008 150.050967 1.658116 51.773701 -74.687472 -40.783461
-81.122487 150.051326 1.661404 51.752407 -74.680379 -40.761750
-81.123965 150.051685 1.664693 51.731130 -74.673283 -40.740057
-81.125445 150.052044 1.667981 51.709875 -74.666186 -40.718385
-81.126925 150.052402 1.671270 51.688640 -74.659087 -40.696734
-81.128407 150.052760 1.674559 51.667427 -74.651985 -40.675103
-81.129889 150.053118 1.677848 51.646231 -74.644881 -40.653490
-81.131373 150.053477 1.681138 51.625057 -74.637775 -40.631898
-81.132856 150.053835 1.684427 51.603904 -74.630666 -40.610328
-81.134340 150.054194 1.687716 51.582769 -74.623555 -40.588775
-81.135826 150.054553 1.691005 51.561656 -74.616442 -40.567242
-81.137312 150.054911 1.694295 51.540562 -74.609327 -40.545730
-81.138798 150.055269 1.697585 51.519490 -74.602211 -40.524238
-81.140286 150.055627 1.700875 51.498437 -74.595091 -40.502766
-81.141774 150.055985 1.704165 51.477403 -74.587970 -40.481313
-81.143263 150.056344 1.707455 51.456389 -74.580846 -40.459878
-81.144753 150.056702 1.710746 51.435397 -74.573721 -40.438465
-81.146244 150.057060 1.714036 51.414424 -74.566593 -40.417071
-81.147736 150.057417 1.717327 51.393472 -74.559463 -40.395699
-81.149227 150.057775 1.720618 51.372540 -74.552331 -40.374344
-81.150720 150.058133 1.723908 51.351627 -74.545197 -40.353011
-81.152214 150.058491 1.727200 51.330734 -74.538061 -40.331695
-81.153709 150.058850 1.730491 51.309859 -74.530921 -40.310397
-81.155204 150.059208 1.733782 51.289008 -74.523781 -40.289125
-81.156700 150.059566 1.737073 51.268174 -74.516638 -40.267868
-81.158197 150.059923 1.740365 51.247362 -74.509493 -40.246631
-81.159695 150.060281 1.743657 51.226566 -74.502346 -40.225413
-81.161193 150.060639 1.746949 51.205792 -74.495197 -40.204214
-81.162692 150.060997 1.750241 51.185042 -74.488046 -40.183040
-81.164192 150.061355 1.753533 51.164306 -74.480892 -40.161879
-81.165694 150.061712 1.756826 51.143594 -74.473737 -40.140742
-81.167195 150.062070 1.760118 51.122898 -74.466579 -40.119621
-81.168698 150.062428 1.763411 51.102224 -74.459420 -40.098521
-81.170200 150.062785 1.766703 51.081566 -74.452258 -40.077437
-81.171704 150.063143 1.769996 51.060932 -74.445094 -40.056377
-81.173209 150.063501 1.773289 51.040317 -74.437928 -40.035336
-81.174714 150.063858 1.776582 51.019723 -74.430759 -40.014314
-81.176220 150.064216 1.779875 50.999145 -74.423590 -39.993310
-81.177728 150.064573 1.783169 50.978589 -74.416417 -39.972327
-81.179236 150.064930 1.786463 50.958052 -74.409243 -39.951362
-81.180744 150.065287 1.789756 50.937533 -74.402066 -39.930415
-81.182254 150.065645 1.793050 50.917036 -74.394887 -39.909489
-81.183764 150.066003 1.796343 50.896559 -74.387707 -39.888584
-81.185275 150.066360 1.799638 50.876100 -74.380524 -39.867695
-81.186787 150.066717 1.802932 50.855661 -74.373340 -39.846827
-81.188299 150.067075 1.806226 50.835241 -74.366153 -39.825977
-81.189813 150.067431 1.809521 50.814842 -74.358964 -39.805148
-81.191327 150.067789 1.812815 50.794459 -74.351773 -39.784334
-81.192842 150.068146 1.816110 50.774099 -74.344580 -39.763544
-81.194358 150.068504 1.819405 50.753756 -74.337385 -39.742771
-81.195875 150.068861 1.822700 50.733434 -74.330188 -39.722017
-81.197391 150.069217 1.825995 50.713133 -74.322989 -39.701283
-81.198910 150.069575 1.829290 50.692848 -74.315788 -39.680567
-81.200429 150.069932 1.832586 50.672584 -74.308584 -39.659870
-81.201949 150.070288 1.835881 50.652338 -74.301379 -39.639192
-81.203469 150.070645 1.839177 50.632113 -74.294171 -39.618534
-81.204991 150.071003 1.842473 50.611904 -74.286962 -39.597892
-81.206512 150.071360 1.845769 50.591716 -74.279750 -39.577270
-81.208036 150.071716 1.849065 50.571549 -74.272537 -39.556669
-81.209559 150.072073 1.852361 50.551401 -74.265321 -39.536086
-81.211084 150.072431 1.855657 50.531273 -74.258103 -39.515523
-81.212609 150.072787 1.858954 50.511163 -74.250884 -39.494978
-81.214135 150.073144 1.862251 50.491069 -74.243662 -39.474450
-81.215662 150.073501 1.865547 50.470997 -74.236439 -39.453942
-81.217190 150.073857 1.868845 50.450944 -74.229213 -39.433453
-81.218718 150.074214 1.872141 50.430913 -74.221985 -39.412984
-81.220247 150.074570 1.875439 50.410897 -74.214755 -39.392532
-81.221778 150.074927 1.878736 50.390902 -74.207524 -39.372100
-81.223309 150.075284 1.882034 50.370925 -74.200290 -39.351685
-81.224840 150.075640 1.885331 50.350966 -74.193054 -39.331289
-81.226373 150.075997 1.888629 50.331025 -74.185816 -39.310911
-81.227906 150.076353 1.891927 50.311108 -74.178577 -39.290555
-81.229440 150.076710 1.895224 50.291206 -74.171335 -39.270214
-81.230975 150.077066 1.898522 50.271324 -74.164090 -39.249894
-81.232511 150.077423 1.901820 50.251463 -74.156845 -39.229592
-81.234047 150.077779 1.905120 50.231621 -74.149597 -39.209310
-81.235584 150.078136 1.908418 50.211793 -74.142347 -39.189043
-81.237122 150.078492 1.911717 50.191987 -74.135096 -39.168796
-81.238661 150.078849 1.915015 50.172200 -74.127842 -39.148569
-81.240200 150.079204 1.918314 50.152434 -74.120586 -39.128361
-81.241741 150.079561 1.921614 50.132683 -74.113329 -39.108169
-81.243283 150.079917 1.924912 50.112953 -74.106069 -39.087997
-81.244824 150.080274 1.928211 50.093241 -74.098807 -39.067843
-81.246368 150.080629 1.931511 50.073547 -74.091543 -39.047705
-81.247911 150.080985 1.934811 50.053875 -74.084278 -39.027591
-81.249456 150.081342 1.938111 50.034219 -74.077010 -39.007491
-81.251001 150.081698 1.941410 50.014580 -74.069741 -38.987410
-81.252547 150.082053 1.944710 49.994962 -74.062470 -38.967348
-81.254094 150.082410 1.948010 49.975362 -74.055196 -38.947303
-81.255642 150.082765 1.951311 49.955781 -74.047921 -38.927278
-81.257190 150.083122 1.954611 49.936221 -74.040643 -38.907273
-81.258740 150.083478 1.957912 49.916676 -74.033364 -38.887283
-81.260290 150.083833 1.961212 49.897149 -74.026082 -38.867310
-81.261841 150.084190 1.964512 49.877645 -74.018799 -38.847359
-81.263393 150.084545 1.967814 49.858155 -74.011514 -38.827424
-81.264945 150.084901 1.971115 49.838686 -74.004227 -38.807508
-81.266499 150.085257 1.974416 49.819237 -73.996938 -38.787612
-81.268053 150.085613 1.977717 49.799805 -73.989647 -38.767732
-81.269608 150.085968 1.981019 49.780391 -73.982354 -38.747870
-81.271164 150.086324 1.984320 49.760997 -73.975059 -38.728028
-81.272721 150.086680 1.987622 49.741618 -73.967762 -38.708201
-81.274278 150.087035 1.990924 49.722261 -73.960464 -38.688396
-81.275837 150.087391 1.994226 49.702920 -73.953163 -38.668605
-81.277395 150.087746 1.997527 49.683598 -73.945860 -38.648834
-81.278955 150.088102 2.000829 49.664296 -73.938556 -38.629083
-81.280516 150.088458 2.004132 49.645012 -73.931249 -38.609348
-81.282077 150.088813 2.007435 49.625745 -73.923941 -38.589631
-81.283640 150.089168 2.010738 49.606498 -73.916631 -38.569931
-81.285203 150.089523 2.014040 49.587268 -73.909318 -38.550251
-81.286767 150.089880 2.017343 49.568056 -73.902004 -38.530587
-81.288331 150.090235 2.020645 49.548863 -73.894688 -38.510942
-81.289897 150.090590 2.023949 49.529685 -73.887370 -38.491312
-81.291464 150.090945 2.027252 49.510532 -73.880050 -38.471706
-81.293031 150.091300 2.030556 49.491391 -73.872729 -38.452112
-81.294599 150.091655 2.033859 49.472273 -73.865405 -38.432540
-81.296168 150.092011 2.037163 49.453169 -73.858079 -38.412982
-81.297737 150.092366 2.040466 49.434085 -73.850752 -38.393443
-81.299308 150.092722 2.043770 49.415020 -73.843423 -38.373925
-81.300880 150.093077 2.047074 49.395972 -73.836092 -38.354422
-81.302452 150.093432 2.050378 49.376942 -73.828759 -38.334937
-81.304025 150.093787 2.053683 49.357931 -73.821424 -38.315470
-81.305598 150.094141 2.056987 49.338938 -73.814087 -38.296020
-81.307173 150.094496 2.060292 49.319964 -73.806748 -38.276589
-81.308748 150.094851 2.063597 49.301004 -73.799407 -38.257174
-81.310325 150.095206 2.066901 49.282067 -73.792065 -38.237779
-81.311902 150.095561 2.070206 49.263144 -73.784721 -38.218399
-81.313480 150.095917 2.073511 49.244242 -73.777375 -38.199039
-81.315058 150.096272 2.076816 49.225356 -73.770026 -38.179695
-81.316638 150.096627 2.080122 49.206489 -73.762677 -38.160369
-81.318218 150.096981 2.083427 49.187641 -73.755325 -38.141062
-81.319800 150.097336 2.086732 49.168808 -73.747971 -38.121770
-81.321381 150.097691 2.090039 49.149994 -73.740615 -38.102496
-81.322964 150.098046 2.093344 49.131199 -73.733258 -38.083242
-81.324548 150.098400 2.096650 49.112421 -73.725898 -38.064003
-81.326133 150.098755 2.099956 49.093661 -73.718537 -38.044781
-81.327717 150.099110 2.103262 49.074919 -73.711175 -38.025579
-81.329304 150.099464 2.106569 49.056194 -73.703810 -38.006392
-81.330891 150.099819 2.109875 49.037488 -73.696443 -37.987224
-81.332478 150.100172 2.113181 49.018800 -73.689075 -37.968074
-81.334067 150.100527 2.116489 49.000128 -73.681704 -37.948940
-81.335657 150.100882 2.119795 48.981475 -73.674332 -37.929823
-81.337247 150.101236 2.123102 48.962841 -73.666958 -37.910726
-81.338839 150.101591 2.126409 48.944221 -73.659582 -37.891642
-81.340430 150.101945 2.129717 48.925621 -73.652204 -37.872578
-81.342023 150.102299 2.133024 48.907039 -73.644825 -37.853532
-81.343617 150.102654 2.136332 48.888472 -73.637444 -37.834500
-81.345211 150.103008 2.139639 48.869927 -73.630060 -37.815489
-81.346806 150.103363 2.142946 48.851398 -73.622676 -37.796494
-81.348402 150.103717 2.146254 48.832885 -73.615289 -37.777515
-81.349999 150.104071 2.149563 48.814389 -73.607900 -37.758553
-81.351596 150.104425 2.152870 48.795915 -73.600510 -37.739612
-81.353195 150.104779 2.156179 48.777454 -73.593117 -37.720685
-81.354795 150.105133 2.159487 48.759013 -73.585724 -37.701776
-81.356395 150.105488 2.162795 48.740588 -73.578327 -37.682883
-81.357997 150.105842 2.166105 48.722182 -73.570930 -37.664008
-81.359598 150.106196 2.169413 48.703792 -73.563531 -37.645150
-81.361201 150.106550 2.172721 48.685421 -73.556129 -37.626310
-81.362804 150.106903 2.176031 48.667066 -73.548726 -37.607486
-81.364409 150.107257 2.179340 48.648728 -73.541321 -37.588678
-81.366014 150.107611 2.182649 48.630409 -73.533914 -37.569889
-81.367620 150.107966 2.185958 48.612108 -73.526506 -37.551117
-81.369227 150.108320 2.189268 48.593824 -73.519096 -37.532362
-81.370835 150.108673 2.192577 48.575556 -73.511684 -37.513622
-81.372443 150.109027 2.195887 48.557305 -73.504270 -37.494900
-81.374053 150.109381 2.199197 48.539074 -73.496855 -37.476196
-81.375663 150.109735 2.202507 48.520858 -73.489436 -37.457506
-81.377275 150.110089 2.205817 48.502659 -73.482018 -37.438836
-81.378886 150.110442 2.209128 48.484478 -73.474597 -37.420181
-81.380499 150.110795 2.212438 48.466314 -73.467174 -37.401544
-81.382113 150.111149 2.215748 48.448167 -73.459750 -37.382923
-81.383727 150.111503 2.219059 48.430039 -73.452323 -37.364320
-81.385342 150.111856 2.222370 48.411927 -73.444895 -37.345733
-81.386959 150.112210 2.225681 48.393833 -73.437466 -37.327164
-81.388576 150.112564 2.228992 48.375755 -73.430034 -37.308611
-81.390194 150.112916 2.232303 48.357696 -73.422601 -37.290075
-81.391812 150.113270 2.235614 48.339650 -73.415165 -37.271553
-81.393431 150.113624 2.238926 48.321626 -73.407729 -37.253051
-81.395052 150.113977 2.242237 48.303615 -73.400289 -37.234563
-81.396673 150.114330 2.245548 48.285624 -73.392849 -37.216096
-81.398295 150.114684 2.248860 48.267648 -73.385407 -37.197641
-81.399918 150.115037 2.252173 48.249692 -73.377963 -37.179207
-81.401542 150.115390 2.255484 48.231750 -73.370518 -37.160785
-81.403166 150.115743 2.258797 48.213826 -73.363070 -37.142383
-81.404792 150.116097 2.262109 48.195920 -73.355622 -37.123997
-81.406418 150.116450 2.265420 48.178030 -73.348170 -37.105627
-81.408046 150.116803 2.268733 48.160156 -73.340717 -37.087273
-81.409673 150.117156 2.272046 48.142301 -73.333264 -37.068937
-81.411302 150.117509 2.275359 48.124463 -73.325808 -37.050618
-81.412931 150.117862 2.278672 48.106639 -73.318349 -37.032313
-81.414562 150.118216 2.281984 48.088833 -73.310890 -37.014025
-81.416194 150.118568 2.285298 48.071046 -73.303429 -36.995755
-81.417826 150.118921 2.288610 48.053276 -73.295966 -36.977502
-81.419459 150.119275 2.291924 48.035520 -73.288501 -36.959264
-81.421092 150.119627 2.295237 48.017782 -73.281035 -36.941042
-81.422727 150.119980 2.298551 48.000060 -73.273566 -36.922835
-81.424363 150.120333 2.301865 47.982358 -73.266097 -36.904649
-81.425999 150.120686 2.305178 47.964670 -73.258625 -36.886476
-81.427637 150.121039 2.308492 47.946999 -73.251151 -36.868321
-81.429275 150.121391 2.311807 47.929345 -73.243677 -36.850181
-81.430914 150.121744 2.315121 47.911710 -73.236200 -36.832059
-81.432554 150.122096 2.318435 47.894087 -73.228721 -36.813950
-81.434194 150.122449 2.321750 47.876484 -73.221241 -36.795860
-81.435836 150.122803 2.325064 47.858896 -73.213759 -36.777785
-81.437479 150.123155 2.328379 47.841326 -73.206276 -36.759728
-81.439122 150.123508 2.331693 47.823772 -73.198790 -36.741686
-81.440766 150.123860 2.335008 47.806238 -73.191304 -36.723663
-81.442411 150.124213 2.338324 47.788715 -73.183815 -36.705652
-81.444057 150.124566 2.341639 47.771212 -73.176324 -36.687659
-81.445703 150.124917 2.344954 47.753724 -73.168833 -36.669682
-81.447351 150.125270 2.348270 47.736253 -73.161339 -36.651720
-81.448999 150.125622 2.351585 47.718801 -73.153843 -36.633777
-81.450648 150.125975 2.354901 47.701362 -73.146347 -36.615848
-81.452298 150.126327 2.358216 47.683941 -73.138848 -36.597936
-81.453950 150.126680 2.361533 47.666535 -73.131347 -36.580039
-81.455602 150.127031 2.364848 47.649147 -73.123845 -36.562158
-81.457254 150.127384 2.368164 47.631777 -73.116342 -36.544296
-81.458908 150.127736 2.371480 47.614422 -73.108836 -36.526448
-81.460562 150.128089 2.374797 47.597082 -73.101328 -36.508615
-81.462217 150.128440 2.378113 47.579758 -73.093819 -36.490798
-81.463873 150.128793 2.381430 47.562454 -73.086309 -36.472999
-81.465530 150.129144 2.384746 47.545165 -73.078798 -36.455215
-81.467188 150.129497 2.388063 47.527891 -73.071283 -36.437446
-81.468847 150.129849 2.391381 47.510634 -73.063768 -36.419694
-81.470506 150.130201 2.394698 47.493393 -73.056251 -36.401958
-81.472166 150.130553 2.398015 47.476170 -73.048732 -36.384238
-81.473828 150.130905 2.401332 47.458961 -73.041212 -36.366534
-81.475489 150.131257 2.404650 47.441768 -73.033690 -36.348843
-81.477152 150.131609 2.407967 47.424592 -73.026166 -36.331170
-81.478817 150.131960 2.411285 47.407434 -73.018640 -36.313514
-81.480481 150.132313 2.414602 47.390291 -73.011113 -36.295873
-81.482147 150.132664 2.417921 47.373163 -73.003584 -36.278247
-81.483812 150.133016 2.421239 47.356054 -72.996054 -36.260638
-81.485479 150.133368 2.424557 47.338961 -72.988522 -36.243045
-81.487148 150.133720 2.427876 47.321880 -72.980988 -36.225466
-81.488816 150.134071 2.431194 47.304817 -72.973453 -36.207902
-81.490486 150.134424 2.434512 47.287771 -72.965917 -36.190356
-81.492157 150.134775 2.437831 47.270742 -72.958378 -36.172825
-81.493828 150.135126 2.441150 47.253726 -72.950838 -36.155308
-81.495500 150.135478 2.444469 47.236732 -72.943296 -36.137812
-81.497173 150.135829 2.447788 47.219748 -72.935753 -36.120327
-81.498847 150.136181 2.451107 47.202782 -72.928208 -36.102857
-81.500521 150.136532 2.454426 47.185832 -72.920662 -36.085405
-81.502197 150.136884 2.457745 47.168900 -72.913114 -36.067969
-81.503873 150.137235 2.461065 47.151981 -72.905563 -36.050545
-81.505551 150.137586 2.464385 47.135080 -72.898012 -36.033140
-81.507229 150.137938 2.467704 47.118193 -72.890459 -36.015748
-81.508907 150.138289 2.471024 47.101324 -72.882904 -35.998375
-81.510587 150.138641 2.474344 47.084469 -72.875348 -35.981015
-81.512268 150.138992 2.477664 47.067630 -72.867790 -35.963670
-81.513949 150.139344 2.480985 47.050808 -72.860230 -35.946342
-81.515632 150.139695 2.484305 47.034001 -72.852670 -35.929028
-81.517315 150.140046 2.487625 47.017212 -72.845107 -35.911731
-81.518999 150.140397 2.490945 47.000436 -72.837543 -35.894449
-81.520684 150.140748 2.494266 46.983676 -72.829977 -35.877180
-81.522369 150.141099 2.497588 46.966933 -72.822410 -35.859928
-81.524055 150.141451 2.500909 46.950206 -72.814841 -35.842693
-81.525743 150.141801 2.504229 46.933494 -72.807270 -35.825472
-81.527431 150.142152 2.507550 46.916799 -72.799698 -35.808268
-81.529120 150.142504 2.510871 46.900119 -72.792124 -35.791077
-81.530809 150.142854 2.514193 46.883453 -72.784548 -35.773902
-81.532500 150.143206 2.517515 46.866806 -72.776972 -35.756744
-81.534192 150.143556 2.520836 46.850172 -72.769393 -35.739599
-81.535884 150.143907 2.524158 46.833555 -72.761814 -35.722469
-81.537577 150.144258 2.527479 46.816952 -72.754232 -35.705355
-81.539271 150.144609 2.530802 46.800365 -72.746649 -35.688256
-81.540965 150.144959 2.534124 46.783796 -72.739064 -35.671174
-81.542661 150.145311 2.537446 46.767239 -72.731477 -35.654104
-81.544358 150.145661 2.540769 46.750701 -72.723889 -35.637051
-81.546055 150.146011 2.544091 46.734177 -72.716300 -35.620014
-81.547754 150.146363 2.547413 46.717670 -72.708709 -35.602992
-81.549452 150.146713 2.550736 46.701175 -72.701116 -35.585983
-81.551152 150.147063 2.554059 46.684697 -72.693522 -35.568990
-81.552853 150.147414 2.557382 46.668237 -72.685926 -35.552014
-81.554554 150.147765 2.560705 46.651788 -72.678329 -35.535049
-81.556257 150.148115 2.564028 46.635359 -72.670730 -35.518104
-81.557959 150.148465 2.567351 46.618943 -72.663130 -35.501171
-81.559664 150.148816 2.570675 46.602543 -72.655529 -35.484254
-81.561368 150.149167 2.573999 46.586158 -72.647926 -35.467351
-81.563073 150.149517 2.577322 46.569789 -72.640320 -35.450464
-81.564780 150.149867 2.580646 46.553434 -72.632714 -35.433591
-81.566487 150.150218 2.583970 46.537096 -72.625106 -35.416734
-81.568195 150.150568 2.587294 46.520772 -72.617496 -35.399890
-81.569904 150.150918 2.590618 46.504465 -72.609885 -35.383064
-81.571614 150.151269 2.593942 46.488172 -72.602272 -35.366251
-81.573325 150.151619 2.597266 46.471895 -72.594658 -35.349453
-81.575035 150.151969 2.600591 46.455632 -72.587043 -35.332670
-81.576749 150.152319 2.603916 46.439384 -72.579425 -35.315900
-81.578461 150.152669 2.607240 46.423154 -72.571806 -35.299148
-81.580175 150.153019 2.610565 46.406936 -72.564186 -35.282409
-81.581890 150.153369 2.613890 46.390735 -72.556565 -35.265685
-81.583605 150.153719 2.617215 46.374551 -72.548942 -35.248978
-81.585322 150.154069 2.620540 46.358380 -72.541317 -35.232284
-81.587038 150.154419 2.623866 46.342223 -72.533690 -35.215603
-81.588757 150.154769 2.627191 46.326084 -72.526063 -35.198941
-81.590476 150.155119 2.630516 46.309957 -72.518433 -35.182289
-81.592195 150.155468 2.633842 46.293847 -72.510803 -35.165654
-81.593916 150.155819 2.637168 46.277752 -72.503171 -35.149034
-81.595636 150.156169 2.640493 46.261674 -72.495537 -35.132430
-81.597359 150.156518 2.643820 46.245608 -72.487902 -35.115837
-81.599082 150.156868 2.647146 46.229557 -72.480265 -35.099261
-81.600805 150.157217 2.650471 46.213523 -72.472626 -35.082699
-81.602530 150.157568 2.653798 46.197503 -72.464986 -35.066151
-81.604255 150.157917 2.657125 46.181499 -72.457345 -35.049620
-81.605981 150.158267 2.660451 46.165506 -72.449703 -35.033100
-81.607708 150.158616 2.663777 46.149532 -72.442059 -35.016597
-81.609436 150.158966 2.667105 46.133572 -72.434412 -35.000107
-81.611164 150.159316 2.670432 46.117628 -72.426765 -34.983634
-81.612894 150.159665 2.673759 46.101697 -72.419117 -34.967174
-81.614624 150.160015 2.677085 46.085783 -72.411466 -34.950729
-81.616355 150.160364 2.680413 46.069882 -72.403815 -34.934298
-81.618087 150.160713 2.683740 46.053995 -72.396162 -34.917880
-81.619820 150.161062 2.687068 46.038126 -72.388507 -34.901480
-81.621554 150.161411 2.690396 46.022269 -72.380851 -34.885091
-81.623287 150.161762 2.693723 46.006428 -72.373193 -34.868718
-81.625023 150.162111 2.697052 45.990603 -72.365534 -34.852360
-81.626759 150.162460 2.700379 45.974791 -72.357875 -34.836015
-81.628495 150.162809 2.703708 45.958993 -72.350212 -34.819684
-81.630233 150.163158 2.707035 45.943211 -72.342549 -34.803368
-81.631971 150.163507 2.710363 45.927445 -72.334884 -34.787067
-81.633711 150.163856 2.713693 45.911692 -72.327217 -34.770780
-81.635451 150.164206 2.717021 45.895957 -72.319550 -34.754510
-81.637191 150.164555 2.720349 45.880232 -72.311881 -34.738250
-81.638933 150.164904 2.723678 45.864524 -72.304210 -34.722007
-81.640675 150.165253 2.727007 45.848830 -72.296538 -34.705777
-81.642418 150.165602 2.730336 45.833150 -72.288864 -34.689560
-81.644162 150.165951 2.733665 45.817488 -72.281189 -34.673360
-81.645908 150.166299 2.736995 45.801839 -72.273513 -34.657173
-81.647654 150.166648 2.740324 45.786203 -72.265835 -34.641000
-81.649400 150.166997 2.743653 45.770583 -72.258156 -34.624842
-81.651147 150.167347 2.746983 45.754977 -72.250475 -34.608698
-81.652895 150.167696 2.750313 45.739384 -72.242793 -34.592566
-81.654644 150.168044 2.753642 45.723807 -72.235109 -34.576450
-81.656394 150.168393 2.756973 45.708244 -72.227424 -34.560346
-81.658144 150.168742 2.760302 45.692697 -72.219738 -34.544260
-81.659896 150.169090 2.763633 45.677165 -72.212050 -34.528186
-81.661647 150.169439 2.766963 45.661643 -72.204360 -34.512124
-81.663401 150.169787 2.770293 45.646140 -72.196670 -34.496080
-81.665155 150.170136 2.773623 45.630652 -72.188977 -34.480049
-81.666909 150.170484 2.776954 45.615175 -72.181284 -34.464030
-81.668664 150.170833 2.780285 45.599713 -72.173589 -34.448026
-81.670420 150.171181 2.783615 45.584267 -72.165892 -34.432037
-81.672177 150.171530 2.786946 45.568836 -72.158195 -34.416063
-81.673935 150.171878 2.790278 45.553417 -72.150495 -34.400100
-81.675693 150.172226 2.793609 45.538013 -72.142794 -34.384152
-81.677452 150.172575 2.796941 45.522624 -72.135092 -34.368218
-81.679213 150.172923 2.800272 45.507249 -72.127389 -34.352298
-81.680974 150.173272 2.803603 45.491889 -72.119684 -34.336392
-81.682736 150.173621 2.806935 45.476542 -72.111977 -34.320500
-81.684498 150.173969 2.810267 45.461209 -72.104270 -34.304621
-81.686262 150.174317 2.813599 45.445894 -72.096561 -34.288759
-81.688026 150.174665 2.816930 45.430589 -72.088850 -34.272907
-81.689791 150.175013 2.820263 45.415300 -72.081138 -34.257070
-81.691557 150.175361 2.823595 45.400025 -72.073426 -34.241248
-81.693323 150.175710 2.826927 45.384763 -72.065710 -34.225437
-81.695090 150.176058 2.830260 45.369517 -72.057995 -34.209643
-81.696858 150.176406 2.833592 45.354284 -72.050276 -34.193861
-81.698628 150.176754 2.836925 45.339066 -72.042558 -34.178093
-81.700397 150.177102 2.840258 45.323861 -72.034838 -34.162339
-81.702168 150.177450 2.843591 45.308672 -72.027116 -34.146599
-81.703939 150.177798 2.846924 45.293495 -72.019393 -34.130872
-81.705711 150.178145 2.850257 45.278335 -72.011669 -34.115161
-81.707484 150.178493 2.853591 45.263187 -72.003943 -34.099461
-81.709258 150.178841 2.856923 45.248053 -71.996216 -34.083776
-81.711032 150.179189 2.860257 45.232933 -71.988487 -34.068103
-81.712807 150.179537 2.863591 45.217827 -71.980758 -34.052445
-81.714584 150.179885 2.866924 45.202737 -71.973026 -34.036801
-81.716361 150.180231 2.870258 45.187658 -71.965293 -34.021168
-81.718138 150.180579 2.873592 45.172595 -71.957559 -34.005552
-81.719917 150.180927 2.876926 45.157544 -71.949824 -33.989947
-81.721696 150.181274 2.880260 45.142511 -71.942087 -33.974360
-81.723476 150.181622 2.883595 45.127487 -71.934349 -33.958781
-81.725257 150.181970 2.886929 45.112481 -71.926609 -33.943219
-81.727038 150.182317 2.890264 45.097487 -71.918869 -33.927669
-81.728821 150.182665 2.893598 45.082506 -71.911126 -33.912132
-81.730604 150.183012 2.896933 45.067540 -71.903383 -33.896609
-81.732389 150.183360 2.900268 45.052589 -71.895638 -33.881101
-81.734173 150.183707 2.903602 45.037650 -71.887892 -33.865605
-81.735959 150.184055 2.906937 45.022727 -71.880145 -33.850123
-81.737744 150.184402 2.910273 45.007816 -71.872396 -33.834654
-81.739532 150.184749 2.913609 44.992918 -71.864645 -33.819198
-81.741320 150.185097 2.916943 44.978036 -71.856894 -33.803758
-81.743109 150.185444 2.920279 44.963166 -71.849141 -33.788328
-81.744898 150.185791 2.923615 44.948312 -71.841387 -33.772914
-81.746689 150.186138 2.926950 44.933469 -71.833631 -33.757511
-81.748480 150.186485 2.930287 44.918641 -71.825874 -33.742122
-81.750271 150.186832 2.933622 44.903827 -71.818116 -33.726748
-81.752065 150.187179 2.936958 44.889028 -71.810356 -33.711387
-81.753858 150.187526 2.940294 44.874240 -71.802595 -33.696037
-81.755652 150.187873 2.943630 44.859466 -71.794833 -33.680701
-81.757447 150.188221 2.946967 44.844707 -71.787069 -33.665379
-81.759243 150.188568 2.950303 44.829963 -71.779304 -33.650072
-81.761039 150.188915 2.953640 44.815229 -71.771538 -33.634774
-81.762837 150.189261 2.956977 44.800512 -71.763770 -33.619494
-81.764635 150.189608 2.960314 44.785807 -71.756001 -33.604225
-81.766433 150.189955 2.963651 44.771117 -71.748231 -33.588970
-81.768233 150.190302 2.966988 44.756440 -71.740460 -33.573728
