-78.417973 151.455830 16.562181 26.811914 -38.625398 -14.323755
-78.413244 151.455899 16.562214 26.811917 -38.625314 -14.324453
-78.408516 151.455968 16.562247 26.811920 -38.625232 -14.325153
-78.403787 151.456036 16.562279 26.811924 -38.625150 -14.325852
-78.399059 151.456105 16.562310 26.811929 -38.625071 -14.326553
-78.394330 151.456173 16.562341 26.811933 -38.624993 -14.327253
-78.389601 151.456242 16.562371 26.811938 -38.624916 -14.327954
-78.384872 151.456309 16.562401 26.811942 -38.624841 -14.328654
-78.380141 151.456378 16.562430 26.811947 -38.624768 -14.329355
-78.375412 151.456446 16.562459 26.811952 -38.624695 -14.330056
-78.370683 151.456514 16.562487 26.811957 -38.624623 -14.330758
-78.365953 151.456583 16.562513 26.811963 -38.624555 -14.331459
-78.361223 151.456651 16.562540 26.811968 -38.624486 -14.332162
-78.356494 151.456719 16.562566 26.811975 -38.624419 -14.332864
-78.351764 151.456787 16.562592 26.811980 -38.624354 -14.333567
-78.347034 151.456855 16.562617 26.811986 -38.624290 -14.334269
-78.342303 151.456922 16.562641 26.811993 -38.624228 -14.334973
-78.337573 151.456991 16.562665 26.811999 -38.624166 -14.335676
-78.332843 151.457058 16.562687 26.812007 -38.624107 -14.336380
-78.328112 151.457126 16.562710 26.812013 -38.624049 -14.337084
-78.323382 151.457194 16.562732 26.812021 -38.623992 -14.337788
-78.318651 151.457262 16.562754 26.812028 -38.623936 -14.338493
-78.313920 151.457330 16.562774 26.812036 -38.623882 -14.339198
-78.309190 151.457398 16.562794 26.812043 -38.623830 -14.339902
-78.304459 151.457465 16.562814 26.812050 -38.623778 -14.340607
-78.299727 151.457532 16.562833 26.812058 -38.623728 -14.341312
-78.294996 151.457600 16.562852 26.812067 -38.623680 -14.342019
-78.290265 151.457667 16.562869 26.812075 -38.623633 -14.342724
-78.285533 151.457735 16.562886 26.812084 -38.623588 -14.343431
-78.280802 151.457803 16.562903 26.812093 -38.623543 -14.344137
-78.276070 151.457869 16.562919 26.812102 -38.623501 -14.344844
-78.271338 151.457937 16.562935 26.812111 -38.623459 -14.345551
-78.266606 151.458004 16.562950 26.812121 -38.623420 -14.346259
-78.261874 151.458071 16.562963 26.812129 -38.623380 -14.346965
-78.257142 151.458139 16.562977 26.812139 -38.623344 -14.347673
-78.252410 151.458206 16.562990 26.812149 -38.623308 -14.348382
-78.247678 151.458272 16.563003 26.812160 -38.623273 -14.349090
-78.242945 151.458339 16.563015 26.812170 -38.623240 -14.349798
-78.238213 151.458407 16.563026 26.812181 -38.623209 -14.350508
-78.233481 151.458474 16.563037 26.812191 -38.623179 -14.351216
-78.228748 151.458541 16.563047 26.812201 -38.623149 -14.351925
-78.224015 151.458607 16.563056 26.812212 -38.623122 -14.352635
-78.219282 151.458674 16.563066 26.812224 -38.623096 -14.353345
-78.214549 151.458741 16.563074 26.812235 -38.623072 -14.354055
-78.209817 151.458808 16.563081 26.812246 -38.623048 -14.354765
-78.205083 151.458875 16.563089 26.812259 -38.623027 -14.355476
-78.200350 151.458940 16.563096 26.812270 -38.623006 -14.356186
-78.195616 151.459007 16.563101 26.812282 -38.622987 -14.356898
-78.190884 151.459074 16.563107 26.812294 -38.622969 -14.357609
-78.186150 151.459141 16.563113 26.812306 -38.622953 -14.358321
-78.181416 151.459207 16.563117 26.812320 -38.622938 -14.359033
-78.176683 151.459273 16.563120 26.812332 -38.622924 -14.359744
-78.171949 151.459340 16.563124 26.812345 -38.622912 -14.360457
-78.167215 151.459406 16.563127 26.812358 -38.622901 -14.361170
-78.162481 151.459473 16.563129 26.812372 -38.622891 -14.361882
-78.157747 151.459538 16.563129 26.812386 -38.622883 -14.362595
-78.153013 151.459605 16.563131 26.812399 -38.622877 -14.363309
-78.148279 151.459671 16.563132 26.812413 -38.622871 -14.364022
-78.143545 151.459737 16.563131 26.812427 -38.622867 -14.364736
-78.138810 151.459803 16.563130 26.812441 -38.622865 -14.365450
-78.134076 151.459869 16.563128 26.812455 -38.622863 -14.366165
-78.129341 151.459935 16.563126 26.812470 -38.622863 -14.366879
-78.124607 151.460001 16.563124 26.812484 -38.622865 -14.367594
-78.119871 151.460066 16.563121 26.812501 -38.622868 -14.368310
-78.115137 151.460133 16.563117 26.812515 -38.622873 -14.369024
-78.110402 151.460199 16.563113 26.812530 -38.622878 -14.369740
-78.105667 151.460265 16.563108 26.812545 -38.622885 -14.370456
-78.100932 151.460330 16.563102 26.812561 -38.622893 -14.371171
-78.096197 151.460396 16.563096 26.812577 -38.622903 -14.371888
-78.091461 151.460461 16.563090 26.812593 -38.622913 -14.372605
-78.086726 151.460526 16.563083 26.812609 -38.622926 -14.373322
-78.081991 151.460592 16.563075 26.812626 -38.622940 -14.374038
-78.077255 151.460658 16.563067 26.812642 -38.622955 -14.374756
-78.072519 151.460724 16.563058 26.812660 -38.622972 -14.375474
-78.067784 151.460788 16.563049 26.812676 -38.622990 -14.376191
-78.063048 151.460854 16.563039 26.812693 -38.623008 -14.376910
-78.058312 151.460920 16.563028 26.812710 -38.623029 -14.377628
-78.053576 151.460984 16.563017 26.812728 -38.623051 -14.378346
-78.048840 151.461050 16.563006 26.812746 -38.623074 -14.379066
-78.044104 151.461115 16.562994 26.812763 -38.623099 -14.379784
-78.039368 151.461180 16.562981 26.812781 -38.623124 -14.380503
-78.034632 151.461245 16.562967 26.812799 -38.623151 -14.381223
-78.029896 151.461311 16.562954 26.812817 -38.623180 -14.381942
-78.025159 151.461375 16.562939 26.812836 -38.623210 -14.382662
-78.020423 151.461440 16.562924 26.812854 -38.623241 -14.383383
-78.015686 151.461506 16.562909 26.812874 -38.623274 -14.384103
-78.010950 151.461570 16.562892 26.812893 -38.623308 -14.384824
-78.006213 151.461635 16.562875 26.812912 -38.623343 -14.385545
-78.001476 151.461700 16.562858 26.812931 -38.623381 -14.386266
-77.996739 151.461764 16.562840 26.812951 -38.623418 -14.386988
-77.992003 151.461830 16.562822 26.812971 -38.623458 -14.387709
-77.987265 151.461895 16.562803 26.812989 -38.623498 -14.388431
-77.982528 151.461959 16.562783 26.813010 -38.623540 -14.389153
-77.977791 151.462024 16.562763 26.813030 -38.623583 -14.389876
-77.973054 151.462088 16.562742 26.813051 -38.623628 -14.390599
-77.968317 151.462152 16.562721 26.813071 -38.623674 -14.391321
-77.963579 151.462217 16.562700 26.813092 -38.623721 -14.392045
-77.958842 151.462281 16.562677 26.813114 -38.623770 -14.392768
-77.954104 151.462346 16.562654 26.813134 -38.623820 -14.393491
-77.949367 151.462410 16.562631 26.813156 -38.623871 -14.394215
-77.944630 151.462474 16.562607 26.813177 -38.623924 -14.394940
-77.939891 151.462539 16.562582 26.813198 -38.623978 -14.395663
-77.935154 151.462603 16.562557 26.813220 -38.624033 -14.396388
-77.930416 151.462667 16.562531 26.813242 -38.624090 -14.397113
-77.925678 151.462732 16.562505 26.813264 -38.624147 -14.397837
-77.920940 151.462795 16.562479 26.813286 -38.624207 -14.398563
-77.916202 151.462860 16.562451 26.813309 -38.624268 -14.399289
-77.911464 151.462923 16.562423 26.813332 -38.624330 -14.400014
-77.906726 151.462987 16.562395 26.813354 -38.624393 -14.400740
-77.901987 151.463052 16.562366 26.813378 -38.624457 -14.401466
-77.897249 151.463115 16.562336 26.813401 -38.624523 -14.402193
-77.892511 151.463179 16.562306 26.813424 -38.624591 -14.402920
-77.887772 151.463242 16.562275 26.813447 -38.624659 -14.403646
-77.883033 151.463307 16.562244 26.813470 -38.624728 -14.404373
-77.878295 151.463371 16.562212 26.813495 -38.624800 -14.405101
-77.873556 151.463434 16.562181 26.813519 -38.624872 -14.405829
-77.868818 151.463498 16.562147 26.813543 -38.624946 -14.406557
-77.864079 151.463561 16.562114 26.813567 -38.625021 -14.407284
-77.859340 151.463625 16.562080 26.813592 -38.625097 -14.408013
-77.854601 151.463688 16.562045 26.813617 -38.625175 -14.408742
-77.849862 151.463752 16.562011 26.813642 -38.625254 -14.409470
-77.845124 151.463815 16.561975 26.813667 -38.625334 -14.410200
-77.840384 151.463879 16.561939 26.813692 -38.625416 -14.410928
-77.835645 151.463941 16.561902 26.813717 -38.625498 -14.411658
-77.830905 151.464005 16.561865 26.813743 -38.625583 -14.412388
-77.826167 151.464069 16.561827 26.813768 -38.625668 -14.413118
-77.821427 151.464132 16.561788 26.813795 -38.625755 -14.413848
-77.816687 151.464195 16.561750 26.813821 -38.625843 -14.414579
-77.811948 151.464258 16.561710 26.813847 -38.625933 -14.415310
-77.807209 151.464322 16.561671 26.813872 -38.626023 -14.416040
-77.802469 151.464384 16.561630 26.813900 -38.626115 -14.416772
-77.797729 151.464448 16.561589 26.813927 -38.626208 -14.417503
-77.792989 151.464510 16.561548 26.813953 -38.626303 -14.418234
-77.788250 151.464573 16.561505 26.813981 -38.626399 -14.418967
-77.783510 151.464636 16.561463 26.814008 -38.626496 -14.419698
-77.778770 151.464699 16.561420 26.814035 -38.626594 -14.420431
-77.774030 151.464762 16.561376 26.814062 -38.626694 -14.421163
-77.769291 151.464825 16.561331 26.814090 -38.626795 -14.421895
-77.764551 151.464887 16.561286 26.814118 -38.626898 -14.422628
-77.759810 151.464950 16.561241 26.814146 -38.627001 -14.423362
-77.755070 151.465012 16.561195 26.814174 -38.627106 -14.424095
-77.750330 151.465075 16.561149 26.814202 -38.627212 -14.424829
-77.745590 151.465138 16.561103 26.814231 -38.627319 -14.425562
-77.740850 151.465200 16.561055 26.814260 -38.627428 -14.426297
-77.736109 151.465263 16.561007 26.814288 -38.627537 -14.427031
-77.731369 151.465325 16.560958 26.814318 -38.627649 -14.427765
-77.726628 151.465388 16.560909 26.814347 -38.627762 -14.428501
-77.721888 151.465450 16.560859 26.814376 -38.627875 -14.429235
-77.717148 151.465512 16.560809 26.814405 -38.627990 -14.429971
-77.712406 151.465574 16.560759 26.814435 -38.628107 -14.430706
-77.707666 151.465636 16.560707 26.814465 -38.628224 -14.431441
-77.702925 151.465699 16.560655 26.814496 -38.628343 -14.432178
-77.698185 151.465760 16.560603 26.814526 -38.628464 -14.432914
-77.693444 151.465823 16.560551 26.814555 -38.628585 -14.433650
-77.688703 151.465885 16.560497 26.814587 -38.628707 -14.434387
-77.683962 151.465947 16.560443 26.814617 -38.628831 -14.435124
-77.679221 151.466009 16.560389 26.814649 -38.628957 -14.435861
-77.674480 151.466071 16.560334 26.814679 -38.629083 -14.436598
-77.669740 151.466133 16.560278 26.814710 -38.629211 -14.437335
-77.664998 151.466194 16.560222 26.814741 -38.629340 -14.438073
-77.660257 151.466257 16.560165 26.814773 -38.629471 -14.438811
-77.655516 151.466318 16.560109 26.814805 -38.629602 -14.439550
-77.650775 151.466380 16.560051 26.814837 -38.629735 -14.440288
-77.646034 151.466442 16.559993 26.814868 -38.629869 -14.441026
-77.641292 151.466503 16.559934 26.814901 -38.630004 -14.441765
-77.636551 151.466564 16.559875 26.814933 -38.630141 -14.442504
-77.631810 151.466627 16.559815 26.814965 -38.630278 -14.443243
-77.627068 151.466688 16.559755 26.814998 -38.630417 -14.443984
-77.622326 151.466750 16.559694 26.815031 -38.630559 -14.444723
-77.617585 151.466811 16.559633 26.815064 -38.630699 -14.445463
-77.612844 151.466872 16.559571 26.815097 -38.630843 -14.446203
-77.608102 151.466934 16.559508 26.815131 -38.630987 -14.446944
-77.603360 151.466995 16.559445 26.815164 -38.631132 -14.447683
-77.598619 151.467056 16.559382 26.815197 -38.631279 -14.448424
-77.593877 151.467118 16.559319 26.815231 -38.631427 -14.449165
-77.589136 151.467179 16.559253 26.815266 -38.631575 -14.449908
-77.584394 151.467240 16.559189 26.815299 -38.631726 -14.450649
-77.579652 151.467301 16.559123 26.815334 -38.631878 -14.451391
-77.574910 151.467362 16.559057 26.815368 -38.632031 -14.452132
-77.570168 151.467423 16.558991 26.815403 -38.632185 -14.452875
-77.565427 151.467485 16.558924 26.815437 -38.632339 -14.453617
-77.560684 151.467545 16.558856 26.815473 -38.632497 -14.454360
-77.555942 151.467606 16.558788 26.815507 -38.632654 -14.455102
-77.551201 151.467667 16.558719 26.815542 -38.632813 -14.455844
-77.546458 151.467728 16.558650 26.815578 -38.632974 -14.456588
-77.541716 151.467788 16.558581 26.815614 -38.633135 -14.457332
-77.536974 151.467849 16.558510 26.815649 -38.633298 -14.458075
-77.532232 151.467910 16.558439 26.815685 -38.633461 -14.458820
-77.527489 151.467971 16.558368 26.815721 -38.633627 -14.459563
-77.522747 151.468031 16.558296 26.815757 -38.633794 -14.460308
-77.518005 151.468092 16.558224 26.815793 -38.633961 -14.461052
-77.513263 151.468153 16.558152 26.815830 -38.634130 -14.461797
-77.508520 151.468213 16.558079 26.815867 -38.634300 -14.462542
-77.503778 151.468274 16.558005 26.815904 -38.634472 -14.463288
-77.499036 151.468334 16.557930 26.815941 -38.634644 -14.464033
-77.494293 151.468395 16.557856 26.815978 -38.634818 -14.464778
-77.489551 151.468455 16.557781 26.816015 -38.634993 -14.465524
-77.484808 151.468515 16.557705 26.816053 -38.635169 -14.466270
-77.480066 151.468576 16.557628 26.816090 -38.635347 -14.467017
-77.475323 151.468636 16.557551 26.816128 -38.635526 -14.467763
-77.470581 151.468696 16.557474 26.816166 -38.635706 -14.468510
-77.465838 151.468756 16.557396 26.816205 -38.635887 -14.469257
-77.461096 151.468817 16.557318 26.816243 -38.636069 -14.470004
-77.456353 151.468876 16.557238 26.816280 -38.636253 -14.470751
-77.451610 151.468936 16.557160 26.816319 -38.636437 -14.471499
-77.446867 151.468996 16.557080 26.816358 -38.636623 -14.472246
-77.442124 151.469056 16.556999 26.816397 -38.636810 -14.472994
-77.437382 151.469117 16.556918 26.816435 -38.636999 -14.473742
-77.432639 151.469176 16.556836 26.816475 -38.637188 -14.474490
-77.427897 151.469236 16.556755 26.816514 -38.637380 -14.475239
-77.423153 151.469296 16.556672 26.816554 -38.637572 -14.475989
-77.418411 151.469355 16.556590 26.816593 -38.637765 -14.476737
-77.413668 151.469416 16.556506 26.816634 -38.637959 -14.477487
-77.408925 151.469475 16.556422 26.816673 -38.638155 -14.478236
-77.404182 151.469535 16.556337 26.816713 -38.638352 -14.478985
-77.399439 151.469594 16.556252 26.816754 -38.638550 -14.479736
-77.394696 151.469653 16.556167 26.816794 -38.638750 -14.480485
-77.389953 151.469714 16.556080 26.816834 -38.638950 -14.481236
-77.385210 151.469773 16.555994 26.816875 -38.639151 -14.481987
-77.380468 151.469832 16.555907 26.816916 -38.639355 -14.482737
-77.375725 151.469892 16.555820 26.816957 -38.639558 -14.483488
-77.370981 151.469951 16.555732 26.816998 -38.639764 -14.484239
-77.366239 151.470010 16.555643 26.817040 -38.639970 -14.484990
-77.361495 151.470069 16.555554 26.817081 -38.640178 -14.485742
-77.356752 151.470129 16.555465 26.817123 -38.640387 -14.486493
-77.352009 151.470189 16.555375 26.817165 -38.640597 -14.487245
-77.347265 151.470248 16.555284 26.817206 -38.640809 -14.487997
-77.342522 151.470307 16.555194 26.817249 -38.641021 -14.488750
-77.337779 151.470366 16.555102 26.817291 -38.641235 -14.489503
-77.333036 151.470425 16.555009 26.817333 -38.641450 -14.490255
-77.328293 151.470483 16.554918 26.817376 -38.641665 -14.491008
-77.323551 151.470542 16.554825 26.817419 -38.641883 -14.491762
-77.318807 151.470601 16.554731 26.817462 -38.642102 -14.492515
-77.314064 151.470661 16.554636 26.817504 -38.642321 -14.493268
-77.309321 151.470720 16.554542 26.817548 -38.642541 -14.494022
-77.304577 151.470779 16.554448 26.817591 -38.642764 -14.494776
-77.299834 151.470837 16.554352 26.817635 -38.642987 -14.495531
-77.295090 151.470896 16.554256 26.817678 -38.643211 -14.496284
-77.290347 151.470955 16.554159 26.817722 -38.643437 -14.497039
-77.285604 151.471013 16.554062 26.817766 -38.643663 -14.497795
-77.280861 151.471072 16.553965 26.817809 -38.643892 -14.498548
-77.276118 151.471130 16.553867 26.817854 -38.644120 -14.499304
-77.271374 151.471189 16.553769 26.817898 -38.644351 -14.500060
-77.266631 151.471247 16.553669 26.817943 -38.644582 -14.500815
-77.261887 151.471306 16.553570 26.817988 -38.644815 -14.501571
-77.257144 151.471364 16.553470 26.818032 -38.645049 -14.502327
-77.252401 151.471422 16.553370 26.818078 -38.645283 -14.503083
-77.247657 151.471481 16.553269 26.818123 -38.645519 -14.503840
-77.242914 151.471539 16.553167 26.818168 -38.645757 -14.504596
-77.238171 151.471598 16.553065 26.818214 -38.645995 -14.505354
-77.233427 151.471657 16.552963 26.818259 -38.646234 -14.506111
-77.228683 151.471715 16.552860 26.818305 -38.646475 -14.506868
-77.223940 151.471773 16.552757 26.818350 -38.646717 -14.507625
-77.219197 151.471831 16.552653 26.818397 -38.646960 -14.508383
-77.214453 151.471889 16.552549 26.818443 -38.647204 -14.509141
-77.209710 151.471947 16.552444 26.818489 -38.647449 -14.509899
-77.204967 151.472005 16.552339 26.818536 -38.647697 -14.510657
-77.200223 151.472062 16.552233 26.818582 -38.647944 -14.511415
-77.195480 151.472120 16.552126 26.818630 -38.648193 -14.512174
-77.190736 151.472178 16.552020 26.818675 -38.648443 -14.512933
-77.185993 151.472236 16.551913 26.818723 -38.648694 -14.513692
-77.181250 151.472294 16.551805 26.818770 -38.648947 -14.514451
-77.176506 151.472352 16.551697 26.818817 -38.649200 -14.515210
-77.171762 151.472409 16.551588 26.818865 -38.649455 -14.515971
-77.167019 151.472467 16.551479 26.818912 -38.649710 -14.516730
-77.162275 151.472525 16.551369 26.818961 -38.649968 -14.517491
-77.157533 151.472583 16.551260 26.819009 -38.650225 -14.518250
-77.152789 151.472640 16.551148 26.819056 -38.650485 -14.519010
-77.148045 151.472698 16.551037 26.819105 -38.650745 -14.519772
-77.143302 151.472755 16.550926 26.819153 -38.651007 -14.520532
-77.138558 151.472813 16.550814 26.819202 -38.651270 -14.521293
-77.133815 151.472871 16.550701 26.819251 -38.651533 -14.522054
-77.129072 151.472928 16.550588 26.819299 -38.651798 -14.522816
-77.124329 151.472985 16.550475 26.819348 -38.652065 -14.523577
-77.119585 151.473043 16.550361 26.819397 -38.652332 -14.524339
-77.114842 151.473100 16.550247 26.819447 -38.652600 -14.525102
-77.110098 151.473157 16.550132 26.819496 -38.652870 -14.525863
-77.105355 151.473214 16.550016 26.819546 -38.653141 -14.526625
-77.100611 151.473271 16.549900 26.819595 -38.653413 -14.527389
-77.095868 151.473329 16.549784 26.819646 -38.653686 -14.528151
-77.091124 151.473386 16.549667 26.819695 -38.653960 -14.528914
-77.086381 151.473443 16.549550 26.819745 -38.654235 -14.529676
-77.081637 151.473500 16.549431 26.819796 -38.654512 -14.530440
-77.076894 151.473557 16.549314 26.819846 -38.654788 -14.531204
-77.072151 151.473613 16.549195 26.819897 -38.655068 -14.531967
-77.067407 151.473670 16.549076 26.819947 -38.655348 -14.532731
-77.062664 151.473727 16.548956 26.819999 -38.655628 -14.533495
-77.057921 151.473784 16.548836 26.820050 -38.655910 -14.534260
-77.053178 151.473841 16.548715 26.820101 -38.656194 -14.535025
-77.048434 151.473898 16.548594 26.820152 -38.656478 -14.535789
-77.043691 151.473954 16.548472 26.820203 -38.656763 -14.536554
-77.038947 151.474011 16.548351 26.820254 -38.657049 -14.537319
-77.034204 151.474068 16.548228 26.820307 -38.657337 -14.538085
-77.029461 151.474125 16.548105 26.820359 -38.657625 -14.538850
-77.024718 151.474181 16.547981 26.820411 -38.657915 -14.539615
-77.019975 151.474238 16.547858 26.820462 -38.658207 -14.540382
-77.015232 151.474294 16.547733 26.820514 -38.658499 -14.541147
-77.010488 151.474351 16.547609 26.820567 -38.658793 -14.541913
-77.005745 151.474407 16.547483 26.820620 -38.659087 -14.542679
-77.001002 151.474464 16.547357 26.820673 -38.659382 -14.543447
-76.996258 151.474519 16.547231 26.820725 -38.659678 -14.544213
-76.991516 151.474576 16.547105 26.820779 -38.659977 -14.544980
-76.986773 151.474632 16.546977 26.820832 -38.660275 -14.545748
-76.982030 151.474689 16.546850 26.820884 -38.660575 -14.546514
-76.977287 151.474745 16.546722 26.820939 -38.660876 -14.547283
-76.972544 151.474801 16.546593 26.820992 -38.661178 -14.548050
-76.967800 151.474857 16.546464 26.821046 -38.661481 -14.548818
-76.963057 151.474913 16.546334 26.821099 -38.661786 -14.549586
-76.958314 151.474970 16.546205 26.821153 -38.662091 -14.550354
-76.953571 151.475025 16.546074 26.821207 -38.662398 -14.551123
-76.948828 151.475081 16.545943 26.821261 -38.662705 -14.551891
-76.944085 151.475137 16.545812 26.821316 -38.663014 -14.552660
-76.939342 151.475194 16.545680 26.821371 -38.663324 -14.553429
-76.934599 151.475249 16.545548 26.821425 -38.663635 -14.554198
-76.929856 151.475305 16.545415 26.821480 -38.663947 -14.554967
-76.925113 151.475361 16.545282 26.821535 -38.664261 -14.555737
-76.920370 151.475416 16.545149 26.821591 -38.664574 -14.556507
-76.915628 151.475472 16.545014 26.821646 -38.664890 -14.557277
-76.910885 151.475528 16.544880 26.821702 -38.665207 -14.558047
-76.906142 151.475583 16.544744 26.821757 -38.665525 -14.558818
-76.901399 151.475639 16.544609 26.821812 -38.665842 -14.559588
-76.896657 151.475695 16.544473 26.821869 -38.666162 -14.560358
-76.891914 151.475750 16.544337 26.821923 -38.666483 -14.561129
-76.887171 151.475805 16.544200 26.821980 -38.666805 -14.561901
-76.882428 151.475861 16.544063 26.822036 -38.667128 -14.562672
-76.877686 151.475916 16.543924 26.822092 -38.667453 -14.563443
-76.872944 151.475972 16.543787 26.822149 -38.667778 -14.564215
-76.868201 151.476028 16.543648 26.822206 -38.668104 -14.564986
-76.863458 151.476082 16.543509 26.822262 -38.668431 -14.565758
-76.858715 151.476138 16.543369 26.822319 -38.668760 -14.566531
-76.853973 151.476193 16.543230 26.822376 -38.669089 -14.567303
-76.849230 151.476248 16.543089 26.822434 -38.669420 -14.568075
-76.844488 151.476304 16.542948 26.822491 -38.669751 -14.568848
-76.839745 151.476359 16.542807 26.822548 -38.670084 -14.569621
-76.835004 151.476414 16.542665 26.822606 -38.670418 -14.570394
-76.830261 151.476469 16.542522 26.822664 -38.670753 -14.571168
-76.825518 151.476523 16.542380 26.822722 -38.671088 -14.571940
-76.820776 151.476579 16.542236 26.822779 -38.671426 -14.572714
-76.816034 151.476634 16.542093 26.822838 -38.671764 -14.573487
-76.811292 151.476689 16.541948 26.822896 -38.672103 -14.574262
-76.806550 151.476744 16.541804 26.822954 -38.672443 -14.575036
-76.801808 151.476798 16.541660 26.823013 -38.672785 -14.575810
-76.797065 151.476853 16.541514 26.823071 -38.673127 -14.576584
-76.792323 151.476909 16.541367 26.823130 -38.673470 -14.577360
-76.787581 151.476963 16.541221 26.823189 -38.673816 -14.578134
-76.782839 151.477018 16.541075 26.823249 -38.674161 -14.578910
-76.778097 151.477072 16.540928 26.823308 -38.674507 -14.579685
-76.773356 151.477127 16.540780 26.823367 -38.674855 -14.580460
-76.768614 151.477181 16.540631 26.823427 -38.675204 -14.581236
-76.763872 151.477236 16.540483 26.823486 -38.675554 -14.582010
-76.759130 151.477290 16.540334 26.823546 -38.675905 -14.582786
-76.754388 151.477345 16.540185 26.823606 -38.676257 -14.583564
-76.749646 151.477399 16.540035 26.823666 -38.676610 -14.584339
-76.744904 151.477454 16.539885 26.823727 -38.676964 -14.585116
-76.740163 151.477508 16.539734 26.823787 -38.677319 -14.585892
-76.735420 151.477563 16.539582 26.823847 -38.677676 -14.586669
-76.730679 151.477616 16.539431 26.823907 -38.678033 -14.587446
-76.725937 151.477671 16.539278 26.823968 -38.678391 -14.588222
-76.721196 151.477725 16.539126 26.824029 -38.678751 -14.589000
-76.716455 151.477780 16.538973 26.824090 -38.679112 -14.589778
-76.711713 151.477833 16.538819 26.824151 -38.679472 -14.590555
-76.706971 151.477888 16.538666 26.824212 -38.679835 -14.591333
-76.702230 151.477942 16.538511 26.824273 -38.680199 -14.592111
-76.697489 151.477996 16.538357 26.824335 -38.680564 -14.592889
-76.692748 151.478050 16.538202 26.824397 -38.680929 -14.593668
-76.688006 151.478104 16.538045 26.824458 -38.681296 -14.594446
-76.683265 151.478158 16.537890 26.824520 -38.681664 -14.595224
-76.678524 151.478212 16.537734 26.824582 -38.682033 -14.596003
-76.673782 151.478266 16.537576 26.824645 -38.682403 -14.596783
-76.669041 151.478319 16.537419 26.824706 -38.682774 -14.597562
-76.664300 151.478373 16.537261 26.824770 -38.683146 -14.598342
-76.659559 151.478427 16.537102 26.824833 -38.683519 -14.599121
-76.654818 151.478481 16.536944 26.824894 -38.683894 -14.599901
-76.650076 151.478534 16.536785 26.824958 -38.684268 -14.600681
-76.645336 151.478589 16.536625 26.825020 -38.684645 -14.601460
-76.640595 151.478642 16.536465 26.825084 -38.685023 -14.602241
-76.635854 151.478695 16.536305 26.825147 -38.685401 -14.603022
-76.631113 151.478749 16.536144 26.825210 -38.685780 -14.603801
-76.626372 151.478802 16.535982 26.825274 -38.686161 -14.604583
-76.621632 151.478856 16.535820 26.825338 -38.686542 -14.605364
-76.616890 151.478909 16.535658 26.825402 -38.686925 -14.606145
-76.612149 151.478962 16.535495 26.825465 -38.687308 -14.606927
-76.607409 151.479016 16.535332 26.825529 -38.687692 -14.607708
-76.602668 151.479069 16.535169 26.825594 -38.688079 -14.608490
-76.597928 151.479122 16.535005 26.825658 -38.688465 -14.609272
-76.593187 151.479176 16.534840 26.825722 -38.688853 -14.610053
-76.588446 151.479229 16.534676 26.825787 -38.689241 -14.610836
-76.583706 151.479282 16.534510 26.825851 -38.689632 -14.611618
-76.578966 151.479336 16.534345 26.825916 -38.690023 -14.612401
-76.574226 151.479389 16.534179 26.825981 -38.690414 -14.613184
-76.569485 151.479441 16.534012 26.826046 -38.690808 -14.613966
-76.564745 151.479495 16.533845 26.826111 -38.691201 -14.614749
-76.560004 151.479548 16.533677 26.826176 -38.691597 -14.615532
-76.555264 151.479601 16.533510 26.826242 -38.691993 -14.616316
-76.550524 151.479654 16.533342 26.826308 -38.692389 -14.617099
-76.545783 151.479707 16.533172 26.826374 -38.692788 -14.617883
-76.541043 151.479759 16.533003 26.826439 -38.693186 -14.618667
-76.536303 151.479813 16.532833 26.826505 -38.693587 -14.619451
-76.531563 151.479865 16.532664 26.826571 -38.693989 -14.620235
-76.526823 151.479918 16.532493 26.826638 -38.694391 -14.621020
-76.522083 151.479970 16.532322 26.826704 -38.694794 -14.621804
-76.517344 151.480024 16.532151 26.826771 -38.695198 -14.622590
-76.512603 151.480076 16.531979 26.826837 -38.695604 -14.623374
-76.507864 151.480129 16.531807 26.826904 -38.696010 -14.624159
-76.503124 151.480181 16.531635 26.826971 -38.696417 -14.624944
-76.498384 151.480234 16.531461 26.827038 -38.696826 -14.625730
-76.493644 151.480287 16.531288 26.827105 -38.697236 -14.626515
-76.488905 151.480339 16.531114 26.827172 -38.697645 -14.627301
-76.484165 151.480391 16.530940 26.827240 -38.698057 -14.628087
-76.479426 151.480444 16.530765 26.827308 -38.698470 -14.628874
-76.474686 151.480496 16.530589 26.827375 -38.698884 -14.629659
-76.469947 151.480549 16.530414 26.827443 -38.699298 -14.630446
-76.465206 151.480601 16.530237 26.827510 -38.699713 -14.631233
-76.460467 151.480653 16.530061 26.827578 -38.700130 -14.632019
-76.455728 151.480706 16.529884 26.827647 -38.700548 -14.632806
-76.450988 151.480758 16.529707 26.827715 -38.700967 -14.633593
-76.446249 151.480810 16.529529 26.827783 -38.701386 -14.634381
-76.441510 151.480862 16.529351 26.827852 -38.701807 -14.635168
-76.436771 151.480914 16.529172 26.827920 -38.702229 -14.635955
-76.432032 151.480966 16.528993 26.827990 -38.702652 -14.636743
-76.427292 151.481019 16.528814 26.828059 -38.703075 -14.637532
-76.422553 151.481070 16.528634 26.828128 -38.703500 -14.638320
-76.417814 151.481122 16.528454 26.828197 -38.703926 -14.639108
-76.413075 151.481174 16.528273 26.828267 -38.704353 -14.639896
-76.408336 151.481226 16.528091 26.828335 -38.704780 -14.640685
-76.403598 151.481277 16.527910 26.828406 -38.705209 -14.641474
-76.398859 151.481330 16.527728 26.828476 -38.705639 -14.642263
-76.394120 151.481382 16.527546 26.828545 -38.706070 -14.643052
-76.389381 151.481433 16.527363 26.828615 -38.706502 -14.643841
-76.384642 151.481485 16.527180 26.828686 -38.706935 -14.644631
-76.379904 151.481537 16.526996 26.828755 -38.707368 -14.645421
-76.375165 151.481588 16.526811 26.828826 -38.707803 -14.646210
-76.370427 151.481640 16.526627 26.828896 -38.708240 -14.647000
-76.365688 151.481691 16.526442 26.828967 -38.708676 -14.647791
-76.360949 151.481743 16.526257 26.829037 -38.709115 -14.648580
-76.356211 151.481794 16.526071 26.829108 -38.709554 -14.649371
-76.351473 151.481846 16.525884 26.829179 -38.709993 -14.650161
-76.346734 151.481898 16.525698 26.829251 -38.710434 -14.650953
-76.341996 151.481949 16.525511 26.829322 -38.710876 -14.651743
-76.337257 151.482000 16.525324 26.829393 -38.711319 -14.652535
-76.332520 151.482052 16.525135 26.829465 -38.711764 -14.653326
-76.327781 151.482103 16.524947 26.829537 -38.712208 -14.654118
-76.323043 151.482154 16.524758 26.829608 -38.712655 -14.654909
-76.318305 151.482205 16.524569 26.829680 -38.713101 -14.655701
-76.313567 151.482257 16.524380 26.829752 -38.713549 -14.656492
-76.308830 151.482308 16.524190 26.829824 -38.713998 -14.657285
-76.304091 151.482359 16.523999 26.829897 -38.714448 -14.658077
-76.299354 151.482410 16.523808 26.829969 -38.714899 -14.658870
-76.294616 151.482461 16.523616 26.830042 -38.715351 -14.659663
-76.289877 151.482512 16.523425 26.830114 -38.715804 -14.660455
-76.285140 151.482563 16.523233 26.830186 -38.716259 -14.661248
-76.280402 151.482614 16.523040 26.830260 -38.716713 -14.662041
-76.275665 151.482665 16.522847 26.830333 -38.717169 -14.662834
-76.270927 151.482716 16.522654 26.830406 -38.717626 -14.663628
-76.266189 151.482767 16.522460 26.830480 -38.718084 -14.664422
-76.261452 151.482818 16.522266 26.830553 -38.718543 -14.665215
-76.256714 151.482868 16.522072 26.830626 -38.719003 -14.666009
-76.251976 151.482919 16.521876 26.830699 -38.719464 -14.666802
-76.247239 151.482970 16.521681 26.830774 -38.719927 -14.667597
-76.242503 151.483021 16.521485 26.830848 -38.720389 -14.668392
-76.237765 151.483071 16.521289 26.830921 -38.720853 -14.669186
-76.233027 151.483122 16.521092 26.830995 -38.721318 -14.669981
-76.228290 151.483173 16.520895 26.831070 -38.721784 -14.670776
-76.223553 151.483223 16.520697 26.831145 -38.722251 -14.671571
-76.218817 151.483273 16.520500 26.831219 -38.722719 -14.672367
-76.214079 151.483323 16.520301 26.831294 -38.723188 -14.673162
-76.209343 151.483374 16.520103 26.831369 -38.723657 -14.673958
-76.204605 151.483425 16.519903 26.831443 -38.724128 -14.674752
-76.199869 151.483475 16.519704 26.831518 -38.724600 -14.675549
-76.195132 151.483525 16.519503 26.831593 -38.725073 -14.676345
-76.190395 151.483576 16.519304 26.831668 -38.725546 -14.677141
-76.185658 151.483626 16.519102 26.831744 -38.726021 -14.677938
-76.180921 151.483677 16.518901 26.831820 -38.726497 -14.678734
-76.176185 151.483727 16.518699 26.831895 -38.726974 -14.679530
-76.171448 151.483776 16.518497 26.831971 -38.727451 -14.680328
-76.166712 151.483827 16.518295 26.832048 -38.727931 -14.681125
-76.161976 151.483877 16.518092 26.832122 -38.728410 -14.681921
-76.157239 151.483927 16.517889 26.832199 -38.728890 -14.682719
-76.152503 151.483977 16.517685 26.832275 -38.729372 -14.683516
-76.147766 151.484027 16.517481 26.832351 -38.729855 -14.684314
