-86.819816 151.195599 15.301537 27.236313 -41.641143 -13.076541
-86.820355 151.195173 15.301537 27.236313 -41.641143 -13.071791
-86.820894 151.194746 15.301537 27.236313 -41.641143 -13.067042
-86.821431 151.194319 15.301537 27.236313 -41.641143 -13.062292
-86.821967 151.193892 15.301537 27.236313 -41.641143 -13.057542
-86.822503 151.193466 15.301537 27.236313 -41.641143 -13.052792
-86.823037 151.193039 15.301537 27.236313 -41.641143 -13.048041
-86.823571 151.192612 15.301537 27.236313 -41.641143 -13.043291
-86.824103 151.192185 15.301537 27.236313 -41.641143 -13.038541
-86.824635 151.191758 15.301537 27.236313 -41.641143 -13.033790
-86.825166 151.191332 15.301537 27.236313 -41.641143 -13.029040
-86.825695 151.190905 15.301537 27.236313 -41.641143 -13.024289
-86.826224 151.190478 15.301537 27.236313 -41.641143 -13.019539
-86.826752 151.190051 15.301537 27.236313 -41.641143 -13.014788
-86.827278 151.189624 15.301537 27.236313 -41.641143 -13.010037
-86.827804 151.189197 15.301537 27.236313 -41.641143 -13.005286
-86.828330 151.188770 15.301537 27.236313 -41.641143 -13.000535
-86.828853 151.188343 15.301537 27.236313 -41.641143 -12.995784
-86.829377 151.187916 15.301537 27.236313 -41.641143 -12.991033
-86.829898 151.187489 15.301537 27.236313 -41.641143 -12.986281
-86.830420 151.187062 15.301537 27.236313 -41.641143 -12.981530
-86.830940 151.186635 15.301537 27.236313 -41.641143 -12.976779
-86.831459 151.186208 15.301537 27.236313 -41.641143 -12.972027
-86.831978 151.185781 15.301537 27.236313 -41.641143 -12.967276
-86.832495 151.185354 15.301537 27.236313 -41.641143 -12.962524
-86.833011 151.184927 15.301537 27.236313 -41.641143 -12.957772
-86.833528 151.184500 15.301537 27.236313 -41.641143 -12.953020
-86.834042 151.184073 15.301537 27.236313 -41.641143 -12.948268
-86.834556 151.183645 15.301537 27.236313 -41.641143 -12.943516
-86.835068 151.183218 15.301537 27.236313 -41.641143 -12.938764
-86.835580 151.182791 15.301537 27.236313 -41.641143 -12.934012
-86.836091 151.182364 15.301537 27.236313 -41.641143 -12.929260
-86.836601 151.181937 15.301537 27.236313 -41.641143 -12.924508
-86.837111 151.181510 15.301537 27.236313 -41.641143 -12.919755
-86.837618 151.181082 15.301537 27.236313 -41.641143 -12.915003
-86.838125 151.180655 15.301537 27.236313 -41.641143 -12.910250
-86.838631 151.180228 15.301537 27.236313 -41.641143 -12.905498
-86.839137 151.179801 15.301537 27.236313 -41.641143 -12.900745
-86.839641 151.179373 15.301537 27.236313 -41.641143 -12.895992
-86.840145 151.178946 15.301537 27.236313 -41.641143 -12.891240
-86.840648 151.178519 15.301537 27.236313 -41.641143 -12.886487
-86.841148 151.178091 15.301537 27.236313 -41.641143 -12.881734
-86.841649 151.177664 15.301537 27.236313 -41.641143 -12.876981
-86.842150 151.177237 15.301537 27.236313 -41.641143 -12.872228
-86.842648 151.176809 15.301537 27.236313 -41.641143 -12.867474
-86.843146 151.176382 15.301537 27.236313 -41.641143 -12.862721
-86.843643 151.175955 15.301537 27.236313 -41.641143 -12.857968
-86.844139 151.175527 15.301537 27.236313 -41.641143 -12.853214
-86.844635 151.175100 15.301537 27.236313 -41.641143 -12.848461
-86.845128 151.174672 15.301537 27.236313 -41.641143 -12.843707
-86.845622 151.174245 15.301537 27.236313 -41.641143 -12.838954
-86.846114 151.173817 15.301537 27.236313 -41.641143 -12.834200
-86.846605 151.173390 15.301537 27.236313 -41.641143 -12.829446
-86.847097 151.172962 15.301537 27.236313 -41.641143 -12.824692
-86.847586 151.172535 15.301537 27.236313 -41.641143 -12.819939
-86.848075 151.172107 15.301537 27.236313 -41.641143 -12.815185
-86.848563 151.171680 15.301537 27.236313 -41.641143 -12.810431
-86.849050 151.171252 15.301537 27.236313 -41.641143 -12.805676
-86.849536 151.170825 15.301537 27.236313 -41.641143 -12.800922
-86.850021 151.170397 15.301537 27.236313 -41.641143 -12.796168
-86.850505 151.169969 15.301537 27.236313 -41.641143 -12.791414
-86.850988 151.169542 15.301537 27.236313 -41.641143 -12.786659
-86.851470 151.169114 15.301537 27.236313 -41.641143 -12.781905
-86.851952 151.168687 15.301537 27.236313 -41.641143 -12.777150
-86.852432 151.168259 15.301537 27.236313 -41.641143 -12.772396
-86.852912 151.167831 15.301537 27.236313 -41.641143 -12.767641
-86.853391 151.167404 15.301537 27.236313 -41.641143 -12.762886
-86.853869 151.166976 15.301537 27.236313 -41.641143 -12.758131
-86.854346 151.166548 15.301537 27.236313 -41.641143 -12.753377
-86.854821 151.166120 15.301537 27.236313 -41.641143 -12.748622
-86.855297 151.165693 15.301537 27.236313 -41.641143 -12.743867
-86.855771 151.165265 15.301537 27.236313 -41.641143 -12.739112
-86.856245 151.164837 15.301537 27.236313 -41.641143 -12.734356
-86.856717 151.164409 15.301537 27.236313 -41.641143 -12.729601
-86.857189 151.163982 15.301537 27.236313 -41.641143 -12.724846
-86.857660 151.163554 15.301537 27.236313 -41.641143 -12.720091
-86.858129 151.163126 15.301537 27.236313 -41.641143 -12.715335
-86.858598 151.162698 15.301537 27.236313 -41.641143 -12.710580
-86.859066 151.162270 15.301537 27.236313 -41.641143 -12.705824
-86.859533 151.161842 15.301537 27.236313 -41.641143 -12.701069
-86.859999 151.161414 15.301537 27.236313 -41.641143 -12.696313
-86.860464 151.160987 15.301537 27.236313 -41.641143 -12.691557
-86.860929 151.160559 15.301537 27.236313 -41.641143 -12.686802
-86.861392 151.160131 15.301537 27.236313 -41.641143 -12.682046
-86.861855 151.159703 15.301537 27.236313 -41.641143 -12.677290
-86.862317 151.159275 15.301537 27.236313 -41.641143 -12.672534
-86.862778 151.158847 15.301537 27.236313 -41.641143 -12.667778
-86.863237 151.158419 15.301537 27.236313 -41.641143 -12.663022
-86.863696 151.157991 15.301537 27.236313 -41.641143 -12.658266
-86.864154 151.157563 15.301537 27.236313 -41.641143 -12.653510
-86.864612 151.157135 15.301537 27.236313 -41.641143 -12.648753
-86.865068 151.156707 15.301537 27.236313 -41.641143 -12.643997
-86.865523 151.156279 15.301537 27.236313 -41.641143 -12.639241
-86.865978 151.155851 15.301537 27.236313 -41.641143 -12.634484
-86.866432 151.155423 15.301537 27.236313 -41.641143 -12.629728
-86.866885 151.154995 15.301537 27.236313 -41.641143 -12.624971
-86.867337 151.154567 15.301537 27.236313 -41.641143 -12.620215
-86.867788 151.154138 15.301537 27.236313 -41.641143 -12.615458
-86.868239 151.153710 15.301537 27.236313 -41.641143 -12.610701
-86.868687 151.153282 15.301537 27.236313 -41.641143 -12.605945
-86.869136 151.152854 15.301537 27.236313 -41.641143 -12.601188
-86.869584 151.152426 15.301537 27.236313 -41.641143 -12.596431
-86.870030 151.151998 15.301537 27.236313 -41.641143 -12.591674
-86.870476 151.151569 15.301537 27.236313 -41.641143 -12.586917
-86.870921 151.151141 15.301537 27.236313 -41.641143 -12.582160
-86.871365 151.150713 15.301537 27.236313 -41.641143 -12.577403
-86.871808 151.150285 15.301537 27.236313 -41.641143 -12.572646
-86.872250 151.149857 15.301537 27.236313 -41.641143 -12.567888
-86.872692 151.149428 15.301537 27.236313 -41.641143 -12.563131
-86.873132 151.149000 15.301537 27.236313 -41.641143 -12.558374
-86.873573 151.148572 15.301537 27.236313 -41.641143 -12.553617
-86.874011 151.148144 15.301537 27.236313 -41.641143 -12.548859
-86.874449 151.147715 15.301537 27.236313 -41.641143 -12.544102
-86.874886 151.147287 15.301537 27.236313 -41.641143 -12.539344
-86.875323 151.146859 15.301537 27.236313 -41.641143 -12.534587
-86.875758 151.146430 15.301537 27.236313 -41.641143 -12.529829
-86.876192 151.146002 15.301537 27.236313 -41.641143 -12.525071
-86.876626 151.145574 15.301537 27.236313 -41.641143 -12.520313
-86.877058 151.145145 15.301537 27.236313 -41.641143 -12.515556
-86.877490 151.144717 15.301537 27.236313 -41.641143 -12.510798
-86.877921 151.144288 15.301537 27.236313 -41.641143 -12.506040
-86.878351 151.143860 15.301537 27.236313 -41.641143 -12.501282
-86.878781 151.143432 15.301537 27.236313 -41.641143 -12.496524
-86.879209 151.143003 15.301537 27.236313 -41.641143 -12.491766
-86.879637 151.142575 15.301537 27.236313 -41.641143 -12.487008
-86.880064 151.142146 15.301537 27.236313 -41.641143 -12.482250
-86.880490 151.141718 15.301537 27.236313 -41.641143 -12.477492
-86.880915 151.141289 15.301537 27.236313 -41.641143 -12.472733
-86.881339 151.140861 15.301537 27.236313 -41.641143 -12.467975
-86.881762 151.140432 15.301537 27.236313 -41.641143 -12.463217
-86.882185 151.140004 15.301537 27.236313 -41.641143 -12.458458
-86.882607 151.139575 15.301537 27.236313 -41.641143 -12.453700
-86.883027 151.139147 15.301537 27.236313 -41.641143 -12.448941
-86.883447 151.138718 15.301537 27.236313 -41.641143 -12.444183
-86.883866 151.138289 15.301537 27.236313 -41.641143 -12.439424
-86.884284 151.137861 15.301537 27.236313 -41.641143 -12.434666
-86.884701 151.137432 15.301537 27.236313 -41.641143 -12.429907
-86.885118 151.137004 15.301537 27.236313 -41.641143 -12.425148
-86.885533 151.136575 15.301537 27.236313 -41.641143 -12.420389
-86.885948 151.136146 15.301537 27.236313 -41.641143 -12.415631
-86.886362 151.135718 15.301537 27.236313 -41.641143 -12.410872
-86.886775 151.135289 15.301537 27.236313 -41.641143 -12.406113
-86.887188 151.134860 15.301537 27.236313 -41.641143 -12.401354
-86.887599 151.134432 15.301537 27.236313 -41.641143 -12.396595
-86.888009 151.134003 15.301537 27.236313 -41.641143 -12.391836
-86.888418 151.133574 15.301537 27.236313 -41.641143 -12.387077
-86.888827 151.133146 15.301537 27.236313 -41.641143 -12.382318
-86.889235 151.132717 15.301537 27.236313 -41.641143 -12.377558
-86.889643 151.132288 15.301537 27.236313 -41.641143 -12.372799
-86.890049 151.131859 15.301537 27.236313 -41.641143 -12.368040
-86.890454 151.131431 15.301537 27.236313 -41.641143 -12.363280
-86.890859 151.131002 15.301537 27.236313 -41.641143 -12.358521
-86.891261 151.130573 15.301537 27.236313 -41.641143 -12.353762
-86.891664 151.130144 15.301537 27.236313 -41.641143 -12.349002
-86.892066 151.129715 15.301537 27.236313 -41.641143 -12.344243
-86.892468 151.129287 15.301537 27.236313 -41.641143 -12.339483
-86.892868 151.128858 15.301537 27.236313 -41.641143 -12.334723
-86.893268 151.128429 15.301537 27.236313 -41.641143 -12.329964
-86.893666 151.128000 15.301537 27.236313 -41.641143 -12.325204
-86.894064 151.127571 15.301537 27.236313 -41.641143 -12.320444
-86.894461 151.127142 15.301537 27.236313 -41.641143 -12.315684
-86.894856 151.126713 15.301537 27.236313 -41.641143 -12.310925
-86.895252 151.126284 15.301537 27.236313 -41.641143 -12.306165
-86.895646 151.125856 15.301537 27.236313 -41.641143 -12.301405
-86.896039 151.125427 15.301537 27.236313 -41.641143 -12.296645
-86.896432 151.124998 15.301537 27.236313 -41.641143 -12.291885
-86.896824 151.124569 15.301537 27.236313 -41.641143 -12.287125
-86.897214 151.124140 15.301537 27.236313 -41.641143 -12.282365
-86.897605 151.123711 15.301537 27.236313 -41.641143 -12.277604
-86.897994 151.123282 15.301537 27.236313 -41.641143 -12.272844
-86.898382 151.122853 15.301537 27.236313 -41.641143 -12.268084
-86.898770 151.122424 15.301537 27.236313 -41.641143 -12.263324
-86.899157 151.121995 15.301537 27.236313 -41.641143 -12.258563
-86.899543 151.121566 15.301537 27.236313 -41.641143 -12.253803
-86.899927 151.121137 15.301537 27.236313 -41.641143 -12.249043
-86.900312 151.120708 15.301537 27.236313 -41.641143 -12.244282
-86.900695 151.120279 15.301537 27.236313 -41.641143 -12.239522
-86.901078 151.119849 15.301537 27.236313 -41.641143 -12.234761
-86.901460 151.119420 15.301537 27.236313 -41.641143 -12.230000
-86.901841 151.118991 15.301537 27.236313 -41.641143 -12.225240
-86.902220 151.118562 15.301537 27.236313 -41.641143 -12.220479
-86.902599 151.118133 15.301537 27.236313 -41.641143 -12.215718
-86.902977 151.117704 15.301537 27.236313 -41.641143 -12.210958
-86.903355 151.117275 15.301537 27.236313 -41.641143 -12.206197
-86.903732 151.116845 15.301537 27.236313 -41.641143 -12.201436
-86.904108 151.116416 15.301537 27.236313 -41.641143 -12.196675
-86.904483 151.115987 15.301537 27.236313 -41.641143 -12.191914
-86.904856 151.115558 15.301537 27.236313 -41.641143 -12.187153
-86.905230 151.115129 15.301537 27.236313 -41.641143 -12.182392
-86.905603 151.114699 15.301537 27.236313 -41.641143 -12.177631
-86.905974 151.114270 15.301537 27.236313 -41.641143 -12.172870
-86.906345 151.113841 15.301537 27.236313 -41.641143 -12.168109
-86.906714 151.113412 15.301537 27.236313 -41.641143 -12.163348
-86.907084 151.112982 15.301537 27.236313 -41.641143 -12.158586
-86.907452 151.112553 15.301537 27.236313 -41.641143 -12.153825
-86.907820 151.112124 15.301537 27.236313 -41.641143 -12.149064
-86.908186 151.111694 15.301537 27.236313 -41.641143 -12.144302
-86.908551 151.111265 15.301537 27.236313 -41.641143 -12.139541
-86.908917 151.110836 15.301537 27.236313 -41.641143 -12.134780
-86.909281 151.110407 15.301537 27.236313 -41.641143 -12.130018
-86.909644 151.109977 15.301537 27.236313 -41.641143 -12.125257
-86.910007 151.109548 15.301537 27.236313 -41.641143 -12.120495
-86.910369 151.109118 15.301537 27.236313 -41.641143 -12.115733
-86.910729 151.108689 15.301537 27.236313 -41.641143 -12.110972
-86.911089 151.108260 15.301537 27.236313 -41.641143 -12.106210
-86.911448 151.107830 15.301537 27.236313 -41.641143 -12.101448
-86.911806 151.107401 15.301537 27.236313 -41.641143 -12.096687
-86.912164 151.106971 15.301537 27.236313 -41.641143 -12.091925
-86.912520 151.106542 15.301537 27.236313 -41.641143 -12.087163
-86.912876 151.106113 15.301537 27.236313 -41.641143 -12.082401
-86.913231 151.105683 15.301537 27.236313 -41.641143 -12.077639
-86.913586 151.105254 15.301537 27.236313 -41.641143 -12.072877
-86.913939 151.104824 15.301537 27.236313 -41.641143 -12.068115
-86.914292 151.104395 15.301537 27.236313 -41.641143 -12.063353
-86.914643 151.103965 15.301537 27.236313 -41.641143 -12.058591
-86.914994 151.103536 15.301537 27.236313 -41.641143 -12.053829
-86.915344 151.103106 15.301537 27.236313 -41.641143 -12.049067
-86.915693 151.102677 15.301537 27.236313 -41.641143 -12.044305
-86.916041 151.102247 15.301537 27.236313 -41.641143 -12.039542
-86.916389 151.101817 15.301537 27.236313 -41.641143 -12.034780
-86.916735 151.101388 15.301537 27.236313 -41.641143 -12.030018
-86.917082 151.100958 15.301537 27.236313 -41.641143 -12.025256
-86.917426 151.100529 15.301537 27.236313 -41.641143 -12.020493
-86.917771 151.100099 15.301537 27.236313 -41.641143 -12.015731
-86.918114 151.099669 15.301537 27.236313 -41.641143 -12.010968
-86.918457 151.099240 15.301537 27.236313 -41.641143 -12.006206
-86.918799 151.098810 15.301537 27.236313 -41.641143 -12.001443
-86.919140 151.098381 15.301537 27.236313 -41.641143 -11.996681
-86.919479 151.097951 15.301537 27.236313 -41.641143 -11.991918
-86.919819 151.097521 15.301537 27.236313 -41.641143 -11.987155
-86.920158 151.097091 15.301537 27.236313 -41.641143 -11.982393
-86.920495 151.096662 15.301537 27.236313 -41.641143 -11.977630
-86.920832 151.096232 15.301537 27.236313 -41.641143 -11.972867
-86.921168 151.095802 15.301537 27.236313 -41.641143 -11.968105
-86.921503 151.095373 15.301537 27.236313 -41.641143 -11.963342
-86.921837 151.094943 15.301537 27.236313 -41.641143 -11.958579
-86.922171 151.094513 15.301537 27.236313 -41.641143 -11.953816
-86.922504 151.094083 15.301537 27.236313 -41.641143 -11.949053
-86.922836 151.093654 15.301537 27.236313 -41.641143 -11.944290
-86.923167 151.093224 15.301537 27.236313 -41.641143 -11.939527
-86.923498 151.092794 15.301537 27.236313 -41.641143 -11.934764
-86.923827 151.092364 15.301537 27.236313 -41.641143 -11.930001
-86.924156 151.091934 15.301537 27.236313 -41.641143 -11.925238
-86.924484 151.091505 15.301537 27.236313 -41.641143 -11.920475
-86.924811 151.091075 15.301537 27.236313 -41.641143 -11.915712
-86.925137 151.090645 15.301537 27.236313 -41.641143 -11.910948
-86.925463 151.090215 15.301537 27.236313 -41.641143 -11.906185
-86.925787 151.089785 15.301537 27.236313 -41.641143 -11.901422
-86.926111 151.089355 15.301537 27.236313 -41.641143 -11.896659
-86.926434 151.088925 15.301537 27.236313 -41.641143 -11.891895
-86.926756 151.088496 15.301537 27.236313 -41.641143 -11.887132
-86.927077 151.088066 15.301537 27.236313 -41.641143 -11.882368
-86.927398 151.087636 15.301537 27.236313 -41.641143 -11.877605
-86.927718 151.087206 15.301537 27.236313 -41.641143 -11.872841
-86.928037 151.086776 15.301537 27.236313 -41.641143 -11.868078
-86.928355 151.086346 15.301537 27.236313 -41.641143 -11.863314
-86.928672 151.085916 15.301537 27.236313 -41.641143 -11.858551
-86.928988 151.085486 15.301537 27.236313 -41.641143 -11.853787
-86.929305 151.085056 15.301537 27.236313 -41.641143 -11.849024
-86.929619 151.084626 15.301537 27.236313 -41.641143 -11.844260
-86.929933 151.084196 15.301537 27.236313 -41.641143 -11.839496
-86.930246 151.083766 15.301537 27.236313 -41.641143 -11.834732
-86.930559 151.083336 15.301537 27.236313 -41.641143 -11.829969
-86.930870 151.082906 15.301537 27.236313 -41.641143 -11.825205
-86.931181 151.082476 15.301537 27.236313 -41.641143 -11.820441
-86.931491 151.082046 15.301537 27.236313 -41.641143 -11.815677
-86.931800 151.081616 15.301537 27.236313 -41.641143 -11.810913
-86.932109 151.081186 15.301537 27.236313 -41.641143 -11.806149
-86.932417 151.080756 15.301537 27.236313 -41.641143 -11.801385
-86.932724 151.080325 15.301537 27.236313 -41.641143 -11.796621
-86.933030 151.079895 15.301537 27.236313 -41.641143 -11.791857
-86.933334 151.079465 15.301537 27.236313 -41.641143 -11.787093
-86.933639 151.079035 15.301537 27.236313 -41.641143 -11.782329
-86.933943 151.078605 15.301537 27.236313 -41.641143 -11.777565
-86.934246 151.078175 15.301537 27.236313 -41.641143 -11.772801
-86.934547 151.077745 15.301537 27.236313 -41.641143 -11.768036
-86.934849 151.077314 15.301537 27.236313 -41.641143 -11.763272
-86.935149 151.076884 15.301537 27.236313 -41.641143 -11.758508
-86.935449 151.076454 15.301537 27.236313 -41.641143 -11.753744
-86.935747 151.076024 15.301537 27.236313 -41.641143 -11.748979
-86.936046 151.075594 15.301537 27.236313 -41.641143 -11.744215
-86.936342 151.075163 15.301537 27.236313 -41.641143 -11.739451
-86.936639 151.074733 15.301537 27.236313 -41.641143 -11.734686
-86.936935 151.074303 15.301537 27.236313 -41.641143 -11.729922
-86.937229 151.073873 15.301537 27.236313 -41.641143 -11.725157
-86.937524 151.073442 15.301537 27.236313 -41.641143 -11.720393
-86.937817 151.073012 15.301537 27.236313 -41.641143 -11.715628
-86.938109 151.072582 15.301537 27.236313 -41.641143 -11.710864
-86.938400 151.072152 15.301537 27.236313 -41.641143 -11.706099
-86.938691 151.071721 15.301537 27.236313 -41.641143 -11.701334
-86.938981 151.071291 15.301537 27.236313 -41.641143 -11.696570
-86.939271 151.070861 15.301537 27.236313 -41.641143 -11.691805
-86.939559 151.070430 15.301537 27.236313 -41.641143 -11.687040
-86.939847 151.070000 15.301537 27.236313 -41.641143 -11.682276
-86.940134 151.069570 15.301537 27.236313 -41.641143 -11.677511
-86.940419 151.069139 15.301537 27.236313 -41.641143 -11.672746
-86.940704 151.068709 15.301537 27.236313 -41.641143 -11.667981
-86.940989 151.068278 15.301537 27.236313 -41.641143 -11.663216
-86.941273 151.067848 15.301537 27.236313 -41.641143 -11.658452
-86.941556 151.067418 15.301537 27.236313 -41.641143 -11.653687
-86.941838 151.066987 15.301537 27.236313 -41.641143 -11.648922
-86.942118 151.066557 15.301537 27.236313 -41.641143 -11.644157
-86.942399 151.066126 15.301537 27.236313 -41.641143 -11.639392
-86.942679 151.065696 15.301537 27.236313 -41.641143 -11.634627
-86.942957 151.065266 15.301537 27.236313 -41.641143 -11.629862
-86.943236 151.064835 15.301537 27.236313 -41.641143 -11.625097
-86.943513 151.064405 15.301537 27.236313 -41.641143 -11.620331
-86.943790 151.063974 15.301537 27.236313 -41.641143 -11.615566
-86.944065 151.063544 15.301537 27.236313 -41.641143 -11.610801
-86.944340 151.063113 15.301537 27.236313 -41.641143 -11.606036
-86.944614 151.062683 15.301537 27.236313 -41.641143 -11.601271
-86.944888 151.062252 15.301537 27.236313 -41.641143 -11.596506
-86.945160 151.061822 15.301537 27.236313 -41.641143 -11.591740
-86.945432 151.061391 15.301537 27.236313 -41.641143 -11.586975
-86.945703 151.060961 15.301537 27.236313 -41.641143 -11.582210
-86.945974 151.060530 15.301537 27.236313 -41.641143 -11.577444
-86.946243 151.060099 15.301537 27.236313 -41.641143 -11.572679
-86.946511 151.059669 15.301537 27.236313 -41.641143 -11.567914
-86.946779 151.059238 15.301537 27.236313 -41.641143 -11.563148
-86.947046 151.058808 15.301537 27.236313 -41.641143 -11.558383
-86.947312 151.058377 15.301537 27.236313 -41.641143 -11.553617
-86.947578 151.057946 15.301537 27.236313 -41.641143 -11.548852
-86.947842 151.057516 15.301537 27.236313 -41.641143 -11.544086
-86.948106 151.057085 15.301537 27.236313 -41.641143 -11.539321
-86.948369 151.056654 15.301537 27.236313 -41.641143 -11.534555
-86.948632 151.056224 15.301537 27.236313 -41.641143 -11.529789
-86.948894 151.055793 15.301537 27.236313 -41.641143 -11.525024
-86.949155 151.055362 15.301537 27.236313 -41.641143 -11.520258
-86.949414 151.054932 15.301537 27.236313 -41.641143 -11.515493
-86.949673 151.054501 15.301537 27.236313 -41.641143 -11.510727
-86.949932 151.054070 15.301537 27.236313 -41.641143 -11.505961
-86.950189 151.053640 15.301537 27.236313 -41.641143 -11.501195
-86.950446 151.053209 15.301537 27.236313 -41.641143 -11.496430
-86.950703 151.052778 15.301537 27.236313 -41.641143 -11.491664
-86.950958 151.052347 15.301537 27.236313 -41.641143 -11.486898
-86.951213 151.051917 15.301537 27.236313 -41.641143 -11.482132
-86.951466 151.051486 15.301537 27.236313 -41.641143 -11.477366
-86.951719 151.051055 15.301537 27.236313 -41.641143 -11.472600
-86.951971 151.050624 15.301537 27.236313 -41.641143 -11.467834
-86.952222 151.050194 15.301537 27.236313 -41.641143 -11.463069
-86.952473 151.049763 15.301537 27.236313 -41.641143 -11.458303
-86.952723 151.049332 15.301537 27.236313 -41.641143 -11.453537
-86.952972 151.048901 15.301537 27.236313 -41.641143 -11.448771
-86.953221 151.048470 15.301537 27.236313 -41.641143 -11.444005
-86.953468 151.048040 15.301537 27.236313 -41.641143 -11.439238
-86.953715 151.047609 15.301537 27.236313 -41.641143 -11.434472
-86.953961 151.047178 15.301537 27.236313 -41.641143 -11.429706
-86.954206 151.046747 15.301537 27.236313 -41.641143 -11.424940
-86.954450 151.046316 15.301537 27.236313 -41.641143 -11.420174
-86.954694 151.045885 15.301537 27.236313 -41.641143 -11.415408
-86.954937 151.045454 15.301537 27.236313 -41.641143 -11.410642
-86.955179 151.045024 15.301537 27.236313 -41.641143 -11.405876
-86.955420 151.044593 15.301537 27.236313 -41.641143 -11.401109
-86.955661 151.044162 15.301537 27.236313 -41.641143 -11.396343
-86.955901 151.043731 15.301537 27.236313 -41.641143 -11.391577
-86.956140 151.043300 15.301537 27.236313 -41.641143 -11.386810
-86.956378 151.042869 15.301537 27.236313 -41.641143 -11.382044
-86.956615 151.042438 15.301537 27.236313 -41.641143 -11.377278
-86.956852 151.042007 15.301537 27.236313 -41.641143 -11.372511
-86.957088 151.041576 15.301537 27.236313 -41.641143 -11.367745
-86.957323 151.041145 15.301537 27.236313 -41.641143 -11.362979
-86.957558 151.040714 15.301537 27.236313 -41.641143 -11.358212
-86.957791 151.040283 15.301537 27.236313 -41.641143 -11.353446
-86.958024 151.039852 15.301537 27.236313 -41.641143 -11.348679
-86.958256 151.039421 15.301537 27.236313 -41.641143 -11.343913
-86.958488 151.038990 15.301537 27.236313 -41.641143 -11.339146
-86.958718 151.038559 15.301537 27.236313 -41.641143 -11.334380
-86.958948 151.038128 15.301537 27.236313 -41.641143 -11.329613
-86.959177 151.037697 15.301537 27.236313 -41.641143 -11.324847
-86.959405 151.037266 15.301537 27.236313 -41.641143 -11.320080
-86.959632 151.036835 15.301537 27.236313 -41.641143 -11.315314
-86.959860 151.036404 15.301537 27.236313 -41.641143 -11.310547
-86.960085 151.035972 15.301537 27.236313 -41.641143 -11.305780
-86.960310 151.035541 15.301537 27.236313 -41.641143 -11.301014
-86.960535 151.035110 15.301537 27.236313 -41.641143 -11.296247
-86.960758 151.034679 15.301537 27.236313 -41.641143 -11.291480
-86.960981 151.034248 15.301537 27.236313 -41.641143 -11.286714
-86.961203 151.033817 15.301537 27.236313 -41.641143 -11.281947
-86.961424 151.033386 15.301537 27.236313 -41.641143 -11.277180
-86.961645 151.032955 15.301537 27.236313 -41.641143 -11.272413
-86.961865 151.032523 15.301537 27.236313 -41.641143 -11.267647
-86.962084 151.032092 15.301537 27.236313 -41.641143 -11.262880
-86.962303 151.031661 15.301537 27.236313 -41.641143 -11.258113
-86.962520 151.031230 15.301537 27.236313 -41.641143 -11.253346
-86.962737 151.030799 15.301537 27.236313 -41.641143 -11.248579
-86.962953 151.030367 15.301537 27.236313 -41.641143 -11.243812
-86.963168 151.029936 15.301537 27.236313 -41.641143 -11.239046
-86.963383 151.029505 15.301537 27.236313 -41.641143 -11.234279
-86.963596 151.029074 15.301537 27.236313 -41.641143 -11.229512
-86.963810 151.028643 15.301537 27.236313 -41.641143 -11.224745
-86.964021 151.028211 15.301537 27.236313 -41.641143 -11.219978
-86.964233 151.027780 15.301537 27.236313 -41.641143 -11.215211
-86.964445 151.027349 15.301537 27.236313 -41.641143 -11.210444
-86.964654 151.026918 15.301537 27.236313 -41.641143 -11.205677
-86.964863 151.026486 15.301537 27.236313 -41.641143 -11.200910
-86.965072 151.026055 15.301537 27.236313 -41.641143 -11.196143
-86.965279 151.025624 15.301537 27.236313 -41.641143 -11.191376
-86.965486 151.025192 15.301537 27.236313 -41.641143 -11.186609
-86.965693 151.024761 15.301537 27.236313 -41.641143 -11.181842
-86.965898 151.024330 15.301537 27.236313 -41.641143 -11.177074
-86.966102 151.023898 15.301537 27.236313 -41.641143 -11.172307
-86.966306 151.023467 15.301537 27.236313 -41.641143 -11.167540
-86.966509 151.023036 15.301537 27.236313 -41.641143 -11.162773
-86.966713 151.022604 15.301537 27.236313 -41.641143 -11.158006
-86.966914 151.022173 15.301537 27.236313 -41.641143 -11.153239
-86.967115 151.021742 15.301537 27.236313 -41.641143 -11.148472
-86.967315 151.021310 15.301537 27.236313 -41.641143 -11.143704
-86.967515 151.020879 15.301537 27.236313 -41.641143 -11.138937
-86.967713 151.020447 15.301537 27.236313 -41.641143 -11.134170
-86.967910 151.020016 15.301537 27.236313 -41.641143 -11.129403
-86.968108 151.019585 15.301537 27.236313 -41.641143 -11.124635
-86.968304 151.019153 15.301537 27.236313 -41.641143 -11.119868
-86.968500 151.018722 15.301537 27.236313 -41.641143 -11.115101
-86.968695 151.018290 15.301537 27.236313 -41.641143 -11.110333
-86.968889 151.017859 15.301537 27.236313 -41.641143 -11.105566
-86.969082 151.017427 15.301537 27.236313 -41.641143 -11.100799
-86.969275 151.016996 15.301537 27.236313 -41.641143 -11.096031
-86.969467 151.016564 15.301537 27.236313 -41.641143 -11.091264
-86.969658 151.016133 15.301537 27.236313 -41.641143 -11.086497
-86.969848 151.015701 15.301537 27.236313 -41.641143 -11.081729
-86.970038 151.015270 15.301537 27.236313 -41.641143 -11.076962
-86.970227 151.014838 15.301537 27.236313 -41.641143 -11.072194
-86.970416 151.014407 15.301537 27.236313 -41.641143 -11.067427
-86.970603 151.013975 15.301537 27.236313 -41.641143 -11.062660
-86.970789 151.013544 15.301537 27.236313 -41.641143 -11.057892
-86.970976 151.013112 15.301537 27.236313 -41.641143 -11.053125
-86.971161 151.012681 15.301537 27.236313 -41.641143 -11.048357
-86.971345 151.012249 15.301537 27.236313 -41.641143 -11.043590
-86.971529 151.011818 15.301537 27.236313 -41.641143 -11.038822
-86.971712 151.011386 15.301537 27.236313 -41.641143 -11.034055
-86.971894 151.010955 15.301537 27.236313 -41.641143 -11.029287
-86.972076 151.010523 15.301537 27.236313 -41.641143 -11.024519
-86.972256 151.010091 15.301537 27.236313 -41.641143 -11.019752
-86.972436 151.009660 15.301537 27.236313 -41.641143 -11.014984
-86.972615 151.009228 15.301537 27.236313 -41.641143 -11.010217
-86.972794 151.008796 15.301537 27.236313 -41.641143 -11.005449
-86.972972 151.008365 15.301537 27.236313 -41.641143 -11.000682
-86.973149 151.007933 15.301537 27.236313 -41.641143 -10.995914
-86.973325 151.007502 15.301537 27.236313 -41.641143 -10.991146
-86.973500 151.007070 15.301537 27.236313 -41.641143 -10.986379
-86.973675 151.006638 15.301537 27.236313 -41.641143 -10.981611
-86.973849 151.006207 15.301537 27.236313 -41.641143 -10.976843
-86.974023 151.005775 15.301537 27.236313 -41.641143 -10.972076
-86.974195 151.005343 15.301537 27.236313 -41.641143 -10.967308
-86.974367 151.004911 15.301537 27.236313 -41.641143 -10.962540
-86.974539 151.004480 15.301537 27.236313 -41.641143 -10.957773
-86.974709 151.004048 15.301537 27.236313 -41.641143 -10.953005
-86.974879 151.003616 15.301537 27.236313 -41.641143 -10.948237
-86.975047 151.003185 15.301537 27.236313 -41.641143 -10.943470
-86.975216 151.002753 15.301537 27.236313 -41.641143 -10.938702
-86.975383 151.002321 15.301537 27.236313 -41.641143 -10.933934
-86.975550 151.001889 15.301537 27.236313 -41.641143 -10.929166
-86.975716 151.001458 15.301537 27.236313 -41.641143 -10.924399
-86.975881 151.001026 15.301537 27.236313 -41.641143 -10.919631
-86.976045 151.000594 15.301537 27.236313 -41.641143 -10.914863
-86.976210 151.000162 15.301537 27.236313 -41.641143 -10.910095
-86.976372 150.999731 15.301537 27.236313 -41.641143 -10.905327
-86.976534 150.999299 15.301537 27.236313 -41.641143 -10.900560
-86.976696 150.998867 15.301537 27.236313 -41.641143 -10.895792
-86.976857 150.998435 15.301537 27.236313 -41.641143 -10.891024
-86.977017 150.998003 15.301537 27.236313 -41.641143 -10.886256
-86.977176 150.997572 15.301537 27.236313 -41.641143 -10.881488
-86.977335 150.997140 15.301537 27.236313 -41.641143 -10.876720
-86.977493 150.996708 15.301537 27.236313 -41.641143 -10.871953
-86.977650 150.996276 15.301537 27.236313 -41.641143 -10.867185
-86.977807 150.995844 15.301537 27.236313 -41.641143 -10.862417
-86.977962 150.995412 15.301537 27.236313 -41.641143 -10.857649
-86.978118 150.994980 15.301537 27.236313 -41.641143 -10.852881
-86.978272 150.994549 15.301537 27.236313 -41.641143 -10.848113
-86.978425 150.994117 15.301537 27.236313 -41.641143 -10.843345
-86.978578 150.993685 15.301537 27.236313 -41.641143 -10.838577
-86.978730 150.993253 15.301537 27.236313 -41.641143 -10.833809
-86.978881 150.992821 15.301537 27.236313 -41.641143 -10.829041
-86.979032 150.992389 15.301537 27.236313 -41.641143 -10.824274
-86.979183 150.991957 15.301537 27.236313 -41.641143 -10.819506
-86.979331 150.991525 15.301537 27.236313 -41.641143 -10.814738
-86.979480 150.991093 15.301537 27.236313 -41.641143 -10.809970
-86.979628 150.990661 15.301537 27.236313 -41.641143 -10.805202
-86.979774 150.990229 15.301537 27.236313 -41.641143 -10.800434
-86.979921 150.989797 15.301537 27.236313 -41.641143 -10.795666
