13.653317 151.937846 80.105153 9.805474 20.811727 -16.239901
13.653531 151.937903 80.104665 9.804245 20.816231 -16.240666
13.653745 151.937960 80.104177 9.803016 20.820734 -16.241432
13.653959 151.938017 80.103689 9.801787 20.825238 -16.242197
13.654173 151.938075 80.103200 9.800558 20.829741 -16.242963
13.654388 151.938131 80.102711 9.799328 20.834244 -16.243727
13.654601 151.938189 80.102222 9.798099 20.838748 -16.244493
13.654816 151.938246 80.101733 9.796869 20.843251 -16.245259
13.655030 151.938303 80.101244 9.795639 20.847754 -16.246024
13.655245 151.938360 80.100754 9.794409 20.852256 -16.246790
13.655460 151.938417 80.100265 9.793179 20.856760 -16.247555
13.655673 151.938474 80.099775 9.791948 20.861263 -16.248321
13.655888 151.938531 80.099285 9.790717 20.865766 -16.249087
13.656103 151.938589 80.098794 9.789486 20.870269 -16.249852
13.656318 151.938645 80.098305 9.788256 20.874771 -16.250617
13.656531 151.938702 80.097814 9.787024 20.879274 -16.251383
13.656746 151.938759 80.097323 9.785792 20.883777 -16.252149
13.656961 151.938816 80.096832 9.784561 20.888279 -16.252915
13.657176 151.938873 80.096341 9.783329 20.892781 -16.253681
13.657390 151.938930 80.095850 9.782097 20.897284 -16.254446
13.657605 151.938987 80.095359 9.780865 20.901786 -16.255212
13.657820 151.939043 80.094868 9.779632 20.906289 -16.255978
13.658035 151.939100 80.094376 9.778399 20.910790 -16.256744
13.658250 151.939158 80.093885 9.777166 20.915293 -16.257510
13.658465 151.939214 80.093393 9.775933 20.919795 -16.258276
13.658680 151.939271 80.092900 9.774700 20.924297 -16.259042
13.658895 151.939327 80.092408 9.773467 20.928800 -16.259808
13.659110 151.939385 80.091916 9.772233 20.933301 -16.260575
13.659325 151.939442 80.091423 9.770999 20.937803 -16.261341
13.659540 151.939498 80.090929 9.769765 20.942305 -16.262106
13.659755 151.939555 80.090437 9.768531 20.946806 -16.262873
13.659971 151.939611 80.089943 9.767297 20.951308 -16.263639
13.660185 151.939668 80.089450 9.766062 20.955810 -16.264405
13.660401 151.939725 80.088957 9.764828 20.960311 -16.265172
13.660616 151.939782 80.088463 9.763593 20.964813 -16.265938
13.660832 151.939838 80.087969 9.762357 20.969314 -16.266704
13.661046 151.939895 80.087475 9.761122 20.973815 -16.267470
13.661262 151.939951 80.086981 9.759887 20.978317 -16.268237
13.661478 151.940008 80.086486 9.758651 20.982818 -16.269004
13.661693 151.940064 80.085992 9.757415 20.987320 -16.269770
13.661909 151.940121 80.085498 9.756179 20.991820 -16.270537
13.662124 151.940177 80.085002 9.754943 20.996322 -16.271303
13.662340 151.940234 80.084508 9.753706 21.000823 -16.272070
13.662556 151.940290 80.084012 9.752470 21.005324 -16.272837
13.662772 151.940347 80.083517 9.751233 21.009825 -16.273603
13.662986 151.940403 80.083022 9.749996 21.014326 -16.274370
13.663202 151.940460 80.082526 9.748759 21.018826 -16.275136
13.663418 151.940516 80.082029 9.747521 21.023327 -16.275903
13.663635 151.940573 80.081534 9.746284 21.027828 -16.276670
13.663850 151.940629 80.081037 9.745046 21.032328 -16.277437
13.664066 151.940686 80.080541 9.743808 21.036829 -16.278203
13.664282 151.940742 80.080044 9.742570 21.041329 -16.278970
13.664498 151.940799 80.079548 9.741332 21.045830 -16.279738
13.664714 151.940854 80.079051 9.740093 21.050330 -16.280504
13.664930 151.940910 80.078554 9.738854 21.054830 -16.281271
13.665146 151.940967 80.078057 9.737615 21.059331 -16.282038
13.665362 151.941023 80.077559 9.736376 21.063831 -16.282805
13.665579 151.941080 80.077062 9.735137 21.068331 -16.283573
13.665794 151.941136 80.076564 9.733897 21.072831 -16.284339
13.666011 151.941192 80.076066 9.732657 21.077331 -16.285106
13.666227 151.941248 80.075568 9.731418 21.081831 -16.285874
13.666444 151.941304 80.075070 9.730178 21.086331 -16.286641
13.666659 151.941361 80.074571 9.728937 21.090831 -16.287409
13.666876 151.941416 80.074072 9.727697 21.095331 -16.288175
13.667092 151.941473 80.073574 9.726456 21.099831 -16.288942
13.667309 151.941529 80.073075 9.725215 21.104330 -16.289710
13.667525 151.941585 80.072575 9.723974 21.108830 -16.290478
13.667742 151.941641 80.072077 9.722733 21.113329 -16.291245
13.667958 151.941697 80.071577 9.721492 21.117828 -16.292011
13.668175 151.941753 80.071077 9.720250 21.122328 -16.292779
13.668392 151.941809 80.070577 9.719008 21.126828 -16.293547
13.668608 151.941865 80.070078 9.717766 21.131326 -16.294315
13.668825 151.941921 80.069578 9.716524 21.135826 -16.295083
13.669042 151.941977 80.069077 9.715282 21.140325 -16.295849
13.669259 151.942033 80.068577 9.714039 21.144824 -16.296617
13.669475 151.942088 80.068077 9.712796 21.149323 -16.297385
13.669692 151.942145 80.067576 9.711553 21.153822 -16.298153
13.669909 151.942201 80.067075 9.710310 21.158321 -16.298921
13.670126 151.942256 80.066573 9.709067 21.162820 -16.299687
13.670343 151.942313 80.066072 9.707823 21.167318 -16.300456
13.670560 151.942368 80.065571 9.706580 21.171818 -16.301224
13.670777 151.942424 80.065070 9.705336 21.176316 -16.301992
13.670994 151.942480 80.064567 9.704092 21.180814 -16.302760
13.671212 151.942536 80.064066 9.702847 21.185313 -16.303527
13.671428 151.942591 80.063564 9.701603 21.189812 -16.304295
13.671646 151.942647 80.063061 9.700358 21.194310 -16.305063
13.671863 151.942703 80.062559 9.699113 21.198809 -16.305831
13.672081 151.942758 80.062056 9.697868 21.203307 -16.306598
13.672297 151.942814 80.061553 9.696623 21.207805 -16.307367
13.672515 151.942870 80.061050 9.695378 21.212303 -16.308135
13.672732 151.942926 80.060547 9.694132 21.216801 -16.308903
13.672950 151.942981 80.060043 9.692886 21.221300 -16.309672
13.673167 151.943036 80.059540 9.691640 21.225797 -16.310439
13.673384 151.943093 80.059036 9.690394 21.230295 -16.311207
13.673602 151.943148 80.058533 9.689148 21.234793 -16.311975
13.673820 151.943204 80.058029 9.687901 21.239291 -16.312744
13.674038 151.943259 80.057524 9.686654 21.243788 -16.313513
13.674255 151.943314 80.057020 9.685407 21.248286 -16.314280
13.674473 151.943371 80.056516 9.684160 21.252784 -16.315049
13.674690 151.943426 80.056011 9.682913 21.257281 -16.315817
13.674908 151.943481 80.055506 9.681665 21.261779 -16.316586
13.675125 151.943536 80.055001 9.680418 21.266276 -16.317354
13.675343 151.943592 80.054496 9.679170 21.270773 -16.318122
13.675562 151.943648 80.053990 9.677921 21.275271 -16.318890
13.675780 151.943703 80.053485 9.676673 21.279768 -16.319660
13.675997 151.943758 80.052980 9.675425 21.284265 -16.320428
13.676215 151.943814 80.052474 9.674176 21.288763 -16.321197
13.676433 151.943869 80.051967 9.672927 21.293260 -16.321965
13.676652 151.943924 80.051461 9.671678 21.297757 -16.322734
13.676870 151.943980 80.050955 9.670429 21.302254 -16.323503
13.677087 151.944035 80.050448 9.669179 21.306750 -16.324271
13.677306 151.944090 80.049941 9.667930 21.311247 -16.325041
13.677524 151.944145 80.049435 9.666680 21.315744 -16.325809
13.677743 151.944201 80.048928 9.665430 21.320241 -16.326578
13.677960 151.944256 80.048420 9.664180 21.324737 -16.327347
13.678179 151.944311 80.047913 9.662929 21.329234 -16.328115
13.678397 151.944367 80.047406 9.661679 21.333731 -16.328885
13.678616 151.944422 80.046898 9.660428 21.338227 -16.329652
13.678833 151.944477 80.046390 9.659177 21.342724 -16.330422
13.679052 151.944532 80.045882 9.657926 21.347220 -16.331191
13.679271 151.944587 80.045374 9.656675 21.351716 -16.331960
13.679490 151.944642 80.044865 9.655423 21.356213 -16.332729
13.679708 151.944697 80.044357 9.654171 21.360708 -16.333498
13.679926 151.944752 80.043848 9.652919 21.365205 -16.334267
13.680145 151.944807 80.043340 9.651667 21.369701 -16.335037
13.680364 151.944862 80.042830 9.650415 21.374197 -16.335806
13.680583 151.944917 80.042321 9.649162 21.378692 -16.336575
13.680801 151.944973 80.041812 9.647910 21.383189 -16.337344
13.681020 151.945028 80.041302 9.646656 21.387684 -16.338113
13.681239 151.945083 80.040792 9.645403 21.392181 -16.338883
13.681458 151.945138 80.040283 9.644150 21.396676 -16.339652
13.681676 151.945192 80.039772 9.642897 21.401171 -16.340421
13.681895 151.945247 80.039262 9.641643 21.405667 -16.341190
13.682115 151.945302 80.038751 9.640389 21.410162 -16.341959
13.682334 151.945357 80.038241 9.639135 21.414658 -16.342729
13.682553 151.945412 80.037730 9.637881 21.419154 -16.343499
13.682771 151.945467 80.037220 9.636626 21.423649 -16.344269
13.682991 151.945521 80.036708 9.635372 21.428144 -16.345037
13.683210 151.945576 80.036197 9.634117 21.432639 -16.345807
13.683430 151.945631 80.035686 9.632862 21.437134 -16.346577
13.683648 151.945686 80.035174 9.631607 21.441629 -16.347347
13.683867 151.945741 80.034663 9.630352 21.446124 -16.348117
13.684087 151.945795 80.034150 9.629096 21.450619 -16.348885
13.684307 151.945850 80.033638 9.627840 21.455114 -16.349655
13.684525 151.945905 80.033125 9.626584 21.459609 -16.350426
13.684745 151.945959 80.032614 9.625328 21.464103 -16.351196
13.684964 151.946014 80.032101 9.624072 21.468598 -16.351965
13.685184 151.946069 80.031588 9.622815 21.473092 -16.352734
13.685404 151.946123 80.031075 9.621559 21.477587 -16.353505
13.685623 151.946178 80.030562 9.620302 21.482082 -16.354275
13.685843 151.946233 80.030049 9.619044 21.486576 -16.355044
13.686062 151.946286 80.029536 9.617787 21.491070 -16.355815
13.686282 151.946341 80.029022 9.616530 21.495565 -16.356584
13.686501 151.946395 80.028508 9.615272 21.500059 -16.357354
13.686721 151.946450 80.027994 9.614014 21.504553 -16.358124
13.686941 151.946505 80.027480 9.612756 21.509048 -16.358895
13.687161 151.946559 80.026966 9.611497 21.513542 -16.359664
13.687380 151.946614 80.026451 9.610239 21.518036 -16.360434
13.687600 151.946668 80.025936 9.608981 21.522529 -16.361205
13.687821 151.946723 80.025422 9.607722 21.527023 -16.361975
13.688041 151.946777 80.024907 9.606462 21.531517 -16.362745
13.688261 151.946831 80.024392 9.605203 21.536012 -16.363515
13.688480 151.946885 80.023876 9.603944 21.540505 -16.364285
13.688701 151.946940 80.023360 9.602684 21.544998 -16.365056
13.688921 151.946994 80.022845 9.601424 21.549492 -16.365826
13.689141 151.947049 80.022329 9.600164 21.553986 -16.366597
13.689361 151.947103 80.021814 9.598904 21.558479 -16.367367
13.689581 151.947157 80.021297 9.597644 21.562973 -16.368137
13.689802 151.947211 80.020781 9.596383 21.567466 -16.368907
13.690022 151.947265 80.020264 9.595123 21.571959 -16.369679
13.690242 151.947320 80.019748 9.593862 21.576453 -16.370449
13.690462 151.947374 80.019231 9.592600 21.580945 -16.371219
13.690683 151.947428 80.018714 9.591339 21.585439 -16.371990
13.690904 151.947483 80.018196 9.590078 21.589932 -16.372761
13.691124 151.947536 80.017679 9.588816 21.594425 -16.373531
13.691344 151.947590 80.017161 9.587554 21.598918 -16.374302
13.691565 151.947645 80.016644 9.586292 21.603410 -16.375072
13.691786 151.947699 80.016127 9.585029 21.607903 -16.375843
13.692007 151.947753 80.015608 9.583767 21.612396 -16.376614
13.692226 151.947806 80.015090 9.582504 21.616889 -16.377384
13.692447 151.947861 80.014572 9.581241 21.621381 -16.378156
13.692668 151.947915 80.014053 9.579978 21.625873 -16.378926
13.692889 151.947969 80.013535 9.578715 21.630367 -16.379697
13.693110 151.948022 80.013015 9.577451 21.634859 -16.380468
13.693330 151.948077 80.012496 9.576188 21.639351 -16.381239
13.693551 151.948131 80.011977 9.574924 21.643843 -16.382010
13.693773 151.948185 80.011458 9.573660 21.648336 -16.382780
13.693994 151.948238 80.010938 9.572396 21.652828 -16.383551
13.694214 151.948292 80.010419 9.571131 21.657320 -16.384322
13.694435 151.948346 80.009899 9.569867 21.661812 -16.385094
13.694657 151.948400 80.009379 9.568602 21.666304 -16.385865
13.694878 151.948453 80.008858 9.567337 21.670795 -16.386636
13.695098 151.948508 80.008338 9.566071 21.675288 -16.387407
13.695320 151.948562 80.007818 9.564806 21.679780 -16.388179
13.695541 151.948615 80.007297 9.563541 21.684272 -16.388950
13.695763 151.948669 80.006776 9.562275 21.688763 -16.389721
13.695984 151.948723 80.006255 9.561009 21.693255 -16.390492
13.696205 151.948776 80.005734 9.559743 21.697746 -16.391263
13.696426 151.948830 80.005212 9.558476 21.702238 -16.392035
13.696648 151.948884 80.004691 9.557210 21.706729 -16.392806
13.696870 151.948937 80.004169 9.555943 21.711221 -16.393577
13.697090 151.948991 80.003647 9.554676 21.715711 -16.394348
13.697312 151.949045 80.003125 9.553409 21.720202 -16.395120
13.697534 151.949098 80.002603 9.552142 21.724694 -16.395891
13.697756 151.949152 80.002081 9.550875 21.729185 -16.396663
13.697977 151.949206 80.001558 9.549607 21.733676 -16.397435
13.698198 151.949258 80.001035 9.548339 21.738167 -16.398205
13.698420 151.949312 80.000512 9.547070 21.742659 -16.398977
13.698642 151.949366 79.999989 9.545802 21.747149 -16.399749
13.698864 151.949419 79.999466 9.544534 21.751640 -16.400521
13.699085 151.949473 79.998943 9.543265 21.756131 -16.401293
13.699307 151.949526 79.998419 9.541997 21.760621 -16.402064
13.699529 151.949580 79.997895 9.540727 21.765112 -16.402835
13.699751 151.949634 79.997372 9.539458 21.769603 -16.403608
13.699973 151.949686 79.996847 9.538189 21.774093 -16.404379
13.700195 151.949740 79.996323 9.536919 21.778583 -16.405151
13.700417 151.949793 79.995799 9.535649 21.783074 -16.405923
13.700639 151.949847 79.995274 9.534379 21.787564 -16.406694
13.700862 151.949899 79.994749 9.533109 21.792055 -16.407467
13.701083 151.949953 79.994224 9.531839 21.796544 -16.408239
13.701305 151.950007 79.993699 9.530568 21.801035 -16.409011
13.701528 151.950059 79.993174 9.529298 21.805525 -16.409782
13.701750 151.950113 79.992649 9.528026 21.810015 -16.410554
13.701972 151.950166 79.992123 9.526755 21.814505 -16.411327
13.702194 151.950220 79.991597 9.525484 21.818995 -16.412099
13.702417 151.950272 79.991071 9.524212 21.823484 -16.412871
13.702639 151.950326 79.990545 9.522941 21.827974 -16.413642
13.702862 151.950378 79.990019 9.521668 21.832464 -16.414415
13.703084 151.950432 79.989492 9.520397 21.836953 -16.415187
13.703306 151.950485 79.988965 9.519124 21.841443 -16.415959
13.703529 151.950538 79.988439 9.517852 21.845933 -16.416732
13.703752 151.950591 79.987912 9.516579 21.850422 -16.417503
13.703974 151.950644 79.987385 9.515306 21.854911 -16.418276
13.704197 151.950697 79.986857 9.514033 21.859401 -16.419049
13.704420 151.950751 79.986330 9.512760 21.863890 -16.419821
13.704642 151.950803 79.985803 9.511486 21.868379 -16.420593
13.704864 151.950857 79.985275 9.510213 21.872868 -16.421365
13.705087 151.950909 79.984747 9.508939 21.877357 -16.422138
13.705310 151.950962 79.984218 9.507665 21.881846 -16.422910
13.705534 151.951015 79.983690 9.506390 21.886336 -16.423683
13.705757 151.951068 79.983161 9.505116 21.890825 -16.424456
13.705979 151.951121 79.982633 9.503841 21.895313 -16.425227
13.706202 151.951173 79.982104 9.502566 21.899802 -16.426001
13.706425 151.951227 79.981575 9.501291 21.904291 -16.426773
13.706649 151.951279 79.981046 9.500016 21.908780 -16.427546
13.706871 151.951332 79.980517 9.498741 21.913268 -16.428319
13.707094 151.951385 79.979987 9.497465 21.917757 -16.429091
13.707318 151.951437 79.979458 9.496189 21.922245 -16.429863
13.707541 151.951491 79.978928 9.494913 21.926734 -16.430637
13.707764 151.951543 79.978398 9.493637 21.931221 -16.431409
13.707987 151.951595 79.977867 9.492361 21.935709 -16.432182
13.708210 151.951649 79.977337 9.491084 21.940198 -16.432954
13.708434 151.951701 79.976807 9.489807 21.944686 -16.433727
13.708658 151.951753 79.976276 9.488531 21.949174 -16.434501
13.708880 151.951807 79.975746 9.487253 21.953663 -16.435273
13.709104 151.951859 79.975214 9.485976 21.958150 -16.436046
13.709327 151.951912 79.974683 9.484699 21.962638 -16.436819
13.709551 151.951964 79.974152 9.483421 21.967126 -16.437592
13.709775 151.952016 79.973620 9.482143 21.971614 -16.438365
13.709998 151.952070 79.973089 9.480865 21.976101 -16.439138
13.710222 151.952122 79.972556 9.479587 21.980589 -16.439912
13.710445 151.952174 79.972025 9.478308 21.985077 -16.440684
13.710669 151.952226 79.971492 9.477029 21.989564 -16.441457
13.710892 151.952279 79.970960 9.475750 21.994052 -16.442231
13.711116 151.952332 79.970427 9.474471 21.998539 -16.443004
13.711340 151.952384 79.969895 9.473192 22.003027 -16.443778
13.711564 151.952437 79.969362 9.471913 22.007513 -16.444551
13.711789 151.952489 79.968829 9.470633 22.012001 -16.445324
13.712012 151.952541 79.968296 9.469353 22.016488 -16.446097
13.712236 151.952593 79.967763 9.468073 22.020975 -16.446870
13.712460 151.952646 79.967229 9.466793 22.025462 -16.447644
13.712684 151.952698 79.966695 9.465512 22.029949 -16.448417
13.712908 151.952750 79.966162 9.464232 22.034436 -16.449190
13.713132 151.952802 79.965627 9.462951 22.038923 -16.449963
13.713356 151.952855 79.965093 9.461670 22.043410 -16.450737
13.713581 151.952907 79.964558 9.460388 22.047896 -16.451510
13.713804 151.952959 79.964025 9.459107 22.052383 -16.452284
13.714028 151.953011 79.963490 9.457825 22.056870 -16.453057
13.714253 151.953064 79.962955 9.456544 22.061356 -16.453831
13.714477 151.953116 79.962419 9.455262 22.065842 -16.454605
13.714702 151.953168 79.961884 9.453979 22.070329 -16.455378
13.714926 151.953220 79.961349 9.452697 22.074815 -16.456152
13.715150 151.953272 79.960813 9.451415 22.079302 -16.456925
13.715375 151.953324 79.960277 9.450132 22.083788 -16.457699
13.715600 151.953377 79.959741 9.448849 22.088274 -16.458473
13.715823 151.953429 79.959205 9.447566 22.092760 -16.459247
13.716048 151.953480 79.958669 9.446282 22.097246 -16.460021
13.716273 151.953532 79.958133 9.444999 22.101732 -16.460794
13.716498 151.953584 79.957596 9.443715 22.106218 -16.461568
13.716723 151.953636 79.957060 9.442431 22.110704 -16.462342
13.716947 151.953689 79.956523 9.441147 22.115190 -16.463116
13.717172 151.953740 79.955986 9.439863 22.119676 -16.463890
13.717397 151.953792 79.955449 9.438578 22.124161 -16.464663
13.717622 151.953844 79.954911 9.437293 22.128647 -16.465437
13.717846 151.953896 79.954373 9.436009 22.133132 -16.466211
13.718071 151.953947 79.953836 9.434724 22.137618 -16.466986
13.718296 151.953999 79.953298 9.433439 22.142103 -16.467760
13.718521 151.954051 79.952760 9.432153 22.146588 -16.468533
13.718746 151.954102 79.952221 9.430867 22.151073 -16.469307
13.718971 151.954155 79.951683 9.429582 22.155559 -16.470082
13.719196 151.954207 79.951145 9.428296 22.160044 -16.470856
13.719421 151.954258 79.950605 9.427009 22.164529 -16.471630
13.719647 151.954310 79.950067 9.425723 22.169014 -16.472404
13.719871 151.954362 79.949527 9.424436 22.173499 -16.473178
13.720096 151.954413 79.948988 9.423149 22.177984 -16.473953
13.720322 151.954465 79.948448 9.421863 22.182468 -16.474727
13.720547 151.954517 79.947909 9.420575 22.186953 -16.475502
13.720773 151.954568 79.947370 9.419288 22.191439 -16.476275
13.720998 151.954620 79.946830 9.418000 22.195923 -16.477049
13.721223 151.954671 79.946289 9.416712 22.200408 -16.477824
13.721449 151.954723 79.945749 9.415424 22.204892 -16.478599
13.721674 151.954774 79.945209 9.414136 22.209376 -16.479373
13.721899 151.954826 79.944669 9.412848 22.213861 -16.480147
13.722125 151.954877 79.944128 9.411559 22.218345 -16.480922
13.722351 151.954929 79.943586 9.410271 22.222830 -16.481697
13.722577 151.954980 79.943046 9.408982 22.227314 -16.482471
13.722802 151.955032 79.942504 9.407692 22.231798 -16.483246
13.723027 151.955083 79.941963 9.406403 22.236282 -16.484020
13.723253 151.955134 79.941421 9.405113 22.240766 -16.484794
13.723479 151.955186 79.940879 9.403824 22.245250 -16.485569
13.723705 151.955237 79.940338 9.402534 22.249734 -16.486344
13.723930 151.955289 79.939795 9.401243 22.254218 -16.487119
13.724156 151.955340 79.939253 9.399953 22.258702 -16.487893
13.724383 151.955391 79.938710 9.398663 22.263185 -16.488668
13.724609 151.955443 79.938168 9.397372 22.267669 -16.489443
13.724835 151.955494 79.937625 9.396081 22.272153 -16.490218
13.725060 151.955544 79.937082 9.394790 22.276636 -16.490993
13.725286 151.955596 79.936539 9.393499 22.281119 -16.491768
13.725513 151.955647 79.935995 9.392207 22.285603 -16.492542
13.725739 151.955698 79.935452 9.390915 22.290087 -16.493317
13.725964 151.955749 79.934908 9.389624 22.294570 -16.494092
13.726191 151.955801 79.934365 9.388332 22.299053 -16.494867
13.726417 151.955852 79.933821 9.387040 22.303536 -16.495643
13.726644 151.955903 79.933277 9.385747 22.308019 -16.496417
13.726870 151.955954 79.932732 9.384455 22.312502 -16.497192
13.727096 151.956005 79.932187 9.383162 22.316985 -16.497967
13.727322 151.956056 79.931643 9.381869 22.321468 -16.498743
13.727549 151.956107 79.931098 9.380576 22.325950 -16.499518
13.727776 151.956158 79.930553 9.379282 22.330433 -16.500292
13.728001 151.956209 79.930008 9.377989 22.334916 -16.501068
13.728228 151.956260 79.929462 9.376695 22.339399 -16.501843
13.728455 151.956310 79.928917 9.375400 22.343881 -16.502618
13.728682 151.956362 79.928372 9.374106 22.348364 -16.503394
13.728908 151.956413 79.927825 9.372812 22.352847 -16.504168
13.729134 151.956464 79.927280 9.371517 22.357329 -16.504944
13.729361 151.956515 79.926734 9.370222 22.361812 -16.505719
13.729588 151.956566 79.926187 9.368928 22.366293 -16.506495
13.729815 151.956616 79.925641 9.367633 22.370776 -16.507270
13.730041 151.956667 79.925094 9.366337 22.375258 -16.508045
13.730268 151.956718 79.924548 9.365042 22.379740 -16.508821
13.730495 151.956769 79.924000 9.363746 22.384222 -16.509596
13.730722 151.956819 79.923453 9.362450 22.388704 -16.510372
13.730950 151.956870 79.922906 9.361154 22.393186 -16.511147
13.731176 151.956921 79.922358 9.359857 22.397667 -16.511922
13.731403 151.956972 79.921811 9.358561 22.402149 -16.512698
13.731630 151.957022 79.921263 9.357264 22.406631 -16.513474
13.731858 151.957072 79.920714 9.355967 22.411113 -16.514250
13.732084 151.957123 79.920167 9.354670 22.415595 -16.515026
13.732311 151.957174 79.919618 9.353373 22.420076 -16.515800
13.732539 151.957224 79.919069 9.352075 22.424557 -16.516576
13.732766 151.957275 79.918520 9.350778 22.429038 -16.517352
13.732994 151.957326 79.917972 9.349480 22.433520 -16.518128
13.733220 151.957376 79.917423 9.348182 22.438001 -16.518904
13.733448 151.957426 79.916874 9.346883 22.442483 -16.519680
13.733675 151.957477 79.916324 9.345585 22.446963 -16.520455
13.733903 151.957527 79.915775 9.344287 22.451444 -16.521231
13.734130 151.957578 79.915225 9.342988 22.455926 -16.522007
13.734357 151.957629 79.914675 9.341688 22.460406 -16.522783
13.734585 151.957678 79.914126 9.340389 22.464888 -16.523559
13.734813 151.957729 79.913575 9.339090 22.469369 -16.524335
13.735041 151.957780 79.913025 9.337790 22.473849 -16.525110
13.735267 151.957829 79.912474 9.336490 22.478329 -16.525886
13.735495 151.957880 79.911923 9.335190 22.482811 -16.526663
13.735723 151.957931 79.911372 9.333890 22.487291 -16.527439
13.735951 151.957980 79.910821 9.332590 22.491772 -16.528215
13.736178 151.958031 79.910270 9.331289 22.496252 -16.528990
13.736406 151.958081 79.909719 9.329988 22.500732 -16.529766
13.736634 151.958131 79.909167 9.328688 22.505212 -16.530543
13.736862 151.958182 79.908616 9.327386 22.509693 -16.531320
13.737090 151.958232 79.908063 9.326084 22.514174 -16.532095
13.737318 151.958282 79.907511 9.324783 22.518654 -16.532871
13.737546 151.958332 79.906959 9.323481 22.523134 -16.533648
13.737774 151.958382 79.906407 9.322179 22.527614 -16.534424
13.738002 151.958432 79.905854 9.320877 22.532094 -16.535201
13.738231 151.958482 79.905302 9.319575 22.536574 -16.535976
13.738458 151.958532 79.904749 9.318272 22.541053 -16.536753
13.738686 151.958582 79.904195 9.316970 22.545533 -16.537529
13.738915 151.958633 79.903643 9.315667 22.550012 -16.538306
13.739143 151.958682 79.903089 9.314363 22.554492 -16.539082
13.739371 151.958733 79.902536 9.313060 22.558972 -16.539858
13.739599 151.958782 79.901981 9.311757 22.563451 -16.540635
13.739828 151.958833 79.901428 9.310453 22.567931 -16.541411
13.740056 151.958882 79.900874 9.309149 22.572410 -16.542188
13.740285 151.958933 79.900320 9.307845 22.576889 -16.542964
13.740513 151.958982 79.899765 9.306541 22.581368 -16.543742
13.740741 151.959032 79.899211 9.305236 22.585848 -16.544517
13.740970 151.959082 79.898656 9.303931 22.590327 -16.545294
13.741199 151.959131 79.898100 9.302627 22.594806 -16.546071
13.741427 151.959181 79.897546 9.301321 22.599285 -16.546847
13.741656 151.959231 79.896990 9.300016 22.603764 -16.547625
13.741884 151.959281 79.896435 9.298711 22.608243 -16.548400
13.742113 151.959330 79.895880 9.297405 22.612722 -16.549177
13.742342 151.959381 79.895324 9.296099 22.617200 -16.549954
13.742570 151.959430 79.894768 9.294793 22.621679 -16.550731
13.742799 151.959480 79.894211 9.293487 22.626157 -16.551508
13.743028 151.959529 79.893655 9.292180 22.630636 -16.552284
13.743257 151.959578 79.893099 9.290874 22.635114 -16.553061
13.743485 151.959629 79.892543 9.289567 22.639593 -16.553838
13.743715 151.959678 79.891986 9.288260 22.644071 -16.554615
13.743944 151.959728 79.891429 9.286953 22.648550 -16.555392
13.744173 151.959777 79.890872 9.285645 22.653028 -16.556169
13.744402 151.959826 79.890314 9.284337 22.657507 -16.556946
13.744631 151.959877 79.889757 9.283030 22.661984 -16.557723
13.744860 151.959926 79.889199 9.281722 22.666462 -16.558500
13.745089 151.959975 79.888642 9.280414 22.670941 -16.559278
13.745319 151.960025 79.888084 9.279105 22.675418 -16.560053
13.745548 151.960074 79.887526 9.277797 22.679896 -16.560831
13.745777 151.960123 79.886968 9.276488 22.684374 -16.561608
13.746006 151.960173 79.886409 9.275179 22.688852 -16.562386
13.746236 151.960222 79.885850 9.273870 22.693330 -16.563163
13.746465 151.960271 79.885291 9.272560 22.697807 -16.563941
13.746694 151.960321 79.884732 9.271251 22.702284 -16.564716
13.746924 151.960370 79.884174 9.269941 22.706762 -16.565494
13.747153 151.960419 79.883613 9.268631 22.711239 -16.566271
13.747383 151.960469 79.883054 9.267321 22.715716 -16.567049
13.747613 151.960518 79.882495 9.266011 22.720194 -16.567827
13.747842 151.960567 79.881935 9.264700 22.724671 -16.568603
13.748071 151.960616 79.881375 9.263389 22.729148 -16.569380
13.748301 151.960666 79.880815 9.262079 22.733625 -16.570158
13.748531 151.960715 79.880254 9.260767 22.738102 -16.570935
13.748760 151.960764 79.879694 9.259456 22.742579 -16.571714
13.748990 151.960813 79.879133 9.258145 22.747056 -16.572490
13.749220 151.960863 79.878573 9.256833 22.751533 -16.573268
13.749450 151.960911 79.878011 9.255521 22.756010 -16.574045
13.749680 151.960960 79.877451 9.254209 22.760487 -16.574823
13.749910 151.961009 79.876889 9.252896 22.764964 -16.575601
13.750140 151.961058 79.876328 9.251584 22.769440 -16.576377
13.750370 151.961108 79.875766 9.250271 22.773916 -16.577155
13.750600 151.961156 79.875205 9.248958 22.778393 -16.577933
13.750830 151.961205 79.874642 9.247645 22.782869 -16.578711
13.751060 151.961254 79.874080 9.246332 22.787346 -16.579489
13.751290 151.961303 79.873518 9.245019 22.791822 -16.580267
13.751520 151.961352 79.872956 9.243705 22.796298 -16.581043
13.751751 151.961401 79.872393 9.242391 22.800775 -16.581821
13.751980 151.961450 79.871830 9.241077 22.805250 -16.582599
13.752211 151.961499 79.871267 9.239763 22.809727 -16.583378
13.752441 151.961547 79.870704 9.238448 22.814203 -16.584155
13.752672 151.961596 79.870141 9.237134 22.818678 -16.584932
13.752902 151.961645 79.869577 9.235819 22.823155 -16.585711
13.753132 151.961693 79.869013 9.234504 22.827630 -16.586489
13.753363 151.961743 79.868449 9.233188 22.832106 -16.587266
13.753593 151.961792 79.867885 9.231873 22.836581 -16.588045
13.753824 151.961840 79.867321 9.230558 22.841057 -16.588822
13.754055 151.961889 79.866757 9.229242 22.845532 -16.589600
13.754285 151.961937 79.866192 9.227926 22.850007 -16.590378
13.754515 151.961986 79.865627 9.226610 22.854483 -16.591156
13.754746 151.962034 79.865063 9.225293 22.858958 -16.591935
13.754977 151.962083 79.864498 9.223976 22.863434 -16.592712
13.755207 151.962131 79.863933 9.222660 22.867909 -16.593490
13.755438 151.962180 79.863367 9.221343 22.872384 -16.594268
13.755669 151.962228 79.862802 9.220026 22.876859 -16.595046
13.755900 151.962277 79.862237 9.218708 22.881334 -16.595825
13.756131 151.962325 79.861670 9.217391 22.885809 -16.596603
13.756361 151.962374 79.861104 9.216073 22.890284 -16.597381
13.756592 151.962422 79.860538 9.214755 22.894758 -16.598159
13.756824 151.962470 79.859972 9.213437 22.899233 -16.598937
13.757055 151.962519 79.859405 9.212119 22.903709 -16.599717
13.757285 151.962567 79.858838 9.210800 22.908183 -16.600494
13.757516 151.962616 79.858272 9.209481 22.912658 -16.601272
13.757748 151.962664 79.857704 9.208162 22.917132 -16.602051
13.757979 151.962712 79.857138 9.206843 22.921606 -16.602829
13.758211 151.962761 79.856571 9.205524 22.926081 -16.603607
13.758441 151.962809 79.856002 9.204204 22.930555 -16.604386
13.758672 151.962857 79.855435 9.202885 22.935029 -16.605164
13.758904 151.962906 79.854867 9.201565 22.939504 -16.605943
13.759136 151.962954 79.854299 9.200245 22.943978 -16.606722
13.759367 151.963002 79.853731 9.198924 22.948452 -16.607500
13.759598 151.963050 79.853163 9.197604 22.952926 -16.608279
13.759829 151.963099 79.852594 9.196283 22.957400 -16.609056
13.760061 151.963147 79.852025 9.194962 22.961873 -16.609835
