71.161163 149.800312 29.700265 -0.258467 61.918058 -1.898394
71.163443 149.800233 29.700967 -0.258500 61.922438 -1.898035
71.165721 149.800155 29.701667 -0.258534 61.926818 -1.897677
71.168000 149.800076 29.702368 -0.258568 61.931199 -1.897319
71.170278 149.799997 29.703068 -0.258602 61.935581 -1.896960
71.172556 149.799920 29.703768 -0.258635 61.939962 -1.896602
71.174835 149.799841 29.704468 -0.258669 61.944343 -1.896245
71.177112 149.799763 29.705167 -0.258703 61.948724 -1.895885
71.179389 149.799684 29.705866 -0.258736 61.953105 -1.895528
71.181666 149.799606 29.706565 -0.258770 61.957487 -1.895169
71.183943 149.799527 29.707264 -0.258803 61.961868 -1.894810
71.186219 149.799449 29.707962 -0.258837 61.966250 -1.894452
71.188496 149.799371 29.708660 -0.258871 61.970632 -1.894093
71.190771 149.799292 29.709358 -0.258904 61.975014 -1.893735
71.193046 149.799214 29.710055 -0.258938 61.979396 -1.893376
71.195322 149.799136 29.710752 -0.258971 61.983780 -1.893019
71.197597 149.799058 29.711449 -0.259004 61.988162 -1.892659
71.199871 149.798980 29.712146 -0.259038 61.992545 -1.892300
71.202146 149.798902 29.712842 -0.259072 61.996928 -1.891943
71.204419 149.798823 29.713539 -0.259105 62.001311 -1.891584
71.206693 149.798745 29.714235 -0.259138 62.005694 -1.891224
71.208967 149.798667 29.714930 -0.259172 62.010078 -1.890866
71.211240 149.798589 29.715626 -0.259205 62.014461 -1.890508
71.213513 149.798511 29.716321 -0.259239 62.018845 -1.890149
71.215785 149.798433 29.717016 -0.259272 62.023229 -1.889789
71.218058 149.798355 29.717710 -0.259305 62.027613 -1.889431
71.220330 149.798277 29.718404 -0.259339 62.031998 -1.889073
71.222602 149.798199 29.719098 -0.259372 62.036382 -1.888714
71.224873 149.798121 29.719792 -0.259405 62.040767 -1.888354
71.227144 149.798044 29.720485 -0.259438 62.045151 -1.887996
71.229415 149.797965 29.721179 -0.259472 62.049536 -1.887637
71.231686 149.797888 29.721872 -0.259505 62.053921 -1.887278
71.233957 149.797810 29.722564 -0.259538 62.058306 -1.886920
71.236227 149.797732 29.723257 -0.259572 62.062691 -1.886562
71.238496 149.797654 29.723948 -0.259604 62.067077 -1.886201
71.240765 149.797577 29.724641 -0.259638 62.071462 -1.885843
71.243035 149.797499 29.725332 -0.259671 62.075848 -1.885484
71.245304 149.797421 29.726024 -0.259704 62.080235 -1.885125
71.247572 149.797344 29.726714 -0.259737 62.084621 -1.884766
71.249841 149.797266 29.727405 -0.259771 62.089007 -1.884407
71.252109 149.797189 29.728096 -0.259804 62.093393 -1.884049
71.254377 149.797111 29.728785 -0.259836 62.097780 -1.883688
71.256644 149.797034 29.729476 -0.259869 62.102167 -1.883329
71.258911 149.796956 29.730165 -0.259902 62.106553 -1.882971
71.261178 149.796879 29.730854 -0.259935 62.110940 -1.882612
71.263445 149.796801 29.731544 -0.259969 62.115328 -1.882253
71.265711 149.796724 29.732233 -0.260002 62.119715 -1.881894
71.267977 149.796647 29.732921 -0.260035 62.124102 -1.881535
71.270243 149.796569 29.733609 -0.260068 62.128491 -1.881176
71.272508 149.796492 29.734297 -0.260101 62.132879 -1.880817
71.274773 149.796414 29.734985 -0.260133 62.137266 -1.880457
71.277038 149.796337 29.735673 -0.260166 62.141654 -1.880098
71.279303 149.796259 29.736360 -0.260199 62.146043 -1.879739
71.281567 149.796182 29.737047 -0.260232 62.150431 -1.879380
71.283831 149.796105 29.737734 -0.260265 62.154820 -1.879021
71.286095 149.796028 29.738420 -0.260298 62.159208 -1.878661
71.288358 149.795951 29.739106 -0.260331 62.163597 -1.878302
71.290621 149.795873 29.739791 -0.260364 62.167986 -1.877943
71.292884 149.795796 29.740477 -0.260396 62.172375 -1.877583
71.295147 149.795720 29.741162 -0.260429 62.176765 -1.877224
71.297410 149.795642 29.741848 -0.260462 62.181155 -1.876864
71.299672 149.795565 29.742533 -0.260494 62.185544 -1.876505
71.301933 149.795489 29.743217 -0.260527 62.189934 -1.876146
71.304194 149.795411 29.743901 -0.260560 62.194324 -1.875786
71.306456 149.795334 29.744585 -0.260593 62.198714 -1.875426
71.308717 149.795257 29.745269 -0.260625 62.203104 -1.875067
71.310977 149.795180 29.745952 -0.260658 62.207495 -1.874707
71.313238 149.795104 29.746635 -0.260690 62.211885 -1.874348
71.315498 149.795026 29.747318 -0.260723 62.216276 -1.873989
71.317758 149.794950 29.748000 -0.260755 62.220668 -1.873628
71.320017 149.794873 29.748683 -0.260788 62.225059 -1.873269
71.322276 149.794796 29.749364 -0.260820 62.229450 -1.872909
71.324536 149.794719 29.750046 -0.260853 62.233841 -1.872549
71.326794 149.794643 29.750727 -0.260885 62.238233 -1.872189
71.329052 149.794566 29.751409 -0.260918 62.242624 -1.871831
71.331311 149.794489 29.752090 -0.260951 62.247016 -1.871471
71.333568 149.794413 29.752771 -0.260983 62.251408 -1.871111
71.335825 149.794336 29.753451 -0.261016 62.255800 -1.870751
71.338083 149.794259 29.754131 -0.261048 62.260192 -1.870392
71.340340 149.794183 29.754811 -0.261080 62.264585 -1.870031
71.342597 149.794106 29.755490 -0.261113 62.268978 -1.869672
71.344853 149.794030 29.756169 -0.261146 62.273371 -1.869313
71.347109 149.793953 29.756848 -0.261178 62.277764 -1.868953
71.349365 149.793877 29.757526 -0.261210 62.282157 -1.868593
71.351620 149.793800 29.758206 -0.261242 62.286550 -1.868233
71.353875 149.793724 29.758884 -0.261274 62.290943 -1.867873
71.356130 149.793648 29.759561 -0.261307 62.295336 -1.867512
71.358385 149.793571 29.760239 -0.261339 62.299730 -1.867154
71.360639 149.793495 29.760916 -0.261372 62.304124 -1.866794
71.362894 149.793419 29.761593 -0.261404 62.308518 -1.866433
71.365147 149.793343 29.762270 -0.261436 62.312913 -1.866073
71.367400 149.793266 29.762946 -0.261468 62.317307 -1.865714
71.369653 149.793190 29.763623 -0.261501 62.321701 -1.865354
71.371907 149.793114 29.764299 -0.261533 62.326096 -1.864993
71.374159 149.793038 29.764974 -0.261565 62.330490 -1.864633
71.376412 149.792961 29.765649 -0.261597 62.334885 -1.864274
71.378664 149.792885 29.766324 -0.261629 62.339280 -1.863913
71.380916 149.792809 29.766999 -0.261661 62.343675 -1.863553
71.383167 149.792733 29.767674 -0.261693 62.348071 -1.863193
71.385419 149.792656 29.768349 -0.261726 62.352466 -1.862834
71.387669 149.792581 29.769022 -0.261757 62.356862 -1.862473
71.389920 149.792505 29.769696 -0.261789 62.361258 -1.862112
71.392171 149.792429 29.770370 -0.261822 62.365654 -1.861753
71.394420 149.792352 29.771042 -0.261854 62.370050 -1.861392
71.396670 149.792277 29.771715 -0.261885 62.374446 -1.861032
71.398920 149.792201 29.772387 -0.261918 62.378843 -1.860673
71.401169 149.792125 29.773060 -0.261949 62.383239 -1.860312
71.403418 149.792050 29.773733 -0.261981 62.387636 -1.859951
71.405667 149.791973 29.774404 -0.262014 62.392033 -1.859592
71.407915 149.791897 29.775075 -0.262045 62.396430 -1.859231
71.410164 149.791822 29.775747 -0.262077 62.400827 -1.858870
71.412411 149.791746 29.776417 -0.262109 62.405225 -1.858511
71.414659 149.791671 29.777088 -0.262141 62.409622 -1.858150
71.416906 149.791594 29.777758 -0.262172 62.414020 -1.857789
71.419153 149.791519 29.778428 -0.262205 62.418418 -1.857429
71.421399 149.791443 29.779099 -0.262236 62.422815 -1.857068
71.423646 149.791368 29.779768 -0.262268 62.427213 -1.856709
71.425893 149.791292 29.780437 -0.262300 62.431612 -1.856348
71.428138 149.791217 29.781106 -0.262331 62.436010 -1.855987
71.430383 149.791141 29.781774 -0.262363 62.440408 -1.855627
71.432629 149.791065 29.782444 -0.262395 62.444807 -1.855266
71.434874 149.790990 29.783112 -0.262427 62.449207 -1.854907
71.437118 149.790915 29.783779 -0.262458 62.453606 -1.854545
71.439363 149.790839 29.784447 -0.262490 62.458005 -1.854185
71.441607 149.790764 29.785114 -0.262522 62.462404 -1.853824
71.443851 149.790689 29.785781 -0.262554 62.466803 -1.853464
71.446094 149.790613 29.786448 -0.262585 62.471203 -1.853103
71.448338 149.790538 29.787114 -0.262617 62.475602 -1.852743
71.450581 149.790462 29.787781 -0.262648 62.480002 -1.852382
71.452823 149.790387 29.788447 -0.262680 62.484402 -1.852022
71.455066 149.790312 29.789112 -0.262711 62.488802 -1.851660
71.457309 149.790237 29.789777 -0.262743 62.493203 -1.851301
71.459551 149.790162 29.790442 -0.262774 62.497604 -1.850939
71.461792 149.790087 29.791107 -0.262806 62.502005 -1.850579
71.464033 149.790011 29.791772 -0.262837 62.506405 -1.850217
71.466274 149.789936 29.792435 -0.262869 62.510806 -1.849858
71.468515 149.789861 29.793100 -0.262900 62.515207 -1.849496
71.470756 149.789786 29.793764 -0.262932 62.519608 -1.849135
71.472996 149.789711 29.794426 -0.262963 62.524010 -1.848774
71.475236 149.789636 29.795090 -0.262994 62.528411 -1.848414
71.477475 149.789561 29.795753 -0.263026 62.532813 -1.848053
71.479715 149.789486 29.796415 -0.263057 62.537215 -1.847692
71.481954 149.789411 29.797078 -0.263089 62.541617 -1.847331
71.484193 149.789337 29.797739 -0.263120 62.546020 -1.846970
71.486432 149.789262 29.798402 -0.263151 62.550422 -1.846610
71.488670 149.789187 29.799062 -0.263182 62.554824 -1.846247
71.490907 149.789112 29.799724 -0.263213 62.559227 -1.845887
71.493146 149.789037 29.800385 -0.263245 62.563629 -1.845526
71.495383 149.788962 29.801045 -0.263276 62.568032 -1.845165
71.497619 149.788887 29.801706 -0.263307 62.572435 -1.844805
71.499857 149.788812 29.802366 -0.263339 62.576838 -1.844444
71.502093 149.788738 29.803025 -0.263369 62.581242 -1.844082
71.504330 149.788663 29.803684 -0.263401 62.585646 -1.843721
71.506565 149.788588 29.804344 -0.263432 62.590049 -1.843361
71.508801 149.788514 29.805003 -0.263463 62.594453 -1.842998
71.511037 149.788439 29.805661 -0.263494 62.598857 -1.842637
71.513271 149.788365 29.806319 -0.263525 62.603261 -1.842277
71.515507 149.788290 29.806977 -0.263556 62.607665 -1.841915
71.517742 149.788216 29.807635 -0.263587 62.612070 -1.841554
71.519975 149.788141 29.808293 -0.263619 62.616474 -1.841193
71.522209 149.788067 29.808950 -0.263650 62.620879 -1.840833
71.524443 149.787992 29.809607 -0.263680 62.625284 -1.840470
71.526677 149.787918 29.810263 -0.263711 62.629689 -1.840109
71.528910 149.787844 29.810920 -0.263743 62.634094 -1.839749
71.531143 149.787769 29.811576 -0.263773 62.638500 -1.839386
71.533376 149.787695 29.812232 -0.263804 62.642905 -1.839025
71.535608 149.787621 29.812887 -0.263835 62.647310 -1.838665
71.537840 149.787546 29.813542 -0.263866 62.651716 -1.838303
71.540072 149.787472 29.814197 -0.263897 62.656122 -1.837941
71.542303 149.787398 29.814852 -0.263928 62.660528 -1.837580
71.544534 149.787324 29.815506 -0.263959 62.664934 -1.837219
71.546765 149.787251 29.816160 -0.263990 62.669341 -1.836858
71.548997 149.787176 29.816814 -0.264021 62.673748 -1.836496
71.551227 149.787102 29.817468 -0.264051 62.678154 -1.836134
71.553456 149.787028 29.818120 -0.264082 62.682561 -1.835773
71.555686 149.786954 29.818774 -0.264113 62.686968 -1.835411
71.557916 149.786880 29.819426 -0.264143 62.691375 -1.835050
71.560145 149.786806 29.820079 -0.264174 62.695782 -1.834689
71.562375 149.786732 29.820730 -0.264205 62.700189 -1.834328
71.564603 149.786658 29.821383 -0.264235 62.704597 -1.833965
71.566832 149.786584 29.822034 -0.264266 62.709004 -1.833604
71.569059 149.786510 29.822686 -0.264297 62.713413 -1.833242
71.571288 149.786436 29.823336 -0.264327 62.717821 -1.832881
71.573515 149.786362 29.823987 -0.264358 62.722229 -1.832519
71.575742 149.786288 29.824638 -0.264389 62.726637 -1.832157
71.577970 149.786215 29.825287 -0.264419 62.731045 -1.831796
71.580196 149.786141 29.825937 -0.264450 62.735454 -1.831435
71.582422 149.786068 29.826587 -0.264481 62.739862 -1.831074
71.584649 149.785994 29.827236 -0.264511 62.744271 -1.830710
71.586875 149.785920 29.827885 -0.264541 62.748680 -1.830349
71.589101 149.785846 29.828534 -0.264572 62.753089 -1.829987
71.591325 149.785772 29.829182 -0.264602 62.757499 -1.829626
71.593550 149.785699 29.829830 -0.264633 62.761909 -1.829264
71.595775 149.785626 29.830478 -0.264663 62.766318 -1.828902
71.597999 149.785552 29.831125 -0.264694 62.770728 -1.828540
71.600224 149.785479 29.831772 -0.264724 62.775138 -1.828179
71.602449 149.785405 29.832419 -0.264755 62.779548 -1.827817
71.604672 149.785332 29.833066 -0.264785 62.783958 -1.827455
71.606895 149.785258 29.833713 -0.264815 62.788368 -1.827093
71.609118 149.785184 29.834359 -0.264846 62.792778 -1.826731
71.611341 149.785112 29.835005 -0.264876 62.797190 -1.826369
71.613563 149.785038 29.835650 -0.264906 62.801600 -1.826007
71.615786 149.784965 29.836296 -0.264937 62.806011 -1.825645
71.618008 149.784891 29.836940 -0.264967 62.810422 -1.825283
71.620229 149.784818 29.837585 -0.264997 62.814833 -1.824921
71.622451 149.784745 29.838230 -0.265027 62.819245 -1.824559
71.624672 149.784672 29.838873 -0.265057 62.823656 -1.824197
71.626893 149.784599 29.839517 -0.265088 62.828068 -1.823835
71.629113 149.784526 29.840161 -0.265118 62.832479 -1.823473
71.631334 149.784452 29.840804 -0.265148 62.836891 -1.823111
71.633554 149.784379 29.841447 -0.265178 62.841304 -1.822749
71.635774 149.784307 29.842089 -0.265208 62.845716 -1.822387
71.637994 149.784233 29.842732 -0.265239 62.850129 -1.822025
71.640212 149.784160 29.843374 -0.265269 62.854541 -1.821663
71.642432 149.784087 29.844016 -0.265299 62.858954 -1.821301
71.644650 149.784014 29.844657 -0.265329 62.863366 -1.820939
71.646868 149.783942 29.845299 -0.265359 62.867779 -1.820576
71.649086 149.783869 29.845940 -0.265389 62.872192 -1.820214
71.651304 149.783795 29.846580 -0.265419 62.876605 -1.819852
71.653522 149.783722 29.847221 -0.265448 62.881019 -1.819489
71.655739 149.783650 29.847861 -0.265479 62.885433 -1.819128
71.657956 149.783577 29.848501 -0.265509 62.889847 -1.818766
71.660173 149.783504 29.849140 -0.265539 62.894261 -1.818403
71.662389 149.783431 29.849780 -0.265568 62.898674 -1.818040
71.664605 149.783359 29.850419 -0.265598 62.903088 -1.817678
71.666821 149.783286 29.851057 -0.265628 62.907503 -1.817315
71.669037 149.783213 29.851695 -0.265658 62.911917 -1.816954
71.671252 149.783140 29.852333 -0.265688 62.916331 -1.816591
71.673468 149.783069 29.852971 -0.265718 62.920746 -1.816229
71.675682 149.782996 29.853609 -0.265747 62.925162 -1.815866
71.677896 149.782923 29.854246 -0.265777 62.929577 -1.815503
71.680111 149.782851 29.854883 -0.265807 62.933992 -1.815142
71.682325 149.782778 29.855520 -0.265837 62.938407 -1.814779
71.684538 149.782706 29.856156 -0.265867 62.942822 -1.814417
71.686752 149.782633 29.856792 -0.265896 62.947238 -1.814053
71.688965 149.782561 29.857428 -0.265926 62.951653 -1.813692
71.691178 149.782488 29.858063 -0.265956 62.956069 -1.813329
71.693390 149.782416 29.858698 -0.265985 62.960485 -1.812967
71.695603 149.782344 29.859333 -0.266015 62.964902 -1.812603
71.697814 149.782271 29.859968 -0.266045 62.969318 -1.812242
71.700026 149.782199 29.860602 -0.266074 62.973735 -1.811879
71.702238 149.782127 29.861236 -0.266104 62.978151 -1.811515
71.704448 149.782055 29.861870 -0.266134 62.982568 -1.811154
71.706660 149.781982 29.862503 -0.266163 62.986985 -1.810791
71.708870 149.781911 29.863137 -0.266192 62.991402 -1.810428
71.711081 149.781838 29.863769 -0.266222 62.995819 -1.810065
71.713291 149.781766 29.864402 -0.266252 63.000236 -1.809703
71.715500 149.781694 29.865034 -0.266281 63.004653 -1.809340
71.717710 149.781622 29.865667 -0.266310 63.009072 -1.808976
71.719919 149.781550 29.866298 -0.266340 63.013490 -1.808614
71.722128 149.781478 29.866930 -0.266369 63.017907 -1.808252
71.724336 149.781406 29.867561 -0.266399 63.022325 -1.807890
71.726545 149.781334 29.868191 -0.266428 63.026743 -1.807526
71.728753 149.781262 29.868823 -0.266457 63.031162 -1.807163
71.730961 149.781190 29.869453 -0.266487 63.035580 -1.806801
71.733169 149.781119 29.870082 -0.266516 63.039999 -1.806437
71.735376 149.781047 29.870712 -0.266545 63.044417 -1.806074
71.737583 149.780974 29.871342 -0.266575 63.048837 -1.805712
71.739789 149.780903 29.871971 -0.266604 63.053256 -1.805349
71.741996 149.780831 29.872600 -0.266634 63.057675 -1.804986
71.744202 149.780760 29.873228 -0.266662 63.062094 -1.804623
71.746408 149.780688 29.873856 -0.266692 63.066514 -1.804261
71.748614 149.780616 29.874484 -0.266721 63.070933 -1.803897
71.750819 149.780545 29.875112 -0.266750 63.075353 -1.803534
71.753024 149.780473 29.875739 -0.266779 63.079773 -1.803171
71.755229 149.780402 29.876366 -0.266808 63.084193 -1.802807
71.757434 149.780330 29.876993 -0.266838 63.088614 -1.802445
71.759637 149.780258 29.877620 -0.266867 63.093034 -1.802082
71.761842 149.780187 29.878246 -0.266896 63.097454 -1.801720
71.764046 149.780115 29.878871 -0.266925 63.101875 -1.801356
71.766248 149.780044 29.879497 -0.266954 63.106296 -1.800993
71.768452 149.779972 29.880122 -0.266983 63.110717 -1.800629
71.770655 149.779901 29.880748 -0.267012 63.115137 -1.800267
71.772858 149.779829 29.881373 -0.267041 63.119559 -1.799903
71.775060 149.779759 29.881996 -0.267070 63.123980 -1.799540
71.777261 149.779687 29.882621 -0.267099 63.128402 -1.799176
71.779463 149.779616 29.883245 -0.267128 63.132824 -1.798814
71.781665 149.779544 29.883868 -0.267157 63.137245 -1.798451
71.783866 149.779474 29.884492 -0.267186 63.141667 -1.798087
71.786067 149.779402 29.885114 -0.267215 63.146089 -1.797724
71.788268 149.779330 29.885737 -0.267244 63.150511 -1.797360
71.790468 149.779260 29.886359 -0.267273 63.154934 -1.796998
71.792668 149.779188 29.886982 -0.267301 63.159356 -1.796633
71.794869 149.779117 29.887603 -0.267330 63.163778 -1.796271
71.797068 149.779047 29.888225 -0.267359 63.168201 -1.795908
71.799267 149.778975 29.888846 -0.267388 63.172625 -1.795544
71.801466 149.778905 29.889467 -0.267417 63.177048 -1.795181
71.803665 149.778833 29.890087 -0.267446 63.181471 -1.794819
71.805863 149.778763 29.890708 -0.267474 63.185894 -1.794454
71.808061 149.778691 29.891328 -0.267503 63.190318 -1.794091
71.810260 149.778621 29.891948 -0.267531 63.194741 -1.793727
71.812457 149.778550 29.892567 -0.267560 63.199165 -1.793364
71.814655 149.778479 29.893187 -0.267589 63.203589 -1.793001
71.816851 149.778408 29.893806 -0.267617 63.208013 -1.792636
71.819049 149.778338 29.894424 -0.267646 63.212438 -1.792273
71.821245 149.778266 29.895043 -0.267675 63.216862 -1.791911
71.823441 149.778196 29.895661 -0.267703 63.221286 -1.791546
71.825637 149.778125 29.896278 -0.267732 63.225711 -1.791183
71.827833 149.778055 29.896896 -0.267761 63.230136 -1.790819
71.830028 149.777984 29.897513 -0.267790 63.234560 -1.790456
71.832223 149.777913 29.898130 -0.267818 63.238985 -1.790092
71.834418 149.777843 29.898746 -0.267846 63.243410 -1.789729
71.836613 149.777772 29.899362 -0.267875 63.247836 -1.789366
71.838807 149.777702 29.899978 -0.267903 63.252262 -1.789000
71.841001 149.777631 29.900594 -0.267932 63.256687 -1.788637
71.843195 149.777561 29.901209 -0.267960 63.261113 -1.788274
71.845389 149.777491 29.901825 -0.267989 63.265539 -1.787910
71.847582 149.777420 29.902439 -0.268017 63.269965 -1.787547
71.849775 149.777350 29.903054 -0.268045 63.274391 -1.787183
71.851968 149.777279 29.903668 -0.268074 63.278817 -1.786820
71.854160 149.777209 29.904281 -0.268102 63.283243 -1.786456
71.856352 149.777139 29.904895 -0.268131 63.287670 -1.786092
71.858544 149.777068 29.905508 -0.268158 63.292098 -1.785728
71.860735 149.776998 29.906122 -0.268187 63.296524 -1.785364
71.862926 149.776928 29.906734 -0.268215 63.300951 -1.785000
71.865118 149.776857 29.907347 -0.268244 63.305378 -1.784636
71.867309 149.776787 29.907958 -0.268272 63.309806 -1.784273
71.869499 149.776718 29.908571 -0.268300 63.314233 -1.783910
71.871690 149.776647 29.909182 -0.268328 63.318660 -1.783544
71.873879 149.776577 29.909793 -0.268356 63.323088 -1.783181
71.876069 149.776507 29.910404 -0.268384 63.327517 -1.782816
71.878258 149.776437 29.911015 -0.268413 63.331945 -1.782453
71.880448 149.776367 29.911625 -0.268441 63.336373 -1.782090
71.882636 149.776297 29.912236 -0.268469 63.340801 -1.781726
71.884825 149.776227 29.912845 -0.268497 63.345229 -1.781362
71.887013 149.776157 29.913455 -0.268525 63.349658 -1.780998
71.889201 149.776087 29.914064 -0.268553 63.354086 -1.780634
71.891389 149.776017 29.914672 -0.268581 63.358515 -1.780268
71.893576 149.775948 29.915281 -0.268609 63.362944 -1.779905
71.895764 149.775877 29.915889 -0.268637 63.367374 -1.779541
71.897951 149.775808 29.916497 -0.268665 63.371803 -1.779177
71.900138 149.775738 29.917105 -0.268693 63.376232 -1.778813
71.902323 149.775669 29.917712 -0.268721 63.380662 -1.778449
71.904510 149.775599 29.918319 -0.268749 63.385091 -1.778085
71.906695 149.775529 29.918926 -0.268777 63.389521 -1.777720
71.908881 149.775460 29.919533 -0.268805 63.393951 -1.777357
71.911066 149.775389 29.920139 -0.268833 63.398381 -1.776992
71.913251 149.775320 29.920745 -0.268860 63.402811 -1.776629
71.915436 149.775251 29.921350 -0.268888 63.407242 -1.776264
71.917621 149.775182 29.921955 -0.268916 63.411673 -1.775899
71.919805 149.775111 29.922561 -0.268944 63.416103 -1.775536
71.921989 149.775042 29.923166 -0.268972 63.420534 -1.775171
71.924173 149.774973 29.923770 -0.268999 63.424965 -1.774806
71.926356 149.774904 29.924374 -0.269027 63.429396 -1.774443
71.928539 149.774834 29.924977 -0.269055 63.433827 -1.774078
71.930722 149.774765 29.925581 -0.269082 63.438258 -1.773713
71.932905 149.774696 29.926185 -0.269110 63.442690 -1.773350
71.935087 149.774627 29.926787 -0.269138 63.447122 -1.772985
71.937269 149.774557 29.927390 -0.269165 63.451554 -1.772620
71.939451 149.774488 29.927992 -0.269193 63.455986 -1.772256
71.941633 149.774419 29.928594 -0.269221 63.460418 -1.771893
71.943813 149.774350 29.929196 -0.269249 63.464850 -1.771528
71.945995 149.774281 29.929797 -0.269276 63.469282 -1.771164
71.948175 149.774211 29.930398 -0.269304 63.473714 -1.770800
71.950356 149.774142 29.931000 -0.269331 63.478147 -1.770435
71.952536 149.774073 29.931600 -0.269359 63.482579 -1.770070
71.954715 149.774004 29.932200 -0.269386 63.487013 -1.769705
71.956895 149.773935 29.932800 -0.269413 63.491446 -1.769341
71.959075 149.773866 29.933400 -0.269441 63.495879 -1.768976
71.961253 149.773797 29.933999 -0.269469 63.500312 -1.768613
71.963432 149.773728 29.934598 -0.269496 63.504746 -1.768248
71.965611 149.773659 29.935197 -0.269523 63.509179 -1.767883
71.967789 149.773591 29.935795 -0.269551 63.513613 -1.767518
71.969967 149.773522 29.936393 -0.269578 63.518047 -1.767154
71.972145 149.773452 29.936991 -0.269605 63.522481 -1.766789
71.974322 149.773384 29.937589 -0.269633 63.526915 -1.766425
71.976499 149.773315 29.938186 -0.269660 63.531350 -1.766060
71.978676 149.773247 29.938783 -0.269687 63.535784 -1.765695
71.980852 149.773178 29.939380 -0.269714 63.540218 -1.765330
71.983029 149.773109 29.939976 -0.269742 63.544653 -1.764966
71.985205 149.773041 29.940572 -0.269769 63.549088 -1.764601
71.987381 149.772972 29.941167 -0.269796 63.553522 -1.764236
71.989556 149.772903 29.941763 -0.269823 63.557957 -1.763871
71.991731 149.772835 29.942359 -0.269850 63.562394 -1.763506
71.993906 149.772766 29.942953 -0.269878 63.566829 -1.763142
71.996081 149.772698 29.943548 -0.269905 63.571264 -1.762778
71.998255 149.772630 29.944142 -0.269932 63.575700 -1.762413
72.000429 149.772561 29.944736 -0.269960 63.580135 -1.762049
72.002604 149.772493 29.945330 -0.269987 63.584571 -1.761684
72.004777 149.772425 29.945922 -0.270013 63.589007 -1.761318
72.006951 149.772356 29.946516 -0.270040 63.593443 -1.760953
72.009123 149.772287 29.947108 -0.270068 63.597879 -1.760589
72.011296 149.772219 29.947701 -0.270095 63.602317 -1.760223
72.013469 149.772151 29.948293 -0.270121 63.606753 -1.759858
72.015641 149.772083 29.948885 -0.270149 63.611190 -1.759494
72.017813 149.772014 29.949477 -0.270176 63.615627 -1.759128
72.019985 149.771946 29.950067 -0.270202 63.620064 -1.758763
72.022156 149.771878 29.950658 -0.270230 63.624501 -1.758399
72.024327 149.771810 29.951249 -0.270256 63.628938 -1.758034
72.026498 149.771742 29.951840 -0.270284 63.633375 -1.757670
72.028669 149.771674 29.952429 -0.270310 63.637814 -1.757304
72.030840 149.771606 29.953019 -0.270337 63.642251 -1.756939
72.033010 149.771538 29.953608 -0.270364 63.646689 -1.756575
72.035180 149.771470 29.954198 -0.270391 63.651127 -1.756208
72.037349 149.771402 29.954787 -0.270417 63.655565 -1.755843
72.039519 149.771334 29.955375 -0.270444 63.660003 -1.755479
72.041688 149.771267 29.955964 -0.270471 63.664441 -1.755113
72.043856 149.771199 29.956551 -0.270498 63.668880 -1.754749
72.046025 149.771131 29.957139 -0.270524 63.673318 -1.754383
72.048193 149.771063 29.957727 -0.270551 63.677758 -1.754018
72.050360 149.770995 29.958314 -0.270578 63.682197 -1.753652
72.052529 149.770928 29.958899 -0.270605 63.686636 -1.753288
72.054696 149.770860 29.959486 -0.270631 63.691075 -1.752923
72.056863 149.770792 29.960072 -0.270657 63.695514 -1.752557
72.059029 149.770725 29.960658 -0.270684 63.699953 -1.752192
72.061197 149.770657 29.961244 -0.270711 63.704393 -1.751826
72.063362 149.770589 29.961829 -0.270737 63.708832 -1.751462
72.065529 149.770522 29.962414 -0.270764 63.713273 -1.751096
72.067694 149.770454 29.962999 -0.270791 63.717713 -1.750731
72.069859 149.770387 29.963582 -0.270817 63.722153 -1.750365
72.072025 149.770319 29.964167 -0.270844 63.726593 -1.750001
72.074190 149.770252 29.964750 -0.270870 63.731034 -1.749635
72.076355 149.770184 29.965334 -0.270896 63.735474 -1.749269
72.078519 149.770117 29.965916 -0.270923 63.739915 -1.748905
72.080683 149.770049 29.966500 -0.270949 63.744355 -1.748538
72.082847 149.769982 29.967082 -0.270976 63.748796 -1.748174
72.085011 149.769914 29.967664 -0.271002 63.753238 -1.747808
72.087174 149.769847 29.968246 -0.271029 63.757679 -1.747442
72.089338 149.769780 29.968827 -0.271055 63.762121 -1.747076
72.091500 149.769713 29.969409 -0.271081 63.766562 -1.746712
72.093662 149.769646 29.969990 -0.271108 63.771003 -1.746346
72.095825 149.769579 29.970570 -0.271134 63.775445 -1.745980
72.097987 149.769512 29.971150 -0.271160 63.779887 -1.745615
72.100149 149.769445 29.971731 -0.271186 63.784329 -1.745249
72.102310 149.769377 29.972310 -0.271212 63.788772 -1.744884
72.104471 149.769310 29.972890 -0.271239 63.793214 -1.744519
72.106632 149.769243 29.973469 -0.271265 63.797656 -1.744153
72.108793 149.769176 29.974047 -0.271291 63.802099 -1.743787
72.110953 149.769109 29.974626 -0.271317 63.806541 -1.743422
72.113114 149.769042 29.975204 -0.271343 63.810984 -1.743055
72.115273 149.768976 29.975782 -0.271369 63.815427 -1.742691
72.117433 149.768909 29.976360 -0.271396 63.819870 -1.742325
72.119592 149.768842 29.976937 -0.271421 63.824314 -1.741959
72.121751 149.768775 29.977514 -0.271448 63.828757 -1.741594
72.123910 149.768708 29.978091 -0.271474 63.833201 -1.741228
72.126068 149.768641 29.978668 -0.271500 63.837644 -1.740863
72.128227 149.768575 29.979243 -0.271526 63.842088 -1.740496
72.130384 149.768508 29.979819 -0.271552 63.846532 -1.740130
72.132543 149.768442 29.980395 -0.271578 63.850976 -1.739766
72.134700 149.768375 29.980970 -0.271603 63.855420 -1.739398
72.136857 149.768308 29.981544 -0.271629 63.859864 -1.739033
72.139013 149.768241 29.982119 -0.271656 63.864309 -1.738668
72.141170 149.768175 29.982693 -0.271682 63.868754 -1.738303
72.143327 149.768109 29.983267 -0.271707 63.873199 -1.737935
72.145483 149.768042 29.983841 -0.271733 63.877643 -1.737569
72.147639 149.767975 29.984414 -0.271759 63.882088 -1.737204
72.149794 149.767909 29.984987 -0.271785 63.886533 -1.736839
72.151950 149.767843 29.985560 -0.271811 63.890978 -1.736474
72.154104 149.767777 29.986132 -0.271836 63.895424 -1.736106
72.156259 149.767710 29.986704 -0.271862 63.899870 -1.735740
72.158414 149.767644 29.987276 -0.271888 63.904316 -1.735375
72.160568 149.767577 29.987847 -0.271914 63.908761 -1.735009
72.162722 149.767512 29.988419 -0.271939 63.913207 -1.734643
72.164876 149.767445 29.988989 -0.271965 63.917653 -1.734278
72.167029 149.767379 29.989560 -0.271990 63.922099 -1.733910
72.169182 149.767312 29.990130 -0.272016 63.926545 -1.733544
72.171335 149.767247 29.990700 -0.272042 63.930992 -1.733179
72.173487 149.767180 29.991270 -0.272067 63.935439 -1.732813
72.175640 149.767114 29.991839 -0.272093 63.939886 -1.732447
72.177792 149.767048 29.992408 -0.272119 63.944332 -1.732082
72.179944 149.766983 29.992977 -0.272144 63.948779 -1.731716
72.182095 149.766916 29.993545 -0.272170 63.953226 -1.731349
72.184246 149.766850 29.994113 -0.272195 63.957674 -1.730981
72.186398 149.766784 29.994681 -0.272220 63.962121 -1.730616
72.188548 149.766719 29.995249 -0.272246 63.966568 -1.730250
72.190699 149.766653 29.995816 -0.272271 63.971017 -1.729884
72.192849 149.766586 29.996383 -0.272297 63.975464 -1.729517
72.194999 149.766521 29.996949 -0.272322 63.979912 -1.729152
72.197149 149.766455 29.997515 -0.272348 63.984360 -1.728786
72.199298 149.766389 29.998081 -0.272373 63.988808 -1.728419
72.201447 149.766324 29.998647 -0.272399 63.993256 -1.728053
72.203597 149.766258 29.999212 -0.272424 63.997705 -1.727687
72.205745 149.766192 29.999777 -0.272449 64.002153 -1.727321
72.207893 149.766127 30.000342 -0.272475 64.006603 -1.726955
72.210042 149.766061 30.000906 -0.272500 64.011052 -1.726588
72.212189 149.765995 30.001470 -0.272525 64.015500 -1.726222
72.214336 149.765930 30.002035 -0.272550 64.019949 -1.725855
72.216484 149.765865 30.002598 -0.272576 64.024399 -1.725489
72.218631 149.765799 30.003161 -0.272601 64.028848 -1.725122
72.220778 149.765734 30.003724 -0.272626 64.033297 -1.724757
