76.999002 150.233371 -15.483355 -179.757098 44.234541 -179.761800
76.994226 150.233444 -15.483291 -179.757039 44.234662 -179.761743
76.989452 150.233516 -15.483229 -179.756979 44.234784 -179.761683
76.984676 150.233588 -15.483165 -179.756919 44.234906 -179.761625
76.979901 150.233661 -15.483101 -179.756859 44.235028 -179.761566
76.975126 150.233733 -15.483037 -179.756800 44.235149 -179.761508
76.970351 150.233805 -15.482973 -179.756741 44.235272 -179.761451
76.965575 150.233877 -15.482908 -179.756680 44.235396 -179.761392
76.960801 150.233949 -15.482845 -179.756621 44.235519 -179.761333
76.956025 150.234021 -15.482780 -179.756562 44.235643 -179.761275
76.951250 150.234093 -15.482715 -179.756503 44.235767 -179.761217
76.946474 150.234164 -15.482649 -179.756444 44.235892 -179.761160
76.941700 150.234236 -15.482584 -179.756386 44.236017 -179.761103
76.936924 150.234307 -15.482518 -179.756327 44.236141 -179.761045
76.932149 150.234379 -15.482451 -179.756268 44.236267 -179.760988
76.927373 150.234450 -15.482385 -179.756208 44.236393 -179.760930
76.922598 150.234521 -15.482319 -179.756151 44.236520 -179.760873
76.917822 150.234592 -15.482253 -179.756092 44.236646 -179.760816
76.913047 150.234663 -15.482186 -179.756034 44.236773 -179.760759
76.908271 150.234734 -15.482118 -179.755976 44.236901 -179.760702
76.903496 150.234804 -15.482052 -179.755918 44.237029 -179.760646
76.898720 150.234875 -15.481984 -179.755859 44.237156 -179.760588
76.893945 150.234946 -15.481917 -179.755801 44.237284 -179.760531
76.889169 150.235016 -15.481848 -179.755744 44.237413 -179.760476
76.884394 150.235087 -15.481781 -179.755686 44.237543 -179.760419
76.879619 150.235157 -15.481712 -179.755629 44.237672 -179.760363
76.874843 150.235226 -15.481644 -179.755572 44.237802 -179.760307
76.870067 150.235296 -15.481574 -179.755514 44.237932 -179.760250
76.865292 150.235366 -15.481506 -179.755456 44.238063 -179.760194
76.860516 150.235436 -15.481436 -179.755400 44.238193 -179.760139
76.855741 150.235506 -15.481367 -179.755342 44.238324 -179.760083
76.850964 150.235576 -15.481297 -179.755286 44.238456 -179.760027
76.846189 150.235645 -15.481227 -179.755229 44.238588 -179.759972
76.841413 150.235715 -15.481158 -179.755171 44.238720 -179.759916
76.836638 150.235784 -15.481087 -179.755115 44.238853 -179.759860
76.831862 150.235853 -15.481016 -179.755059 44.238986 -179.759805
76.827086 150.235922 -15.480945 -179.755002 44.239119 -179.759750
76.822311 150.235991 -15.480875 -179.754946 44.239252 -179.759696
76.817534 150.236061 -15.480804 -179.754890 44.239386 -179.759640
76.812758 150.236130 -15.480732 -179.754833 44.239521 -179.759585
76.807983 150.236197 -15.480660 -179.754778 44.239656 -179.759531
76.803207 150.236266 -15.480588 -179.754722 44.239791 -179.759476
76.798431 150.236335 -15.480516 -179.754665 44.239926 -179.759421
76.793655 150.236404 -15.480444 -179.754610 44.240062 -179.759367
76.788879 150.236472 -15.480372 -179.754554 44.240198 -179.759312
76.784103 150.236540 -15.480299 -179.754499 44.240335 -179.759259
76.779327 150.236608 -15.480226 -179.754444 44.240470 -179.759205
76.774552 150.236677 -15.480153 -179.754389 44.240608 -179.759151
76.769776 150.236745 -15.480080 -179.754332 44.240745 -179.759096
76.764999 150.236812 -15.480005 -179.754277 44.240883 -179.759042
76.760223 150.236880 -15.479932 -179.754222 44.241021 -179.758988
76.755447 150.236948 -15.479858 -179.754167 44.241160 -179.758934
76.750671 150.237015 -15.479784 -179.754114 44.241299 -179.758881
76.745895 150.237082 -15.479709 -179.754059 44.241438 -179.758827
76.741119 150.237150 -15.479634 -179.754004 44.241577 -179.758774
76.736343 150.237217 -15.479560 -179.753950 44.241717 -179.758721
76.731567 150.237284 -15.479484 -179.753895 44.241857 -179.758668
76.726791 150.237352 -15.479409 -179.753841 44.241997 -179.758616
76.722015 150.237418 -15.479333 -179.753786 44.242138 -179.758562
76.717238 150.237485 -15.479258 -179.753733 44.242280 -179.758509
76.712462 150.237551 -15.479181 -179.753679 44.242421 -179.758457
76.707686 150.237618 -15.479106 -179.753624 44.242563 -179.758403
76.702910 150.237685 -15.479029 -179.753570 44.242706 -179.758351
76.698133 150.237751 -15.478953 -179.753517 44.242847 -179.758298
76.693357 150.237818 -15.478876 -179.753463 44.242990 -179.758246
76.688581 150.237883 -15.478798 -179.753411 44.243134 -179.758194
76.683804 150.237950 -15.478722 -179.753357 44.243277 -179.758142
76.679028 150.238016 -15.478644 -179.753304 44.243421 -179.758089
76.674252 150.238082 -15.478566 -179.753251 44.243566 -179.758038
76.669475 150.238148 -15.478488 -179.753198 44.243710 -179.757986
76.664699 150.238213 -15.478411 -179.753144 44.243855 -179.757934
76.659922 150.238279 -15.478332 -179.753092 44.244000 -179.757883
76.655147 150.238344 -15.478254 -179.753040 44.244145 -179.757832
76.650370 150.238410 -15.478175 -179.752987 44.244291 -179.757781
76.645593 150.238475 -15.478096 -179.752934 44.244438 -179.757728
76.640817 150.238541 -15.478017 -179.752881 44.244584 -179.757677
76.636040 150.238606 -15.477937 -179.752829 44.244731 -179.757626
76.631263 150.238670 -15.477858 -179.752777 44.244879 -179.757575
76.626488 150.238736 -15.477778 -179.752725 44.245026 -179.757524
76.621711 150.238800 -15.477698 -179.752674 44.245174 -179.757474
76.616934 150.238865 -15.477618 -179.752621 44.245322 -179.757423
76.612157 150.238930 -15.477538 -179.752569 44.245470 -179.757372
76.607380 150.238995 -15.477457 -179.752518 44.245619 -179.757322
76.602604 150.239059 -15.477376 -179.752466 44.245769 -179.757271
76.597828 150.239123 -15.477295 -179.752415 44.245918 -179.757221
76.593051 150.239187 -15.477214 -179.752363 44.246068 -179.757170
76.588275 150.239251 -15.477133 -179.752312 44.246219 -179.757120
76.583498 150.239315 -15.477050 -179.752261 44.246369 -179.757071
76.578721 150.239379 -15.476969 -179.752210 44.246520 -179.757021
76.573944 150.239443 -15.476887 -179.752159 44.246671 -179.756971
76.569168 150.239507 -15.476804 -179.752108 44.246822 -179.756921
76.564391 150.239570 -15.476722 -179.752057 44.246974 -179.756872
76.559614 150.239634 -15.476639 -179.752006 44.247127 -179.756822
76.554837 150.239698 -15.476556 -179.751956 44.247279 -179.756772
76.550060 150.239761 -15.476473 -179.751906 44.247432 -179.756724
76.545284 150.239824 -15.476390 -179.751855 44.247586 -179.756674
76.540507 150.239886 -15.476306 -179.751806 44.247739 -179.756626
76.535729 150.239950 -15.476223 -179.751755 44.247893 -179.756576
76.530953 150.240013 -15.476138 -179.751705 44.248047 -179.756528
76.526176 150.240075 -15.476054 -179.751654 44.248201 -179.756478
76.521399 150.240138 -15.475970 -179.751605 44.248356 -179.756430
76.516622 150.240201 -15.475885 -179.751555 44.248511 -179.756381
76.511846 150.240263 -15.475800 -179.751506 44.248667 -179.756333
76.507068 150.240325 -15.475715 -179.751456 44.248823 -179.756284
76.502292 150.240387 -15.475631 -179.751407 44.248979 -179.756236
76.497514 150.240450 -15.475545 -179.751357 44.249136 -179.756188
76.492738 150.240512 -15.475459 -179.751309 44.249293 -179.756141
76.487960 150.240574 -15.475373 -179.751259 44.249449 -179.756092
76.483184 150.240636 -15.475287 -179.751210 44.249607 -179.756044
76.478406 150.240697 -15.475201 -179.751162 44.249764 -179.755997
76.473629 150.240759 -15.475114 -179.751112 44.249923 -179.755949
76.468853 150.240820 -15.475028 -179.751064 44.250081 -179.755902
76.464075 150.240883 -15.474941 -179.751016 44.250240 -179.755855
76.459298 150.240944 -15.474854 -179.750966 44.250399 -179.755807
76.454520 150.241005 -15.474767 -179.750918 44.250559 -179.755760
76.449744 150.241066 -15.474679 -179.750870 44.250718 -179.755713
76.444967 150.241127 -15.474592 -179.750822 44.250879 -179.755666
76.440189 150.241188 -15.474504 -179.750774 44.251038 -179.755619
76.435412 150.241249 -15.474415 -179.750726 44.251199 -179.755572
76.430635 150.241309 -15.474327 -179.750679 44.251360 -179.755526
76.425857 150.241370 -15.474239 -179.750631 44.251521 -179.755479
76.421081 150.241430 -15.474151 -179.750583 44.251683 -179.755432
76.416304 150.241491 -15.474061 -179.750536 44.251845 -179.755385
76.411527 150.241552 -15.473972 -179.750488 44.252008 -179.755339
76.406749 150.241612 -15.473883 -179.750441 44.252170 -179.755293
76.401972 150.241672 -15.473793 -179.750394 44.252333 -179.755247
76.397194 150.241732 -15.473704 -179.750346 44.252496 -179.755200
76.392417 150.241792 -15.473613 -179.750299 44.252659 -179.755155
76.387639 150.241852 -15.473524 -179.750252 44.252823 -179.755109
76.382862 150.241911 -15.473433 -179.750206 44.252988 -179.755064
76.378085 150.241970 -15.473343 -179.750159 44.253152 -179.755018
76.373308 150.242031 -15.473252 -179.750112 44.253317 -179.754972
76.368530 150.242089 -15.473161 -179.750067 44.253483 -179.754928
76.363752 150.242149 -15.473070 -179.750020 44.253648 -179.754882
76.358975 150.242208 -15.472978 -179.749973 44.253814 -179.754837
76.354198 150.242267 -15.472888 -179.749928 44.253980 -179.754793
76.349420 150.242326 -15.472796 -179.749881 44.254146 -179.754746
76.344643 150.242385 -15.472703 -179.749836 44.254313 -179.754702
76.339865 150.242444 -15.472611 -179.749790 44.254480 -179.754657
76.335088 150.242503 -15.472520 -179.749743 44.254647 -179.754612
76.330310 150.242562 -15.472427 -179.749698 44.254815 -179.754568
76.325533 150.242619 -15.472334 -179.749653 44.254983 -179.754524
76.320755 150.242678 -15.472241 -179.749607 44.255152 -179.754479
76.315978 150.242736 -15.472148 -179.749562 44.255320 -179.754435
76.311200 150.242794 -15.472054 -179.749516 44.255489 -179.754391
76.306423 150.242853 -15.471961 -179.749472 44.255659 -179.754348
76.301645 150.242911 -15.471867 -179.749427 44.255827 -179.754303
76.296868 150.242969 -15.471773 -179.749382 44.255997 -179.754259
76.292090 150.243026 -15.471679 -179.749338 44.256168 -179.754216
76.287312 150.243084 -15.471585 -179.749292 44.256338 -179.754172
76.282534 150.243141 -15.471490 -179.749248 44.256509 -179.754129
76.277757 150.243199 -15.471396 -179.749203 44.256680 -179.754085
76.272979 150.243256 -15.471301 -179.749159 44.256852 -179.754042
76.268201 150.243313 -15.471205 -179.749115 44.257024 -179.753999
76.263423 150.243370 -15.471110 -179.749071 44.257196 -179.753956
76.258645 150.243428 -15.471015 -179.749027 44.257368 -179.753912
76.253867 150.243484 -15.470919 -179.748983 44.257541 -179.753869
76.249091 150.243541 -15.470824 -179.748939 44.257713 -179.753827
76.244313 150.243598 -15.470727 -179.748895 44.257887 -179.753784
76.239535 150.243654 -15.470631 -179.748852 44.258060 -179.753742
76.234757 150.243711 -15.470534 -179.748808 44.258234 -179.753700
76.229979 150.243767 -15.470438 -179.748764 44.258409 -179.753657
76.225201 150.243824 -15.470341 -179.748721 44.258583 -179.753614
76.220424 150.243880 -15.470244 -179.748677 44.258758 -179.753572
76.215645 150.243936 -15.470147 -179.748635 44.258934 -179.753530
76.210867 150.243992 -15.470049 -179.748592 44.259109 -179.753488
76.206089 150.244048 -15.469952 -179.748549 44.259285 -179.753447
76.201312 150.244104 -15.469853 -179.748507 44.259460 -179.753405
76.196534 150.244159 -15.469755 -179.748464 44.259637 -179.753364
76.191755 150.244215 -15.469657 -179.748421 44.259814 -179.753322
76.186977 150.244271 -15.469559 -179.748379 44.259991 -179.753280
76.182200 150.244325 -15.469461 -179.748336 44.260168 -179.753239
76.177422 150.244381 -15.469361 -179.748293 44.260346 -179.753197
76.172643 150.244436 -15.469262 -179.748252 44.260524 -179.753157
76.167866 150.244491 -15.469163 -179.748209 44.260702 -179.753116
76.163087 150.244545 -15.469064 -179.748168 44.260881 -179.753075
76.158310 150.244601 -15.468964 -179.748125 44.261060 -179.753033
76.153532 150.244655 -15.468864 -179.748084 44.261239 -179.752993
76.148753 150.244710 -15.468764 -179.748043 44.261417 -179.752953
76.143976 150.244765 -15.468664 -179.748000 44.261597 -179.752912
76.139197 150.244819 -15.468563 -179.747959 44.261777 -179.752872
76.134420 150.244874 -15.468463 -179.747918 44.261958 -179.752831
76.129641 150.244927 -15.468362 -179.747876 44.262139 -179.752791
76.124863 150.244981 -15.468261 -179.747835 44.262320 -179.752751
76.120085 150.245036 -15.468160 -179.747795 44.262501 -179.752712
76.115307 150.245089 -15.468059 -179.747754 44.262683 -179.752672
76.110528 150.245143 -15.467957 -179.747713 44.262865 -179.752631
76.105751 150.245197 -15.467855 -179.747673 44.263047 -179.752592
76.100972 150.245251 -15.467754 -179.747632 44.263229 -179.752552
76.096194 150.245304 -15.467652 -179.747592 44.263411 -179.752513
76.091416 150.245358 -15.467550 -179.747550 44.263594 -179.752473
76.086638 150.245411 -15.467446 -179.747510 44.263778 -179.752435
76.081859 150.245463 -15.467344 -179.747471 44.263962 -179.752395
76.077081 150.245517 -15.467241 -179.747431 44.264146 -179.752356
76.072303 150.245570 -15.467138 -179.747391 44.264330 -179.752317
76.067524 150.245622 -15.467035 -179.747351 44.264515 -179.752279
76.062746 150.245675 -15.466931 -179.747311 44.264700 -179.752239
76.057968 150.245728 -15.466828 -179.747271 44.264885 -179.752200
76.053189 150.245781 -15.466724 -179.747231 44.265070 -179.752162
76.048411 150.245833 -15.466620 -179.747193 44.265256 -179.752124
76.043633 150.245885 -15.466515 -179.747153 44.265441 -179.752086
76.038854 150.245937 -15.466411 -179.747114 44.265628 -179.752047
76.034076 150.245990 -15.466307 -179.747074 44.265814 -179.752009
76.029298 150.246041 -15.466202 -179.747036 44.266001 -179.751971
76.024519 150.246093 -15.466097 -179.746997 44.266189 -179.751934
76.019741 150.246144 -15.465992 -179.746959 44.266376 -179.751896
76.014962 150.246197 -15.465886 -179.746920 44.266564 -179.751858
76.010184 150.246248 -15.465781 -179.746880 44.266753 -179.751820
76.005406 150.246299 -15.465675 -179.746843 44.266941 -179.751784
76.000627 150.246352 -15.465569 -179.746805 44.267130 -179.751746
75.995848 150.246403 -15.465464 -179.746766 44.267319 -179.751708
75.991070 150.246453 -15.465357 -179.746728 44.267508 -179.751671
75.986292 150.246504 -15.465251 -179.746689 44.267697 -179.751634
75.981513 150.246555 -15.465144 -179.746652 44.267887 -179.751598
75.976735 150.246607 -15.465038 -179.746613 44.268077 -179.751560
75.971956 150.246657 -15.464930 -179.746576 44.268268 -179.751523
75.967177 150.246708 -15.464823 -179.746539 44.268459 -179.751487
75.962399 150.246758 -15.464716 -179.746501 44.268650 -179.751450
75.957620 150.246808 -15.464608 -179.746463 44.268841 -179.751413
75.952842 150.246858 -15.464500 -179.746426 44.269033 -179.751377
75.948063 150.246909 -15.464392 -179.746389 44.269225 -179.751342
75.943285 150.246960 -15.464284 -179.746352 44.269417 -179.751306
75.938506 150.247009 -15.464176 -179.746315 44.269610 -179.751269
75.933727 150.247059 -15.464067 -179.746279 44.269803 -179.751234
75.928949 150.247109 -15.463959 -179.746242 44.269995 -179.751198
75.924170 150.247158 -15.463850 -179.746205 44.270188 -179.751161
75.919391 150.247208 -15.463741 -179.746169 44.270382 -179.751127
75.914613 150.247257 -15.463632 -179.746132 44.270576 -179.751091
75.909834 150.247307 -15.463522 -179.746096 44.270770 -179.751056
75.905055 150.247356 -15.463412 -179.746059 44.270965 -179.751019
75.900276 150.247405 -15.463302 -179.746023 44.271160 -179.750985
75.895497 150.247454 -15.463193 -179.745987 44.271355 -179.750950
75.890719 150.247503 -15.463083 -179.745952 44.271551 -179.750916
75.885941 150.247552 -15.462972 -179.745916 44.271746 -179.750880
75.881162 150.247600 -15.462861 -179.745880 44.271942 -179.750846
75.876383 150.247649 -15.462751 -179.745844 44.272139 -179.750811
75.871604 150.247697 -15.462640 -179.745809 44.272334 -179.750776
75.866825 150.247746 -15.462529 -179.745774 44.272531 -179.750742
75.862046 150.247794 -15.462418 -179.745738 44.272728 -179.750708
75.857268 150.247842 -15.462306 -179.745703 44.272926 -179.750672
75.852489 150.247890 -15.462195 -179.745668 44.273124 -179.750639
75.847710 150.247939 -15.462082 -179.745634 44.273322 -179.750606
75.842931 150.247986 -15.461971 -179.745598 44.273520 -179.750572
75.838152 150.248034 -15.461858 -179.745564 44.273719 -179.750537
75.833374 150.248082 -15.461746 -179.745529 44.273917 -179.750504
75.828594 150.248130 -15.461634 -179.745495 44.274117 -179.750471
75.823815 150.248176 -15.461521 -179.745461 44.274316 -179.750437
75.819037 150.248224 -15.461408 -179.745426 44.274516 -179.750404
75.814258 150.248271 -15.461295 -179.745392 44.274716 -179.750370
75.809478 150.248318 -15.461181 -179.745357 44.274915 -179.750336
75.804700 150.248365 -15.461068 -179.745323 44.275116 -179.750303
75.799921 150.248412 -15.460955 -179.745290 44.275317 -179.750271
75.795141 150.248459 -15.460841 -179.745256 44.275518 -179.750237
75.790363 150.248505 -15.460726 -179.745223 44.275719 -179.750205
75.785584 150.248552 -15.460612 -179.745188 44.275921 -179.750172
75.780805 150.248599 -15.460499 -179.745155 44.276123 -179.750140
75.776026 150.248645 -15.460384 -179.745122 44.276325 -179.750108
75.771246 150.248692 -15.460269 -179.745089 44.276528 -179.750076
75.766468 150.248737 -15.460154 -179.745056 44.276731 -179.750043
75.761688 150.248783 -15.460039 -179.745023 44.276934 -179.750011
75.756910 150.248829 -15.459924 -179.744990 44.277137 -179.749979
75.752130 150.248876 -15.459808 -179.744957 44.277341 -179.749947
75.747352 150.248921 -15.459693 -179.744924 44.277545 -179.749915
75.742572 150.248966 -15.459577 -179.744891 44.277748 -179.749883
75.737794 150.249012 -15.459461 -179.744859 44.277952 -179.749852
75.733014 150.249058 -15.459345 -179.744826 44.278157 -179.749820
75.728235 150.249102 -15.459229 -179.744795 44.278362 -179.749790
75.723457 150.249148 -15.459111 -179.744762 44.278568 -179.749757
75.718677 150.249193 -15.458995 -179.744730 44.278773 -179.749727
75.713898 150.249238 -15.458878 -179.744699 44.278979 -179.749696
75.709118 150.249283 -15.458761 -179.744667 44.279185 -179.749665
75.704339 150.249328 -15.458644 -179.744635 44.279392 -179.749634
75.699561 150.249372 -15.458527 -179.744604 44.279598 -179.749604
75.694781 150.249417 -15.458409 -179.744572 44.279805 -179.749572
75.690002 150.249461 -15.458292 -179.744540 44.280013 -179.749542
75.685223 150.249505 -15.458174 -179.744509 44.280220 -179.749511
75.680443 150.249550 -15.458055 -179.744478 44.280428 -179.749482
75.675664 150.249593 -15.457937 -179.744447 44.280635 -179.749451
75.670885 150.249638 -15.457818 -179.744415 44.280843 -179.749420
75.666106 150.249681 -15.457700 -179.744385 44.281052 -179.749391
75.661326 150.249725 -15.457582 -179.744355 44.281261 -179.749362
75.656547 150.249769 -15.457462 -179.744323 44.281470 -179.749331
75.651768 150.249812 -15.457344 -179.744293 44.281680 -179.749302
75.646989 150.249856 -15.457224 -179.744262 44.281889 -179.749271
75.642209 150.249899 -15.457105 -179.744232 44.282099 -179.749242
75.637430 150.249943 -15.456985 -179.744202 44.282310 -179.749213
75.632651 150.249985 -15.456865 -179.744172 44.282520 -179.749183
75.627872 150.250029 -15.456745 -179.744141 44.282731 -179.749155
75.623092 150.250071 -15.456625 -179.744111 44.282942 -179.749125
75.618313 150.250115 -15.456504 -179.744082 44.283153 -179.749097
75.613534 150.250157 -15.456384 -179.744052 44.283365 -179.749068
75.608754 150.250200 -15.456263 -179.744023 44.283577 -179.749039
75.603974 150.250242 -15.456142 -179.743993 44.283788 -179.749010
75.599195 150.250284 -15.456022 -179.743964 44.284000 -179.748981
75.594416 150.250327 -15.455900 -179.743935 44.284213 -179.748954
75.589636 150.250368 -15.455779 -179.743905 44.284426 -179.748925
75.584857 150.250411 -15.455657 -179.743876 44.284639 -179.748896
75.580078 150.250453 -15.455535 -179.743847 44.284853 -179.748869
75.575298 150.250495 -15.455413 -179.743818 44.285066 -179.748840
75.570519 150.250536 -15.455291 -179.743789 44.285281 -179.748812
75.565739 150.250578 -15.455169 -179.743762 44.285495 -179.748786
75.560960 150.250620 -15.455047 -179.743733 44.285709 -179.748757
75.556180 150.250661 -15.454924 -179.743704 44.285924 -179.748730
75.551401 150.250702 -15.454802 -179.743677 44.286139 -179.748702
75.546622 150.250743 -15.454679 -179.743648 44.286355 -179.748675
75.541843 150.250784 -15.454556 -179.743620 44.286570 -179.748648
75.537063 150.250825 -15.454431 -179.743591 44.286786 -179.748620
75.532283 150.250866 -15.454308 -179.743564 44.287001 -179.748594
75.527504 150.250907 -15.454185 -179.743536 44.287218 -179.748567
75.522724 150.250947 -15.454061 -179.743509 44.287434 -179.748540
75.517944 150.250987 -15.453937 -179.743481 44.287651 -179.748513
75.513166 150.251028 -15.453813 -179.743454 44.287868 -179.748487
75.508386 150.251068 -15.453689 -179.743426 44.288086 -179.748460
75.503606 150.251108 -15.453564 -179.743399 44.288304 -179.748433
75.498826 150.251148 -15.453439 -179.743373 44.288522 -179.748407
75.494046 150.251189 -15.453315 -179.743345 44.288740 -179.748381
75.489268 150.251229 -15.453190 -179.743318 44.288958 -179.748355
75.484488 150.251268 -15.453064 -179.743292 44.289177 -179.748329
75.479708 150.251308 -15.452939 -179.743266 44.289396 -179.748304
75.474929 150.251348 -15.452813 -179.743238 44.289616 -179.748277
75.470149 150.251387 -15.452688 -179.743212 44.289835 -179.748252
75.465369 150.251426 -15.452563 -179.743186 44.290055 -179.748226
75.460590 150.251465 -15.452436 -179.743160 44.290275 -179.748201
75.455810 150.251504 -15.452310 -179.743134 44.290495 -179.748175
75.451030 150.251543 -15.452184 -179.743107 44.290715 -179.748151
75.446251 150.251582 -15.452058 -179.743081 44.290936 -179.748125
75.441471 150.251621 -15.451930 -179.743055 44.291157 -179.748100
75.436692 150.251660 -15.451804 -179.743030 44.291378 -179.748076
75.431912 150.251698 -15.451677 -179.743004 44.291600 -179.748050
75.427132 150.251737 -15.451550 -179.742978 44.291822 -179.748026
75.422353 150.251775 -15.451422 -179.742953 44.292044 -179.748001
75.417572 150.251813 -15.451295 -179.742929 44.292266 -179.747977
75.412793 150.251851 -15.451168 -179.742903 44.292489 -179.747952
75.408013 150.251889 -15.451039 -179.742878 44.292712 -179.747928
75.403234 150.251927 -15.450911 -179.742853 44.292935 -179.747904
75.398454 150.251965 -15.450784 -179.742828 44.293158 -179.747880
75.393674 150.252002 -15.450655 -179.742804 44.293382 -179.747856
75.388894 150.252040 -15.450526 -179.742779 44.293606 -179.747832
75.384115 150.252077 -15.450398 -179.742754 44.293830 -179.747808
75.379335 150.252114 -15.450269 -179.742731 44.294055 -179.747786
75.374555 150.252152 -15.450140 -179.742706 44.294279 -179.747761
75.369776 150.252189 -15.450011 -179.742681 44.294504 -179.747738
75.364995 150.252226 -15.449882 -179.742658 44.294729 -179.747715
75.360216 150.252263 -15.449752 -179.742633 44.294954 -179.747691
75.355436 150.252300 -15.449622 -179.742610 44.295180 -179.747668
75.350656 150.252336 -15.449493 -179.742587 44.295406 -179.747646
75.345876 150.252373 -15.449363 -179.742563 44.295632 -179.747623
75.341097 150.252409 -15.449232 -179.742538 44.295858 -179.747599
75.336317 150.252446 -15.449102 -179.742515 44.296085 -179.747576
75.331537 150.252482 -15.448972 -179.742492 44.296312 -179.747554
75.326757 150.252518 -15.448841 -179.742470 44.296539 -179.747532
75.321977 150.252555 -15.448710 -179.742446 44.296767 -179.747510
75.317198 150.252591 -15.448580 -179.742423 44.296995 -179.747487
75.312417 150.252625 -15.448448 -179.742400 44.297223 -179.747465
75.307637 150.252661 -15.448317 -179.742378 44.297451 -179.747443
75.302858 150.252697 -15.448185 -179.742354 44.297679 -179.747421
75.298078 150.252733 -15.448054 -179.742332 44.297908 -179.747399
75.293298 150.252768 -15.447922 -179.742310 44.298137 -179.747379
75.288519 150.252804 -15.447791 -179.742287 44.298366 -179.747356
75.283738 150.252838 -15.447658 -179.742265 44.298596 -179.747334
75.278958 150.252873 -15.447526 -179.742243 44.298825 -179.747313
75.274178 150.252908 -15.447394 -179.742221 44.299055 -179.747292
75.269398 150.252943 -15.447261 -179.742199 44.299285 -179.747271
75.264618 150.252978 -15.447128 -179.742177 44.299515 -179.747249
75.259838 150.253012 -15.446996 -179.742156 44.299746 -179.747230
75.255059 150.253047 -15.446862 -179.742134 44.299977 -179.747208
75.250279 150.253081 -15.446729 -179.742113 44.300208 -179.747187
75.245499 150.253115 -15.446595 -179.742092 44.300440 -179.747167
75.240719 150.253149 -15.446462 -179.742070 44.300671 -179.747146
75.235939 150.253183 -15.446328 -179.742049 44.300903 -179.747126
75.231159 150.253218 -15.446195 -179.742029 44.301135 -179.747106
75.226379 150.253251 -15.446060 -179.742007 44.301368 -179.747085
75.221599 150.253285 -15.445927 -179.741986 44.301600 -179.747065
75.216819 150.253319 -15.445792 -179.741966 44.301833 -179.747045
75.212038 150.253351 -15.445658 -179.741945 44.302067 -179.747025
75.207259 150.253385 -15.445523 -179.741924 44.302300 -179.747006
75.202479 150.253419 -15.445388 -179.741905 44.302534 -179.746986
75.197699 150.253451 -15.445253 -179.741885 44.302768 -179.746967
75.192919 150.253484 -15.445118 -179.741864 44.303002 -179.746947
75.188139 150.253518 -15.444982 -179.741845 44.303236 -179.746928
75.183358 150.253550 -15.444848 -179.741824 44.303471 -179.746908
75.178579 150.253583 -15.444712 -179.741805 44.303706 -179.746889
75.173799 150.253615 -15.444576 -179.741784 44.303941 -179.746870
75.169019 150.253648 -15.444440 -179.741765 44.304175 -179.746851
75.164238 150.253681 -15.444304 -179.741746 44.304411 -179.746833
75.159459 150.253712 -15.444168 -179.741727 44.304647 -179.746814
75.154679 150.253745 -15.444031 -179.741707 44.304883 -179.746795
75.149898 150.253776 -15.443895 -179.741688 44.305119 -179.746777
75.145118 150.253809 -15.443758 -179.741669 44.305355 -179.746758
75.140338 150.253840 -15.443621 -179.741650 44.305592 -179.746740
75.135558 150.253872 -15.443484 -179.741631 44.305829 -179.746722
75.130777 150.253903 -15.443347 -179.741613 44.306067 -179.746705
75.125998 150.253935 -15.443209 -179.741594 44.306304 -179.746686
75.121217 150.253966 -15.443072 -179.741576 44.306542 -179.746668
75.116438 150.253998 -15.442934 -179.741556 44.306780 -179.746650
75.111657 150.254028 -15.442797 -179.741539 44.307018 -179.746633
75.106877 150.254060 -15.442659 -179.741521 44.307257 -179.746616
75.102097 150.254090 -15.442521 -179.741503 44.307495 -179.746598
75.097317 150.254121 -15.442383 -179.741485 44.307734 -179.746581
75.092537 150.254152 -15.442244 -179.741467 44.307973 -179.746564
75.087756 150.254182 -15.442106 -179.741449 44.308213 -179.746547
75.082977 150.254213 -15.441967 -179.741432 44.308452 -179.746530
75.078196 150.254243 -15.441829 -179.741414 44.308692 -179.746513
75.073416 150.254274 -15.441689 -179.741396 44.308932 -179.746495
75.068636 150.254303 -15.441550 -179.741380 44.309173 -179.746480
75.063856 150.254333 -15.441411 -179.741362 44.309413 -179.746462
75.059076 150.254364 -15.441272 -179.741345 44.309654 -179.746447
75.054295 150.254393 -15.441131 -179.741327 44.309895 -179.746430
75.049516 150.254422 -15.440992 -179.741311 44.310136 -179.746413
75.044735 150.254452 -15.440852 -179.741295 44.310377 -179.746398
75.039955 150.254482 -15.440711 -179.741278 44.310619 -179.746382
75.035175 150.254511 -15.440572 -179.741262 44.310861 -179.746366
75.030394 150.254540 -15.440432 -179.741245 44.311103 -179.746351
75.025614 150.254569 -15.440290 -179.741229 44.311346 -179.746334
75.020834 150.254598 -15.440150 -179.741212 44.311588 -179.746319
75.016054 150.254627 -15.440009 -179.741196 44.311831 -179.746303
75.011273 150.254656 -15.439868 -179.741181 44.312074 -179.746288
75.006493 150.254684 -15.439727 -179.741164 44.312318 -179.746273
75.001713 150.254713 -15.439586 -179.741149 44.312561 -179.746258
74.996933 150.254741 -15.439444 -179.741133 44.312805 -179.746242
74.992152 150.254770 -15.439303 -179.741118 44.313049 -179.746228
74.987372 150.254798 -15.439161 -179.741103 44.313294 -179.746213
74.982592 150.254826 -15.439019 -179.741088 44.313538 -179.746198
74.977812 150.254854 -15.438877 -179.741071 44.313783 -179.746184
74.973032 150.254881 -15.438734 -179.741056 44.314028 -179.746169
74.968252 150.254910 -15.438593 -179.741042 44.314273 -179.746155
74.963471 150.254937 -15.438450 -179.741027 44.314519 -179.746141
74.958690 150.254965 -15.438307 -179.741012 44.314764 -179.746126
74.953910 150.254992 -15.438165 -179.740997 44.315010 -179.746113
74.949130 150.255019 -15.438022 -179.740983 44.315256 -179.746099
74.944350 150.255046 -15.437878 -179.740968 44.315503 -179.746084
74.939570 150.255073 -15.437735 -179.740955 44.315749 -179.746072
74.934789 150.255101 -15.437592 -179.740940 44.315996 -179.746057
74.930009 150.255127 -15.437448 -179.740926 44.316243 -179.746044
74.925229 150.255154 -15.437304 -179.740912 44.316490 -179.746031
74.920448 150.255181 -15.437161 -179.740899 44.316738 -179.746018
74.915668 150.255207 -15.437016 -179.740885 44.316986 -179.746004
74.910887 150.255233 -15.436872 -179.740871 44.317234 -179.745992
74.906107 150.255260 -15.436728 -179.740858 44.317481 -179.745978
74.901327 150.255286 -15.436583 -179.740844 44.317729 -179.745965
74.896547 150.255312 -15.436439 -179.740830 44.317978 -179.745953
74.891767 150.255338 -15.436294 -179.740818 44.318227 -179.745940
74.886986 150.255363 -15.436149 -179.740804 44.318476 -179.745927
74.882206 150.255389 -15.436004 -179.740792 44.318725 -179.745916
74.877425 150.255415 -15.435859 -179.740778 44.318975 -179.745903
74.872645 150.255440 -15.435714 -179.740766 44.319224 -179.745891
74.867864 150.255465 -15.435568 -179.740754 44.319474 -179.745878
74.863085 150.255491 -15.435423 -179.740740 44.319725 -179.745866
74.858304 150.255516 -15.435277 -179.740728 44.319975 -179.745854
74.853523 150.255541 -15.435131 -179.740715 44.320226 -179.745842
74.848743 150.255566 -15.434985 -179.740703 44.320476 -179.745831
74.843963 150.255591 -15.434839 -179.740691 44.320728 -179.745819
74.839182 150.255616 -15.434692 -179.740680 44.320979 -179.745808
74.834402 150.255640 -15.434546 -179.740667 44.321230 -179.745797
74.829622 150.255665 -15.434399 -179.740655 44.321482 -179.745785
74.824841 150.255688 -15.434253 -179.740644 44.321734 -179.745774
74.820061 150.255712 -15.434106 -179.740632 44.321986 -179.745764
74.815281 150.255737 -15.433958 -179.740621 44.322239 -179.745753
74.810500 150.255761 -15.433811 -179.740610 44.322492 -179.745742
74.805719 150.255785 -15.433664 -179.740599 44.322744 -179.745731
74.800939 150.255809 -15.433516 -179.740587 44.322997 -179.745721
74.796159 150.255832 -15.433369 -179.740576 44.323251 -179.745710
74.791379 150.255855 -15.433221 -179.740565 44.323504 -179.745699
74.786598 150.255879 -15.433073 -179.740556 44.323758 -179.745691
74.781818 150.255902 -15.432925 -179.740545 44.324012 -179.745680
74.777037 150.255926 -15.432776 -179.740534 44.324266 -179.745669
74.772257 150.255948 -15.432628 -179.740523 44.324521 -179.745659
74.767476 150.255971 -15.432479 -179.740513 44.324775 -179.745650
74.762696 150.255994 -15.432331 -179.740502 44.325030 -179.745640
74.757915 150.256017 -15.432182 -179.740493 44.325285 -179.745630
74.753135 150.256039 -15.432033 -179.740483 44.325541 -179.745622
74.748354 150.256062 -15.431884 -179.740472 44.325796 -179.745612
74.743574 150.256085 -15.431735 -179.740463 44.326052 -179.745602
74.738793 150.256107 -15.431585 -179.740453 44.326308 -179.745593
74.734013 150.256129 -15.431435 -179.740444 44.326564 -179.745585
74.729233 150.256151 -15.431286 -179.740434 44.326820 -179.745575
74.724452 150.256173 -15.431136 -179.740425 44.327077 -179.745566
74.719671 150.256194 -15.430986 -179.740416 44.327334 -179.745558
74.714891 150.256216 -15.430837 -179.740407 44.327591 -179.745550
74.710110 150.256238 -15.430686 -179.740397 44.327847 -179.745541
