-82.319712 150.289274 3.936649 41.027325 -69.443892 -29.664802
-82.320714 150.289441 3.938319 41.021735 -69.439878 -29.658873
-82.321717 150.289610 3.939990 41.016148 -69.435863 -29.652946
-82.322719 150.289777 3.941660 41.010560 -69.431847 -29.647020
-82.323722 150.289944 3.943331 41.004978 -69.427832 -29.641097
-82.324726 150.290111 3.945001 40.999398 -69.423817 -29.635178
-82.325728 150.290279 3.946672 40.993821 -69.419801 -29.629259
-82.326731 150.290446 3.948342 40.988244 -69.415784 -29.623343
-82.327734 150.290614 3.950013 40.982672 -69.411768 -29.617431
-82.328738 150.290781 3.951684 40.977101 -69.407751 -29.611519
-82.329742 150.290949 3.953354 40.971534 -69.403734 -29.605612
-82.330746 150.291116 3.955025 40.965968 -69.399718 -29.599705
-82.331750 150.291283 3.956696 40.960405 -69.395700 -29.593802
-82.332754 150.291451 3.958367 40.954845 -69.391683 -29.587900
-82.333758 150.291618 3.960037 40.949287 -69.387665 -29.582001
-82.334762 150.291786 3.961709 40.943731 -69.383647 -29.576104
-82.335767 150.291953 3.963380 40.938177 -69.379629 -29.570210
-82.336771 150.292121 3.965050 40.932625 -69.375611 -29.564317
-82.337777 150.292288 3.966721 40.927075 -69.371592 -29.558427
-82.338781 150.292455 3.968392 40.921532 -69.367574 -29.552542
-82.339788 150.292622 3.970063 40.915986 -69.363555 -29.546656
-82.340793 150.292790 3.971734 40.910446 -69.359536 -29.540774
-82.341798 150.292957 3.973405 40.904907 -69.355516 -29.534893
-82.342803 150.293124 3.975076 40.899372 -69.351497 -29.529016
-82.343810 150.293292 3.976747 40.893837 -69.347477 -29.523140
-82.344815 150.293459 3.978418 40.888305 -69.343456 -29.517266
-82.345821 150.293626 3.980089 40.882776 -69.339437 -29.511396
-82.346828 150.293793 3.981760 40.877250 -69.335415 -29.505528
-82.347834 150.293961 3.983431 40.871726 -69.331395 -29.499662
-82.348841 150.294128 3.985102 40.866204 -69.327374 -29.493797
-82.349848 150.294295 3.986774 40.860683 -69.323352 -29.487935
-82.350855 150.294462 3.988445 40.855167 -69.319331 -29.482076
-82.351862 150.294630 3.990116 40.849653 -69.315310 -29.476220
-82.352869 150.294797 3.991788 40.844140 -69.311288 -29.470365
-82.353876 150.294964 3.993459 40.838631 -69.307266 -29.464513
-82.354884 150.295131 3.995130 40.833122 -69.303243 -29.458662
-82.355891 150.295299 3.996802 40.827617 -69.299221 -29.452814
-82.356899 150.295466 3.998473 40.822116 -69.295198 -29.446970
-82.357907 150.295633 4.000145 40.816616 -69.291176 -29.441127
-82.358915 150.295800 4.001815 40.811118 -69.287152 -29.435285
-82.359924 150.295968 4.003487 40.805623 -69.283129 -29.429448
-82.360932 150.296135 4.005159 40.800131 -69.279105 -29.423613
-82.361940 150.296302 4.006830 40.794641 -69.275081 -29.417779
-82.362949 150.296470 4.008502 40.789153 -69.271058 -29.411948
-82.363958 150.296636 4.010173 40.783667 -69.267033 -29.406118
-82.364967 150.296803 4.011845 40.778183 -69.263009 -29.400292
-82.365976 150.296970 4.013517 40.772703 -69.258984 -29.394468
-82.366986 150.297137 4.015189 40.767224 -69.254960 -29.388646
-82.367995 150.297305 4.016860 40.761749 -69.250934 -29.382826
-82.369005 150.297472 4.018532 40.756273 -69.246909 -29.377007
-82.370015 150.297639 4.020204 40.750802 -69.242884 -29.371192
-82.371024 150.297805 4.021875 40.745334 -69.238858 -29.365379
-82.372035 150.297973 4.023547 40.739867 -69.234832 -29.359569
-82.373045 150.298140 4.025218 40.734402 -69.230805 -29.353760
-82.374056 150.298307 4.026890 40.728943 -69.226779 -29.347957
-82.375066 150.298474 4.028563 40.723483 -69.222753 -29.342152
-82.376077 150.298642 4.030234 40.718024 -69.218726 -29.336349
-82.377087 150.298808 4.031906 40.712570 -69.214698 -29.330550
-82.378099 150.298975 4.033578 40.707120 -69.210671 -29.324755
-82.379109 150.299142 4.035250 40.701668 -69.206644 -29.318959
-82.380121 150.299310 4.036922 40.696220 -69.202616 -29.313166
-82.381132 150.299477 4.038594 40.690776 -69.198589 -29.307378
-82.382143 150.299643 4.040266 40.685333 -69.194560 -29.301590
-82.383156 150.299810 4.041938 40.679895 -69.190532 -29.295806
-82.384167 150.299978 4.043610 40.674455 -69.186503 -29.290022
-82.385180 150.300145 4.045282 40.669020 -69.182475 -29.284241
-82.386191 150.300311 4.046954 40.663587 -69.178445 -29.278462
-82.387203 150.300478 4.048626 40.658157 -69.174416 -29.272688
-82.388216 150.300646 4.050298 40.652728 -69.170387 -29.266913
-82.389229 150.300812 4.051971 40.647301 -69.166357 -29.261141
-82.390241 150.300979 4.053643 40.641878 -69.162328 -29.255372
-82.391254 150.301146 4.055315 40.636457 -69.158298 -29.249605
-82.392268 150.301313 4.056988 40.631038 -69.154268 -29.243840
-82.393281 150.301480 4.058660 40.625622 -69.150237 -29.238078
-82.394294 150.301647 4.060332 40.620207 -69.146206 -29.232317
-82.395307 150.301814 4.062004 40.614797 -69.142175 -29.226561
-82.396321 150.301980 4.063677 40.609386 -69.138145 -29.220805
-82.397335 150.302148 4.065349 40.603980 -69.134113 -29.215052
-82.398349 150.302314 4.067021 40.598576 -69.130082 -29.209302
-82.399363 150.302481 4.068694 40.593174 -69.126050 -29.203552
-82.400377 150.302648 4.070366 40.587773 -69.122018 -29.197806
-82.401391 150.302815 4.072039 40.582375 -69.117986 -29.192062
-82.402405 150.302982 4.073712 40.576980 -69.113954 -29.186319
-82.403420 150.303149 4.075384 40.571586 -69.109921 -29.180579
-82.404436 150.303315 4.077057 40.566196 -69.105888 -29.174842
-82.405450 150.303482 4.078729 40.560806 -69.101855 -29.169106
-82.406466 150.303649 4.080402 40.555421 -69.097822 -29.163374
-82.407481 150.303816 4.082074 40.550038 -69.093788 -29.157643
-82.408496 150.303983 4.083747 40.544658 -69.089755 -29.151915
-82.409512 150.304149 4.085420 40.539279 -69.085721 -29.146190
-82.410527 150.304316 4.087092 40.533901 -69.081687 -29.140465
-82.411543 150.304483 4.088765 40.528526 -69.077652 -29.134743
-82.412559 150.304650 4.090438 40.523155 -69.073619 -29.129024
-82.413575 150.304816 4.092111 40.517786 -69.069583 -29.123307
-82.414590 150.304983 4.093784 40.512419 -69.065549 -29.117593
-82.415607 150.305150 4.095457 40.507054 -69.061514 -29.111880
-82.416624 150.305317 4.097130 40.501691 -69.057478 -29.106169
-82.417640 150.305483 4.098802 40.496330 -69.053443 -29.100460
-82.418657 150.305650 4.100475 40.490972 -69.049407 -29.094754
-82.419674 150.305816 4.102148 40.485617 -69.045371 -29.089051
-82.420692 150.305984 4.103821 40.480266 -69.041335 -29.083351
-82.421709 150.306150 4.105494 40.474914 -69.037299 -29.077651
-82.422725 150.306317 4.107167 40.469565 -69.033263 -29.071954
-82.423743 150.306483 4.108840 40.464219 -69.029225 -29.066260
-82.424761 150.306650 4.110513 40.458874 -69.025189 -29.060566
-82.425779 150.306817 4.112186 40.453534 -69.021151 -29.054878
-82.426796 150.306984 4.113859 40.448195 -69.017114 -29.049190
-82.427815 150.307150 4.115532 40.442857 -69.013076 -29.043503
-82.428833 150.307316 4.117206 40.437523 -69.009038 -29.037820
-82.429852 150.307483 4.118879 40.432191 -69.005000 -29.032140
-82.430870 150.307650 4.120552 40.426860 -69.000962 -29.026460
-82.431889 150.307817 4.122226 40.421532 -68.996924 -29.020783
-82.432908 150.307983 4.123898 40.416208 -68.992885 -29.015110
-82.433926 150.308150 4.125572 40.410884 -68.988847 -29.009437
-82.434945 150.308316 4.127246 40.405564 -68.984808 -29.003767
-82.435965 150.308483 4.128918 40.400246 -68.980768 -28.998100
-82.436984 150.308650 4.130592 40.394928 -68.976729 -28.992432
-82.438004 150.308816 4.132265 40.389615 -68.972690 -28.986769
-82.439023 150.308982 4.133939 40.384303 -68.968650 -28.981108
-82.440043 150.309149 4.135612 40.378995 -68.964609 -28.975451
-82.441062 150.309315 4.137286 40.373688 -68.960569 -28.969793
-82.442083 150.309482 4.138959 40.368382 -68.956528 -28.964138
-82.443103 150.309649 4.140633 40.363081 -68.952487 -28.958486
-82.444123 150.309815 4.142306 40.357780 -68.948447 -28.952836
-82.445143 150.309981 4.143980 40.352483 -68.944406 -28.947188
-82.446164 150.310148 4.145654 40.347188 -68.940364 -28.941543
-82.447185 150.310315 4.147327 40.341896 -68.936323 -28.935900
-82.448206 150.310481 4.149001 40.336604 -68.932281 -28.930258
-82.449227 150.310648 4.150674 40.331315 -68.928239 -28.924619
-82.450248 150.310814 4.152348 40.326029 -68.924197 -28.918983
-82.451269 150.310980 4.154022 40.320744 -68.920155 -28.913347
-82.452290 150.311146 4.155696 40.315464 -68.916112 -28.907716
-82.453313 150.311314 4.157369 40.310183 -68.912069 -28.902085
-82.454334 150.311480 4.159044 40.304908 -68.908027 -28.896458
-82.455355 150.311646 4.160717 40.299630 -68.903983 -28.890831
-82.456378 150.311812 4.162391 40.294359 -68.899940 -28.885208
-82.457400 150.311979 4.164065 40.289088 -68.895896 -28.879585
-82.458422 150.312145 4.165739 40.283820 -68.891853 -28.873967
-82.459444 150.312312 4.167413 40.278555 -68.887809 -28.868350
-82.460467 150.312478 4.169087 40.273294 -68.883765 -28.862737
-82.461490 150.312644 4.170761 40.268031 -68.879720 -28.857123
-82.462512 150.312811 4.172435 40.262771 -68.875676 -28.851512
-82.463535 150.312977 4.174108 40.257516 -68.871631 -28.845905
-82.464559 150.313144 4.175782 40.252263 -68.867586 -28.840300
-82.465582 150.313310 4.177457 40.247008 -68.863541 -28.834693
-82.466605 150.313476 4.179131 40.241758 -68.859495 -28.829093
-82.467628 150.313643 4.180806 40.236511 -68.855450 -28.823493
-82.468652 150.313809 4.182480 40.231266 -68.851404 -28.817896
-82.469675 150.313975 4.184154 40.226025 -68.847358 -28.812302
-82.470699 150.314141 4.185828 40.220783 -68.843312 -28.806709
-82.471724 150.314308 4.187502 40.215544 -68.839266 -28.801118
-82.472748 150.314474 4.189177 40.210309 -68.835219 -28.795530
-82.473772 150.314640 4.190851 40.205074 -68.831172 -28.789943
-82.474797 150.314806 4.192525 40.199843 -68.827125 -28.784359
-82.475821 150.314973 4.194200 40.194615 -68.823078 -28.778778
-82.476846 150.315139 4.195873 40.189388 -68.819031 -28.773199
-82.477871 150.315306 4.197548 40.184163 -68.814983 -28.767621
-82.478896 150.315472 4.199222 40.178939 -68.810935 -28.762044
-82.479921 150.315638 4.200897 40.173718 -68.806887 -28.756471
-82.480946 150.315804 4.202571 40.168500 -68.802839 -28.750900
-82.481972 150.315970 4.204246 40.163285 -68.798791 -28.745332
-82.482996 150.316136 4.205921 40.158070 -68.794742 -28.739764
-82.484022 150.316302 4.207595 40.152861 -68.790693 -28.734201
-82.485048 150.316469 4.209269 40.147651 -68.786644 -28.728638
-82.486074 150.316635 4.210944 40.142444 -68.782596 -28.723078
-82.487100 150.316801 4.212619 40.137239 -68.778546 -28.717519
-82.488126 150.316967 4.214293 40.132035 -68.774496 -28.711962
-82.489153 150.317133 4.215968 40.126838 -68.770446 -28.706411
-82.490178 150.317299 4.217643 40.121639 -68.766396 -28.700858
-82.491205 150.317465 4.219318 40.116443 -68.762346 -28.695308
-82.492232 150.317632 4.220992 40.111251 -68.758296 -28.689762
-82.493259 150.317798 4.222667 40.106058 -68.754245 -28.684217
-82.494286 150.317964 4.224341 40.100870 -68.750194 -28.678675
-82.495312 150.318130 4.226017 40.095685 -68.746143 -28.673135
-82.496340 150.318296 4.227692 40.090497 -68.742092 -28.667594
-82.497368 150.318462 4.229366 40.085315 -68.738041 -28.662058
-82.498394 150.318628 4.231042 40.080138 -68.733989 -28.656524
-82.499422 150.318794 4.232716 40.074960 -68.729937 -28.650992
-82.500450 150.318961 4.234391 40.069783 -68.725885 -28.645461
-82.501478 150.319127 4.236066 40.064609 -68.721833 -28.639933
-82.502506 150.319293 4.237741 40.059439 -68.717781 -28.634408
-82.503534 150.319459 4.239416 40.054269 -68.713728 -28.628884
-82.504562 150.319624 4.241091 40.049103 -68.709675 -28.623363
-82.505591 150.319790 4.242766 40.043939 -68.705622 -28.617844
-82.506619 150.319956 4.244442 40.038777 -68.701569 -28.612328
-82.507648 150.320122 4.246117 40.033617 -68.697516 -28.606812
-82.508676 150.320289 4.247792 40.028459 -68.693462 -28.601300
-82.509705 150.320455 4.249467 40.023303 -68.689408 -28.595788
-82.510734 150.320621 4.251142 40.018149 -68.685355 -28.590279
-82.511764 150.320787 4.252818 40.012999 -68.681300 -28.584773
-82.512792 150.320952 4.254493 40.007850 -68.677247 -28.579270
-82.513822 150.321118 4.256168 40.002704 -68.673192 -28.573768
-82.514852 150.321284 4.257844 39.997560 -68.669137 -28.568268
-82.515882 150.321450 4.259519 39.992416 -68.665082 -28.562768
-82.516911 150.321616 4.261194 39.987277 -68.661027 -28.557274
-82.517942 150.321782 4.262870 39.982139 -68.656972 -28.551780
-82.518971 150.321948 4.264545 39.977002 -68.652916 -28.546288
-82.520001 150.322114 4.266220 39.971871 -68.648860 -28.540800
-82.521032 150.322280 4.267896 39.966739 -68.644804 -28.535312
-82.522062 150.322446 4.269571 39.961608 -68.640748 -28.529825
-82.523092 150.322612 4.271247 39.956483 -68.636692 -28.524344
-82.524124 150.322777 4.272923 39.951359 -68.632635 -28.518864
-82.525154 150.322943 4.274598 39.946236 -68.628579 -28.513384
-82.526185 150.323109 4.276274 39.941115 -68.624521 -28.507907
-82.527216 150.323275 4.277949 39.935998 -68.620465 -28.502434
-82.528248 150.323440 4.279625 39.930881 -68.616407 -28.496960
-82.529279 150.323607 4.281300 39.925768 -68.612350 -28.491491
-82.530310 150.323773 4.282976 39.920656 -68.608293 -28.486022
-82.531342 150.323939 4.284653 39.915548 -68.604234 -28.480556
-82.532374 150.324104 4.286328 39.910440 -68.600176 -28.475093
-82.533406 150.324270 4.288004 39.905337 -68.596118 -28.469632
-82.534438 150.324436 4.289680 39.900233 -68.592060 -28.464171
-82.535470 150.324601 4.291356 39.895132 -68.588001 -28.458713
-82.536502 150.324767 4.293032 39.890034 -68.583942 -28.453258
-82.537534 150.324933 4.294707 39.884938 -68.579883 -28.447804
-82.538566 150.325098 4.296382 39.879844 -68.575824 -28.442353
-82.539599 150.325264 4.298058 39.874753 -68.571765 -28.436904
-82.540632 150.325430 4.299734 39.869663 -68.567705 -28.431457
-82.541664 150.325596 4.301411 39.864577 -68.563645 -28.426013
-82.542697 150.325762 4.303087 39.859490 -68.559585 -28.420570
-82.543730 150.325928 4.304763 39.854408 -68.555525 -28.415130
-82.544764 150.326093 4.306439 39.849328 -68.551464 -28.409692
-82.545797 150.326259 4.308115 39.844248 -68.547404 -28.404254
-82.546831 150.326425 4.309791 39.839172 -68.543343 -28.398820
-82.547864 150.326590 4.311467 39.834097 -68.539282 -28.393387
-82.548898 150.326756 4.313143 39.829025 -68.535221 -28.387957
-82.549932 150.326921 4.314820 39.823954 -68.531159 -28.382528
-82.550966 150.327087 4.316496 39.818889 -68.527098 -28.377104
-82.552000 150.327253 4.318172 39.813822 -68.523036 -28.371679
-82.553035 150.327418 4.319848 39.808759 -68.518974 -28.366258
-82.554069 150.327584 4.321525 39.803697 -68.514912 -28.360837
-82.555104 150.327749 4.323201 39.798639 -68.510850 -28.355420
-82.556137 150.327916 4.324877 39.793582 -68.506787 -28.350006
-82.557172 150.328081 4.326554 39.788525 -68.502724 -28.344590
-82.558207 150.328247 4.328230 39.783473 -68.498662 -28.339179
-82.559243 150.328412 4.329907 39.778424 -68.494598 -28.333771
-82.560278 150.328578 4.331583 39.773376 -68.490535 -28.328364
-82.561312 150.328744 4.333259 39.768329 -68.486472 -28.322958
-82.562348 150.328909 4.334936 39.763284 -68.482409 -28.317555
-82.563384 150.329075 4.336612 39.758243 -68.478344 -28.312154
-82.564420 150.329240 4.338289 39.753203 -68.474281 -28.306755
-82.565455 150.329406 4.339965 39.748165 -68.470216 -28.301357
-82.566491 150.329571 4.341642 39.743130 -68.466152 -28.295963
-82.567527 150.329736 4.343319 39.738098 -68.462087 -28.290572
-82.568563 150.329902 4.344996 39.733066 -68.458022 -28.285181
-82.569599 150.330067 4.346672 39.728037 -68.453957 -28.279792
-82.570635 150.330233 4.348349 39.723010 -68.449892 -28.274406
-82.571672 150.330398 4.350026 39.717985 -68.445827 -28.269021
-82.572709 150.330564 4.351703 39.712963 -68.441761 -28.263639
-82.573745 150.330729 4.353379 39.707942 -68.437695 -28.258258
-82.574782 150.330895 4.355056 39.702925 -68.433630 -28.252881
-82.575819 150.331061 4.356733 39.697910 -68.429563 -28.247505
-82.576856 150.331226 4.358410 39.692894 -68.425497 -28.242130
-82.577893 150.331391 4.360086 39.687883 -68.421431 -28.236758
-82.578931 150.331557 4.361764 39.682873 -68.417364 -28.231389
-82.579968 150.331723 4.363440 39.677865 -68.413298 -28.226021
-82.581006 150.331888 4.365117 39.672862 -68.409230 -28.220656
-82.582043 150.332054 4.366795 39.667858 -68.405163 -28.215292
-82.583081 150.332219 4.368472 39.662856 -68.401096 -28.209929
-82.584119 150.332384 4.370148 39.657858 -68.397028 -28.204570
-82.585156 150.332550 4.371825 39.652859 -68.392960 -28.199212
-82.586195 150.332715 4.373503 39.647865 -68.388892 -28.193857
-82.587233 150.332880 4.375180 39.642873 -68.384823 -28.188502
-82.588271 150.333046 4.376857 39.637883 -68.380756 -28.183152
-82.589310 150.333211 4.378534 39.632895 -68.376687 -28.177803
-82.590349 150.333376 4.380211 39.627908 -68.372618 -28.172456
-82.591388 150.333542 4.381888 39.622923 -68.368549 -28.167109
-82.592427 150.333707 4.383566 39.617944 -68.364480 -28.161768
-82.593466 150.333872 4.385244 39.612962 -68.360410 -28.156426
-82.594504 150.334038 4.386921 39.607985 -68.356340 -28.151087
-82.595544 150.334203 4.388598 39.603009 -68.352271 -28.145750
-82.596584 150.334368 4.390275 39.598036 -68.348201 -28.140415
-82.597623 150.334533 4.391953 39.593066 -68.344131 -28.135083
-82.598662 150.334699 4.393630 39.588096 -68.340061 -28.129752
-82.599702 150.334864 4.395308 39.583129 -68.335991 -28.124424
-82.600742 150.335029 4.396985 39.578163 -68.331920 -28.119096
-82.601782 150.335195 4.398663 39.573201 -68.327849 -28.113771
-82.602822 150.335360 4.400340 39.568238 -68.323778 -28.108447
-82.603862 150.335525 4.402018 39.563282 -68.319707 -28.103127
-82.604902 150.335690 4.403695 39.558324 -68.315636 -28.097808
-82.605943 150.335855 4.405373 39.553370 -68.311564 -28.092492
-82.606983 150.336021 4.407051 39.548418 -68.307492 -28.087178
-82.608024 150.336186 4.408728 39.543467 -68.303421 -28.081865
-82.609065 150.336351 4.410405 39.538518 -68.299348 -28.076553
-82.610106 150.336516 4.412083 39.533572 -68.295276 -28.071245
-82.611147 150.336681 4.413761 39.528628 -68.291203 -28.065939
-82.612188 150.336847 4.415439 39.523688 -68.287130 -28.060636
-82.613229 150.337012 4.417117 39.518748 -68.283058 -28.055333
-82.614270 150.337177 4.418794 39.513810 -68.278985 -28.050032
-82.615312 150.337342 4.420472 39.508875 -68.274912 -28.044734
-82.616354 150.337507 4.422150 39.503941 -68.270839 -28.039438
-82.617396 150.337673 4.423828 39.499009 -68.266764 -28.034142
-82.618437 150.337838 4.425505 39.494080 -68.262690 -28.028851
-82.619480 150.338003 4.427184 39.489154 -68.258617 -28.023561
-82.620522 150.338168 4.428862 39.484229 -68.254543 -28.018274
-82.621563 150.338333 4.430539 39.479306 -68.250468 -28.012987
-82.622606 150.338498 4.432218 39.474384 -68.246394 -28.007702
-82.623648 150.338663 4.433896 39.469467 -68.242319 -28.002421
-82.624691 150.338828 4.435573 39.464549 -68.238244 -27.997140
-82.625734 150.338993 4.437252 39.459635 -68.234168 -27.991862
-82.626777 150.339159 4.438930 39.454721 -68.230093 -27.986585
-82.627819 150.339324 4.440608 39.449812 -68.226018 -27.981312
-82.628862 150.339489 4.442287 39.444904 -68.221942 -27.976040
-82.629906 150.339654 4.443964 39.439998 -68.217866 -27.970770
-82.630948 150.339819 4.445643 39.435094 -68.213791 -27.965502
-82.631992 150.339984 4.447321 39.430191 -68.209714 -27.960236
-82.633036 150.340148 4.448999 39.425290 -68.205638 -27.954971
-82.634079 150.340313 4.450677 39.420393 -68.201562 -27.949709
-82.635123 150.340478 4.452356 39.415497 -68.197484 -27.944449
-82.636167 150.340643 4.454034 39.410603 -68.193408 -27.939191
-82.637210 150.340808 4.455713 39.405712 -68.189331 -27.933935
-82.638255 150.340973 4.457391 39.400823 -68.185254 -27.928682
-82.639299 150.341138 4.459070 39.395933 -68.181176 -27.923427
-82.640343 150.341303 4.460748 39.391049 -68.177099 -27.918179
-82.641388 150.341468 4.462426 39.386164 -68.173020 -27.912929
-82.642432 150.341633 4.464105 39.381283 -68.168943 -27.907684
-82.643477 150.341798 4.465783 39.376406 -68.164864 -27.902441
-82.644521 150.341963 4.467463 39.371527 -68.160786 -27.897199
-82.645566 150.342128 4.469141 39.366652 -68.156707 -27.891958
-82.646611 150.342293 4.470819 39.361780 -68.152629 -27.886721
-82.647657 150.342458 4.472497 39.356907 -68.148549 -27.881483
-82.648701 150.342623 4.474177 39.352039 -68.144470 -27.876249
-82.649747 150.342788 4.475855 39.347173 -68.140391 -27.871017
-82.650792 150.342953 4.477534 39.342308 -68.136312 -27.865789
-82.651837 150.343118 4.479212 39.337445 -68.132232 -27.860561
-82.652884 150.343283 4.480892 39.332585 -68.128153 -27.855334
-82.653929 150.343447 4.482570 39.327726 -68.124073 -27.850109
-82.654975 150.343611 4.484249 39.322869 -68.119993 -27.844887
-82.656021 150.343776 4.485928 39.318014 -68.115911 -27.839666
-82.657067 150.343941 4.487606 39.313160 -68.111831 -27.834448
-82.658114 150.344106 4.489286 39.308311 -68.107750 -27.829232
-82.659160 150.344271 4.490965 39.303464 -68.103670 -27.824019
-82.660206 150.344436 4.492644 39.298616 -68.099589 -27.818806
-82.661252 150.344601 4.494323 39.293772 -68.095507 -27.813596
-82.662300 150.344766 4.496002 39.288930 -68.091426 -27.808387
-82.663346 150.344931 4.497681 39.284089 -68.087344 -27.803181
-82.664393 150.345095 4.499360 39.279252 -68.083262 -27.797977
-82.665440 150.345260 4.501039 39.274415 -68.079180 -27.792774
-82.666487 150.345425 4.502718 39.269581 -68.075098 -27.787574
-82.667535 150.345589 4.504397 39.264750 -68.071016 -27.782375
-82.668582 150.345754 4.506076 39.259918 -68.066933 -27.777178
-82.669629 150.345919 4.507755 39.255092 -68.062851 -27.771985
-82.670677 150.346083 4.509435 39.250266 -68.058768 -27.766792
-82.671724 150.346248 4.511114 39.245442 -68.054684 -27.761601
-82.672772 150.346413 4.512793 39.240621 -68.050601 -27.756413
-82.673820 150.346578 4.514473 39.235800 -68.046518 -27.751226
-82.674868 150.346742 4.516152 39.230982 -68.042434 -27.746041
-82.675916 150.346907 4.517832 39.226166 -68.038350 -27.740859
-82.676964 150.347072 4.519510 39.221353 -68.034266 -27.735677
-82.678013 150.347237 4.521190 39.216541 -68.030182 -27.730499
-82.679061 150.347401 4.522869 39.211733 -68.026098 -27.725323
-82.680110 150.347565 4.524549 39.206923 -68.022013 -27.720147
-82.681158 150.347730 4.526229 39.202118 -68.017929 -27.714975
-82.682207 150.347895 4.527907 39.197314 -68.013843 -27.709804
-82.683256 150.348060 4.529587 39.192513 -68.009759 -27.704634
-82.684305 150.348224 4.531267 39.187714 -68.005674 -27.699468
-82.685354 150.348389 4.532947 39.182915 -68.001588 -27.694301
-82.686404 150.348554 4.534626 39.178122 -67.997502 -27.689140
-82.687453 150.348718 4.536305 39.173328 -67.993417 -27.683978
-82.688502 150.348882 4.537985 39.168536 -67.989331 -27.678819
-82.689552 150.349047 4.539665 39.163747 -67.985245 -27.673662
-82.690601 150.349211 4.541345 39.158960 -67.981158 -27.668507
-82.691651 150.349376 4.543025 39.154173 -67.977072 -27.663352
-82.692701 150.349541 4.544705 39.149390 -67.972985 -27.658201
-82.693752 150.349705 4.546384 39.144609 -67.968898 -27.653052
-82.694801 150.349870 4.548064 39.139830 -67.964811 -27.647904
-82.695852 150.350035 4.549743 39.135052 -67.960724 -27.642758
-82.696902 150.350199 4.551424 39.130278 -67.956637 -27.637616
-82.697952 150.350363 4.553103 39.125504 -67.952549 -27.632473
-82.699003 150.350528 4.554783 39.120732 -67.948462 -27.627333
-82.700054 150.350692 4.556464 39.115963 -67.944374 -27.622196
-82.701105 150.350857 4.558143 39.111197 -67.940285 -27.617060
-82.702155 150.351021 4.559824 39.106430 -67.936197 -27.611925
-82.703206 150.351186 4.561503 39.101668 -67.932110 -27.606795
-82.704257 150.351351 4.563184 39.096907 -67.928021 -27.601665
-82.705308 150.351514 4.564864 39.092147 -67.923932 -27.596535
-82.706360 150.351679 4.566543 39.087389 -67.919843 -27.591409
-82.707411 150.351843 4.568224 39.082635 -67.915753 -27.586286
-82.708463 150.352008 4.569904 39.077882 -67.911664 -27.581163
-82.709514 150.352173 4.571585 39.073130 -67.907575 -27.576042
-82.710566 150.352337 4.573264 39.068381 -67.903485 -27.570923
-82.711617 150.352502 4.574944 39.063633 -67.899396 -27.565807
-82.712670 150.352665 4.576625 39.058888 -67.895305 -27.560692
-82.713721 150.352830 4.578305 39.054146 -67.891216 -27.555581
-82.714774 150.352994 4.579985 39.049404 -67.887125 -27.550469
-82.715826 150.353159 4.581666 39.044666 -67.883035 -27.545362
-82.716878 150.353323 4.583346 39.039928 -67.878944 -27.540254
-82.717931 150.353488 4.585026 39.035193 -67.874853 -27.535149
-82.718983 150.353652 4.586708 39.030460 -67.870761 -27.530046
-82.720036 150.353816 4.588388 39.025728 -67.866671 -27.524944
-82.721089 150.353980 4.590068 39.020997 -67.862579 -27.519844
-82.722141 150.354145 4.591748 39.016271 -67.858488 -27.514748
-82.723195 150.354309 4.593429 39.011547 -67.854396 -27.509653
-82.724248 150.354474 4.595110 39.006823 -67.850304 -27.504559
-82.725301 150.354638 4.596791 39.002100 -67.846212 -27.499467
-82.726355 150.354802 4.598471 38.997381 -67.842120 -27.494377
-82.727408 150.354966 4.600152 38.992663 -67.838027 -27.489288
-82.728461 150.355131 4.601832 38.987949 -67.833934 -27.484204
-82.729514 150.355295 4.603513 38.983235 -67.829842 -27.479120
-82.730569 150.355459 4.605193 38.978523 -67.825749 -27.474038
-82.731623 150.355624 4.606874 38.973815 -67.821656 -27.468958
-82.732676 150.355787 4.608556 38.969107 -67.817563 -27.463879
-82.733730 150.355952 4.610236 38.964402 -67.813469 -27.458803
-82.734784 150.356116 4.611917 38.959699 -67.809376 -27.453730
-82.735838 150.356280 4.613598 38.954996 -67.805281 -27.448657
-82.736893 150.356445 4.615279 38.950297 -67.801187 -27.443586
-82.737948 150.356609 4.616960 38.945599 -67.797093 -27.438516
-82.739002 150.356773 4.618641 38.940904 -67.792999 -27.433451
-82.740057 150.356937 4.620322 38.936210 -67.788905 -27.428385
-82.741112 150.357101 4.622002 38.931517 -67.784810 -27.423321
-82.742166 150.357266 4.623683 38.926828 -67.780715 -27.418262
-82.743221 150.357430 4.625364 38.922139 -67.776620 -27.413201
-82.744276 150.357593 4.627045 38.917454 -67.772525 -27.408144
-82.745332 150.357758 4.628726 38.912770 -67.768429 -27.403089
-82.746387 150.357922 4.630408 38.908089 -67.764334 -27.398036
-82.747442 150.358086 4.632089 38.903409 -67.760238 -27.392985
-82.748498 150.358251 4.633770 38.898731 -67.756142 -27.387934
-82.749553 150.358414 4.635451 38.894054 -67.752046 -27.382886
-82.750609 150.358578 4.637132 38.889380 -67.747950 -27.377841
-82.751665 150.358743 4.638814 38.884707 -67.743854 -27.372796
-82.752720 150.358907 4.640495 38.880038 -67.739756 -27.367754
-82.753776 150.359071 4.642177 38.875369 -67.735660 -27.362714
-82.754833 150.359234 4.643857 38.870703 -67.731563 -27.357675
-82.755889 150.359399 4.645539 38.866040 -67.727466 -27.352640
-82.756945 150.359563 4.647221 38.861375 -67.723369 -27.347604
-82.758002 150.359727 4.648902 38.856716 -67.719272 -27.342571
-82.759058 150.359890 4.650583 38.852056 -67.715174 -27.337540
-82.760115 150.360055 4.652265 38.847400 -67.711076 -27.332511
-82.761172 150.360219 4.653947 38.842747 -67.706978 -27.327485
-82.762229 150.360383 4.655627 38.838094 -67.702880 -27.322459
-82.763285 150.360547 4.657309 38.833443 -67.698782 -27.317437
-82.764342 150.360711 4.658990 38.828794 -67.694683 -27.312415
-82.765400 150.360875 4.660672 38.824147 -67.690585 -27.307394
-82.766456 150.361039 4.662354 38.819503 -67.686486 -27.302378
-82.767514 150.361203 4.664035 38.814859 -67.682386 -27.297362
-82.768571 150.361367 4.665718 38.810219 -67.678287 -27.292348
-82.769628 150.361531 4.667399 38.805580 -67.674188 -27.287336
-82.770686 150.361695 4.669081 38.800943 -67.670089 -27.282326
-82.771744 150.361859 4.670762 38.796308 -67.665990 -27.277317
-82.772802 150.362023 4.672445 38.791673 -67.661889 -27.272309
-82.773860 150.362186 4.674126 38.787043 -67.657789 -27.267306
-82.774918 150.362350 4.675808 38.782413 -67.653689 -27.262303
-82.775976 150.362515 4.677490 38.777786 -67.649589 -27.257303
-82.777034 150.362679 4.679172 38.773160 -67.645488 -27.252303
-82.778093 150.362842 4.680854 38.768537 -67.641388 -27.247306
-82.779151 150.363006 4.682536 38.763915 -67.637287 -27.242311
-82.780210 150.363170 4.684218 38.759296 -67.633186 -27.237317
-82.781268 150.363334 4.685899 38.754678 -67.629084 -27.232326
-82.782327 150.363497 4.687582 38.750061 -67.624983 -27.227336
-82.783385 150.363661 4.689264 38.745447 -67.620882 -27.222347
-82.784444 150.363826 4.690945 38.740835 -67.616781 -27.217362
-82.785504 150.363990 4.692628 38.736226 -67.612679 -27.212378
-82.786562 150.364153 4.694310 38.731617 -67.608577 -27.207396
-82.787622 150.364317 4.695992 38.727011 -67.604474 -27.202415
-82.788681 150.364481 4.697675 38.722407 -67.600371 -27.197437
-82.789740 150.364645 4.699357 38.717804 -67.596270 -27.192460
-82.790800 150.364808 4.701039 38.713203 -67.592167 -27.187485
-82.791860 150.364972 4.702721 38.708604 -67.588064 -27.182512
-82.792919 150.365136 4.704404 38.704008 -67.583961 -27.177541
-82.793979 150.365300 4.706086 38.699414 -67.579858 -27.172573
-82.795039 150.365463 4.707768 38.694821 -67.575754 -27.167604
-82.796099 150.365627 4.709450 38.690230 -67.571651 -27.162639
-82.797159 150.365791 4.711133 38.685641 -67.567547 -27.157675
-82.798219 150.365954 4.712815 38.681053 -67.563444 -27.152713
-82.799280 150.366118 4.714498 38.676468 -67.559339 -27.147753
-82.800340 150.366282 4.716181 38.671886 -67.555235 -27.142796
-82.801401 150.366446 4.717863 38.667304 -67.551130 -27.137839
-82.802461 150.366609 4.719545 38.662725 -67.547026 -27.132885
-82.803522 150.366773 4.721228 38.658147 -67.542921 -27.127932
-82.804582 150.366937 4.722910 38.653572 -67.538817 -27.122981
-82.805643 150.367100 4.724593 38.648998 -67.534712 -27.118032
-82.806704 150.367264 4.726276 38.644424 -67.530606 -27.113084
-82.807765 150.367428 4.727958 38.639856 -67.526501 -27.108140
-82.808826 150.367591 4.729641 38.635287 -67.522396 -27.103195
-82.809887 150.367755 4.731324 38.630722 -67.518290 -27.098255
-82.810950 150.367919 4.733007 38.626157 -67.514184 -27.093314
-82.812010 150.368083 4.734689 38.621594 -67.510078 -27.088376
-82.813072 150.368246 4.736372 38.617034 -67.505972 -27.083440
-82.814133 150.368410 4.738055 38.612475 -67.501866 -27.078506
-82.815195 150.368573 4.739738 38.607918 -67.497760 -27.073573
