-14.339908 152.312590 -39.045832 -170.658660 39.505085 -174.083004
-14.339993 152.312397 -39.041706 -170.658937 39.507857 -174.083029
-14.340076 152.312204 -39.037581 -170.659213 39.510628 -174.083053
-14.340160 152.312010 -39.033455 -170.659489 39.513399 -174.083077
-14.340244 152.311816 -39.029329 -170.659766 39.516170 -174.083101
-14.340327 152.311624 -39.025203 -170.660043 39.518940 -174.083127
-14.340412 152.311430 -39.021078 -170.660319 39.521711 -174.083151
-14.340496 152.311236 -39.016952 -170.660597 39.524481 -174.083176
-14.340579 152.311042 -39.012825 -170.660875 39.527251 -174.083201
-14.340663 152.310849 -39.008700 -170.661152 39.530020 -174.083226
-14.340747 152.310655 -39.004573 -170.661429 39.532790 -174.083251
-14.340831 152.310461 -39.000446 -170.661707 39.535559 -174.083276
-14.340915 152.310267 -38.996320 -170.661985 39.538328 -174.083300
-14.341000 152.310073 -38.992192 -170.662265 39.541097 -174.083326
-14.341084 152.309879 -38.988066 -170.662543 39.543865 -174.083352
-14.341168 152.309686 -38.983938 -170.662821 39.546634 -174.083377
-14.341252 152.309492 -38.979811 -170.663101 39.549401 -174.083403
-14.341336 152.309298 -38.975685 -170.663379 39.552169 -174.083429
-14.341420 152.309104 -38.971556 -170.663659 39.554937 -174.083455
-14.341504 152.308910 -38.967429 -170.663939 39.557704 -174.083481
-14.341588 152.308716 -38.963302 -170.664218 39.560471 -174.083507
-14.341672 152.308521 -38.959173 -170.664498 39.563238 -174.083533
-14.341756 152.308328 -38.955045 -170.664778 39.566005 -174.083559
-14.341840 152.308134 -38.950918 -170.665058 39.568771 -174.083585
-14.341924 152.307940 -38.946789 -170.665338 39.571537 -174.083610
-14.342010 152.307745 -38.942661 -170.665620 39.574303 -174.083637
-14.342094 152.307551 -38.938533 -170.665900 39.577069 -174.083664
-14.342178 152.307356 -38.934404 -170.666180 39.579834 -174.083690
-14.342262 152.307162 -38.930276 -170.666462 39.582599 -174.083717
-14.342347 152.306967 -38.926147 -170.666744 39.585365 -174.083743
-14.342431 152.306773 -38.922018 -170.667025 39.588129 -174.083771
-14.342516 152.306578 -38.917888 -170.667307 39.590893 -174.083798
-14.342600 152.306384 -38.913759 -170.667589 39.593658 -174.083825
-14.342684 152.306189 -38.909630 -170.667871 39.596422 -174.083852
-14.342769 152.305995 -38.905500 -170.668153 39.599186 -174.083879
-14.342853 152.305800 -38.901370 -170.668435 39.601949 -174.083905
-14.342938 152.305605 -38.897241 -170.668719 39.604712 -174.083934
-14.343023 152.305411 -38.893111 -170.669001 39.607476 -174.083961
-14.343106 152.305216 -38.888981 -170.669285 39.610238 -174.083988
-14.343191 152.305021 -38.884851 -170.669567 39.613001 -174.084016
-14.343275 152.304826 -38.880720 -170.669851 39.615763 -174.084043
-14.343360 152.304631 -38.876590 -170.670134 39.618526 -174.084072
-14.343445 152.304437 -38.872460 -170.670418 39.621287 -174.084099
-14.343530 152.304242 -38.868328 -170.670702 39.624049 -174.084127
-14.343614 152.304047 -38.864198 -170.670986 39.626810 -174.084155
-14.343699 152.303852 -38.860067 -170.671270 39.629572 -174.084183
-14.343784 152.303657 -38.855936 -170.671556 39.632332 -174.084212
-14.343869 152.303462 -38.851805 -170.671840 39.635093 -174.084240
-14.343954 152.303267 -38.847673 -170.672125 39.637854 -174.084269
-14.344039 152.303072 -38.843542 -170.672410 39.640614 -174.084296
-14.344123 152.302877 -38.839411 -170.672695 39.643374 -174.084326
-14.344208 152.302681 -38.835279 -170.672981 39.646133 -174.084355
-14.344293 152.302485 -38.831147 -170.673267 39.648893 -174.084383
-14.344378 152.302290 -38.827015 -170.673553 39.651652 -174.084412
-14.344463 152.302095 -38.822883 -170.673838 39.654411 -174.084441
-14.344548 152.301900 -38.818751 -170.674124 39.657170 -174.084469
-14.344632 152.301704 -38.814619 -170.674411 39.659928 -174.084499
-14.344717 152.301509 -38.810486 -170.674698 39.662686 -174.084529
-14.344802 152.301314 -38.806353 -170.674984 39.665445 -174.084558
-14.344888 152.301117 -38.802220 -170.675272 39.668203 -174.084587
-14.344973 152.300922 -38.798088 -170.675558 39.670959 -174.084616
-14.345057 152.300727 -38.793955 -170.675846 39.673717 -174.084646
-14.345142 152.300531 -38.789822 -170.676133 39.676474 -174.084676
-14.345228 152.300336 -38.785688 -170.676421 39.679230 -174.084705
-14.345313 152.300139 -38.781555 -170.676709 39.681987 -174.084735
-14.345398 152.299943 -38.777421 -170.676997 39.684744 -174.084765
-14.345483 152.299748 -38.773287 -170.677286 39.687500 -174.084796
-14.345568 152.299552 -38.769154 -170.677574 39.690256 -174.084826
-14.345654 152.299357 -38.765020 -170.677863 39.693011 -174.084856
-14.345739 152.299160 -38.760885 -170.678152 39.695766 -174.084886
-14.345824 152.298964 -38.756752 -170.678442 39.698521 -174.084917
-14.345909 152.298769 -38.752617 -170.678730 39.701276 -174.084947
-14.345995 152.298572 -38.748483 -170.679020 39.704031 -174.084978
-14.346080 152.298376 -38.744348 -170.679309 39.706786 -174.085008
-14.346165 152.298180 -38.740214 -170.679599 39.709540 -174.085039
-14.346251 152.297984 -38.736079 -170.679889 39.712293 -174.085070
-14.346336 152.297787 -38.731944 -170.680179 39.715046 -174.085100
-14.346422 152.297591 -38.727808 -170.680470 39.717800 -174.085132
-14.346507 152.297396 -38.723673 -170.680761 39.720553 -174.085162
-14.346592 152.297199 -38.719538 -170.681051 39.723306 -174.085194
-14.346678 152.297003 -38.715402 -170.681342 39.726059 -174.085225
-14.346764 152.296807 -38.711267 -170.681634 39.728811 -174.085257
-14.346849 152.296609 -38.707131 -170.681926 39.731563 -174.085288
-14.346935 152.296413 -38.702995 -170.682216 39.734315 -174.085320
-14.347021 152.296217 -38.698860 -170.682508 39.737067 -174.085351
-14.347106 152.296020 -38.694724 -170.682800 39.739818 -174.085382
-14.347192 152.295824 -38.690587 -170.683093 39.742569 -174.085415
-14.347277 152.295628 -38.686451 -170.683385 39.745320 -174.085447
-14.347363 152.295430 -38.682313 -170.683677 39.748071 -174.085478
-14.347449 152.295234 -38.678178 -170.683970 39.750821 -174.085512
-14.347534 152.295037 -38.674041 -170.684263 39.753571 -174.085543
-14.347620 152.294840 -38.669904 -170.684556 39.756321 -174.085575
-14.347706 152.294644 -38.665766 -170.684850 39.759070 -174.085608
-14.347792 152.294447 -38.661629 -170.685142 39.761820 -174.085639
-14.347877 152.294250 -38.657492 -170.685436 39.764570 -174.085673
-14.347963 152.294053 -38.653354 -170.685730 39.767319 -174.085705
-14.348049 152.293856 -38.649217 -170.686024 39.770067 -174.085738
-14.348135 152.293659 -38.645079 -170.686319 39.772815 -174.085771
-14.348221 152.293462 -38.640941 -170.686613 39.775563 -174.085804
-14.348307 152.293265 -38.636803 -170.686907 39.778311 -174.085837
-14.348392 152.293068 -38.632665 -170.687203 39.781059 -174.085870
-14.348479 152.292871 -38.628526 -170.687497 39.783807 -174.085903
-14.348564 152.292674 -38.624388 -170.687792 39.786554 -174.085936
-14.348651 152.292476 -38.620249 -170.688088 39.789300 -174.085970
-14.348737 152.292279 -38.616111 -170.688384 39.792048 -174.086004
-14.348823 152.292082 -38.611972 -170.688679 39.794794 -174.086037
-14.348909 152.291885 -38.607833 -170.688975 39.797540 -174.086071
-14.348996 152.291687 -38.603694 -170.689271 39.800285 -174.086104
-14.349081 152.291490 -38.599554 -170.689567 39.803032 -174.086138
-14.349167 152.291292 -38.595415 -170.689865 39.805777 -174.086173
-14.349254 152.291095 -38.591276 -170.690161 39.808522 -174.086206
-14.349340 152.290897 -38.587136 -170.690458 39.811267 -174.086240
-14.349427 152.290700 -38.582996 -170.690755 39.814012 -174.086274
-14.349512 152.290502 -38.578856 -170.691052 39.816756 -174.086309
-14.349598 152.290304 -38.574716 -170.691350 39.819501 -174.086344
-14.349685 152.290107 -38.570576 -170.691648 39.822244 -174.086378
-14.349771 152.289909 -38.566436 -170.691946 39.824987 -174.086413
-14.349857 152.289712 -38.562295 -170.692244 39.827731 -174.086447
-14.349944 152.289514 -38.558155 -170.692541 39.830474 -174.086482
-14.350030 152.289316 -38.554014 -170.692841 39.833218 -174.086518
-14.350117 152.289118 -38.549873 -170.693139 39.835960 -174.086552
-14.350204 152.288920 -38.545732 -170.693437 39.838702 -174.086587
-14.350290 152.288722 -38.541591 -170.693737 39.841444 -174.086622
-14.350376 152.288525 -38.537450 -170.694036 39.844186 -174.086657
-14.350463 152.288326 -38.533308 -170.694336 39.846928 -174.086693
-14.350550 152.288129 -38.529167 -170.694634 39.849669 -174.086727
-14.350636 152.287930 -38.525025 -170.694934 39.852410 -174.086763
-14.350722 152.287732 -38.520884 -170.695235 39.855151 -174.086799
-14.350810 152.287534 -38.516741 -170.695535 39.857892 -174.086834
-14.350896 152.287336 -38.512599 -170.695835 39.860632 -174.086871
-14.350982 152.287138 -38.508457 -170.696136 39.863372 -174.086906
-14.351069 152.286939 -38.504314 -170.696437 39.866113 -174.086942
-14.351156 152.286741 -38.500172 -170.696737 39.868852 -174.086977
-14.351243 152.286543 -38.496029 -170.697039 39.871591 -174.087015
-14.351329 152.286344 -38.491887 -170.697340 39.874330 -174.087051
-14.351416 152.286145 -38.487744 -170.697642 39.877069 -174.087087
-14.351503 152.285948 -38.483601 -170.697944 39.879808 -174.087124
-14.351590 152.285749 -38.479458 -170.698246 39.882546 -174.087160
-14.351677 152.285550 -38.475315 -170.698548 39.885284 -174.087197
-14.351764 152.285351 -38.471171 -170.698850 39.888022 -174.087233
-14.351851 152.285154 -38.467027 -170.699152 39.890759 -174.087269
-14.351937 152.284955 -38.462884 -170.699455 39.893497 -174.087307
-14.352024 152.284756 -38.458740 -170.699758 39.896234 -174.087343
-14.352112 152.284557 -38.454596 -170.700061 39.898970 -174.087381
-14.352199 152.284358 -38.450452 -170.700365 39.901707 -174.087418
-14.352286 152.284159 -38.446307 -170.700667 39.904444 -174.087455
-14.352373 152.283961 -38.442162 -170.700971 39.907179 -174.087492
-14.352460 152.283762 -38.438018 -170.701275 39.909915 -174.087530
-14.352547 152.283563 -38.433873 -170.701579 39.912651 -174.087568
-14.352634 152.283364 -38.429729 -170.701884 39.915386 -174.087605
-14.352721 152.283165 -38.425584 -170.702188 39.918121 -174.087643
-14.352808 152.282965 -38.421439 -170.702492 39.920855 -174.087681
-14.352895 152.282766 -38.417293 -170.702798 39.923590 -174.087719
-14.352983 152.282568 -38.413148 -170.703102 39.926324 -174.087756
-14.353070 152.282369 -38.409003 -170.703408 39.929058 -174.087795
-14.353157 152.282169 -38.404857 -170.703714 39.931792 -174.087834
-14.353244 152.281970 -38.400711 -170.704019 39.934526 -174.087871
-14.353332 152.281771 -38.396566 -170.704325 39.937259 -174.087910
-14.353419 152.281571 -38.392419 -170.704631 39.939991 -174.087949
-14.353507 152.281372 -38.388272 -170.704937 39.942724 -174.087987
-14.353594 152.281172 -38.384127 -170.705243 39.945456 -174.088026
-14.353682 152.280973 -38.379980 -170.705549 39.948189 -174.088064
-14.353769 152.280773 -38.375833 -170.705857 39.950921 -174.088104
-14.353857 152.280574 -38.371686 -170.706163 39.953652 -174.088142
-14.353944 152.280374 -38.367540 -170.706471 39.956384 -174.088181
-14.354032 152.280175 -38.363393 -170.706778 39.959115 -174.088220
-14.354119 152.279975 -38.359245 -170.707086 39.961846 -174.088260
-14.354207 152.279775 -38.355098 -170.707394 39.964576 -174.088300
-14.354295 152.279576 -38.350951 -170.707702 39.967307 -174.088339
-14.354383 152.279376 -38.346803 -170.708010 39.970037 -174.088379
-14.354470 152.279176 -38.342655 -170.708318 39.972766 -174.088418
-14.354558 152.278976 -38.338507 -170.708626 39.975496 -174.088457
-14.354645 152.278777 -38.334359 -170.708936 39.978225 -174.088497
-14.354733 152.278577 -38.330211 -170.709244 39.980954 -174.088537
-14.354821 152.278377 -38.326063 -170.709554 39.983683 -174.088577
-14.354909 152.278177 -38.321914 -170.709862 39.986411 -174.088617
-14.354997 152.277977 -38.317766 -170.710172 39.989139 -174.088657
-14.355085 152.277777 -38.313617 -170.710482 39.991868 -174.088697
-14.355172 152.277577 -38.309468 -170.710791 39.994596 -174.088737
-14.355260 152.277377 -38.305319 -170.711102 39.997323 -174.088779
-14.355348 152.277177 -38.301170 -170.711412 40.000050 -174.088819
-14.355436 152.276977 -38.297021 -170.711723 40.002777 -174.088860
-14.355525 152.276776 -38.292871 -170.712033 40.005503 -174.088901
-14.355612 152.276576 -38.288722 -170.712343 40.008230 -174.088941
-14.355700 152.276375 -38.284572 -170.712655 40.010957 -174.088983
-14.355788 152.276175 -38.280422 -170.712967 40.013682 -174.089024
-14.355877 152.275975 -38.276272 -170.713277 40.016408 -174.089063
-14.355964 152.275775 -38.272122 -170.713589 40.019133 -174.089105
-14.356053 152.275574 -38.267972 -170.713901 40.021859 -174.089146
-14.356141 152.275374 -38.263822 -170.714213 40.024583 -174.089188
-14.356228 152.275173 -38.259671 -170.714525 40.027307 -174.089230
-14.356317 152.274972 -38.255521 -170.714839 40.030032 -174.089272
-14.356406 152.274772 -38.251369 -170.715151 40.032756 -174.089313
-14.356494 152.274571 -38.247218 -170.715463 40.035480 -174.089354
-14.356582 152.274371 -38.243067 -170.715777 40.038203 -174.089397
-14.356670 152.274169 -38.238916 -170.716091 40.040927 -174.089440
-14.356758 152.273969 -38.234765 -170.716403 40.043649 -174.089480
-14.356847 152.273768 -38.230613 -170.716717 40.046372 -174.089523
-14.356936 152.273567 -38.226461 -170.717031 40.049095 -174.089566
-14.357024 152.273366 -38.222309 -170.717345 40.051816 -174.089608
-14.357112 152.273165 -38.218157 -170.717659 40.054539 -174.089650
-14.357200 152.272964 -38.214005 -170.717973 40.057260 -174.089692
-14.357289 152.272764 -38.209853 -170.718289 40.059981 -174.089736
-14.357378 152.272562 -38.205701 -170.718603 40.062703 -174.089778
-14.357466 152.272361 -38.201548 -170.718917 40.065423 -174.089821
-14.357555 152.272160 -38.197395 -170.719233 40.068144 -174.089864
-14.357643 152.271959 -38.193242 -170.719549 40.070864 -174.089908
-14.357732 152.271757 -38.189089 -170.719865 40.073585 -174.089951
-14.357821 152.271556 -38.184936 -170.720179 40.076304 -174.089994
-14.357910 152.271355 -38.180784 -170.720495 40.079024 -174.090037
-14.357998 152.271153 -38.176630 -170.720812 40.081742 -174.090080
-14.358087 152.270952 -38.172476 -170.721129 40.084462 -174.090125
-14.358175 152.270751 -38.168322 -170.721445 40.087180 -174.090168
-14.358265 152.270549 -38.164169 -170.721762 40.089899 -174.090211
-14.358353 152.270348 -38.160015 -170.722079 40.092616 -174.090255
-14.358443 152.270147 -38.155861 -170.722396 40.095335 -174.090299
-14.358531 152.269945 -38.151706 -170.722714 40.098053 -174.090343
-14.358621 152.269744 -38.147552 -170.723032 40.100769 -174.090388
-14.358709 152.269541 -38.143397 -170.723348 40.103487 -174.090431
-14.358798 152.269340 -38.139243 -170.723666 40.106203 -174.090475
-14.358887 152.269139 -38.135088 -170.723984 40.108920 -174.090519
-14.358976 152.268936 -38.130933 -170.724304 40.111636 -174.090565
-14.359065 152.268735 -38.126777 -170.724622 40.114352 -174.090609
-14.359154 152.268533 -38.122622 -170.724941 40.117068 -174.090653
-14.359243 152.268331 -38.118467 -170.725260 40.119783 -174.090699
-14.359333 152.268129 -38.114312 -170.725579 40.122498 -174.090743
-14.359422 152.267927 -38.110155 -170.725899 40.125213 -174.090788
-14.359510 152.267726 -38.105999 -170.726217 40.127928 -174.090833
-14.359600 152.267523 -38.101844 -170.726537 40.130642 -174.090878
-14.359689 152.267322 -38.097688 -170.726857 40.133356 -174.090924
-14.359778 152.267119 -38.093531 -170.727178 40.136070 -174.090969
-14.359867 152.266917 -38.089375 -170.727498 40.138783 -174.091015
-14.359957 152.266715 -38.085218 -170.727818 40.141497 -174.091061
-14.360046 152.266513 -38.081061 -170.728140 40.144209 -174.091106
-14.360135 152.266310 -38.076904 -170.728460 40.146922 -174.091152
-14.360225 152.266107 -38.072747 -170.728782 40.149634 -174.091198
-14.360315 152.265905 -38.068590 -170.729103 40.152347 -174.091244
-14.360404 152.265703 -38.064433 -170.729425 40.155059 -174.091290
-14.360493 152.265501 -38.060276 -170.729747 40.157770 -174.091337
-14.360583 152.265298 -38.056118 -170.730069 40.160481 -174.091383
-14.360673 152.265096 -38.051960 -170.730391 40.163192 -174.091429
-14.360762 152.264893 -38.047803 -170.730713 40.165903 -174.091476
-14.360852 152.264691 -38.043644 -170.731036 40.168613 -174.091522
-14.360941 152.264488 -38.039486 -170.731358 40.171324 -174.091568
-14.361031 152.264286 -38.035328 -170.731681 40.174034 -174.091614
-14.361120 152.264083 -38.031170 -170.732004 40.176743 -174.091662
-14.361210 152.263880 -38.027011 -170.732327 40.179453 -174.091708
-14.361301 152.263677 -38.022852 -170.732651 40.182162 -174.091756
-14.361390 152.263474 -38.018693 -170.732975 40.184870 -174.091803
-14.361480 152.263271 -38.014534 -170.733299 40.187579 -174.091851
-14.361570 152.263069 -38.010375 -170.733624 40.190287 -174.091898
-14.361660 152.262865 -38.006215 -170.733948 40.192995 -174.091945
-14.361749 152.262662 -38.002056 -170.734272 40.195703 -174.091993
-14.361839 152.262460 -37.997896 -170.734597 40.198410 -174.092040
-14.361929 152.262256 -37.993737 -170.734921 40.201117 -174.092088
-14.362019 152.262053 -37.989576 -170.735247 40.203824 -174.092137
-14.362109 152.261850 -37.985416 -170.735572 40.206530 -174.092184
-14.362199 152.261647 -37.981256 -170.735898 40.209237 -174.092232
-14.362289 152.261444 -37.977095 -170.736224 40.211943 -174.092280
-14.362379 152.261241 -37.972935 -170.736550 40.214648 -174.092329
-14.362469 152.261037 -37.968774 -170.736875 40.217353 -174.092376
-14.362560 152.260834 -37.964613 -170.737203 40.220059 -174.092426
-14.362650 152.260630 -37.960453 -170.737529 40.222764 -174.092474
-14.362740 152.260427 -37.956291 -170.737856 40.225469 -174.092523
-14.362830 152.260224 -37.952130 -170.738182 40.228173 -174.092571
-14.362921 152.260020 -37.947968 -170.738510 40.230876 -174.092621
-14.363011 152.259816 -37.943806 -170.738837 40.233580 -174.092669
-14.363101 152.259613 -37.939645 -170.739165 40.236284 -174.092719
-14.363191 152.259410 -37.935483 -170.739492 40.238987 -174.092767
-14.363282 152.259206 -37.931321 -170.739820 40.241690 -174.092817
-14.363372 152.259002 -37.927159 -170.740149 40.244392 -174.092866
-14.363463 152.258798 -37.922996 -170.740477 40.247095 -174.092915
-14.363553 152.258595 -37.918834 -170.740806 40.249797 -174.092964
-14.363643 152.258391 -37.914671 -170.741134 40.252498 -174.093014
-14.363734 152.258187 -37.910509 -170.741464 40.255200 -174.093065
-14.363824 152.257983 -37.906345 -170.741793 40.257901 -174.093114
-14.363915 152.257779 -37.902183 -170.742122 40.260602 -174.093163
-14.364006 152.257575 -37.898020 -170.742452 40.263302 -174.093214
-14.364096 152.257372 -37.893856 -170.742782 40.266003 -174.093265
-14.364187 152.257167 -37.889692 -170.743112 40.268703 -174.093315
-14.364278 152.256963 -37.885529 -170.743442 40.271402 -174.093364
-14.364369 152.256759 -37.881365 -170.743772 40.274102 -174.093415
-14.364459 152.256555 -37.877201 -170.744103 40.276801 -174.093466
-14.364550 152.256350 -37.873036 -170.744434 40.279501 -174.093517
-14.364641 152.256146 -37.868872 -170.744765 40.282199 -174.093568
-14.364731 152.255942 -37.864708 -170.745096 40.284897 -174.093618
-14.364822 152.255737 -37.860543 -170.745428 40.287595 -174.093670
-14.364914 152.255533 -37.856378 -170.745759 40.290292 -174.093720
-14.365004 152.255328 -37.852213 -170.746091 40.292990 -174.093772
-14.365095 152.255125 -37.848049 -170.746424 40.295687 -174.093823
-14.365187 152.254920 -37.843884 -170.746755 40.298385 -174.093874
-14.365277 152.254716 -37.839718 -170.747087 40.301081 -174.093925
-14.365369 152.254511 -37.835552 -170.747420 40.303777 -174.093976
-14.365459 152.254306 -37.831386 -170.747754 40.306473 -174.094029
-14.365551 152.254102 -37.827221 -170.748087 40.309169 -174.094080
-14.365642 152.253897 -37.823055 -170.748420 40.311864 -174.094132
-14.365733 152.253692 -37.818889 -170.748754 40.314559 -174.094185
-14.365824 152.253488 -37.814723 -170.749087 40.317254 -174.094236
-14.365915 152.253283 -37.810556 -170.749421 40.319949 -174.094288
-14.366007 152.253078 -37.806390 -170.749756 40.322643 -174.094341
-14.366098 152.252873 -37.802223 -170.750089 40.325337 -174.094393
-14.366190 152.252668 -37.798056 -170.750423 40.328031 -174.094446
-14.366280 152.252462 -37.793889 -170.750758 40.330723 -174.094498
-14.366372 152.252257 -37.789722 -170.751093 40.333417 -174.094550
-14.366463 152.252052 -37.785555 -170.751429 40.336110 -174.094604
-14.366554 152.251847 -37.781387 -170.751764 40.338802 -174.094656
-14.366646 152.251642 -37.777219 -170.752099 40.341494 -174.094709
-14.366737 152.251437 -37.773052 -170.752435 40.344187 -174.094762
-14.366830 152.251232 -37.768884 -170.752772 40.346879 -174.094816
-14.366921 152.251027 -37.764716 -170.753107 40.349569 -174.094869
-14.367012 152.250822 -37.760548 -170.753444 40.352260 -174.094922
-14.367104 152.250617 -37.756379 -170.753780 40.354951 -174.094976
-14.367196 152.250410 -37.752211 -170.754117 40.357641 -174.095030
-14.367287 152.250205 -37.748042 -170.754454 40.360331 -174.095084
-14.367379 152.250000 -37.743873 -170.754791 40.363022 -174.095137
-14.367471 152.249794 -37.739704 -170.755129 40.365711 -174.095191
-14.367562 152.249589 -37.735535 -170.755466 40.368401 -174.095245
-14.367655 152.249384 -37.731365 -170.755803 40.371089 -174.095299
-14.367746 152.249177 -37.727196 -170.756142 40.373778 -174.095354
-14.367838 152.248972 -37.723026 -170.756480 40.376466 -174.095408
-14.367930 152.248766 -37.718857 -170.756819 40.379155 -174.095462
-14.368022 152.248561 -37.714686 -170.757156 40.381843 -174.095516
-14.368114 152.248355 -37.710516 -170.757495 40.384530 -174.095571
-14.368206 152.248149 -37.706346 -170.757836 40.387217 -174.095626
-14.368298 152.247943 -37.702175 -170.758174 40.389903 -174.095681
-14.368389 152.247737 -37.698005 -170.758514 40.392590 -174.095735
-14.368482 152.247532 -37.693834 -170.758853 40.395277 -174.095790
-14.368574 152.247325 -37.689664 -170.759193 40.397963 -174.095847
-14.368666 152.247119 -37.685492 -170.759533 40.400648 -174.095901
-14.368758 152.246913 -37.681321 -170.759873 40.403334 -174.095957
-14.368851 152.246707 -37.677150 -170.760214 40.406019 -174.096012
-14.368943 152.246501 -37.672978 -170.760555 40.408704 -174.096068
-14.369035 152.246295 -37.668807 -170.760896 40.411388 -174.096124
-14.369127 152.246089 -37.664635 -170.761237 40.414072 -174.096179
-14.369219 152.245882 -37.660463 -170.761578 40.416756 -174.096235
-14.369313 152.245676 -37.656290 -170.761919 40.419440 -174.096291
-14.369405 152.245470 -37.652118 -170.762261 40.422123 -174.096347
-14.369497 152.245263 -37.647946 -170.762603 40.424806 -174.096404
-14.369590 152.245057 -37.643773 -170.762945 40.427489 -174.096460
-14.369682 152.244850 -37.639601 -170.763287 40.430171 -174.096515
-14.369775 152.244643 -37.635428 -170.763630 40.432853 -174.096573
-14.369867 152.244437 -37.631254 -170.763973 40.435536 -174.096629
-14.369960 152.244231 -37.627081 -170.764316 40.438217 -174.096686
-14.370053 152.244024 -37.622909 -170.764659 40.440898 -174.096743
-14.370144 152.243817 -37.618735 -170.765002 40.443579 -174.096799
-14.370237 152.243611 -37.614561 -170.765345 40.446260 -174.096856
-14.370330 152.243404 -37.610387 -170.765690 40.448940 -174.096915
-14.370423 152.243197 -37.606214 -170.766033 40.451620 -174.096971
-14.370516 152.242990 -37.602039 -170.766378 40.454300 -174.097029
-14.370609 152.242784 -37.597864 -170.766722 40.456979 -174.097086
-14.370702 152.242576 -37.593690 -170.767067 40.459658 -174.097144
-14.370795 152.242370 -37.589515 -170.767412 40.462337 -174.097201
-14.370887 152.242162 -37.585341 -170.767757 40.465016 -174.097259
-14.370980 152.241955 -37.581166 -170.768102 40.467694 -174.097317
-14.371073 152.241749 -37.576991 -170.768447 40.470372 -174.097374
-14.371166 152.241541 -37.572815 -170.768792 40.473049 -174.097432
-14.371260 152.241334 -37.568640 -170.769139 40.475727 -174.097491
-14.371352 152.241127 -37.564465 -170.769485 40.478403 -174.097549
-14.371445 152.240920 -37.560289 -170.769832 40.481080 -174.097608
-14.371539 152.240712 -37.556113 -170.770177 40.483757 -174.097666
-14.371632 152.240505 -37.551937 -170.770524 40.486433 -174.097724
-14.371725 152.240298 -37.547761 -170.770871 40.489108 -174.097783
-14.371818 152.240090 -37.543584 -170.771219 40.491784 -174.097843
-14.371912 152.239883 -37.539408 -170.771566 40.494459 -174.097902
-14.372004 152.239675 -37.535231 -170.771913 40.497133 -174.097960
-14.372098 152.239468 -37.531055 -170.772261 40.499808 -174.098019
-14.372192 152.239260 -37.526877 -170.772608 40.502482 -174.098079
-14.372285 152.239053 -37.522700 -170.772957 40.505157 -174.098138
-14.372378 152.238845 -37.518523 -170.773305 40.507830 -174.098197
-14.372471 152.238638 -37.514345 -170.773654 40.510504 -174.098256
-14.372565 152.238430 -37.510167 -170.774003 40.513176 -174.098317
-14.372659 152.238221 -37.505990 -170.774351 40.515848 -174.098375
-14.372752 152.238014 -37.501812 -170.774700 40.518521 -174.098436
-14.372846 152.237806 -37.497634 -170.775050 40.521193 -174.098495
-14.372939 152.237598 -37.493456 -170.775401 40.523865 -174.098557
-14.373033 152.237390 -37.489277 -170.775750 40.526537 -174.098616
-14.373127 152.237182 -37.485098 -170.776100 40.529208 -174.098677
-14.373221 152.236974 -37.480920 -170.776450 40.531879 -174.098737
-14.373314 152.236766 -37.476741 -170.776801 40.534549 -174.098797
-14.373408 152.236558 -37.472562 -170.777152 40.537219 -174.098859
-14.373502 152.236349 -37.468383 -170.777502 40.539889 -174.098919
-14.373596 152.236142 -37.464203 -170.777853 40.542559 -174.098979
-14.373690 152.235933 -37.460024 -170.778205 40.545227 -174.099040
-14.373783 152.235725 -37.455844 -170.778556 40.547897 -174.099102
-14.373878 152.235517 -37.451664 -170.778908 40.550566 -174.099163
-14.373971 152.235309 -37.447484 -170.779259 40.553233 -174.099224
-14.374065 152.235100 -37.443304 -170.779612 40.555902 -174.099286
-14.374160 152.234891 -37.439124 -170.779964 40.558570 -174.099347
-14.374254 152.234683 -37.434943 -170.780317 40.561237 -174.099409
-14.374347 152.234475 -37.430763 -170.780669 40.563904 -174.099471
-14.374442 152.234266 -37.426582 -170.781023 40.566571 -174.099533
-14.374536 152.234057 -37.422401 -170.781376 40.569238 -174.099595
-14.374630 152.233849 -37.418220 -170.781730 40.571903 -174.099657
-14.374725 152.233640 -37.414038 -170.782084 40.574569 -174.099719
-14.374819 152.233431 -37.409857 -170.782437 40.577235 -174.099781
-14.374913 152.233222 -37.405675 -170.782791 40.579900 -174.099843
-14.375007 152.233013 -37.401493 -170.783145 40.582565 -174.099905
-14.375102 152.232805 -37.397312 -170.783500 40.585229 -174.099968
-14.375197 152.232596 -37.393129 -170.783854 40.587894 -174.100030
-14.375291 152.232387 -37.388947 -170.784210 40.590558 -174.100093
-14.375385 152.232178 -37.384765 -170.784564 40.593222 -174.100156
-14.375480 152.231969 -37.380582 -170.784919 40.595884 -174.100219
-14.375574 152.231760 -37.376399 -170.785275 40.598547 -174.100282
-14.375669 152.231551 -37.372216 -170.785631 40.601210 -174.100345
-14.375763 152.231342 -37.368032 -170.785987 40.603873 -174.100408
-14.375858 152.231133 -37.363850 -170.786343 40.606535 -174.100472
-14.375953 152.230924 -37.359667 -170.786700 40.609197 -174.100536
-14.376048 152.230714 -37.355482 -170.787056 40.611858 -174.100599
-14.376143 152.230505 -37.351299 -170.787414 40.614519 -174.100663
-14.376238 152.230295 -37.347115 -170.787770 40.617180 -174.100726
-14.376332 152.230086 -37.342931 -170.788127 40.619841 -174.100791
-14.376427 152.229877 -37.338746 -170.788485 40.622501 -174.100855
-14.376522 152.229667 -37.334562 -170.788843 40.625161 -174.100919
-14.376617 152.229457 -37.330378 -170.789201 40.627820 -174.100984
-14.376712 152.229248 -37.326193 -170.789559 40.630480 -174.101048
-14.376807 152.229038 -37.322008 -170.789917 40.633139 -174.101112
-14.376901 152.228829 -37.317823 -170.790275 40.635797 -174.101176
-14.376997 152.228619 -37.313638 -170.790633 40.638455 -174.101241
-14.377092 152.228409 -37.309452 -170.790993 40.641113 -174.101306
-14.377187 152.228199 -37.305267 -170.791352 40.643771 -174.101371
-14.377282 152.227990 -37.301081 -170.791711 40.646428 -174.101436
-14.377378 152.227780 -37.296896 -170.792071 40.649085 -174.101501
-14.377473 152.227570 -37.292709 -170.792431 40.651741 -174.101566
-14.377568 152.227360 -37.288523 -170.792791 40.654398 -174.101632
-14.377663 152.227150 -37.284337 -170.793151 40.657053 -174.101697
-14.377759 152.226940 -37.280150 -170.793511 40.659709 -174.101763
-14.377854 152.226730 -37.275963 -170.793871 40.662364 -174.101829
-14.377949 152.226520 -37.271777 -170.794233 40.665020 -174.101895
-14.378045 152.226310 -37.267589 -170.794593 40.667675 -174.101960
-14.378140 152.226100 -37.263403 -170.794955 40.670329 -174.102026
-14.378236 152.225890 -37.259215 -170.795317 40.672983 -174.102093
-14.378331 152.225680 -37.255027 -170.795678 40.675636 -174.102158
-14.378427 152.225469 -37.250840 -170.796040 40.678290 -174.102225
-14.378523 152.225259 -37.246652 -170.796402 40.680943 -174.102291
-14.378618 152.225048 -37.242464 -170.796764 40.683596 -174.102357
-14.378714 152.224838 -37.238276 -170.797128 40.686248 -174.102426
-14.378810 152.224627 -37.234088 -170.797490 40.688901 -174.102491
-14.378905 152.224417 -37.229898 -170.797853 40.691552 -174.102558
-14.379002 152.224207 -37.225710 -170.798217 40.694204 -174.102626
-14.379097 152.223996 -37.221521 -170.798579 40.696856 -174.102692
-14.379193 152.223785 -37.217332 -170.798944 40.699506 -174.102760
-14.379288 152.223574 -37.213143 -170.799308 40.702156 -174.102828
-14.379385 152.223364 -37.208953 -170.799672 40.704807 -174.102895
-14.379480 152.223153 -37.204764 -170.800036 40.707457 -174.102963
-14.379577 152.222942 -37.200574 -170.800401 40.710106 -174.103031
-14.379672 152.222731 -37.196385 -170.800765 40.712756 -174.103098
-14.379769 152.222520 -37.192195 -170.801130 40.715404 -174.103165
-14.379865 152.222309 -37.188004 -170.801496 40.718053 -174.103234
-14.379961 152.222099 -37.183814 -170.801860 40.720701 -174.103302
-14.380057 152.221887 -37.179624 -170.802226 40.723349 -174.103370
-14.380154 152.221676 -37.175433 -170.802591 40.725997 -174.103438
-14.380250 152.221465 -37.171243 -170.802958 40.728643 -174.103507
-14.380346 152.221254 -37.167051 -170.803324 40.731291 -174.103575
-14.380443 152.221043 -37.162859 -170.803690 40.733937 -174.103644
-14.380539 152.220832 -37.158668 -170.804057 40.736584 -174.103712
-14.380635 152.220621 -37.154477 -170.804424 40.739229 -174.103782
-14.380731 152.220409 -37.150285 -170.804790 40.741875 -174.103851
-14.380828 152.220198 -37.146094 -170.805159 40.744520 -174.103920
-14.380925 152.219986 -37.141902 -170.805525 40.747166 -174.103989
-14.381021 152.219775 -37.137709 -170.805894 40.749810 -174.104059
-14.381118 152.219563 -37.133517 -170.806262 40.752454 -174.104128
-14.381215 152.219352 -37.129324 -170.806629 40.755099 -174.104197
-14.381311 152.219141 -37.125132 -170.806998 40.757742 -174.104267
-14.381408 152.218929 -37.120939 -170.807366 40.760386 -174.104337
-14.381504 152.218717 -37.116746 -170.807735 40.763028 -174.104407
-14.381602 152.218505 -37.112553 -170.808105 40.765671 -174.104477
-14.381698 152.218294 -37.108360 -170.808474 40.768314 -174.104548
-14.381795 152.218082 -37.104166 -170.808843 40.770955 -174.104617
-14.381892 152.217870 -37.099972 -170.809213 40.773597 -174.104688
-14.381989 152.217658 -37.095778 -170.809582 40.776239 -174.104757
-14.382086 152.217446 -37.091584 -170.809953 40.778879 -174.104829
-14.382182 152.217234 -37.087389 -170.810324 40.781520 -174.104900
-14.382279 152.217022 -37.083196 -170.810694 40.784160 -174.104971
-14.382376 152.216810 -37.079001 -170.811065 40.786801 -174.105041
-14.382474 152.216599 -37.074806 -170.811436 40.789440 -174.105112
-14.382571 152.216386 -37.070612 -170.811807 40.792079 -174.105183
-14.382668 152.216174 -37.066416 -170.812178 40.794718 -174.105254
-14.382765 152.215962 -37.062221 -170.812550 40.797357 -174.105326
-14.382862 152.215750 -37.058026 -170.812922 40.799995 -174.105397
-14.382960 152.215537 -37.053830 -170.813294 40.802633 -174.105469
