-71.485439 151.712796 15.273859 27.288028 -41.626123 -18.916086
-71.480674 151.712798 15.273833 27.288078 -41.626108 -18.916119
-71.475907 151.712801 15.273805 27.288129 -41.626093 -18.916153
-71.471140 151.712803 15.273778 27.288179 -41.626079 -18.916186
-71.466374 151.712806 15.273752 27.288229 -41.626064 -18.916219
-71.461607 151.712809 15.273725 27.288278 -41.626050 -18.916252
-71.456841 151.712811 15.273698 27.288330 -41.626035 -18.916287
-71.452074 151.712814 15.273671 27.288379 -41.626021 -18.916320
-71.447307 151.712817 15.273644 27.288430 -41.626007 -18.916353
-71.442542 151.712819 15.273617 27.288479 -41.625992 -18.916386
-71.437775 151.712821 15.273591 27.288528 -41.625977 -18.916418
-71.433009 151.712825 15.273564 27.288578 -41.625963 -18.916452
-71.428242 151.712827 15.273538 27.288628 -41.625948 -18.916485
-71.423475 151.712829 15.273512 27.288678 -41.625934 -18.916518
-71.418709 151.712832 15.273485 27.288727 -41.625920 -18.916549
-71.413942 151.712835 15.273458 27.288776 -41.625905 -18.916582
-71.409176 151.712837 15.273433 27.288825 -41.625892 -18.916615
-71.404410 151.712840 15.273406 27.288875 -41.625877 -18.916648
-71.399643 151.712842 15.273379 27.288923 -41.625862 -18.916680
-71.394877 151.712845 15.273354 27.288972 -41.625849 -18.916712
-71.390110 151.712848 15.273327 27.289022 -41.625834 -18.916746
-71.385343 151.712850 15.273301 27.289071 -41.625820 -18.916778
-71.380577 151.712852 15.273275 27.289120 -41.625806 -18.916810
-71.375811 151.712855 15.273249 27.289168 -41.625791 -18.916842
-71.371045 151.712858 15.273223 27.289217 -41.625777 -18.916875
-71.366278 151.712860 15.273197 27.289265 -41.625763 -18.916907
-71.361511 151.712863 15.273171 27.289314 -41.625749 -18.916940
-71.356745 151.712865 15.273145 27.289362 -41.625735 -18.916971
-71.351978 151.712867 15.273119 27.289410 -41.625721 -18.917003
-71.347211 151.712870 15.273094 27.289459 -41.625707 -18.917036
-71.342445 151.712873 15.273068 27.289506 -41.625693 -18.917067
-71.337679 151.712875 15.273042 27.289555 -41.625679 -18.917100
-71.332913 151.712878 15.273017 27.289602 -41.625665 -18.917131
-71.328146 151.712880 15.272991 27.289651 -41.625651 -18.917163
-71.323379 151.712882 15.272965 27.289698 -41.625637 -18.917195
-71.318613 151.712885 15.272939 27.289746 -41.625623 -18.917226
-71.313846 151.712887 15.272914 27.289793 -41.625610 -18.917258
-71.309079 151.712890 15.272889 27.289841 -41.625595 -18.917289
-71.304313 151.712893 15.272863 27.289888 -41.625582 -18.917321
-71.299547 151.712895 15.272838 27.289935 -41.625568 -18.917352
-71.294781 151.712897 15.272813 27.289983 -41.625555 -18.917384
-71.290014 151.712900 15.272787 27.290030 -41.625541 -18.917415
-71.285247 151.712902 15.272762 27.290078 -41.625527 -18.917447
-71.280481 151.712905 15.272737 27.290125 -41.625513 -18.917478
-71.275714 151.712907 15.272712 27.290172 -41.625500 -18.917509
-71.270947 151.712909 15.272686 27.290219 -41.625486 -18.917541
-71.266182 151.712912 15.272661 27.290265 -41.625472 -18.917571
-71.261415 151.712915 15.272637 27.290312 -41.625459 -18.917603
-71.256648 151.712917 15.272612 27.290358 -41.625445 -18.917633
-71.251882 151.712920 15.272587 27.290405 -41.625432 -18.917664
-71.247115 151.712922 15.272561 27.290452 -41.625418 -18.917695
-71.242349 151.712924 15.272537 27.290498 -41.625405 -18.917726
-71.237582 151.712927 15.272512 27.290544 -41.625391 -18.917757
-71.232815 151.712929 15.272487 27.290591 -41.625378 -18.917788
-71.228050 151.712932 15.272463 27.290637 -41.625364 -18.917817
-71.223283 151.712934 15.272439 27.290683 -41.625351 -18.917848
-71.218516 151.712936 15.272414 27.290728 -41.625338 -18.917878
-71.213750 151.712939 15.272389 27.290774 -41.625325 -18.917908
-71.208983 151.712941 15.272364 27.290820 -41.625311 -18.917939
-71.204216 151.712943 15.272340 27.290865 -41.625298 -18.917969
-71.199450 151.712946 15.272316 27.290911 -41.625284 -18.917999
-71.194683 151.712948 15.272291 27.290956 -41.625272 -18.918029
-71.189918 151.712951 15.272267 27.291002 -41.625258 -18.918060
-71.185151 151.712953 15.272242 27.291047 -41.625245 -18.918090
-71.180384 151.712955 15.272219 27.291092 -41.625232 -18.918120
-71.175618 151.712958 15.272195 27.291139 -41.625219 -18.918150
-71.170851 151.712960 15.272170 27.291183 -41.625205 -18.918180
-71.166084 151.712963 15.272146 27.291228 -41.625192 -18.918210
-71.161318 151.712965 15.272122 27.291273 -41.625180 -18.918240
-71.156551 151.712967 15.272099 27.291318 -41.625166 -18.918270
-71.151784 151.712969 15.272074 27.291362 -41.625154 -18.918299
-71.147019 151.712971 15.272050 27.291407 -41.625140 -18.918329
-71.142252 151.712974 15.272026 27.291452 -41.625128 -18.918359
-71.137485 151.712976 15.272002 27.291495 -41.625115 -18.918387
-71.132719 151.712978 15.271979 27.291540 -41.625102 -18.918417
-71.127952 151.712981 15.271956 27.291585 -41.625088 -18.918447
-71.123185 151.712983 15.271932 27.291629 -41.625076 -18.918476
-71.118419 151.712985 15.271908 27.291672 -41.625063 -18.918505
-71.113652 151.712988 15.271884 27.291717 -41.625050 -18.918535
-71.108885 151.712990 15.271861 27.291761 -41.625038 -18.918564
-71.104120 151.712993 15.271838 27.291805 -41.625025 -18.918593
-71.099353 151.712994 15.271814 27.291849 -41.625012 -18.918622
-71.094587 151.712997 15.271791 27.291892 -41.624999 -18.918651
-71.089820 151.712999 15.271767 27.291936 -41.624987 -18.918679
-71.085053 151.713001 15.271744 27.291979 -41.624974 -18.918708
-71.080287 151.713004 15.271721 27.292022 -41.624962 -18.918736
-71.075520 151.713006 15.271698 27.292066 -41.624949 -18.918765
-71.070753 151.713008 15.271675 27.292109 -41.624936 -18.918794
-71.065988 151.713010 15.271652 27.292152 -41.624924 -18.918823
-71.061221 151.713012 15.271628 27.292195 -41.624911 -18.918851
-71.056454 151.713015 15.271605 27.292238 -41.624899 -18.918880
-71.051688 151.713017 15.271582 27.292282 -41.624887 -18.918909
-71.046921 151.713020 15.271560 27.292324 -41.624874 -18.918937
-71.042154 151.713021 15.271537 27.292366 -41.624862 -18.918965
-71.037388 151.713023 15.271514 27.292409 -41.624849 -18.918993
-71.032621 151.713026 15.271491 27.292451 -41.624837 -18.919021
-71.027854 151.713028 15.271468 27.292494 -41.624825 -18.919050
-71.023089 151.713030 15.271446 27.292536 -41.624812 -18.919078
-71.018322 151.713032 15.271423 27.292579 -41.624800 -18.919106
-71.013555 151.713035 15.271401 27.292621 -41.624787 -18.919134
-71.008789 151.713037 15.271379 27.292662 -41.624775 -18.919161
-71.004022 151.713039 15.271356 27.292705 -41.624763 -18.919190
-70.999255 151.713041 15.271333 27.292747 -41.624751 -18.919218
-70.994489 151.713043 15.271311 27.292788 -41.624739 -18.919245
-70.989722 151.713046 15.271289 27.292829 -41.624727 -18.919273
-70.984956 151.713048 15.271266 27.292872 -41.624714 -18.919301
-70.980190 151.713050 15.271244 27.292913 -41.624703 -18.919328
-70.975423 151.713052 15.271222 27.292954 -41.624691 -18.919356
-70.970656 151.713055 15.271200 27.292995 -41.624678 -18.919383
-70.965890 151.713056 15.271178 27.293036 -41.624667 -18.919410
-70.961123 151.713058 15.271156 27.293077 -41.624654 -18.919436
-70.956356 151.713061 15.271134 27.293119 -41.624643 -18.919464
-70.951590 151.713062 15.271112 27.293160 -41.624631 -18.919491
-70.946823 151.713065 15.271090 27.293201 -41.624618 -18.919518
-70.942057 151.713067 15.271068 27.293241 -41.624607 -18.919545
-70.937291 151.713069 15.271046 27.293282 -41.624595 -18.919573
-70.932524 151.713071 15.271024 27.293323 -41.624583 -18.919600
-70.927757 151.713074 15.271004 27.293363 -41.624571 -18.919626
-70.922990 151.713075 15.270982 27.293403 -41.624560 -18.919653
-70.918224 151.713077 15.270960 27.293444 -41.624548 -18.919680
-70.913457 151.713080 15.270939 27.293484 -41.624536 -18.919707
-70.908690 151.713081 15.270917 27.293524 -41.624525 -18.919733
-70.903924 151.713084 15.270896 27.293564 -41.624514 -18.919760
-70.899158 151.713086 15.270874 27.293604 -41.624501 -18.919786
-70.894391 151.713088 15.270853 27.293644 -41.624490 -18.919813
-70.889625 151.713090 15.270831 27.293684 -41.624479 -18.919839
-70.884858 151.713092 15.270810 27.293724 -41.624466 -18.919866
-70.880091 151.713094 15.270789 27.293763 -41.624455 -18.919892
-70.875325 151.713097 15.270768 27.293803 -41.624444 -18.919918
-70.870558 151.713098 15.270747 27.293841 -41.624432 -18.919944
-70.865791 151.713100 15.270726 27.293881 -41.624421 -18.919970
-70.861025 151.713102 15.270705 27.293920 -41.624410 -18.919996
-70.856258 151.713104 15.270684 27.293960 -41.624398 -18.920023
-70.851492 151.713106 15.270664 27.293998 -41.624387 -18.920048
-70.846726 151.713108 15.270643 27.294037 -41.624376 -18.920074
-70.841959 151.713110 15.270622 27.294076 -41.624365 -18.920099
-70.837192 151.713112 15.270601 27.294115 -41.624354 -18.920124
-70.832425 151.713115 15.270581 27.294153 -41.624342 -18.920150
-70.827659 151.713116 15.270560 27.294192 -41.624331 -18.920176
-70.822892 151.713119 15.270539 27.294231 -41.624320 -18.920201
-70.818125 151.713120 15.270519 27.294269 -41.624309 -18.920227
-70.813359 151.713123 15.270498 27.294307 -41.624297 -18.920252
-70.808593 151.713124 15.270478 27.294345 -41.624286 -18.920278
-70.803826 151.713127 15.270457 27.294383 -41.624275 -18.920303
-70.799060 151.713128 15.270437 27.294422 -41.624264 -18.920328
-70.794293 151.713131 15.270417 27.294459 -41.624253 -18.920353
-70.789526 151.713132 15.270397 27.294496 -41.624242 -18.920378
-70.784759 151.713135 15.270376 27.294534 -41.624231 -18.920403
-70.779993 151.713136 15.270356 27.294571 -41.624221 -18.920428
-70.775226 151.713139 15.270336 27.294610 -41.624209 -18.920453
-70.770459 151.713140 15.270316 27.294646 -41.624198 -18.920477
-70.765693 151.713142 15.270296 27.294683 -41.624188 -18.920502
-70.760927 151.713144 15.270276 27.294721 -41.624177 -18.920527
-70.756160 151.713146 15.270257 27.294758 -41.624165 -18.920552
-70.751393 151.713148 15.270237 27.294794 -41.624155 -18.920576
-70.746627 151.713150 15.270217 27.294832 -41.624144 -18.920601
-70.741860 151.713152 15.270197 27.294869 -41.624134 -18.920626
-70.737093 151.713154 15.270178 27.294906 -41.624123 -18.920650
-70.732327 151.713155 15.270158 27.294942 -41.624112 -18.920674
-70.727560 151.713158 15.270139 27.294979 -41.624101 -18.920699
-70.722793 151.713159 15.270119 27.295015 -41.624091 -18.920723
-70.718026 151.713162 15.270100 27.295052 -41.624081 -18.920747
-70.713261 151.713163 15.270080 27.295088 -41.624070 -18.920770
-70.708494 151.713165 15.270061 27.295124 -41.624060 -18.920794
-70.703727 151.713167 15.270042 27.295160 -41.624049 -18.920818
-70.698961 151.713169 15.270023 27.295195 -41.624039 -18.920841
-70.694194 151.713170 15.270004 27.295231 -41.624028 -18.920865
-70.689427 151.713173 15.269984 27.295267 -41.624018 -18.920889
-70.684660 151.713174 15.269964 27.295302 -41.624008 -18.920912
-70.679894 151.713176 15.269945 27.295339 -41.623998 -18.920937
-70.675127 151.713178 15.269927 27.295373 -41.623987 -18.920960
-70.670360 151.713180 15.269908 27.295408 -41.623977 -18.920983
-70.665595 151.713181 15.269889 27.295445 -41.623966 -18.921007
-70.660828 151.713184 15.269870 27.295480 -41.623956 -18.921030
-70.656061 151.713185 15.269851 27.295515 -41.623946 -18.921053
-70.651294 151.713187 15.269833 27.295550 -41.623936 -18.921077
-70.646528 151.713188 15.269814 27.295584 -41.623925 -18.921100
-70.641761 151.713191 15.269796 27.295619 -41.623915 -18.921123
-70.636994 151.713192 15.269777 27.295653 -41.623905 -18.921145
-70.632227 151.713194 15.269759 27.295688 -41.623895 -18.921168
-70.627461 151.713196 15.269740 27.295723 -41.623885 -18.921192
-70.622694 151.713198 15.269722 27.295757 -41.623876 -18.921214
-70.617927 151.713199 15.269704 27.295792 -41.623866 -18.921237
-70.613161 151.713201 15.269686 27.295825 -41.623856 -18.921260
-70.608395 151.713204 15.269667 27.295859 -41.623845 -18.921282
-70.603628 151.713205 15.269648 27.295892 -41.623836 -18.921304
-70.598861 151.713207 15.269630 27.295927 -41.623826 -18.921328
-70.594095 151.713208 15.269612 27.295961 -41.623816 -18.921350
-70.589328 151.713210 15.269595 27.295995 -41.623806 -18.921372
-70.584561 151.713212 15.269577 27.296027 -41.623797 -18.921394
-70.579794 151.713214 15.269559 27.296061 -41.623787 -18.921415
-70.575028 151.713215 15.269541 27.296095 -41.623777 -18.921438
-70.570261 151.713217 15.269524 27.296129 -41.623768 -18.921460
-70.565494 151.713218 15.269506 27.296161 -41.623758 -18.921482
-70.560728 151.713220 15.269487 27.296195 -41.623749 -18.921504
-70.555962 151.713223 15.269470 27.296227 -41.623738 -18.921525
-70.551195 151.713224 15.269452 27.296259 -41.623729 -18.921547
-70.546428 151.713226 15.269435 27.296293 -41.623719 -18.921569
-70.541661 151.713227 15.269418 27.296325 -41.623710 -18.921591
-70.536895 151.713229 15.269400 27.296358 -41.623701 -18.921613
-70.532128 151.713230 15.269383 27.296390 -41.623691 -18.921634
-70.527361 151.713232 15.269366 27.296423 -41.623682 -18.921656
-70.522594 151.713234 15.269348 27.296455 -41.623672 -18.921677
-70.517828 151.713236 15.269331 27.296487 -41.623663 -18.921698
-70.513061 151.713238 15.269314 27.296519 -41.623654 -18.921720
-70.508294 151.713239 15.269297 27.296551 -41.623645 -18.921741
-70.503528 151.713241 15.269280 27.296583 -41.623636 -18.921762
-70.498762 151.713242 15.269263 27.296614 -41.623626 -18.921783
-70.493995 151.713244 15.269246 27.296646 -41.623617 -18.921804
-70.489228 151.713245 15.269229 27.296678 -41.623608 -18.921825
-70.484461 151.713247 15.269212 27.296709 -41.623599 -18.921846
-70.479695 151.713249 15.269195 27.296740 -41.623590 -18.921866
-70.474928 151.713250 15.269179 27.296771 -41.623581 -18.921887
-70.470161 151.713252 15.269162 27.296802 -41.623572 -18.921908
-70.465394 151.713253 15.269146 27.296834 -41.623563 -18.921928
-70.460627 151.713256 15.269129 27.296865 -41.623554 -18.921949
-70.455861 151.713256 15.269112 27.296895 -41.623545 -18.921969
-70.451094 151.713259 15.269096 27.296926 -41.623536 -18.921990
-70.446328 151.713261 15.269080 27.296957 -41.623527 -18.922011
-70.441561 151.713262 15.269064 27.296987 -41.623518 -18.922030
-70.436795 151.713264 15.269047 27.297017 -41.623509 -18.922050
-70.432028 151.713265 15.269031 27.297048 -41.623500 -18.922071
-70.427261 151.713267 15.269015 27.297078 -41.623492 -18.922091
-70.422494 151.713268 15.268999 27.297108 -41.623483 -18.922111
-70.417727 151.713269 15.268983 27.297138 -41.623474 -18.922131
-70.412961 151.713271 15.268967 27.297168 -41.623465 -18.922151
-70.408194 151.713272 15.268950 27.297198 -41.623457 -18.922169
-70.403427 151.713274 15.268935 27.297227 -41.623448 -18.922189
-70.398660 151.713276 15.268919 27.297256 -41.623440 -18.922208
-70.393894 151.713277 15.268904 27.297286 -41.623431 -18.922228
-70.389128 151.713279 15.268888 27.297315 -41.623422 -18.922247
-70.384361 151.713280 15.268872 27.297345 -41.623414 -18.922267
-70.379594 151.713282 15.268856 27.297374 -41.623405 -18.922286
-70.374827 151.713284 15.268841 27.297402 -41.623397 -18.922305
-70.370061 151.713285 15.268826 27.297431 -41.623389 -18.922324
-70.365294 151.713287 15.268810 27.297460 -41.623380 -18.922343
-70.360527 151.713287 15.268794 27.297488 -41.623372 -18.922362
-70.355760 151.713289 15.268779 27.297517 -41.623363 -18.922381
-70.350994 151.713291 15.268764 27.297546 -41.623355 -18.922401
-70.346227 151.713292 15.268749 27.297574 -41.623346 -18.922420
-70.341460 151.713294 15.268733 27.297603 -41.623338 -18.922439
-70.336693 151.713295 15.268719 27.297631 -41.623331 -18.922457
-70.331926 151.713297 15.268704 27.297660 -41.623323 -18.922476
-70.327161 151.713298 15.268688 27.297687 -41.623314 -18.922494
-70.322394 151.713299 15.268674 27.297714 -41.623306 -18.922513
-70.317627 151.713301 15.268659 27.297743 -41.623298 -18.922532
-70.312860 151.713303 15.268644 27.297770 -41.623290 -18.922550
-70.308093 151.713304 15.268629 27.297798 -41.623282 -18.922568
-70.303327 151.713306 15.268614 27.297825 -41.623274 -18.922586
-70.298560 151.713306 15.268600 27.297853 -41.623266 -18.922604
-70.293793 151.713308 15.268586 27.297879 -41.623258 -18.922622
-70.289026 151.713310 15.268571 27.297906 -41.623250 -18.922640
-70.284259 151.713311 15.268556 27.297934 -41.623243 -18.922658
-70.279493 151.713312 15.268542 27.297960 -41.623235 -18.922676
-70.274726 151.713314 15.268528 27.297988 -41.623227 -18.922694
-70.269959 151.713315 15.268513 27.298014 -41.623219 -18.922711
-70.265193 151.713317 15.268499 27.298040 -41.623211 -18.922729
-70.260426 151.713318 15.268485 27.298067 -41.623203 -18.922747
-70.255660 151.713319 15.268471 27.298093 -41.623196 -18.922764
-70.250893 151.713321 15.268457 27.298120 -41.623189 -18.922782
-70.246126 151.713322 15.268443 27.298146 -41.623181 -18.922799
-70.241359 151.713323 15.268429 27.298172 -41.623173 -18.922817
-70.236592 151.713325 15.268415 27.298197 -41.623166 -18.922833
-70.231825 151.713326 15.268402 27.298223 -41.623158 -18.922851
-70.227059 151.713327 15.268388 27.298249 -41.623150 -18.922868
-70.222292 151.713329 15.268374 27.298274 -41.623143 -18.922885
-70.217525 151.713330 15.268360 27.298301 -41.623136 -18.922902
-70.212758 151.713331 15.268347 27.298326 -41.623129 -18.922919
-70.207991 151.713333 15.268333 27.298351 -41.623121 -18.922935
-70.203225 151.713334 15.268320 27.298376 -41.623114 -18.922952
-70.198459 151.713335 15.268307 27.298400 -41.623106 -18.922968
-70.193692 151.713337 15.268293 27.298426 -41.623100 -18.922985
-70.188925 151.713338 15.268280 27.298451 -41.623092 -18.923002
-70.184158 151.713339 15.268267 27.298475 -41.623085 -18.923018
-70.179392 151.713341 15.268253 27.298500 -41.623077 -18.923035
-70.174625 151.713341 15.268240 27.298524 -41.623070 -18.923050
-70.169858 151.713343 15.268228 27.298549 -41.623063 -18.923067
-70.165091 151.713345 15.268214 27.298573 -41.623057 -18.923083
-70.160324 151.713345 15.268201 27.298598 -41.623049 -18.923099
-70.155557 151.713347 15.268189 27.298621 -41.623042 -18.923115
-70.150791 151.713348 15.268175 27.298645 -41.623035 -18.923131
-70.146024 151.713349 15.268163 27.298669 -41.623029 -18.923147
-70.141257 151.713351 15.268150 27.298693 -41.623022 -18.923162
-70.136490 151.713352 15.268137 27.298716 -41.623015 -18.923178
-70.131723 151.713353 15.268125 27.298740 -41.623008 -18.923193
-70.126957 151.713354 15.268112 27.298763 -41.623001 -18.923208
-70.122191 151.713356 15.268100 27.298786 -41.622995 -18.923224
-70.117424 151.713356 15.268088 27.298810 -41.622988 -18.923239
-70.112657 151.713358 15.268075 27.298832 -41.622981 -18.923254
-70.107890 151.713359 15.268063 27.298856 -41.622974 -18.923270
-70.103123 151.713361 15.268050 27.298879 -41.622968 -18.923285
-70.098356 151.713361 15.268038 27.298901 -41.622961 -18.923300
-70.093590 151.713363 15.268027 27.298923 -41.622954 -18.923315
-70.088823 151.713364 15.268014 27.298946 -41.622948 -18.923329
-70.084056 151.713365 15.268002 27.298968 -41.622942 -18.923345
-70.079289 151.713366 15.267990 27.298991 -41.622935 -18.923359
-70.074522 151.713368 15.267978 27.299013 -41.622928 -18.923374
-70.069755 151.713368 15.267967 27.299036 -41.622922 -18.923389
-70.064989 151.713369 15.267955 27.299057 -41.622916 -18.923403
-70.060222 151.713371 15.267943 27.299079 -41.622909 -18.923418
-70.055455 151.713371 15.267931 27.299100 -41.622903 -18.923432
-70.050688 151.713373 15.267920 27.299122 -41.622897 -18.923446
-70.045922 151.713374 15.267909 27.299144 -41.622890 -18.923461
-70.041155 151.713376 15.267897 27.299165 -41.622884 -18.923475
-70.036389 151.713376 15.267886 27.299187 -41.622878 -18.923490
-70.031622 151.713377 15.267874 27.299208 -41.622872 -18.923504
-70.026855 151.713379 15.267863 27.299229 -41.622865 -18.923518
-70.022088 151.713379 15.267852 27.299249 -41.622860 -18.923531
-70.017321 151.713380 15.267841 27.299270 -41.622854 -18.923545
-70.012554 151.713382 15.267830 27.299291 -41.622847 -18.923559
-70.007787 151.713383 15.267819 27.299312 -41.622842 -18.923573
-70.003021 151.713383 15.267808 27.299333 -41.622836 -18.923587
-69.998254 151.713385 15.267797 27.299352 -41.622830 -18.923600
-69.993487 151.713386 15.267786 27.299373 -41.622824 -18.923613
-69.988720 151.713387 15.267775 27.299393 -41.622818 -18.923626
-69.983953 151.713388 15.267765 27.299412 -41.622812 -18.923639
-69.979186 151.713389 15.267754 27.299433 -41.622807 -18.923653
-69.974420 151.713390 15.267744 27.299452 -41.622801 -18.923666
-69.969653 151.713391 15.267733 27.299472 -41.622795 -18.923679
-69.964886 151.713392 15.267723 27.299491 -41.622790 -18.923692
-69.960120 151.713393 15.267712 27.299511 -41.622784 -18.923705
-69.955353 151.713394 15.267702 27.299530 -41.622778 -18.923717
-69.950586 151.713395 15.267691 27.299550 -41.622773 -18.923731
-69.945819 151.713396 15.267681 27.299568 -41.622767 -18.923743
-69.941053 151.713397 15.267672 27.299587 -41.622761 -18.923755
-69.936286 151.713398 15.267661 27.299606 -41.622756 -18.923768
-69.931519 151.713399 15.267651 27.299626 -41.622750 -18.923781
-69.926752 151.713400 15.267641 27.299643 -41.622745 -18.923793
-69.921985 151.713401 15.267631 27.299662 -41.622740 -18.923805
-69.917218 151.713402 15.267621 27.299680 -41.622734 -18.923818
-69.912451 151.713403 15.267611 27.299699 -41.622729 -18.923830
-69.907685 151.713404 15.267602 27.299717 -41.622723 -18.923842
-69.902918 151.713405 15.267592 27.299736 -41.622719 -18.923854
-69.898151 151.713406 15.267583 27.299753 -41.622713 -18.923866
-69.893384 151.713406 15.267573 27.299770 -41.622708 -18.923877
-69.888617 151.713407 15.267564 27.299788 -41.622703 -18.923889
-69.883850 151.713409 15.267554 27.299807 -41.622697 -18.923901
-69.879083 151.713410 15.267545 27.299824 -41.622693 -18.923913
-69.874317 151.713410 15.267535 27.299840 -41.622688 -18.923924
-69.869550 151.713411 15.267526 27.299858 -41.622683 -18.923936
-69.864783 151.713412 15.267517 27.299875 -41.622678 -18.923947
-69.860016 151.713413 15.267508 27.299893 -41.622673 -18.923959
-69.855250 151.713414 15.267499 27.299909 -41.622668 -18.923969
-69.850483 151.713415 15.267490 27.299926 -41.622662 -18.923981
-69.845716 151.713416 15.267481 27.299943 -41.622658 -18.923992
-69.840950 151.713417 15.267472 27.299959 -41.622653 -18.924002
-69.836183 151.713418 15.267464 27.299975 -41.622649 -18.924013
-69.831416 151.713418 15.267454 27.299991 -41.622644 -18.924024
-69.826649 151.713419 15.267446 27.300008 -41.622639 -18.924035
-69.821882 151.713420 15.267437 27.300024 -41.622634 -18.924046
-69.817115 151.713421 15.267429 27.300040 -41.622630 -18.924056
-69.812348 151.713422 15.267420 27.300056 -41.622625 -18.924067
-69.807581 151.713422 15.267412 27.300071 -41.622621 -18.924077
-69.802815 151.713423 15.267404 27.300087 -41.622616 -18.924088
-69.798048 151.713424 15.267395 27.300103 -41.622612 -18.924098
-69.793281 151.713425 15.267388 27.300117 -41.622607 -18.924108
-69.788514 151.713425 15.267379 27.300134 -41.622603 -18.924119
-69.783747 151.713426 15.267371 27.300149 -41.622598 -18.924128
-69.778980 151.713427 15.267363 27.300164 -41.622594 -18.924139
-69.774213 151.713428 15.267355 27.300178 -41.622589 -18.924148
-69.769446 151.713429 15.267347 27.300192 -41.622586 -18.924158
-69.764680 151.713429 15.267339 27.300207 -41.622581 -18.924167
-69.759913 151.713430 15.267332 27.300222 -41.622577 -18.924177
-69.755146 151.713431 15.267324 27.300236 -41.622572 -18.924186
-69.750379 151.713432 15.267316 27.300251 -41.622569 -18.924197
-69.745613 151.713433 15.267309 27.300264 -41.622564 -18.924205
-69.740846 151.713433 15.267301 27.300278 -41.622560 -18.924215
-69.736079 151.713434 15.267293 27.300292 -41.622556 -18.924224
-69.731312 151.713434 15.267287 27.300306 -41.622552 -18.924233
-69.726546 151.713435 15.267279 27.300320 -41.622549 -18.924242
-69.721779 151.713436 15.267272 27.300333 -41.622544 -18.924251
-69.717012 151.713437 15.267265 27.300347 -41.622541 -18.924260
-69.712245 151.713437 15.267257 27.300361 -41.622536 -18.924269
-69.707478 151.713438 15.267251 27.300373 -41.622533 -18.924278
-69.702711 151.713439 15.267243 27.300387 -41.622528 -18.924287
-69.697944 151.713440 15.267236 27.300399 -41.622525 -18.924295
-69.693177 151.713440 15.267230 27.300412 -41.622522 -18.924304
-69.688411 151.713440 15.267223 27.300424 -41.622518 -18.924312
-69.683644 151.713441 15.267216 27.300438 -41.622514 -18.924321
-69.678877 151.713442 15.267210 27.300450 -41.622510 -18.924329
-69.674110 151.713443 15.267203 27.300462 -41.622507 -18.924337
-69.669343 151.713443 15.267196 27.300474 -41.622503 -18.924345
-69.664576 151.713444 15.267190 27.300487 -41.622500 -18.924353
-69.659809 151.713444 15.267183 27.300498 -41.622497 -18.924361
-69.655042 151.713445 15.267177 27.300510 -41.622493 -18.924369
-69.650276 151.713446 15.267171 27.300522 -41.622490 -18.924376
-69.645509 151.713446 15.267165 27.300534 -41.622486 -18.924385
-69.640742 151.713447 15.267158 27.300545 -41.622483 -18.924392
-69.635975 151.713448 15.267152 27.300557 -41.622480 -18.924400
-69.631208 151.713449 15.267147 27.300568 -41.622476 -18.924407
-69.626441 151.713448 15.267140 27.300579 -41.622473 -18.924414
-69.621674 151.713449 15.267134 27.300590 -41.622470 -18.924422
-69.616907 151.713450 15.267129 27.300600 -41.622466 -18.924428
-69.612140 151.713451 15.267123 27.300611 -41.622463 -18.924436
-69.607374 151.713451 15.267117 27.300622 -41.622461 -18.924443
-69.602608 151.713452 15.267112 27.300633 -41.622457 -18.924450
-69.597841 151.713453 15.267106 27.300643 -41.622454 -18.924457
-69.593074 151.713452 15.267101 27.300653 -41.622452 -18.924463
-69.588307 151.713453 15.267095 27.300664 -41.622448 -18.924471
-69.583540 151.713454 15.267090 27.300674 -41.622445 -18.924477
-69.578773 151.713454 15.267085 27.300683 -41.622443 -18.924483
-69.574006 151.713455 15.267079 27.300692 -41.622440 -18.924490
-69.569239 151.713455 15.267074 27.300703 -41.622437 -18.924496
-69.564473 151.713456 15.267069 27.300713 -41.622434 -18.924503
-69.559706 151.713456 15.267064 27.300721 -41.622431 -18.924509
-69.554939 151.713456 15.267059 27.300731 -41.622429 -18.924516
-69.550172 151.713457 15.267054 27.300740 -41.622426 -18.924521
-69.545405 151.713458 15.267050 27.300749 -41.622424 -18.924527
-69.540638 151.713458 15.267045 27.300757 -41.622421 -18.924533
-69.535871 151.713459 15.267040 27.300766 -41.622419 -18.924539
-69.531104 151.713459 15.267035 27.300775 -41.622416 -18.924545
-69.526337 151.713460 15.267031 27.300784 -41.622413 -18.924550
-69.521571 151.713459 15.267027 27.300792 -41.622411 -18.924556
-69.516804 151.713460 15.267022 27.300800 -41.622409 -18.924561
-69.512037 151.713460 15.267017 27.300809 -41.622407 -18.924567
-69.507270 151.713461 15.267013 27.300816 -41.622404 -18.924572
-69.502503 151.713461 15.267009 27.300824 -41.622402 -18.924577
-69.497736 151.713462 15.267005 27.300832 -41.622399 -18.924583
-69.492969 151.713463 15.267001 27.300840 -41.622398 -18.924588
-69.488202 151.713463 15.266997 27.300847 -41.622395 -18.924593
-69.483435 151.713463 15.266993 27.300855 -41.622393 -18.924598
-69.478669 151.713464 15.266989 27.300862 -41.622391 -18.924603
-69.473902 151.713463 15.266985 27.300869 -41.622389 -18.924607
-69.469135 151.713464 15.266981 27.300876 -41.622386 -18.924612
-69.464368 151.713464 15.266978 27.300882 -41.622385 -18.924616
-69.459601 151.713465 15.266974 27.300890 -41.622383 -18.924621
-69.454834 151.713465 15.266971 27.300896 -41.622381 -18.924625
-69.450067 151.713466 15.266967 27.300902 -41.622378 -18.924629
-69.445300 151.713466 15.266964 27.300908 -41.622377 -18.924633
-69.440533 151.713466 15.266960 27.300915 -41.622375 -18.924637
-69.435766 151.713467 15.266957 27.300921 -41.622374 -18.924643
-69.431000 151.713467 15.266953 27.300927 -41.622372 -18.924647
-69.426233 151.713468 15.266951 27.300933 -41.622369 -18.924651
-69.421466 151.713468 15.266948 27.300938 -41.622368 -18.924654
-69.416699 151.713467 15.266945 27.300945 -41.622366 -18.924658
-69.411932 151.713468 15.266942 27.300950 -41.622365 -18.924662
-69.407165 151.713468 15.266939 27.300955 -41.622364 -18.924665
-69.402398 151.713469 15.266936 27.300961 -41.622362 -18.924669
-69.397631 151.713469 15.266934 27.300966 -41.622360 -18.924672
-69.392864 151.713469 15.266931 27.300971 -41.622359 -18.924676
-69.388097 151.713470 15.266928 27.300976 -41.622357 -18.924679
-69.383331 151.713470 15.266926 27.300980 -41.622356 -18.924681
-69.378564 151.713470 15.266923 27.300985 -41.622355 -18.924685
-69.373797 151.713470 15.266921 27.300990 -41.622354 -18.924688
-69.369030 151.713471 15.266918 27.300993 -41.622353 -18.924691
-69.364263 151.713471 15.266916 27.300997 -41.622351 -18.924693
-69.359496 151.713471 15.266914 27.301002 -41.622350 -18.924696
-69.354729 151.713472 15.266912 27.301006 -41.622349 -18.924699
-69.349962 151.713472 15.266910 27.301010 -41.622348 -18.924701
-69.345195 151.713471 15.266908 27.301013 -41.622347 -18.924704
-69.340428 151.713471 15.266906 27.301017 -41.622346 -18.924706
-69.335662 151.713471 15.266904 27.301020 -41.622345 -18.924708
-69.330895 151.713472 15.266903 27.301023 -41.622344 -18.924711
-69.326129 151.713472 15.266901 27.301026 -41.622343 -18.924712
-69.321362 151.713472 15.266899 27.301029 -41.622342 -18.924715
-69.316595 151.713472 15.266897 27.301032 -41.622341 -18.924716
-69.311828 151.713472 15.266896 27.301034 -41.622340 -18.924718
-69.307061 151.713473 15.266894 27.301037 -41.622340 -18.924720
-69.302294 151.713473 15.266893 27.301039 -41.622339 -18.924721
-69.297527 151.713473 15.266893 27.301042 -41.622338 -18.924723
-69.292760 151.713473 15.266891 27.301045 -41.622338 -18.924725
-69.287994 151.713473 15.266890 27.301047 -41.622337 -18.924726
-69.283227 151.713473 15.266889 27.301048 -41.622337 -18.924727
-69.278460 151.713473 15.266888 27.301051 -41.622336 -18.924729
-69.273693 151.713474 15.266887 27.301052 -41.622336 -18.924730
-69.268926 151.713474 15.266886 27.301055 -41.622335 -18.924731
-69.264159 151.713474 15.266885 27.301055 -41.622334 -18.924732
-69.259392 151.713474 15.266885 27.301057 -41.622334 -18.924733
-69.254625 151.713474 15.266884 27.301058 -41.622333 -18.924734
-69.249858 151.713474 15.266883 27.301059 -41.622333 -18.924734
-69.245091 151.713474 15.266883 27.301059 -41.622333 -18.924734
-69.240325 151.713474 15.266882 27.301061 -41.622333 -18.924735
-69.235558 151.713474 15.266882 27.301062 -41.622332 -18.924736
-69.230791 151.713474 15.266882 27.301062 -41.622332 -18.924736
-69.226024 151.713474 15.266882 27.301062 -41.622332 -18.924736
-69.221257 151.713474 15.266881 27.301062 -41.622332 -18.924736
-69.216490 151.713474 15.266881 27.301063 -41.622332 -18.924737
-69.211723 151.713474 15.266881 27.301063 -41.622332 -18.924737
-69.206956 151.713474 15.266881 27.301062 -41.622332 -18.924736
-69.202189 151.713474 15.266882 27.301062 -41.622332 -18.924736
