72.410525 150.252579 -15.344341 -179.749509 44.472386 -179.754647
72.405745 150.252541 -15.344138 -179.749556 44.472721 -179.754693
72.400964 150.252503 -15.343934 -179.749604 44.473056 -179.754741
72.396183 150.252465 -15.343731 -179.749651 44.473391 -179.754788
72.391403 150.252425 -15.343526 -179.749700 44.473726 -179.754836
72.386622 150.252387 -15.343323 -179.749748 44.474061 -179.754883
72.381841 150.252347 -15.343119 -179.749797 44.474396 -179.754932
72.377061 150.252309 -15.342915 -179.749846 44.474732 -179.754979
72.372280 150.252270 -15.342710 -179.749895 44.475068 -179.755028
72.367499 150.252230 -15.342507 -179.749944 44.475404 -179.755077
72.362719 150.252191 -15.342302 -179.749993 44.475739 -179.755124
72.357938 150.252152 -15.342097 -179.750042 44.476075 -179.755173
72.353157 150.252111 -15.341893 -179.750091 44.476411 -179.755222
72.348377 150.252072 -15.341688 -179.750140 44.476747 -179.755270
72.343596 150.252031 -15.341484 -179.750190 44.477083 -179.755320
72.338816 150.251992 -15.341279 -179.750239 44.477419 -179.755368
72.334035 150.251951 -15.341074 -179.750288 44.477756 -179.755417
72.329255 150.251911 -15.340870 -179.750339 44.478093 -179.755467
72.324474 150.251870 -15.340664 -179.750389 44.478429 -179.755516
72.319694 150.251830 -15.340460 -179.750440 44.478766 -179.755566
72.314913 150.251788 -15.340254 -179.750490 44.479103 -179.755616
72.310133 150.251748 -15.340049 -179.750540 44.479440 -179.755665
72.305351 150.251706 -15.339843 -179.750591 44.479777 -179.755715
72.300571 150.251666 -15.339639 -179.750641 44.480114 -179.755765
72.295790 150.251625 -15.339433 -179.750692 44.480451 -179.755814
72.291010 150.251583 -15.339227 -179.750742 44.480788 -179.755865
72.286229 150.251541 -15.339022 -179.750794 44.481126 -179.755916
72.281449 150.251500 -15.338816 -179.750844 44.481464 -179.755965
72.276669 150.251457 -15.338610 -179.750896 44.481801 -179.756017
72.271887 150.251416 -15.338405 -179.750948 44.482139 -179.756068
72.267107 150.251374 -15.338199 -179.750998 44.482477 -179.756117
72.262326 150.251331 -15.337993 -179.751050 44.482814 -179.756169
72.257546 150.251289 -15.337786 -179.751102 44.483152 -179.756220
72.252766 150.251246 -15.337581 -179.751154 44.483490 -179.756271
72.247984 150.251203 -15.337375 -179.751207 44.483829 -179.756324
72.243204 150.251161 -15.337168 -179.751259 44.484168 -179.756374
72.238424 150.251118 -15.336962 -179.751310 44.484506 -179.756426
72.233642 150.251074 -15.336755 -179.751364 44.484845 -179.756478
72.228862 150.251032 -15.336548 -179.751415 44.485183 -179.756529
72.224082 150.250988 -15.336343 -179.751469 44.485522 -179.756582
72.219302 150.250944 -15.336136 -179.751520 44.485861 -179.756634
72.214520 150.250901 -15.335929 -179.751574 44.486199 -179.756685
72.209740 150.250857 -15.335722 -179.751627 44.486538 -179.756738
72.204960 150.250813 -15.335515 -179.751680 44.486878 -179.756791
72.200179 150.250769 -15.335308 -179.751733 44.487218 -179.756843
72.195398 150.250725 -15.335101 -179.751786 44.487557 -179.756896
72.190618 150.250681 -15.334894 -179.751840 44.487896 -179.756948
72.185837 150.250636 -15.334687 -179.751894 44.488236 -179.757002
72.181057 150.250592 -15.334480 -179.751947 44.488575 -179.757055
72.176277 150.250547 -15.334272 -179.752002 44.488915 -179.757108
72.171495 150.250503 -15.334065 -179.752055 44.489254 -179.757161
72.166715 150.250457 -15.333857 -179.752110 44.489594 -179.757215
72.161935 150.250412 -15.333650 -179.752165 44.489935 -179.757268
72.157154 150.250367 -15.333442 -179.752219 44.490275 -179.757323
72.152374 150.250321 -15.333234 -179.752274 44.490615 -179.757376
72.147593 150.250276 -15.333026 -179.752328 44.490956 -179.757430
72.142813 150.250230 -15.332819 -179.752383 44.491296 -179.757485
72.138033 150.250185 -15.332611 -179.752438 44.491636 -179.757538
72.133252 150.250139 -15.332403 -179.752492 44.491977 -179.757592
72.128472 150.250093 -15.332194 -179.752548 44.492317 -179.757648
72.123691 150.250046 -15.331986 -179.752603 44.492659 -179.757701
72.118911 150.250000 -15.331778 -179.752659 44.493000 -179.757757
72.114130 150.249953 -15.331570 -179.752713 44.493341 -179.757810
72.109350 150.249907 -15.331362 -179.752769 44.493682 -179.757866
72.104569 150.249860 -15.331153 -179.752825 44.494023 -179.757921
72.099789 150.249813 -15.330945 -179.752882 44.494364 -179.757976
72.095008 150.249766 -15.330736 -179.752938 44.494705 -179.758032
72.090228 150.249719 -15.330528 -179.752994 44.495047 -179.758087
72.085447 150.249672 -15.330319 -179.753050 44.495389 -179.758142
72.080667 150.249624 -15.330110 -179.753107 44.495731 -179.758199
72.075886 150.249577 -15.329901 -179.753163 44.496072 -179.758254
72.071106 150.249529 -15.329692 -179.753220 44.496414 -179.758310
72.066325 150.249481 -15.329484 -179.753276 44.496756 -179.758366
72.061544 150.249433 -15.329274 -179.753334 44.497098 -179.758422
72.056764 150.249385 -15.329065 -179.753391 44.497440 -179.758479
72.051983 150.249337 -15.328855 -179.753449 44.497782 -179.758535
72.047203 150.249289 -15.328646 -179.753505 44.498125 -179.758591
72.042423 150.249239 -15.328437 -179.753564 44.498467 -179.758649
72.037643 150.249191 -15.328228 -179.753621 44.498810 -179.758705
72.032862 150.249142 -15.328018 -179.753678 44.499152 -179.758762
72.028081 150.249093 -15.327809 -179.753736 44.499495 -179.758820
72.023301 150.249044 -15.327598 -179.753795 44.499837 -179.758877
72.018521 150.248995 -15.327389 -179.753852 44.500180 -179.758934
72.013740 150.248945 -15.327179 -179.753911 44.500523 -179.758991
72.008960 150.248896 -15.326970 -179.753968 44.500867 -179.759049
72.004179 150.248846 -15.326760 -179.754027 44.501210 -179.759107
71.999399 150.248797 -15.326549 -179.754086 44.501553 -179.759164
71.994619 150.248747 -15.326339 -179.754145 44.501896 -179.759223
71.989838 150.248696 -15.326129 -179.754204 44.502239 -179.759280
71.985057 150.248646 -15.325919 -179.754262 44.502583 -179.759338
71.980278 150.248596 -15.325708 -179.754321 44.502926 -179.759397
71.975497 150.248546 -15.325498 -179.754381 44.503270 -179.759456
71.970716 150.248495 -15.325288 -179.754440 44.503614 -179.759514
71.965937 150.248444 -15.325078 -179.754501 44.503958 -179.759573
71.961156 150.248394 -15.324866 -179.754559 44.504302 -179.759631
71.956375 150.248342 -15.324656 -179.754620 44.504646 -179.759691
71.951595 150.248291 -15.324446 -179.754680 44.504990 -179.759750
71.946815 150.248240 -15.324235 -179.754739 44.505334 -179.759808
71.942034 150.248188 -15.324024 -179.754799 44.505678 -179.759867
71.937254 150.248137 -15.323813 -179.754859 44.506023 -179.759927
71.932473 150.248085 -15.323602 -179.754921 44.506368 -179.759988
71.927693 150.248033 -15.323391 -179.754981 44.506712 -179.760047
71.922913 150.247981 -15.323180 -179.755041 44.507057 -179.760107
71.918132 150.247929 -15.322969 -179.755103 44.507401 -179.760167
71.913352 150.247877 -15.322757 -179.755163 44.507746 -179.760227
71.908571 150.247825 -15.322546 -179.755225 44.508091 -179.760288
71.903791 150.247772 -15.322334 -179.755285 44.508436 -179.760347
71.899011 150.247719 -15.322123 -179.755347 44.508781 -179.760408
71.894231 150.247666 -15.321912 -179.755408 44.509126 -179.760468
71.889450 150.247614 -15.321700 -179.755470 44.509472 -179.760529
71.884670 150.247560 -15.321488 -179.755532 44.509817 -179.760590
71.879889 150.247507 -15.321277 -179.755593 44.510162 -179.760650
71.875109 150.247453 -15.321065 -179.755655 44.510507 -179.760712
71.870328 150.247400 -15.320853 -179.755718 44.510853 -179.760773
71.865549 150.247346 -15.320641 -179.755779 44.511199 -179.760834
71.860769 150.247293 -15.320429 -179.755843 44.511545 -179.760897
71.855988 150.247239 -15.320216 -179.755904 44.511891 -179.760957
71.851208 150.247185 -15.320005 -179.755967 44.512237 -179.761020
71.846427 150.247130 -15.319793 -179.756030 44.512583 -179.761081
71.841647 150.247077 -15.319580 -179.756093 44.512928 -179.761144
71.836867 150.247022 -15.319368 -179.756156 44.513275 -179.761206
71.832086 150.246967 -15.319155 -179.756219 44.513621 -179.761268
71.827306 150.246913 -15.318943 -179.756282 44.513968 -179.761330
71.822526 150.246857 -15.318730 -179.756345 44.514314 -179.761392
71.817745 150.246803 -15.318518 -179.756409 44.514661 -179.761455
71.812965 150.246747 -15.318305 -179.756473 44.515007 -179.761517
71.808185 150.246692 -15.318093 -179.756536 44.515354 -179.761580
71.803404 150.246637 -15.317879 -179.756600 44.515700 -179.761644
71.798624 150.246581 -15.317667 -179.756665 44.516047 -179.761707
71.793844 150.246525 -15.317454 -179.756729 44.516395 -179.761771
71.789063 150.246469 -15.317241 -179.756792 44.516742 -179.761833
71.784283 150.246413 -15.317028 -179.756857 44.517089 -179.761896
71.779503 150.246357 -15.316814 -179.756923 44.517436 -179.761961
71.774723 150.246300 -15.316601 -179.756987 44.517783 -179.762024
71.769942 150.246245 -15.316388 -179.757052 44.518130 -179.762088
71.765162 150.246188 -15.316175 -179.757116 44.518477 -179.762152
71.760382 150.246131 -15.315961 -179.757182 44.518825 -179.762217
71.755602 150.246074 -15.315748 -179.757246 44.519173 -179.762281
71.750822 150.246017 -15.315534 -179.757312 44.519520 -179.762345
71.746041 150.245960 -15.315320 -179.757378 44.519868 -179.762410
71.741261 150.245903 -15.315107 -179.757443 44.520216 -179.762473
71.736481 150.245845 -15.314893 -179.757508 44.520563 -179.762539
71.731701 150.245788 -15.314680 -179.757574 44.520911 -179.762603
71.726921 150.245730 -15.314466 -179.757642 44.521260 -179.762669
71.722141 150.245672 -15.314252 -179.757707 44.521608 -179.762735
71.717361 150.245615 -15.314038 -179.757773 44.521956 -179.762799
71.712579 150.245556 -15.313824 -179.757839 44.522304 -179.762865
71.707799 150.245498 -15.313609 -179.757906 44.522653 -179.762930
71.703019 150.245439 -15.313396 -179.757972 44.523001 -179.762996
71.698239 150.245381 -15.313181 -179.758040 44.523349 -179.763061
71.693459 150.245322 -15.312967 -179.758107 44.523699 -179.763128
71.688679 150.245263 -15.312753 -179.758174 44.524047 -179.763195
71.683899 150.245204 -15.312538 -179.758241 44.524396 -179.763260
71.679118 150.245145 -15.312324 -179.758309 44.524745 -179.763327
71.674338 150.245086 -15.312110 -179.758376 44.525093 -179.763393
71.669558 150.245026 -15.311895 -179.758443 44.525442 -179.763459
71.664778 150.244967 -15.311680 -179.758510 44.525791 -179.763525
71.659998 150.244907 -15.311466 -179.758579 44.526141 -179.763593
71.655217 150.244847 -15.311251 -179.758646 44.526490 -179.763660
71.650437 150.244787 -15.311036 -179.758715 44.526839 -179.763727
71.645657 150.244727 -15.310820 -179.758782 44.527189 -179.763794
71.640877 150.244667 -15.310606 -179.758851 44.527538 -179.763861
71.636097 150.244607 -15.310391 -179.758920 44.527887 -179.763929
71.631316 150.244546 -15.310176 -179.758988 44.528237 -179.763996
71.626536 150.244486 -15.309960 -179.759057 44.528587 -179.764064
71.621757 150.244425 -15.309746 -179.759126 44.528937 -179.764132
71.616977 150.244364 -15.309530 -179.759194 44.529286 -179.764199
71.612196 150.244303 -15.309315 -179.759264 44.529636 -179.764269
71.607416 150.244241 -15.309099 -179.759333 44.529986 -179.764336
71.602636 150.244180 -15.308883 -179.759403 44.530336 -179.764405
71.597856 150.244119 -15.308669 -179.759472 44.530686 -179.764472
71.593075 150.244057 -15.308453 -179.759542 44.531037 -179.764542
71.588295 150.243995 -15.308237 -179.759612 44.531387 -179.764611
71.583516 150.243934 -15.308021 -179.759682 44.531737 -179.764680
71.578735 150.243871 -15.307805 -179.759752 44.532087 -179.764749
71.573955 150.243809 -15.307589 -179.759822 44.532438 -179.764818
71.569175 150.243747 -15.307374 -179.759892 44.532788 -179.764887
71.564394 150.243684 -15.307158 -179.759962 44.533140 -179.764956
71.559615 150.243622 -15.306942 -179.760033 44.533490 -179.765025
71.554835 150.243558 -15.306726 -179.760104 44.533841 -179.765096
71.550054 150.243496 -15.306509 -179.760174 44.534192 -179.765165
71.545274 150.243433 -15.306293 -179.760246 44.534542 -179.765235
71.540495 150.243370 -15.306078 -179.760317 44.534893 -179.765305
71.535714 150.243306 -15.305861 -179.760389 44.535244 -179.765376
71.530934 150.243243 -15.305645 -179.760459 44.535596 -179.765445
71.526155 150.243179 -15.305428 -179.760530 44.535947 -179.765515
71.521374 150.243115 -15.305212 -179.760603 44.536298 -179.765586
71.516594 150.243051 -15.304995 -179.760675 44.536649 -179.765657
71.511813 150.242988 -15.304778 -179.760746 44.537001 -179.765728
71.507034 150.242923 -15.304562 -179.760818 44.537352 -179.765798
71.502254 150.242859 -15.304345 -179.760890 44.537704 -179.765870
71.497474 150.242795 -15.304128 -179.760962 44.538056 -179.765940
71.492694 150.242730 -15.303911 -179.761035 44.538407 -179.766012
71.487913 150.242665 -15.303694 -179.761108 44.538759 -179.766083
71.483134 150.242600 -15.303477 -179.761181 44.539111 -179.766156
71.478354 150.242535 -15.303261 -179.761254 44.539462 -179.766228
71.473573 150.242469 -15.303044 -179.761326 44.539814 -179.766299
71.468794 150.242404 -15.302827 -179.761399 44.540167 -179.766371
71.464013 150.242338 -15.302610 -179.761472 44.540519 -179.766443
71.459234 150.242273 -15.302392 -179.761545 44.540871 -179.766515
71.454453 150.242207 -15.302175 -179.761619 44.541223 -179.766587
71.449674 150.242141 -15.301958 -179.761692 44.541575 -179.766660
71.444893 150.242075 -15.301740 -179.761767 44.541927 -179.766732
71.440114 150.242009 -15.301523 -179.761841 44.542281 -179.766806
71.435333 150.241942 -15.301305 -179.761914 44.542633 -179.766878
71.430554 150.241876 -15.301088 -179.761988 44.542985 -179.766951
71.425773 150.241809 -15.300870 -179.762062 44.543338 -179.767024
71.420994 150.241743 -15.300652 -179.762137 44.543690 -179.767097
71.416213 150.241676 -15.300435 -179.762211 44.544043 -179.767171
71.411434 150.241609 -15.300217 -179.762287 44.544396 -179.767244
71.406653 150.241542 -15.299999 -179.762361 44.544749 -179.767318
71.401874 150.241474 -15.299781 -179.762435 44.545102 -179.767391
71.397093 150.241407 -15.299562 -179.762511 44.545455 -179.767466
71.392314 150.241339 -15.299344 -179.762587 44.545808 -179.767541
71.387533 150.241271 -15.299126 -179.762661 44.546161 -179.767614
71.382754 150.241204 -15.298908 -179.762737 44.546514 -179.767688
71.377974 150.241135 -15.298690 -179.762813 44.546868 -179.767762
71.373194 150.241067 -15.298472 -179.762888 44.547221 -179.767837
71.368414 150.240999 -15.298253 -179.762964 44.547575 -179.767911
71.363633 150.240930 -15.298035 -179.763040 44.547928 -179.767987
71.358854 150.240861 -15.297817 -179.763117 44.548281 -179.768062
71.354074 150.240793 -15.297598 -179.763193 44.548635 -179.768137
71.349294 150.240724 -15.297380 -179.763270 44.548989 -179.768213
71.344514 150.240655 -15.297161 -179.763345 44.549343 -179.768287
71.339734 150.240585 -15.296942 -179.763423 44.549697 -179.768363
71.334954 150.240517 -15.296723 -179.763500 44.550050 -179.768439
71.330174 150.240447 -15.296505 -179.763575 44.550404 -179.768514
71.325395 150.240377 -15.296286 -179.763653 44.550758 -179.768589
71.320615 150.240307 -15.296067 -179.763730 44.551113 -179.768666
71.315834 150.240237 -15.295849 -179.763808 44.551467 -179.768742
71.311055 150.240167 -15.295630 -179.763885 44.551821 -179.768819
71.306275 150.240097 -15.295410 -179.763963 44.552175 -179.768894
71.301495 150.240027 -15.295191 -179.764041 44.552529 -179.768972
71.296715 150.239956 -15.294972 -179.764118 44.552883 -179.769048
71.291935 150.239885 -15.294753 -179.764197 44.553237 -179.769125
71.287155 150.239814 -15.294534 -179.764274 44.553593 -179.769201
71.282376 150.239743 -15.294315 -179.764352 44.553947 -179.769278
71.277596 150.239672 -15.294094 -179.764431 44.554301 -179.769356
71.272815 150.239601 -15.293875 -179.764510 44.554656 -179.769433
71.268036 150.239530 -15.293656 -179.764588 44.555010 -179.769510
71.263256 150.239459 -15.293437 -179.764667 44.555365 -179.769587
71.258476 150.239387 -15.293217 -179.764747 44.555721 -179.769666
71.253697 150.239315 -15.292997 -179.764825 44.556075 -179.769743
71.248917 150.239243 -15.292777 -179.764905 44.556430 -179.769822
71.244136 150.239171 -15.292558 -179.764984 44.556785 -179.769900
71.239356 150.239099 -15.292338 -179.765064 44.557140 -179.769978
71.234577 150.239026 -15.292119 -179.765143 44.557495 -179.770057
71.229797 150.238954 -15.291898 -179.765222 44.557851 -179.770134
71.225017 150.238881 -15.291678 -179.765302 44.558206 -179.770213
71.220238 150.238808 -15.291459 -179.765382 44.558561 -179.770291
71.215458 150.238734 -15.291239 -179.765463 44.558916 -179.770372
71.210678 150.238661 -15.291018 -179.765543 44.559272 -179.770450
71.205898 150.238588 -15.290798 -179.765623 44.559627 -179.770529
71.201119 150.238515 -15.290578 -179.765705 44.559983 -179.770608
71.196339 150.238441 -15.290358 -179.765785 44.560339 -179.770688
71.191559 150.238368 -15.290137 -179.765866 44.560694 -179.770768
71.186779 150.238294 -15.289917 -179.765946 44.561050 -179.770846
71.181999 150.238220 -15.289697 -179.766027 44.561405 -179.770927
71.177220 150.238146 -15.289476 -179.766109 44.561761 -179.771006
71.172440 150.238071 -15.289256 -179.766190 44.562118 -179.771087
71.167660 150.237997 -15.289035 -179.766271 44.562473 -179.771166
71.162880 150.237922 -15.288815 -179.766353 44.562829 -179.771247
71.158100 150.237848 -15.288594 -179.766435 44.563185 -179.771328
71.153321 150.237773 -15.288373 -179.766517 44.563541 -179.771408
71.148541 150.237697 -15.288153 -179.766600 44.563897 -179.771489
71.143761 150.237622 -15.287931 -179.766681 44.564254 -179.771570
71.138981 150.237547 -15.287711 -179.766764 44.564610 -179.771651
71.134201 150.237472 -15.287490 -179.766846 44.564966 -179.771732
71.129422 150.237397 -15.287269 -179.766928 44.565323 -179.771813
71.124642 150.237320 -15.287048 -179.767011 44.565679 -179.771894
71.119862 150.237245 -15.286827 -179.767093 44.566036 -179.771976
71.115082 150.237169 -15.286606 -179.767176 44.566392 -179.772057
71.110303 150.237092 -15.286385 -179.767260 44.566749 -179.772140
71.105523 150.237016 -15.286164 -179.767343 44.567105 -179.772221
71.100743 150.236940 -15.285942 -179.767426 44.567462 -179.772303
71.095964 150.236863 -15.285721 -179.767510 44.567818 -179.772385
71.091184 150.236786 -15.285499 -179.767594 44.568176 -179.772468
71.086404 150.236710 -15.285278 -179.767677 44.568533 -179.772549
71.081625 150.236632 -15.285057 -179.767761 44.568889 -179.772633
71.076845 150.236555 -15.284835 -179.767845 44.569246 -179.772716
71.072065 150.236477 -15.284614 -179.767930 44.569603 -179.772798
71.067285 150.236400 -15.284393 -179.768014 44.569960 -179.772881
71.062505 150.236323 -15.284170 -179.768098 44.570318 -179.772964
71.057726 150.236244 -15.283949 -179.768184 44.570675 -179.773048
71.052947 150.236167 -15.283727 -179.768268 44.571032 -179.773131
71.048167 150.236088 -15.283505 -179.768353 44.571389 -179.773215
71.043387 150.236010 -15.283284 -179.768438 44.571746 -179.773298
71.038608 150.235931 -15.283061 -179.768523 44.572103 -179.773382
71.033828 150.235853 -15.282840 -179.768609 44.572461 -179.773466
71.029048 150.235774 -15.282617 -179.768693 44.572819 -179.773549
71.024268 150.235696 -15.282396 -179.768779 44.573176 -179.773633
71.019489 150.235616 -15.282173 -179.768864 44.573533 -179.773718
71.014709 150.235538 -15.281951 -179.768951 44.573891 -179.773803
71.009929 150.235458 -15.281730 -179.769037 44.574249 -179.773887
71.005150 150.235379 -15.281507 -179.769122 44.574607 -179.773972
71.000370 150.235299 -15.281285 -179.769209 44.574964 -179.774057
70.995590 150.235219 -15.281062 -179.769295 44.575322 -179.774142
70.990811 150.235140 -15.280840 -179.769382 44.575680 -179.774226
70.986031 150.235059 -15.280617 -179.769469 44.576037 -179.774312
70.981251 150.234980 -15.280395 -179.769555 44.576396 -179.774396
70.976472 150.234899 -15.280172 -179.769642 44.576754 -179.774482
70.971692 150.234818 -15.279950 -179.769729 44.577112 -179.774567
70.966913 150.234738 -15.279727 -179.769816 44.577470 -179.774654
70.962133 150.234657 -15.279505 -179.769904 44.577828 -179.774740
70.957353 150.234576 -15.279282 -179.769991 44.578186 -179.774826
70.952574 150.234496 -15.279060 -179.770078 44.578545 -179.774912
70.947794 150.234414 -15.278836 -179.770167 44.578903 -179.774998
70.943015 150.234333 -15.278614 -179.770254 44.579261 -179.775085
70.938235 150.234251 -15.278391 -179.770342 44.579619 -179.775171
70.933456 150.234170 -15.278168 -179.770430 44.579978 -179.775258
70.928676 150.234088 -15.277945 -179.770519 44.580337 -179.775345
70.923897 150.234006 -15.277722 -179.770607 44.580695 -179.775432
70.919117 150.233923 -15.277499 -179.770696 44.581054 -179.775518
70.914338 150.233842 -15.277276 -179.770784 44.581412 -179.775606
70.909558 150.233759 -15.277053 -179.770873 44.581770 -179.775693
70.904779 150.233677 -15.276830 -179.770962 44.582129 -179.775781
70.899999 150.233594 -15.276606 -179.771051 44.582488 -179.775868
70.895220 150.233511 -15.276384 -179.771141 44.582847 -179.775956
70.890440 150.233428 -15.276160 -179.771229 44.583206 -179.776043
70.885661 150.233345 -15.275937 -179.771319 44.583564 -179.776132
70.880881 150.233262 -15.275713 -179.771409 44.583923 -179.776220
70.876102 150.233178 -15.275489 -179.771499 44.584283 -179.776308
70.871322 150.233095 -15.275266 -179.771588 44.584642 -179.776397
70.866543 150.233011 -15.275042 -179.771678 44.585001 -179.776485
70.861764 150.232927 -15.274819 -179.771768 44.585359 -179.776574
70.856984 150.232843 -15.274595 -179.771859 44.585718 -179.776663
70.852205 150.232759 -15.274372 -179.771949 44.586077 -179.776752
70.847424 150.232674 -15.274148 -179.772041 44.586437 -179.776841
70.842645 150.232590 -15.273925 -179.772130 44.586796 -179.776930
70.837866 150.232505 -15.273701 -179.772222 44.587156 -179.777019
70.833086 150.232420 -15.273476 -179.772313 44.587515 -179.777109
70.828307 150.232335 -15.273253 -179.772404 44.587874 -179.777198
70.823528 150.232250 -15.273029 -179.772495 44.588234 -179.777288
70.818748 150.232165 -15.272805 -179.772587 44.588593 -179.777379
70.813969 150.232080 -15.272581 -179.772678 44.588953 -179.777468
70.809190 150.231994 -15.272357 -179.772771 44.589312 -179.777559
70.804409 150.231909 -15.272133 -179.772862 44.589671 -179.777649
70.799630 150.231823 -15.271909 -179.772953 44.590031 -179.777739
70.794851 150.231737 -15.271685 -179.773046 44.590391 -179.777829
70.790071 150.231651 -15.271460 -179.773138 44.590751 -179.777921
70.785292 150.231565 -15.271236 -179.773231 44.591110 -179.778011
70.780513 150.231479 -15.271012 -179.773322 44.591470 -179.778102
70.775734 150.231392 -15.270787 -179.773415 44.591830 -179.778192
70.770954 150.231305 -15.270564 -179.773509 44.592190 -179.778285
70.766174 150.231218 -15.270339 -179.773602 44.592550 -179.778376
70.761395 150.231131 -15.270114 -179.773694 44.592910 -179.778467
70.756616 150.231044 -15.269890 -179.773787 44.593270 -179.778558
70.751837 150.230957 -15.269665 -179.773881 44.593629 -179.778651
70.747057 150.230870 -15.269440 -179.773974 44.593990 -179.778743
70.742278 150.230781 -15.269216 -179.774068 44.594350 -179.778834
70.737498 150.230694 -15.268991 -179.774162 44.594710 -179.778927
70.732719 150.230606 -15.268766 -179.774256 44.595070 -179.779019
70.727940 150.230518 -15.268542 -179.774350 44.595430 -179.779112
70.723160 150.230429 -15.268317 -179.774444 44.595790 -179.779204
70.718381 150.230341 -15.268092 -179.774538 44.596151 -179.779297
70.713601 150.230253 -15.267868 -179.774632 44.596511 -179.779389
70.708822 150.230165 -15.267642 -179.774728 44.596872 -179.779483
70.704043 150.230075 -15.267417 -179.774822 44.597232 -179.779575
70.699264 150.229986 -15.267193 -179.774917 44.597592 -179.779670
70.694485 150.229898 -15.266967 -179.775012 44.597953 -179.779762
70.689704 150.229808 -15.266742 -179.775107 44.598314 -179.779856
70.684925 150.229719 -15.266518 -179.775203 44.598674 -179.779950
70.680146 150.229630 -15.266292 -179.775298 44.599034 -179.780044
70.675367 150.229539 -15.266067 -179.775394 44.599395 -179.780138
70.670588 150.229450 -15.265842 -179.775489 44.599756 -179.780231
70.665808 150.229359 -15.265617 -179.775585 44.600117 -179.780326
70.661029 150.229269 -15.265391 -179.775681 44.600477 -179.780420
70.656250 150.229179 -15.265166 -179.775777 44.600838 -179.780515
70.651471 150.229088 -15.264941 -179.775874 44.601198 -179.780609
70.646691 150.228998 -15.264715 -179.775969 44.601559 -179.780704
70.641912 150.228907 -15.264489 -179.776066 44.601920 -179.780798
70.637133 150.228816 -15.264264 -179.776163 44.602281 -179.780894
70.632354 150.228725 -15.264039 -179.776260 44.602642 -179.780989
70.627574 150.228634 -15.263813 -179.776357 44.603003 -179.781085
70.622795 150.228542 -15.263588 -179.776454 44.603363 -179.781179
70.618016 150.228451 -15.263362 -179.776551 44.603725 -179.781275
70.613237 150.228359 -15.263136 -179.776648 44.604086 -179.781371
70.608457 150.228268 -15.262910 -179.776746 44.604447 -179.781467
70.603678 150.228175 -15.262685 -179.776843 44.604808 -179.781563
70.598899 150.228084 -15.262459 -179.776941 44.605169 -179.781659
70.594120 150.227991 -15.262233 -179.777040 44.605531 -179.781756
70.589340 150.227899 -15.262007 -179.777137 44.605892 -179.781851
70.584561 150.227806 -15.261781 -179.777235 44.606253 -179.781948
70.579782 150.227713 -15.261555 -179.777333 44.606614 -179.782044
70.575003 150.227621 -15.261329 -179.777432 44.606975 -179.782141
70.570223 150.227527 -15.261103 -179.777531 44.607337 -179.782238
70.565444 150.227434 -15.260877 -179.777630 44.607698 -179.782335
70.560666 150.227341 -15.260651 -179.777728 44.608059 -179.782432
70.555886 150.227247 -15.260425 -179.777828 44.608421 -179.782530
70.551107 150.227153 -15.260198 -179.777926 44.608782 -179.782627
70.546328 150.227060 -15.259973 -179.778026 44.609144 -179.782725
70.541549 150.226966 -15.259746 -179.778126 44.609506 -179.782823
70.536769 150.226872 -15.259520 -179.778225 44.609867 -179.782920
70.531990 150.226778 -15.259293 -179.778325 44.610228 -179.783019
70.527212 150.226684 -15.259068 -179.778425 44.610590 -179.783116
70.522432 150.226589 -15.258841 -179.778525 44.610952 -179.783215
70.517653 150.226494 -15.258614 -179.778624 44.611314 -179.783313
70.512874 150.226400 -15.258388 -179.778725 44.611675 -179.783412
70.508094 150.226304 -15.258162 -179.778825 44.612036 -179.783510
70.503315 150.226209 -15.257935 -179.778926 44.612398 -179.783610
70.498537 150.226114 -15.257709 -179.779028 44.612761 -179.783708
70.493757 150.226018 -15.257482 -179.779127 44.613122 -179.783807
70.488978 150.225922 -15.257255 -179.779228 44.613484 -179.783907
70.484199 150.225827 -15.257029 -179.779330 44.613845 -179.784006
70.479420 150.225731 -15.256802 -179.779431 44.614207 -179.784106
70.474641 150.225635 -15.256575 -179.779532 44.614569 -179.784205
70.469862 150.225539 -15.256348 -179.779634 44.614932 -179.784305
70.465082 150.225442 -15.256121 -179.779736 44.615293 -179.784404
70.460304 150.225345 -15.255895 -179.779838 44.615655 -179.784506
70.455525 150.225249 -15.255668 -179.779939 44.616017 -179.784605
70.450745 150.225152 -15.255441 -179.780042 44.616379 -179.784706
70.445967 150.225055 -15.255214 -179.780145 44.616742 -179.784806
70.441188 150.224958 -15.254987 -179.780246 44.617103 -179.784906
70.436408 150.224861 -15.254761 -179.780348 44.617465 -179.785007
70.431629 150.224763 -15.254533 -179.780451 44.617827 -179.785108
70.426851 150.224665 -15.254306 -179.780555 44.618189 -179.785210
70.422071 150.224567 -15.254079 -179.780657 44.618552 -179.785310
70.417292 150.224469 -15.253851 -179.780760 44.618914 -179.785412
70.412514 150.224371 -15.253625 -179.780864 44.619276 -179.785513
70.407734 150.224273 -15.253398 -179.780967 44.619638 -179.785614
70.402956 150.224175 -15.253170 -179.781071 44.620000 -179.785716
70.398176 150.224076 -15.252943 -179.781175 44.620363 -179.785819
70.393397 150.223978 -15.252715 -179.781279 44.620726 -179.785920
70.388619 150.223879 -15.252488 -179.781383 44.621088 -179.786023
70.383839 150.223780 -15.252261 -179.781487 44.621450 -179.786124
70.379060 150.223681 -15.252034 -179.781591 44.621812 -179.786227
70.374282 150.223582 -15.251806 -179.781695 44.622175 -179.786330
70.369502 150.223483 -15.251579 -179.781799 44.622538 -179.786432
70.364724 150.223383 -15.251351 -179.781904 44.622900 -179.786535
70.359944 150.223283 -15.251123 -179.782008 44.623262 -179.786637
70.355166 150.223183 -15.250896 -179.782113 44.623624 -179.786741
70.350387 150.223083 -15.250669 -179.782219 44.623988 -179.786844
70.345607 150.222983 -15.250441 -179.782324 44.624350 -179.786948
70.340829 150.222883 -15.250213 -179.782430 44.624712 -179.787051
70.336049 150.222781 -15.249985 -179.782535 44.625075 -179.787155
70.331271 150.222681 -15.249757 -179.782640 44.625438 -179.787258
70.326492 150.222580 -15.249529 -179.782746 44.625801 -179.787362
70.321713 150.222480 -15.249303 -179.782851 44.626163 -179.787466
70.316934 150.222378 -15.249075 -179.782958 44.626526 -179.787570
70.312155 150.222277 -15.248847 -179.783064 44.626888 -179.787675
70.307376 150.222176 -15.248619 -179.783170 44.627252 -179.787779
70.302598 150.222074 -15.248391 -179.783277 44.627614 -179.787884
70.297818 150.221972 -15.248162 -179.783384 44.627977 -179.787988
70.293040 150.221870 -15.247934 -179.783491 44.628339 -179.788094
70.288261 150.221768 -15.247707 -179.783598 44.628702 -179.788198
70.283482 150.221666 -15.247479 -179.783705 44.629066 -179.788304
70.278703 150.221564 -15.247251 -179.783811 44.629428 -179.788409
70.273924 150.221460 -15.247023 -179.783918 44.629791 -179.788514
70.269145 150.221358 -15.246794 -179.784026 44.630154 -179.788620
70.264366 150.221256 -15.246566 -179.784133 44.630516 -179.788725
70.259588 150.221152 -15.246338 -179.784242 44.630880 -179.788832
70.254809 150.221049 -15.246109 -179.784350 44.631243 -179.788937
70.250030 150.220945 -15.245882 -179.784458 44.631605 -179.789044
70.245251 150.220842 -15.245654 -179.784566 44.631968 -179.789150
70.240472 150.220738 -15.245425 -179.784674 44.632331 -179.789256
70.235693 150.220635 -15.245197 -179.784783 44.632695 -179.789362
70.230915 150.220532 -15.244968 -179.784891 44.633058 -179.789469
70.226136 150.220427 -15.244740 -179.784999 44.633420 -179.789576
70.221357 150.220323 -15.244511 -179.785109 44.633783 -179.789683
70.216579 150.220218 -15.244283 -179.785219 44.634146 -179.789791
70.211799 150.220113 -15.244055 -179.785327 44.634510 -179.789897
70.207021 150.220009 -15.243827 -179.785436 44.634873 -179.790005
70.202242 150.219904 -15.243598 -179.785546 44.635236 -179.790112
70.197463 150.219799 -15.243369 -179.785656 44.635599 -179.790220
70.192684 150.219694 -15.243141 -179.785765 44.635962 -179.790327
70.187906 150.219589 -15.242912 -179.785875 44.636326 -179.790436
70.183127 150.219483 -15.242683 -179.785985 44.636689 -179.790544
70.178348 150.219377 -15.242454 -179.786096 44.637052 -179.790652
70.173570 150.219272 -15.242225 -179.786206 44.637415 -179.790761
70.168790 150.219166 -15.241997 -179.786317 44.637779 -179.790869
70.164012 150.219060 -15.241769 -179.786426 44.638142 -179.790977
70.159233 150.218954 -15.241540 -179.786537 44.638505 -179.791086
70.154455 150.218847 -15.241311 -179.786649 44.638868 -179.791195
70.149675 150.218740 -15.241082 -179.786760 44.639231 -179.791304
70.144897 150.218634 -15.240853 -179.786871 44.639595 -179.791413
70.140118 150.218527 -15.240624 -179.786982 44.639958 -179.791523
70.135340 150.218419 -15.240395 -179.787093 44.640321 -179.791631
70.130561 150.218313 -15.240166 -179.787205 44.640685 -179.791742
70.125782 150.218205 -15.239937 -179.787316 44.641048 -179.791851
70.121003 150.218098 -15.239708 -179.787429 44.641412 -179.791962
