81.559037 150.123549 -15.402569 -179.860082 44.347787 -179.862868
81.554335 150.123700 -15.402849 -179.859928 44.347348 -179.862717
81.549634 150.123849 -15.403126 -179.859775 44.346911 -179.862567
81.544933 150.123999 -15.403405 -179.859624 44.346474 -179.862418
81.540230 150.124149 -15.403681 -179.859471 44.346039 -179.862268
81.535529 150.124298 -15.403959 -179.859319 44.345604 -179.862118
81.530827 150.124448 -15.404235 -179.859166 44.345170 -179.861968
81.526125 150.124598 -15.404510 -179.859014 44.344737 -179.861819
81.521422 150.124747 -15.404785 -179.858862 44.344305 -179.861669
81.516720 150.124896 -15.405060 -179.858709 44.343874 -179.861519
81.512017 150.125046 -15.405334 -179.858558 44.343444 -179.861371
81.507314 150.125195 -15.405608 -179.858406 44.343015 -179.861222
81.502611 150.125344 -15.405881 -179.858253 44.342586 -179.861071
81.497908 150.125493 -15.406154 -179.858102 44.342158 -179.860922
81.493204 150.125642 -15.406426 -179.857951 44.341731 -179.860774
81.488500 150.125792 -15.406697 -179.857799 44.341306 -179.860625
81.483797 150.125941 -15.406968 -179.857648 44.340881 -179.860477
81.479092 150.126089 -15.407238 -179.857497 44.340456 -179.860328
81.474388 150.126238 -15.407508 -179.857345 44.340033 -179.860179
81.469684 150.126388 -15.407778 -179.857194 44.339610 -179.860031
81.464980 150.126536 -15.408047 -179.857043 44.339189 -179.859882
81.460275 150.126685 -15.408315 -179.856891 44.338768 -179.859734
81.455570 150.126833 -15.408583 -179.856741 44.338348 -179.859586
81.450865 150.126982 -15.408850 -179.856590 44.337929 -179.859438
81.446159 150.127130 -15.409117 -179.856439 44.337511 -179.859289
81.441454 150.127279 -15.409383 -179.856289 44.337094 -179.859142
81.436749 150.127427 -15.409649 -179.856139 44.336678 -179.858995
81.432043 150.127576 -15.409914 -179.855987 44.336261 -179.858846
81.427337 150.127724 -15.410179 -179.855837 44.335847 -179.858699
81.422631 150.127872 -15.410443 -179.855687 44.335433 -179.858552
81.417925 150.128020 -15.410707 -179.855537 44.335020 -179.858404
81.413218 150.128168 -15.410970 -179.855386 44.334608 -179.858256
81.408512 150.128316 -15.411233 -179.855236 44.334196 -179.858109
81.403805 150.128464 -15.411495 -179.855088 44.333786 -179.857963
81.399099 150.128612 -15.411756 -179.854938 44.333376 -179.857816
81.394391 150.128760 -15.412017 -179.854788 44.332968 -179.857667
81.389684 150.128908 -15.412278 -179.854638 44.332560 -179.857520
81.384977 150.129056 -15.412538 -179.854488 44.332153 -179.857373
81.380269 150.129203 -15.412798 -179.854339 44.331746 -179.857227
81.375561 150.129351 -15.413057 -179.854189 44.331341 -179.857080
81.370854 150.129498 -15.413315 -179.854041 44.330937 -179.856934
81.366146 150.129646 -15.413573 -179.853891 44.330533 -179.856787
81.361437 150.129793 -15.413831 -179.853742 44.330131 -179.856641
81.356729 150.129941 -15.414088 -179.853594 44.329728 -179.856495
81.352020 150.130088 -15.414344 -179.853444 44.329327 -179.856348
81.347311 150.130235 -15.414601 -179.853295 44.328927 -179.856202
81.342602 150.130382 -15.414856 -179.853147 44.328528 -179.856056
81.337894 150.130530 -15.415111 -179.852998 44.328129 -179.855911
81.333184 150.130677 -15.415365 -179.852849 44.327731 -179.855765
81.328475 150.130824 -15.415619 -179.852701 44.327334 -179.855619
81.323765 150.130971 -15.415873 -179.852554 44.326938 -179.855474
81.319055 150.131117 -15.416126 -179.852405 44.326543 -179.855329
81.314346 150.131264 -15.416378 -179.852257 44.326149 -179.855182
81.309636 150.131410 -15.416631 -179.852109 44.325754 -179.855037
81.304926 150.131557 -15.416881 -179.851961 44.325362 -179.854891
81.300216 150.131704 -15.417133 -179.851812 44.324970 -179.854746
81.295506 150.131850 -15.417384 -179.851665 44.324579 -179.854601
81.290794 150.131997 -15.417633 -179.851518 44.324189 -179.854457
81.286084 150.132144 -15.417882 -179.851369 44.323799 -179.854311
81.281373 150.132290 -15.418132 -179.851222 44.323410 -179.854166
81.276662 150.132437 -15.418380 -179.851075 44.323023 -179.854022
81.271950 150.132582 -15.418628 -179.850928 44.322636 -179.853877
81.267239 150.132728 -15.418875 -179.850781 44.322250 -179.853733
81.262527 150.132875 -15.419122 -179.850634 44.321865 -179.853589
81.257815 150.133021 -15.419369 -179.850487 44.321480 -179.853444
81.253104 150.133167 -15.419615 -179.850339 44.321096 -179.853300
81.248391 150.133313 -15.419861 -179.850194 44.320714 -179.853155
81.243679 150.133458 -15.420106 -179.850046 44.320332 -179.853011
81.238967 150.133604 -15.420350 -179.849899 44.319951 -179.852867
81.234255 150.133750 -15.420594 -179.849753 44.319570 -179.852723
81.229543 150.133896 -15.420837 -179.849606 44.319190 -179.852579
81.224829 150.134042 -15.421081 -179.849461 44.318812 -179.852436
81.220117 150.134187 -15.421323 -179.849313 44.318434 -179.852292
81.215403 150.134332 -15.421566 -179.849168 44.318057 -179.852149
81.210691 150.134478 -15.421807 -179.849022 44.317680 -179.852005
81.205977 150.134624 -15.422048 -179.848876 44.317305 -179.851862
81.201263 150.134768 -15.422288 -179.848730 44.316930 -179.851719
81.196550 150.134914 -15.422529 -179.848585 44.316556 -179.851576
81.191836 150.135059 -15.422768 -179.848439 44.316184 -179.851432
81.187122 150.135204 -15.423007 -179.848293 44.315811 -179.851289
81.182408 150.135349 -15.423246 -179.848147 44.315439 -179.851146
81.177694 150.135494 -15.423484 -179.848002 44.315069 -179.851003
81.172980 150.135639 -15.423722 -179.847856 44.314699 -179.850860
81.168265 150.135784 -15.423959 -179.847711 44.314330 -179.850718
81.163550 150.135929 -15.424195 -179.847566 44.313961 -179.850575
81.158836 150.136074 -15.424432 -179.847421 44.313594 -179.850433
81.154120 150.136218 -15.424667 -179.847275 44.313228 -179.850291
81.149406 150.136363 -15.424902 -179.847131 44.312862 -179.850149
81.144690 150.136507 -15.425137 -179.846987 44.312497 -179.850007
81.139975 150.136651 -15.425372 -179.846842 44.312132 -179.849864
81.135259 150.136796 -15.425605 -179.846697 44.311769 -179.849721
81.130543 150.136940 -15.425839 -179.846552 44.311407 -179.849580
81.125828 150.137085 -15.426071 -179.846408 44.311045 -179.849438
81.121111 150.137229 -15.426304 -179.846263 44.310685 -179.849296
81.116395 150.137373 -15.426535 -179.846119 44.310324 -179.849155
81.111679 150.137517 -15.426766 -179.845976 44.309964 -179.849014
81.106963 150.137661 -15.426997 -179.845832 44.309606 -179.848872
81.102246 150.137805 -15.427227 -179.845687 44.309249 -179.848731
81.097530 150.137949 -15.427458 -179.845544 44.308892 -179.848590
81.092813 150.138093 -15.427686 -179.845400 44.308535 -179.848448
81.088096 150.138237 -15.427916 -179.845257 44.308180 -179.848307
81.083379 150.138380 -15.428144 -179.845113 44.307825 -179.848166
81.078662 150.138524 -15.428372 -179.844970 44.307472 -179.848025
81.073944 150.138667 -15.428599 -179.844825 44.307119 -179.847884
81.069227 150.138811 -15.428827 -179.844682 44.306766 -179.847744
81.064509 150.138954 -15.429053 -179.844539 44.306415 -179.847603
81.059791 150.139098 -15.429279 -179.844396 44.306064 -179.847463
81.055073 150.139241 -15.429504 -179.844253 44.305715 -179.847322
81.050355 150.139385 -15.429729 -179.844110 44.305366 -179.847181
81.045636 150.139527 -15.429954 -179.843967 44.305017 -179.847041
81.040918 150.139671 -15.430179 -179.843824 44.304670 -179.846901
81.036200 150.139814 -15.430402 -179.843683 44.304323 -179.846762
81.031481 150.139956 -15.430625 -179.843540 44.303978 -179.846621
81.026763 150.140100 -15.430847 -179.843397 44.303633 -179.846481
81.022043 150.140242 -15.431070 -179.843255 44.303288 -179.846342
81.017325 150.140386 -15.431291 -179.843112 44.302944 -179.846201
81.012605 150.140528 -15.431512 -179.842971 44.302602 -179.846062
81.007886 150.140670 -15.431734 -179.842829 44.302260 -179.845923
81.003166 150.140813 -15.431954 -179.842686 44.301919 -179.845783
80.998446 150.140955 -15.432174 -179.842545 44.301579 -179.845644
80.993727 150.141099 -15.432393 -179.842403 44.301239 -179.845505
80.989007 150.141241 -15.432612 -179.842261 44.300900 -179.845366
80.984287 150.141383 -15.432831 -179.842120 44.300562 -179.845227
80.979567 150.141525 -15.433048 -179.841978 44.300225 -179.845087
80.974846 150.141667 -15.433266 -179.841837 44.299889 -179.844948
80.970126 150.141809 -15.433483 -179.841695 44.299553 -179.844809
80.965406 150.141952 -15.433699 -179.841553 44.299218 -179.844670
80.960684 150.142093 -15.433915 -179.841413 44.298884 -179.844533
80.955963 150.142235 -15.434130 -179.841272 44.298551 -179.844394
80.951243 150.142378 -15.434346 -179.841131 44.298219 -179.844256
80.946521 150.142519 -15.434560 -179.840990 44.297886 -179.844116
80.941800 150.142661 -15.434774 -179.840850 44.297555 -179.843979
80.937078 150.142803 -15.434988 -179.840708 44.297225 -179.843840
80.932358 150.142944 -15.435201 -179.840568 44.296896 -179.843702
80.927636 150.143086 -15.435414 -179.840428 44.296568 -179.843565
80.922914 150.143227 -15.435626 -179.840287 44.296239 -179.843427
80.918191 150.143369 -15.435838 -179.840147 44.295912 -179.843289
80.913469 150.143510 -15.436049 -179.840007 44.295586 -179.843151
80.908747 150.143651 -15.436261 -179.839867 44.295261 -179.843013
80.904025 150.143792 -15.436470 -179.839727 44.294936 -179.842876
80.899302 150.143934 -15.436681 -179.839586 44.294611 -179.842738
80.894580 150.144075 -15.436890 -179.839446 44.294288 -179.842601
80.889857 150.144216 -15.437099 -179.839307 44.293966 -179.842465
80.885134 150.144357 -15.437308 -179.839167 44.293645 -179.842326
80.880411 150.144497 -15.437516 -179.839028 44.293324 -179.842190
80.875688 150.144639 -15.437723 -179.838888 44.293003 -179.842052
80.870964 150.144779 -15.437930 -179.838749 44.292684 -179.841916
80.866242 150.144920 -15.438138 -179.838609 44.292365 -179.841779
80.861518 150.145060 -15.438344 -179.838470 44.292048 -179.841643
80.856794 150.145201 -15.438549 -179.838332 44.291731 -179.841505
80.852070 150.145341 -15.438755 -179.838193 44.291414 -179.841369
80.847346 150.145481 -15.438959 -179.838054 44.291099 -179.841233
80.842622 150.145622 -15.439163 -179.837915 44.290784 -179.841097
80.837898 150.145763 -15.439367 -179.837776 44.290470 -179.840961
80.833174 150.145903 -15.439571 -179.837637 44.290157 -179.840825
80.828449 150.146043 -15.439773 -179.837499 44.289844 -179.840687
80.823724 150.146183 -15.439976 -179.837360 44.289532 -179.840551
80.818999 150.146323 -15.440178 -179.837222 44.289222 -179.840416
80.814275 150.146463 -15.440380 -179.837084 44.288912 -179.840280
80.809550 150.146603 -15.440581 -179.836946 44.288602 -179.840145
80.804824 150.146742 -15.440781 -179.836807 44.288293 -179.840009
80.800100 150.146882 -15.440981 -179.836670 44.287985 -179.839873
80.795374 150.147022 -15.441182 -179.836531 44.287678 -179.839738
80.790648 150.147161 -15.441381 -179.836394 44.287372 -179.839603
80.785923 150.147301 -15.441580 -179.836256 44.287067 -179.839468
80.781197 150.147440 -15.441778 -179.836119 44.286761 -179.839333
80.776471 150.147580 -15.441975 -179.835981 44.286457 -179.839197
80.771745 150.147719 -15.442173 -179.835844 44.286154 -179.839062
80.767018 150.147858 -15.442370 -179.835707 44.285851 -179.838928
80.762292 150.147997 -15.442567 -179.835569 44.285550 -179.838793
80.757566 150.148137 -15.442763 -179.835432 44.285248 -179.838658
80.752839 150.148276 -15.442959 -179.835296 44.284948 -179.838524
80.748113 150.148415 -15.443153 -179.835158 44.284648 -179.838389
80.743386 150.148554 -15.443349 -179.835021 44.284349 -179.838254
80.738659 150.148693 -15.443543 -179.834885 44.284052 -179.838121
80.733932 150.148832 -15.443736 -179.834747 44.283753 -179.837986
80.729204 150.148970 -15.443930 -179.834611 44.283457 -179.837852
80.724478 150.149109 -15.444123 -179.834475 44.283161 -179.837718
80.719750 150.149248 -15.444315 -179.834338 44.282866 -179.837584
80.715022 150.149386 -15.444507 -179.834202 44.282572 -179.837450
80.710295 150.149524 -15.444699 -179.834066 44.282278 -179.837317
80.705567 150.149662 -15.444890 -179.833930 44.281985 -179.837182
80.700839 150.149801 -15.445080 -179.833794 44.281693 -179.837049
80.696111 150.149939 -15.445270 -179.833658 44.281402 -179.836915
80.691382 150.150078 -15.445461 -179.833522 44.281112 -179.836782
80.686654 150.150216 -15.445649 -179.833387 44.280821 -179.836650
80.681926 150.150354 -15.445838 -179.833251 44.280532 -179.836516
80.677197 150.150492 -15.446026 -179.833115 44.280244 -179.836382
80.672469 150.150629 -15.446215 -179.832980 44.279956 -179.836250
80.667740 150.150767 -15.446402 -179.832844 44.279670 -179.836117
80.663011 150.150905 -15.446589 -179.832710 44.279383 -179.835985
80.658281 150.151043 -15.446776 -179.832573 44.279097 -179.835850
80.653553 150.151181 -15.446962 -179.832439 44.278813 -179.835718
80.648823 150.151318 -15.447148 -179.832304 44.278529 -179.835586
80.644094 150.151456 -15.447333 -179.832170 44.278246 -179.835454
80.639364 150.151593 -15.447518 -179.832035 44.277963 -179.835321
80.634634 150.151731 -15.447702 -179.831900 44.277681 -179.835189
80.629904 150.151867 -15.447886 -179.831766 44.277401 -179.835057
80.625175 150.152005 -15.448069 -179.831631 44.277120 -179.834925
80.620445 150.152142 -15.448252 -179.831496 44.276841 -179.834792
80.615715 150.152280 -15.448435 -179.831362 44.276562 -179.834660
80.610984 150.152416 -15.448617 -179.831228 44.276284 -179.834529
80.606254 150.152553 -15.448799 -179.831094 44.276007 -179.834397
80.601523 150.152690 -15.448980 -179.830959 44.275730 -179.834265
80.596793 150.152826 -15.449161 -179.830826 44.275454 -179.834134
80.592062 150.152963 -15.449341 -179.830692 44.275179 -179.834003
80.587331 150.153100 -15.449521 -179.830558 44.274904 -179.833871
80.582600 150.153236 -15.449700 -179.830425 44.274631 -179.833740
80.577869 150.153373 -15.449880 -179.830291 44.274358 -179.833609
80.573138 150.153510 -15.450059 -179.830158 44.274086 -179.833478
80.568406 150.153646 -15.450237 -179.830023 44.273814 -179.833346
80.563675 150.153782 -15.450414 -179.829890 44.273543 -179.833216
80.558944 150.153919 -15.450591 -179.829758 44.273273 -179.833085
80.554212 150.154055 -15.450768 -179.829625 44.273004 -179.832955
80.549480 150.154191 -15.450945 -179.829492 44.272736 -179.832824
80.544748 150.154328 -15.451121 -179.829358 44.272467 -179.832693
80.540016 150.154463 -15.451296 -179.829225 44.272200 -179.832562
80.535284 150.154599 -15.451471 -179.829093 44.271934 -179.832432
80.530552 150.154735 -15.451645 -179.828960 44.271669 -179.832302
80.525818 150.154871 -15.451820 -179.828828 44.271404 -179.832172
80.521086 150.155006 -15.451993 -179.828695 44.271139 -179.832041
80.516354 150.155142 -15.452166 -179.828563 44.270875 -179.831912
80.511620 150.155277 -15.452339 -179.828431 44.270613 -179.831782
80.506888 150.155413 -15.452512 -179.828299 44.270351 -179.831652
80.502154 150.155548 -15.452684 -179.828167 44.270090 -179.831523
80.497422 150.155684 -15.452856 -179.828035 44.269828 -179.831394
80.492688 150.155819 -15.453027 -179.827903 44.269569 -179.831264
80.487955 150.155954 -15.453198 -179.827772 44.269310 -179.831134
80.483222 150.156090 -15.453368 -179.827640 44.269051 -179.831005
80.478488 150.156224 -15.453537 -179.827508 44.268794 -179.830876
80.473754 150.156359 -15.453707 -179.827376 44.268536 -179.830746
80.469020 150.156494 -15.453876 -179.827245 44.268280 -179.830617
80.464286 150.156629 -15.454044 -179.827113 44.268024 -179.830488
80.459552 150.156764 -15.454213 -179.826983 44.267770 -179.830360
80.454818 150.156898 -15.454380 -179.826851 44.267516 -179.830230
80.450084 150.157033 -15.454548 -179.826721 44.267261 -179.830102
80.445349 150.157168 -15.454714 -179.826589 44.267009 -179.829973
80.440615 150.157303 -15.454880 -179.826458 44.266757 -179.829844
80.435881 150.157437 -15.455046 -179.826328 44.266506 -179.829716
80.431145 150.157571 -15.455212 -179.826197 44.266255 -179.829588
80.426411 150.157705 -15.455377 -179.826067 44.266005 -179.829460
80.421676 150.157839 -15.455542 -179.825936 44.265756 -179.829332
80.416941 150.157974 -15.455706 -179.825806 44.265507 -179.829204
80.412206 150.158108 -15.455870 -179.825675 44.265260 -179.829076
80.407470 150.158241 -15.456032 -179.825545 44.265013 -179.828947
80.402735 150.158376 -15.456196 -179.825416 44.264766 -179.828820
80.397999 150.158509 -15.456358 -179.825285 44.264520 -179.828693
80.393263 150.158643 -15.456521 -179.825156 44.264275 -179.828565
80.388527 150.158777 -15.456682 -179.825025 44.264031 -179.828437
80.383792 150.158911 -15.456843 -179.824896 44.263787 -179.828311
80.379056 150.159044 -15.457004 -179.824766 44.263544 -179.828183
80.374320 150.159178 -15.457165 -179.824637 44.263302 -179.828055
80.369584 150.159311 -15.457324 -179.824507 44.263061 -179.827929
80.364848 150.159444 -15.457483 -179.824378 44.262820 -179.827802
80.360111 150.159577 -15.457642 -179.824249 44.262579 -179.827675
80.355375 150.159711 -15.457802 -179.824120 44.262340 -179.827548
80.350638 150.159844 -15.457960 -179.823991 44.262102 -179.827422
80.345901 150.159977 -15.458118 -179.823862 44.261864 -179.827294
80.341164 150.160111 -15.458275 -179.823733 44.261627 -179.827168
80.336428 150.160243 -15.458432 -179.823604 44.261390 -179.827042
80.331691 150.160376 -15.458588 -179.823474 44.261154 -179.826914
80.326953 150.160509 -15.458744 -179.823347 44.260919 -179.826789
80.322216 150.160642 -15.458900 -179.823218 44.260685 -179.826662
80.317478 150.160774 -15.459056 -179.823090 44.260451 -179.826536
80.312741 150.160907 -15.459210 -179.822961 44.260217 -179.826410
80.308003 150.161039 -15.459365 -179.822833 44.259985 -179.826285
80.303265 150.161171 -15.459518 -179.822705 44.259753 -179.826158
80.298528 150.161304 -15.459673 -179.822578 44.259523 -179.826033
80.293790 150.161437 -15.459825 -179.822450 44.259293 -179.825908
80.289052 150.161569 -15.459978 -179.822322 44.259062 -179.825782
80.284313 150.161701 -15.460131 -179.822194 44.258833 -179.825657
80.279575 150.161833 -15.460283 -179.822067 44.258605 -179.825532
80.274838 150.161965 -15.460434 -179.821939 44.258378 -179.825406
80.270099 150.162096 -15.460585 -179.821811 44.258151 -179.825281
80.265361 150.162228 -15.460736 -179.821683 44.257924 -179.825156
80.260622 150.162360 -15.460886 -179.821557 44.257699 -179.825031
80.255882 150.162492 -15.461036 -179.821429 44.257474 -179.824906
80.251144 150.162624 -15.461184 -179.821303 44.257250 -179.824782
80.246405 150.162755 -15.461334 -179.821175 44.257027 -179.824656
80.241666 150.162887 -15.461483 -179.821049 44.256804 -179.824532
80.236927 150.163018 -15.461630 -179.820921 44.256582 -179.824406
80.232187 150.163149 -15.461778 -179.820795 44.256361 -179.824282
80.227448 150.163281 -15.461926 -179.820668 44.256140 -179.824159
80.222708 150.163412 -15.462072 -179.820542 44.255920 -179.824034
80.217969 150.163543 -15.462219 -179.820416 44.255700 -179.823910
80.213229 150.163674 -15.462365 -179.820289 44.255482 -179.823786
80.208489 150.163805 -15.462511 -179.820163 44.255264 -179.823662
80.203749 150.163936 -15.462656 -179.820036 44.255047 -179.823538
80.199010 150.164067 -15.462800 -179.819910 44.254830 -179.823414
80.194269 150.164197 -15.462945 -179.819785 44.254614 -179.823291
80.189529 150.164328 -15.463089 -179.819659 44.254399 -179.823167
80.184788 150.164459 -15.463232 -179.819534 44.254184 -179.823044
80.180048 150.164589 -15.463376 -179.819407 44.253970 -179.822920
80.175308 150.164720 -15.463519 -179.819282 44.253757 -179.822798
80.170567 150.164850 -15.463661 -179.819156 44.253544 -179.822673
80.165826 150.164981 -15.463803 -179.819031 44.253332 -179.822551
80.161086 150.165111 -15.463944 -179.818906 44.253121 -179.822427
80.156345 150.165241 -15.464086 -179.818781 44.252911 -179.822305
80.151604 150.165371 -15.464227 -179.818656 44.252701 -179.822182
80.146862 150.165500 -15.464367 -179.818531 44.252491 -179.822059
80.142121 150.165631 -15.464507 -179.818406 44.252283 -179.821937
80.137379 150.165761 -15.464646 -179.818281 44.252075 -179.821814
80.132638 150.165890 -15.464785 -179.818156 44.251868 -179.821691
80.127897 150.166020 -15.464924 -179.818031 44.251662 -179.821569
80.123155 150.166150 -15.465063 -179.817908 44.251455 -179.821447
80.118413 150.166280 -15.465200 -179.817783 44.251250 -179.821325
80.113671 150.166409 -15.465338 -179.817659 44.251046 -179.821202
80.108929 150.166538 -15.465475 -179.817534 44.250843 -179.821080
80.104187 150.166668 -15.465612 -179.817410 44.250640 -179.820959
80.099445 150.166797 -15.465748 -179.817285 44.250436 -179.820836
80.094703 150.166926 -15.465884 -179.817162 44.250235 -179.820715
80.089961 150.167056 -15.466019 -179.817038 44.250034 -179.820593
80.085218 150.167185 -15.466154 -179.816915 44.249833 -179.820472
80.080475 150.167313 -15.466289 -179.816791 44.249634 -179.820351
80.075733 150.167442 -15.466422 -179.816667 44.249434 -179.820229
80.070991 150.167571 -15.466557 -179.816544 44.249235 -179.820108
80.066247 150.167700 -15.466690 -179.816420 44.249038 -179.819986
80.061504 150.167828 -15.466823 -179.816296 44.248841 -179.819865
80.056761 150.167957 -15.466955 -179.816174 44.248644 -179.819744
80.052018 150.168086 -15.467088 -179.816051 44.248448 -179.819624
80.047275 150.168215 -15.467220 -179.815927 44.248253 -179.819503
80.042532 150.168343 -15.467351 -179.815805 44.248058 -179.819382
80.037788 150.168471 -15.467482 -179.815683 44.247865 -179.819262
80.033045 150.168600 -15.467613 -179.815559 44.247672 -179.819141
80.028301 150.168727 -15.467743 -179.815437 44.247478 -179.819021
80.023558 150.168856 -15.467873 -179.815314 44.247287 -179.818900
80.018813 150.168984 -15.468002 -179.815192 44.247095 -179.818781
80.014070 150.169111 -15.468131 -179.815070 44.246905 -179.818661
80.009326 150.169239 -15.468260 -179.814948 44.246715 -179.818540
80.004582 150.169368 -15.468389 -179.814826 44.246525 -179.818421
79.999838 150.169495 -15.468516 -179.814703 44.246337 -179.818300
79.995094 150.169623 -15.468644 -179.814581 44.246149 -179.818181
79.990349 150.169751 -15.468770 -179.814459 44.245962 -179.818060
79.985605 150.169877 -15.468897 -179.814337 44.245775 -179.817941
79.980860 150.170005 -15.469023 -179.814216 44.245588 -179.817821
79.976116 150.170133 -15.469149 -179.814094 44.245403 -179.817702
79.971371 150.170260 -15.469275 -179.813973 44.245219 -179.817584
79.966626 150.170387 -15.469399 -179.813852 44.245035 -179.817464
79.961881 150.170514 -15.469525 -179.813730 44.244851 -179.817345
79.957136 150.170641 -15.469649 -179.813609 44.244668 -179.817226
79.952391 150.170768 -15.469773 -179.813488 44.244486 -179.817107
79.947646 150.170895 -15.469896 -179.813367 44.244305 -179.816988
79.942901 150.171022 -15.470019 -179.813246 44.244124 -179.816870
79.938155 150.171149 -15.470142 -179.813125 44.243944 -179.816751
79.933410 150.171276 -15.470264 -179.813004 44.243763 -179.816633
79.928664 150.171402 -15.470385 -179.812884 44.243585 -179.816513
79.923918 150.171529 -15.470507 -179.812763 44.243407 -179.816395
79.919173 150.171655 -15.470629 -179.812642 44.243229 -179.816276
79.914427 150.171782 -15.470750 -179.812522 44.243052 -179.816159
79.909681 150.171907 -15.470869 -179.812402 44.242875 -179.816040
79.904935 150.172034 -15.470990 -179.812282 44.242700 -179.815923
79.900189 150.172160 -15.471109 -179.812161 44.242525 -179.815804
79.895443 150.172286 -15.471229 -179.812042 44.242350 -179.815687
79.890696 150.172412 -15.471347 -179.811922 44.242177 -179.815569
79.885950 150.172538 -15.471465 -179.811801 44.242003 -179.815451
79.881204 150.172664 -15.471584 -179.811682 44.241831 -179.815334
79.876458 150.172789 -15.471701 -179.811562 44.241659 -179.815217
79.871710 150.172915 -15.471819 -179.811443 44.241488 -179.815100
79.866964 150.173041 -15.471935 -179.811324 44.241317 -179.814982
79.862218 150.173167 -15.472052 -179.811204 44.241146 -179.814865
79.857470 150.173292 -15.472168 -179.811086 44.240977 -179.814748
79.852724 150.173417 -15.472284 -179.810966 44.240809 -179.814632
79.847976 150.173543 -15.472399 -179.810847 44.240641 -179.814514
79.843229 150.173668 -15.472514 -179.810729 44.240474 -179.814397
79.838482 150.173792 -15.472628 -179.810609 44.240306 -179.814281
79.833734 150.173918 -15.472742 -179.810491 44.240140 -179.814164
79.828987 150.174043 -15.472857 -179.810372 44.239975 -179.814048
79.824239 150.174168 -15.472969 -179.810254 44.239810 -179.813931
79.819491 150.174293 -15.473083 -179.810136 44.239646 -179.813815
79.814745 150.174417 -15.473195 -179.810018 44.239481 -179.813699
79.809997 150.174543 -15.473308 -179.809898 44.239318 -179.813582
79.805249 150.174667 -15.473419 -179.809780 44.239156 -179.813466
79.800500 150.174791 -15.473530 -179.809662 44.238995 -179.813351
79.795753 150.174915 -15.473642 -179.809545 44.238834 -179.813235
79.791005 150.175041 -15.473753 -179.809427 44.238672 -179.813120
79.786257 150.175165 -15.473863 -179.809309 44.238512 -179.813003
79.781508 150.175289 -15.473973 -179.809191 44.238353 -179.812888
79.776760 150.175412 -15.474082 -179.809074 44.238195 -179.812773
79.772012 150.175537 -15.474192 -179.808956 44.238037 -179.812658
79.767263 150.175661 -15.474300 -179.808839 44.237879 -179.812542
79.762515 150.175785 -15.474409 -179.808721 44.237722 -179.812427
79.757766 150.175908 -15.474517 -179.808604 44.237566 -179.812312
79.753016 150.176033 -15.474624 -179.808488 44.237411 -179.812198
79.748268 150.176156 -15.474732 -179.808370 44.237256 -179.812082
79.743519 150.176280 -15.474839 -179.808253 44.237101 -179.811967
79.738770 150.176403 -15.474945 -179.808136 44.236947 -179.811852
79.734021 150.176526 -15.475052 -179.808019 44.236794 -179.811737
79.729271 150.176651 -15.475157 -179.807903 44.236642 -179.811623
79.724522 150.176774 -15.475263 -179.807786 44.236491 -179.811508
79.719774 150.176897 -15.475368 -179.807671 44.236338 -179.811395
79.715023 150.177020 -15.475472 -179.807554 44.236188 -179.811280
79.710274 150.177143 -15.475577 -179.807437 44.236038 -179.811166
79.705525 150.177266 -15.475681 -179.807322 44.235889 -179.811053
79.700775 150.177388 -15.475784 -179.807205 44.235740 -179.810938
79.696026 150.177511 -15.475887 -179.807090 44.235591 -179.810825
79.691275 150.177635 -15.475990 -179.806973 44.235444 -179.810710
79.686526 150.177757 -15.476092 -179.806858 44.235297 -179.810597
79.681775 150.177880 -15.476194 -179.806742 44.235151 -179.810483
79.677026 150.178002 -15.476296 -179.806627 44.235006 -179.810371
79.672275 150.178125 -15.476398 -179.806510 44.234860 -179.810256
79.667525 150.178247 -15.476499 -179.806395 44.234715 -179.810142
79.662775 150.178369 -15.476599 -179.806280 44.234572 -179.810030
79.658025 150.178492 -15.476699 -179.806166 44.234428 -179.809917
79.653274 150.178614 -15.476799 -179.806050 44.234286 -179.809804
79.648524 150.178736 -15.476898 -179.805935 44.234143 -179.809691
79.643773 150.178858 -15.476998 -179.805819 44.234002 -179.809578
79.639022 150.178980 -15.477096 -179.805706 44.233861 -179.809466
79.634271 150.179101 -15.477195 -179.805590 44.233721 -179.809352
79.629520 150.179223 -15.477293 -179.805476 44.233582 -179.809241
79.624769 150.179345 -15.477390 -179.805361 44.233442 -179.809127
79.620019 150.179466 -15.477488 -179.805247 44.233303 -179.809016
79.615268 150.179588 -15.477584 -179.805133 44.233166 -179.808904
79.610517 150.179709 -15.477681 -179.805018 44.233029 -179.808790
79.605765 150.179831 -15.477777 -179.804904 44.232892 -179.808679
79.601014 150.179952 -15.477873 -179.804790 44.232755 -179.808566
79.596263 150.180073 -15.477968 -179.804676 44.232620 -179.808455
79.591511 150.180195 -15.478063 -179.804562 44.232485 -179.808343
79.586760 150.180316 -15.478158 -179.804449 44.232351 -179.808232
79.582008 150.180437 -15.478252 -179.804335 44.232218 -179.808120
79.577256 150.180557 -15.478346 -179.804221 44.232085 -179.808008
79.572504 150.180678 -15.478439 -179.804107 44.231952 -179.807896
79.567752 150.180799 -15.478533 -179.803994 44.231820 -179.807786
79.563001 150.180919 -15.478625 -179.803881 44.231689 -179.807674
79.558249 150.181040 -15.478718 -179.803768 44.231558 -179.807564
79.553496 150.181161 -15.478810 -179.803655 44.231429 -179.807453
79.548744 150.181281 -15.478902 -179.803541 44.231298 -179.807341
79.543992 150.181401 -15.478993 -179.803429 44.231170 -179.807231
79.539240 150.181521 -15.479085 -179.803316 44.231041 -179.807120
79.534487 150.181641 -15.479175 -179.803204 44.230914 -179.807009
79.529735 150.181762 -15.479265 -179.803091 44.230787 -179.806899
79.524983 150.181882 -15.479355 -179.802978 44.230660 -179.806788
79.520230 150.182002 -15.479444 -179.802866 44.230534 -179.806678
79.515478 150.182121 -15.479535 -179.802753 44.230409 -179.806567
79.510724 150.182241 -15.479623 -179.802642 44.230284 -179.806458
79.505972 150.182361 -15.479712 -179.802529 44.230160 -179.806348
79.501219 150.182481 -15.479799 -179.802417 44.230036 -179.806237
79.496466 150.182600 -15.479887 -179.802305 44.229913 -179.806127
79.491713 150.182719 -15.479975 -179.802193 44.229791 -179.806018
79.486960 150.182839 -15.480062 -179.802082 44.229669 -179.805908
79.482206 150.182959 -15.480149 -179.801970 44.229548 -179.805798
79.477454 150.183077 -15.480235 -179.801858 44.229426 -179.805689
79.472700 150.183197 -15.480321 -179.801747 44.229307 -179.805579
79.467947 150.183316 -15.480407 -179.801635 44.229187 -179.805469
79.463194 150.183434 -15.480492 -179.801524 44.229068 -179.805361
79.458440 150.183553 -15.480577 -179.801413 44.228950 -179.805251
79.453687 150.183673 -15.480662 -179.801302 44.228832 -179.805142
79.448933 150.183792 -15.480745 -179.801190 44.228715 -179.805033
79.444179 150.183910 -15.480830 -179.801081 44.228598 -179.804925
79.439425 150.184029 -15.480913 -179.800969 44.228482 -179.804816
79.434672 150.184146 -15.480996 -179.800858 44.228367 -179.804707
79.429918 150.184265 -15.481079 -179.800748 44.228252 -179.804599
79.425163 150.184384 -15.481161 -179.800637 44.228137 -179.804489
79.420409 150.184501 -15.481243 -179.800527 44.228024 -179.804382
79.415655 150.184620 -15.481325 -179.800417 44.227911 -179.804274
79.410901 150.184739 -15.481406 -179.800306 44.227799 -179.804165
79.406147 150.184856 -15.481488 -179.800196 44.227686 -179.804057
79.401393 150.184974 -15.481568 -179.800086 44.227575 -179.803949
79.396638 150.185092 -15.481649 -179.799976 44.227464 -179.803841
79.391884 150.185210 -15.481729 -179.799867 44.227354 -179.803734
79.387129 150.185327 -15.481808 -179.799757 44.227244 -179.803626
79.382375 150.185445 -15.481888 -179.799647 44.227134 -179.803518
79.377620 150.185563 -15.481967 -179.799537 44.227026 -179.803411
79.372865 150.185680 -15.482045 -179.799429 44.226918 -179.803304
79.368110 150.185798 -15.482124 -179.799319 44.226811 -179.803196
79.363355 150.185914 -15.482202 -179.799209 44.226704 -179.803088
79.358601 150.186032 -15.482280 -179.799100 44.226598 -179.802982
79.353846 150.186149 -15.482357 -179.798992 44.226492 -179.802875
79.349091 150.186266 -15.482433 -179.798882 44.226387 -179.802767
79.344336 150.186383 -15.482509 -179.798774 44.226282 -179.802661
79.339581 150.186500 -15.482586 -179.798665 44.226178 -179.802554
79.334824 150.186617 -15.482662 -179.798557 44.226075 -179.802447
79.330069 150.186734 -15.482737 -179.798447 44.225971 -179.802339
79.325314 150.186850 -15.482812 -179.798338 44.225869 -179.802234
79.320559 150.186966 -15.482887 -179.798231 44.225768 -179.802128
79.315803 150.187083 -15.482962 -179.798123 44.225667 -179.802021
79.311048 150.187199 -15.483036 -179.798014 44.225566 -179.801916
79.306292 150.187316 -15.483110 -179.797906 44.225465 -179.801809
79.301536 150.187432 -15.483183 -179.797799 44.225366 -179.801703
79.296781 150.187548 -15.483256 -179.797690 44.225267 -179.801597
79.292025 150.187664 -15.483329 -179.797582 44.225169 -179.801491
