25.611242 150.607956 -41.391746 -175.301867 44.905899 -173.518242
25.611442 150.607995 -41.396503 -175.301551 44.905887 -173.517918
25.611643 150.608035 -41.401261 -175.301236 44.905876 -173.517594
25.611842 150.608074 -41.406018 -175.300921 44.905864 -173.517270
25.612042 150.608114 -41.410776 -175.300605 44.905852 -173.516945
25.612241 150.608153 -41.415533 -175.300290 44.905841 -173.516622
25.612440 150.608192 -41.420291 -175.299975 44.905829 -173.516297
25.612638 150.608231 -41.425049 -175.299660 44.905818 -173.515974
25.612835 150.608270 -41.429806 -175.299344 44.905806 -173.515649
25.613033 150.608309 -41.434564 -175.299030 44.905794 -173.515326
25.613230 150.608348 -41.439322 -175.298714 44.905783 -173.515002
25.613427 150.608387 -41.444079 -175.298400 44.905771 -173.514679
25.613624 150.608427 -41.448837 -175.298084 44.905759 -173.514355
25.613819 150.608466 -41.453595 -175.297769 44.905748 -173.514032
25.614014 150.608504 -41.458352 -175.297453 44.905736 -173.513708
25.614210 150.608543 -41.463110 -175.297139 44.905725 -173.513385
25.614405 150.608582 -41.467868 -175.296825 44.905713 -173.513062
25.614599 150.608621 -41.472626 -175.296509 44.905701 -173.512738
25.614792 150.608660 -41.477383 -175.296194 44.905691 -173.512415
25.614986 150.608698 -41.482141 -175.295880 44.905679 -173.512092
25.615179 150.608737 -41.486899 -175.295564 44.905667 -173.511768
25.615372 150.608776 -41.491657 -175.295250 44.905656 -173.511446
25.615565 150.608814 -41.496415 -175.294935 44.905644 -173.511124
25.615756 150.608854 -41.501173 -175.294621 44.905633 -173.510801
25.615948 150.608892 -41.505931 -175.294305 44.905621 -173.510478
25.616139 150.608930 -41.510689 -175.293990 44.905609 -173.510155
25.616330 150.608969 -41.515446 -175.293676 44.905598 -173.509833
25.616521 150.609007 -41.520204 -175.293362 44.905586 -173.509511
25.616711 150.609045 -41.524962 -175.293047 44.905574 -173.509188
25.616900 150.609084 -41.529720 -175.292733 44.905563 -173.508866
25.617089 150.609122 -41.534478 -175.292418 44.905551 -173.508544
25.617278 150.609160 -41.539237 -175.292104 44.905540 -173.508222
25.617467 150.609199 -41.543995 -175.291788 44.905528 -173.507898
25.617655 150.609238 -41.548753 -175.291474 44.905516 -173.507576
25.617842 150.609276 -41.553511 -175.291159 44.905505 -173.507254
25.618029 150.609314 -41.558269 -175.290845 44.905493 -173.506932
25.618216 150.609352 -41.563027 -175.290530 44.905481 -173.506610
25.618403 150.609390 -41.567785 -175.290216 44.905470 -173.506288
25.618589 150.609428 -41.572543 -175.289903 44.905459 -173.505968
25.618775 150.609466 -41.577301 -175.289588 44.905447 -173.505646
25.618960 150.609504 -41.582060 -175.289274 44.905436 -173.505324
25.619145 150.609542 -41.586818 -175.288959 44.905424 -173.505002
25.619330 150.609580 -41.591576 -175.288645 44.905413 -173.504681
25.619514 150.609618 -41.596334 -175.288331 44.905401 -173.504359
25.619698 150.609656 -41.601093 -175.288016 44.905389 -173.504038
25.619881 150.609694 -41.605851 -175.287703 44.905378 -173.503717
25.620063 150.609731 -41.610609 -175.287389 44.905366 -173.503396
25.620246 150.609769 -41.615367 -175.287074 44.905354 -173.503075
25.620428 150.609807 -41.620126 -175.286760 44.905343 -173.502754
25.620610 150.609845 -41.624884 -175.286445 44.905331 -173.502433
25.620792 150.609882 -41.629643 -175.286132 44.905319 -173.502113
25.620973 150.609920 -41.634401 -175.285818 44.905308 -173.501791
25.621153 150.609958 -41.639159 -175.285504 44.905296 -173.501470
25.621333 150.609995 -41.643918 -175.285191 44.905284 -173.501150
25.621513 150.610033 -41.648676 -175.284876 44.905273 -173.500829
25.621693 150.610070 -41.653435 -175.284563 44.905262 -173.500509
25.621872 150.610108 -41.658193 -175.284249 44.905250 -173.500188
25.622050 150.610145 -41.662952 -175.283934 44.905239 -173.499867
25.622228 150.610183 -41.667710 -175.283621 44.905227 -173.499548
25.622406 150.610220 -41.672469 -175.283307 44.905216 -173.499227
25.622584 150.610258 -41.677227 -175.282994 44.905204 -173.498907
25.622761 150.610295 -41.681986 -175.282679 44.905192 -173.498586
25.622938 150.610332 -41.686744 -175.282366 44.905181 -173.498267
25.623115 150.610369 -41.691503 -175.282052 44.905169 -173.497946
25.623290 150.610406 -41.696262 -175.281739 44.905157 -173.497627
25.623465 150.610443 -41.701020 -175.281424 44.905146 -173.497306
25.623641 150.610481 -41.705779 -175.281111 44.905134 -173.496987
25.623815 150.610518 -41.710537 -175.280798 44.905122 -173.496668
25.623990 150.610555 -41.715296 -175.280484 44.905111 -173.496347
25.624164 150.610592 -41.720056 -175.280171 44.905099 -173.496028
25.624337 150.610629 -41.724815 -175.279858 44.905087 -173.495709
25.624510 150.610665 -41.729573 -175.279544 44.905076 -173.495389
25.624683 150.610702 -41.734332 -175.279231 44.905065 -173.495071
25.624856 150.610740 -41.739091 -175.278918 44.905053 -173.494752
25.625028 150.610777 -41.743850 -175.278603 44.905042 -173.494432
25.625200 150.610814 -41.748608 -175.278290 44.905030 -173.494113
25.625370 150.610850 -41.753367 -175.277977 44.905018 -173.493794
25.625541 150.610886 -41.758126 -175.277664 44.905007 -173.493475
25.625711 150.610923 -41.762885 -175.277350 44.904995 -173.493155
25.625882 150.610960 -41.767644 -175.277037 44.904983 -173.492836
25.626051 150.610997 -41.772403 -175.276724 44.904972 -173.492518
25.626221 150.611034 -41.777161 -175.276411 44.904960 -173.492199
25.626390 150.611070 -41.781920 -175.276098 44.904948 -173.491881
25.626558 150.611106 -41.786679 -175.275785 44.904937 -173.491562
25.626726 150.611143 -41.791438 -175.275472 44.904925 -173.491244
25.626894 150.611180 -41.796197 -175.275159 44.904913 -173.490925
25.627061 150.611215 -41.800956 -175.274845 44.904902 -173.490607
25.627228 150.611252 -41.805715 -175.274533 44.904890 -173.490289
25.627395 150.611289 -41.810474 -175.274220 44.904879 -173.489970
25.627561 150.611325 -41.815233 -175.273907 44.904867 -173.489652
25.627726 150.611362 -41.819992 -175.273593 44.904856 -173.489334
25.627892 150.611397 -41.824751 -175.273280 44.904844 -173.489016
25.628057 150.611434 -41.829510 -175.272967 44.904832 -173.488698
25.628221 150.611470 -41.834269 -175.272654 44.904821 -173.488380
25.628386 150.611506 -41.839028 -175.272341 44.904809 -173.488063
25.628550 150.611542 -41.843787 -175.272028 44.904797 -173.487745
25.628712 150.611579 -41.848547 -175.271715 44.904786 -173.487427
25.628875 150.611615 -41.853306 -175.271402 44.904774 -173.487110
25.629038 150.611650 -41.858065 -175.271091 44.904762 -173.486793
25.629201 150.611687 -41.862824 -175.270778 44.904751 -173.486475
25.629363 150.611723 -41.867583 -175.270465 44.904739 -173.486158
25.629524 150.611758 -41.872342 -175.270152 44.904727 -173.485840
25.629685 150.611794 -41.877102 -175.269839 44.904716 -173.485523
25.629845 150.611830 -41.881861 -175.269527 44.904705 -173.485206
25.630006 150.611866 -41.886620 -175.269214 44.904693 -173.484889
25.630166 150.611902 -41.891379 -175.268901 44.904682 -173.484571
25.630325 150.611937 -41.896139 -175.268590 44.904670 -173.484255
25.630485 150.611973 -41.900898 -175.268277 44.904658 -173.483938
25.630643 150.612009 -41.905657 -175.267964 44.904646 -173.483621
25.630802 150.612044 -41.910417 -175.267652 44.904635 -173.483305
25.630960 150.612080 -41.915176 -175.267339 44.904623 -173.482988
25.631117 150.612116 -41.919935 -175.267026 44.904611 -173.482671
25.631274 150.612151 -41.924695 -175.266714 44.904600 -173.482355
25.631431 150.612187 -41.929454 -175.266401 44.904588 -173.482038
25.631588 150.612222 -41.934214 -175.266090 44.904576 -173.481722
25.631744 150.612257 -41.938973 -175.265777 44.904565 -173.481405
25.631899 150.612293 -41.943732 -175.265465 44.904553 -173.481090
25.632055 150.612328 -41.948492 -175.265152 44.904541 -173.480774
25.632210 150.612364 -41.953251 -175.264841 44.904530 -173.480458
25.632363 150.612399 -41.958011 -175.264527 44.904519 -173.480142
25.632518 150.612434 -41.962770 -175.264216 44.904507 -173.479826
25.632671 150.612469 -41.967530 -175.263903 44.904495 -173.479510
25.632825 150.612505 -41.972289 -175.263591 44.904484 -173.479194
25.632978 150.612539 -41.977049 -175.263280 44.904472 -173.478879
25.633131 150.612575 -41.981808 -175.262967 44.904460 -173.478563
25.633283 150.612609 -41.986568 -175.262655 44.904448 -173.478247
25.633434 150.612645 -41.991327 -175.262344 44.904437 -173.477932
25.633585 150.612679 -41.996087 -175.262031 44.904425 -173.477616
25.633736 150.612715 -42.000847 -175.261719 44.904413 -173.477301
25.633887 150.612749 -42.005606 -175.261407 44.904402 -173.476986
25.634037 150.612785 -42.010366 -175.261094 44.904390 -173.476670
25.634187 150.612819 -42.015127 -175.260783 44.904378 -173.476355
25.634337 150.612854 -42.019886 -175.260471 44.904367 -173.476040
25.634486 150.612889 -42.024646 -175.260160 44.904356 -173.475726
25.634635 150.612924 -42.029406 -175.259848 44.904344 -173.475411
25.634782 150.612958 -42.034165 -175.259535 44.904332 -173.475095
25.634930 150.612994 -42.038925 -175.259223 44.904321 -173.474780
25.635078 150.613028 -42.043685 -175.258912 44.904309 -173.474467
25.635225 150.613063 -42.048445 -175.258600 44.904297 -173.474152
25.635372 150.613097 -42.053204 -175.258289 44.904285 -173.473838
25.635518 150.613131 -42.057964 -175.257977 44.904274 -173.473524
25.635664 150.613167 -42.062724 -175.257665 44.904262 -173.473209
25.635810 150.613201 -42.067484 -175.257354 44.904250 -173.472895
25.635954 150.613236 -42.072243 -175.257042 44.904239 -173.472581
25.636099 150.613270 -42.077003 -175.256731 44.904227 -173.472267
25.636243 150.613304 -42.081763 -175.256419 44.904216 -173.471952
25.636387 150.613339 -42.086523 -175.256107 44.904204 -173.471638
25.636531 150.613373 -42.091283 -175.255796 44.904193 -173.471324
25.636675 150.613408 -42.096043 -175.255484 44.904181 -173.471010
25.636817 150.613441 -42.100803 -175.255173 44.904169 -173.470697
25.636960 150.613475 -42.105563 -175.254861 44.904157 -173.470383
25.637102 150.613510 -42.110323 -175.254549 44.904146 -173.470069
25.637243 150.613544 -42.115082 -175.254238 44.904134 -173.469755
25.637384 150.613578 -42.119842 -175.253926 44.904122 -173.469442
25.637525 150.613612 -42.124602 -175.253615 44.904111 -173.469128
25.637666 150.613646 -42.129362 -175.253303 44.904099 -173.468815
25.637806 150.613680 -42.134122 -175.252993 44.904087 -173.468503
25.637946 150.613714 -42.138882 -175.252681 44.904075 -173.468190
25.638085 150.613748 -42.143642 -175.252370 44.904064 -173.467876
25.638224 150.613782 -42.148402 -175.252058 44.904053 -173.467563
25.638363 150.613816 -42.153163 -175.251747 44.904041 -173.467250
25.638501 150.613850 -42.157923 -175.251436 44.904029 -173.466937
25.638638 150.613883 -42.162683 -175.251125 44.904018 -173.466624
25.638776 150.613917 -42.167443 -175.250813 44.904006 -173.466311
25.638913 150.613951 -42.172203 -175.250503 44.903994 -173.465999
25.639050 150.613985 -42.176963 -175.250192 44.903982 -173.465686
25.639186 150.614018 -42.181723 -175.249880 44.903971 -173.465373
25.639322 150.614052 -42.186483 -175.249570 44.903959 -173.465062
25.639458 150.614086 -42.191243 -175.249258 44.903947 -173.464749
25.639593 150.614119 -42.196004 -175.248947 44.903935 -173.464436
25.639728 150.614153 -42.200764 -175.248636 44.903924 -173.464124
25.639862 150.614186 -42.205524 -175.248325 44.903912 -173.463812
25.639995 150.614220 -42.210284 -175.248015 44.903901 -173.463500
25.640129 150.614253 -42.215044 -175.247703 44.903889 -173.463188
25.640262 150.614286 -42.219805 -175.247393 44.903878 -173.462876
25.640395 150.614320 -42.224565 -175.247081 44.903866 -173.462564
25.640527 150.614353 -42.229325 -175.246771 44.903854 -173.462253
25.640659 150.614387 -42.234085 -175.246460 44.903842 -173.461941
25.640791 150.614420 -42.238846 -175.246149 44.903831 -173.461630
25.640922 150.614453 -42.243606 -175.245838 44.903819 -173.461318
25.641053 150.614486 -42.248366 -175.245528 44.903807 -173.461007
25.641184 150.614519 -42.253127 -175.245216 44.903795 -173.460695
25.641313 150.614552 -42.257887 -175.244906 44.903784 -173.460384
25.641443 150.614585 -42.262647 -175.244596 44.903772 -173.460073
25.641572 150.614619 -42.267409 -175.244284 44.903761 -173.459761
25.641701 150.614652 -42.272169 -175.243974 44.903749 -173.459450
25.641830 150.614685 -42.276929 -175.243662 44.903738 -173.459138
25.641958 150.614717 -42.281690 -175.243352 44.903726 -173.458828
25.642086 150.614750 -42.286450 -175.243042 44.903714 -173.458517
25.642213 150.614783 -42.291211 -175.242732 44.903702 -173.458207
25.642340 150.614816 -42.295971 -175.242420 44.903690 -173.457895
25.642467 150.614848 -42.300732 -175.242110 44.903679 -173.457585
25.642593 150.614882 -42.305492 -175.241800 44.903667 -173.457274
25.642719 150.614915 -42.310253 -175.241490 44.903655 -173.456964
25.642845 150.614947 -42.315013 -175.241178 44.903643 -173.456654
25.642969 150.614980 -42.319774 -175.240868 44.903632 -173.456343
25.643094 150.615013 -42.324534 -175.240558 44.903620 -173.456033
25.643218 150.615045 -42.329295 -175.240248 44.903609 -173.455723
25.643342 150.615078 -42.334055 -175.239937 44.903597 -173.455413
25.643466 150.615110 -42.338816 -175.239627 44.903586 -173.455103
25.643589 150.615143 -42.343576 -175.239317 44.903574 -173.454793
25.643712 150.615175 -42.348337 -175.239005 44.903562 -173.454482
25.643834 150.615207 -42.353097 -175.238695 44.903550 -173.454173
25.643956 150.615240 -42.357858 -175.238385 44.903538 -173.453863
25.644078 150.615272 -42.362619 -175.238075 44.903527 -173.453553
25.644199 150.615305 -42.367379 -175.237765 44.903515 -173.453244
25.644320 150.615337 -42.372140 -175.237455 44.903503 -173.452934
25.644441 150.615369 -42.376900 -175.237144 44.903491 -173.452625
25.644560 150.615401 -42.381661 -175.236834 44.903480 -173.452315
25.644679 150.615434 -42.386422 -175.236524 44.903469 -173.452006
25.644799 150.615466 -42.391182 -175.236214 44.903457 -173.451697
25.644918 150.615498 -42.395943 -175.235904 44.903445 -173.451387
25.645036 150.615530 -42.400704 -175.235594 44.903433 -173.451079
25.645155 150.615562 -42.405465 -175.235285 44.903422 -173.450771
25.645272 150.615594 -42.410225 -175.234975 44.903410 -173.450462
25.645390 150.615626 -42.414986 -175.234665 44.903398 -173.450153
25.645507 150.615658 -42.419747 -175.234354 44.903386 -173.449844
25.645624 150.615690 -42.424508 -175.234044 44.903374 -173.449535
25.645740 150.615722 -42.429268 -175.233734 44.903363 -173.449226
25.645856 150.615753 -42.434029 -175.233424 44.903351 -173.448918
25.645971 150.615785 -42.438790 -175.233115 44.903339 -173.448610
25.646086 150.615817 -42.443551 -175.232805 44.903328 -173.448301
25.646201 150.615849 -42.448311 -175.232495 44.903316 -173.447993
25.646315 150.615881 -42.453072 -175.232185 44.903305 -173.447684
25.646428 150.615912 -42.457833 -175.231876 44.903293 -173.447377
25.646542 150.615944 -42.462594 -175.231566 44.903281 -173.447068
25.646655 150.615976 -42.467355 -175.231256 44.903269 -173.446760
25.646768 150.616007 -42.472117 -175.230945 44.903257 -173.446452
25.646881 150.616038 -42.476877 -175.230637 44.903246 -173.446144
25.646993 150.616070 -42.481638 -175.230326 44.903234 -173.445837
25.647104 150.616102 -42.486399 -175.230016 44.903222 -173.445529
25.647216 150.616133 -42.491160 -175.229708 44.903210 -173.445222
25.647326 150.616165 -42.495921 -175.229397 44.903198 -173.444914
25.647437 150.616195 -42.500682 -175.229089 44.903188 -173.444607
25.647547 150.616227 -42.505443 -175.228778 44.903176 -173.444299
25.647657 150.616258 -42.510204 -175.228468 44.903164 -173.443992
25.647766 150.616290 -42.514965 -175.228160 44.903152 -173.443685
25.647875 150.616321 -42.519726 -175.227849 44.903140 -173.443377
25.647984 150.616352 -42.524487 -175.227541 44.903129 -173.443071
25.648092 150.616383 -42.529248 -175.227230 44.903117 -173.442763
25.648200 150.616414 -42.534009 -175.226922 44.903105 -173.442457
25.648307 150.616446 -42.538770 -175.226612 44.903093 -173.442149
25.648413 150.616476 -42.543531 -175.226303 44.903081 -173.441843
25.648520 150.616507 -42.548292 -175.225993 44.903070 -173.441536
25.648626 150.616539 -42.553053 -175.225684 44.903058 -173.441229
25.648732 150.616570 -42.557814 -175.225375 44.903047 -173.440923
25.648838 150.616600 -42.562575 -175.225065 44.903035 -173.440617
25.648943 150.616631 -42.567336 -175.224756 44.903023 -173.440311
25.649048 150.616662 -42.572097 -175.224446 44.903011 -173.440004
25.649152 150.616693 -42.576859 -175.224137 44.903000 -173.439698
25.649256 150.616724 -42.581620 -175.223828 44.902988 -173.439392
25.649360 150.616755 -42.586381 -175.223518 44.902976 -173.439086
25.649463 150.616786 -42.591142 -175.223210 44.902964 -173.438780
25.649566 150.616816 -42.595903 -175.222901 44.902952 -173.438474
25.649668 150.616847 -42.600664 -175.222591 44.902941 -173.438168
25.649770 150.616878 -42.605425 -175.222282 44.902929 -173.437862
25.649872 150.616907 -42.610187 -175.221973 44.902917 -173.437557
25.649973 150.616938 -42.614948 -175.221664 44.902906 -173.437251
25.650074 150.616969 -42.619709 -175.221354 44.902894 -173.436945
25.650175 150.616999 -42.624470 -175.221046 44.902882 -173.436640
25.650275 150.617030 -42.629231 -175.220737 44.902871 -173.436334
25.650375 150.617061 -42.633993 -175.220428 44.902859 -173.436029
25.650474 150.617090 -42.638754 -175.220119 44.902847 -173.435725
25.650573 150.617121 -42.643515 -175.219809 44.902835 -173.435419
25.650672 150.617151 -42.648276 -175.219500 44.902823 -173.435114
25.650770 150.617182 -42.653039 -175.219192 44.902811 -173.434809
25.650868 150.617212 -42.657799 -175.218883 44.902800 -173.434504
25.650964 150.617242 -42.662561 -175.218574 44.902788 -173.434200
25.651061 150.617272 -42.667322 -175.218265 44.902776 -173.433895
25.651158 150.617302 -42.672084 -175.217957 44.902765 -173.433590
25.651254 150.617332 -42.676845 -175.217648 44.902753 -173.433286
25.651350 150.617362 -42.681606 -175.217339 44.902741 -173.432981
25.651446 150.617392 -42.686368 -175.217030 44.902730 -173.432677
25.651541 150.617423 -42.691129 -175.216722 44.902718 -173.432372
25.651636 150.617452 -42.695890 -175.216413 44.902706 -173.432068
25.651730 150.617483 -42.700652 -175.216104 44.902694 -173.431764
25.651824 150.617512 -42.705413 -175.215795 44.902682 -173.431460
25.651918 150.617542 -42.710174 -175.215487 44.902670 -173.431157
25.652011 150.617572 -42.714936 -175.215178 44.902658 -173.430852
25.652104 150.617602 -42.719697 -175.214869 44.902647 -173.430548
25.652197 150.617631 -42.724459 -175.214560 44.902635 -173.430245
25.652289 150.617662 -42.729220 -175.214252 44.902624 -173.429941
25.652381 150.617691 -42.733981 -175.213943 44.902612 -173.429637
25.652472 150.617721 -42.738743 -175.213634 44.902600 -173.429333
25.652563 150.617750 -42.743504 -175.213325 44.902588 -173.429029
25.652654 150.617780 -42.748266 -175.213018 44.902576 -173.428727
25.652744 150.617809 -42.753027 -175.212709 44.902565 -173.428423
25.652834 150.617838 -42.757789 -175.212401 44.902553 -173.428120
25.652923 150.617868 -42.762550 -175.212092 44.902541 -173.427816
25.653012 150.617897 -42.767312 -175.211783 44.902529 -173.427513
25.653101 150.617927 -42.772073 -175.211476 44.902517 -173.427211
25.653189 150.617956 -42.776835 -175.211167 44.902505 -173.426907
25.653277 150.617986 -42.781596 -175.210858 44.902493 -173.426605
25.653365 150.618015 -42.786358 -175.210550 44.902483 -173.426302
25.653452 150.618044 -42.791119 -175.210242 44.902471 -173.426000
25.653539 150.618074 -42.795881 -175.209933 44.902459 -173.425697
25.653625 150.618103 -42.800642 -175.209625 44.902447 -173.425394
25.653711 150.618133 -42.805404 -175.209316 44.902435 -173.425091
25.653797 150.618161 -42.810165 -175.209009 44.902423 -173.424790
25.653882 150.618190 -42.814927 -175.208700 44.902411 -173.424487
25.653967 150.618220 -42.819689 -175.208393 44.902400 -173.424185
25.654051 150.618249 -42.824450 -175.208084 44.902388 -173.423883
25.654135 150.618277 -42.829213 -175.207775 44.902376 -173.423580
25.654219 150.618307 -42.833974 -175.207468 44.902364 -173.423279
25.654302 150.618335 -42.838736 -175.207159 44.902352 -173.422976
25.654385 150.618364 -42.843498 -175.206852 44.902341 -173.422675
25.654468 150.618394 -42.848259 -175.206543 44.902329 -173.422373
25.654550 150.618422 -42.853021 -175.206234 44.902317 -173.422072
25.654632 150.618451 -42.857783 -175.205927 44.902306 -173.421771
25.654714 150.618480 -42.862544 -175.205618 44.902294 -173.421469
25.654795 150.618509 -42.867306 -175.205311 44.902282 -173.421168
25.654875 150.618537 -42.872068 -175.205002 44.902270 -173.420866
25.654956 150.618565 -42.876829 -175.204695 44.902258 -173.420565
25.655036 150.618595 -42.881591 -175.204386 44.902246 -173.420263
25.655115 150.618623 -42.886353 -175.204079 44.902234 -173.419962
25.655194 150.618651 -42.891114 -175.203771 44.902222 -173.419662
25.655273 150.618681 -42.895876 -175.203463 44.902211 -173.419360
25.655351 150.618709 -42.900638 -175.203155 44.902200 -173.419060
25.655430 150.618737 -42.905399 -175.202847 44.902188 -173.418758
25.655507 150.618765 -42.910161 -175.202539 44.902176 -173.418458
25.655584 150.618794 -42.914923 -175.202232 44.902164 -173.418157
25.655661 150.618823 -42.919685 -175.201923 44.902152 -173.417856
25.655738 150.618851 -42.924446 -175.201616 44.902140 -173.417557
25.655814 150.618879 -42.929208 -175.201309 44.902128 -173.417257
25.655890 150.618907 -42.933970 -175.201000 44.902116 -173.416956
25.655965 150.618935 -42.938732 -175.200692 44.902104 -173.416656
25.656040 150.618964 -42.943494 -175.200385 44.902093 -173.416356
25.656115 150.618992 -42.948255 -175.200076 44.902081 -173.416055
25.656189 150.619020 -42.953017 -175.199769 44.902070 -173.415755
25.656263 150.619048 -42.957779 -175.199462 44.902058 -173.415456
25.656336 150.619076 -42.962541 -175.199154 44.902046 -173.415156
25.656409 150.619105 -42.967303 -175.198846 44.902034 -173.414855
25.656482 150.619133 -42.972065 -175.198538 44.902022 -173.414556
25.656554 150.619160 -42.976827 -175.198231 44.902010 -173.414256
25.656626 150.619188 -42.981589 -175.197924 44.901998 -173.413957
25.656698 150.619216 -42.986351 -175.197616 44.901986 -173.413659
25.656769 150.619244 -42.991113 -175.197308 44.901975 -173.413358
25.656840 150.619271 -42.995875 -175.197000 44.901963 -173.413059
25.656910 150.619299 -43.000637 -175.196693 44.901951 -173.412760
25.656980 150.619327 -43.005398 -175.196386 44.901939 -173.412461
25.657050 150.619354 -43.010160 -175.196078 44.901928 -173.412162
25.657119 150.619383 -43.014922 -175.195771 44.901916 -173.411863
25.657188 150.619411 -43.019684 -175.195464 44.901904 -173.411564
25.657257 150.619438 -43.024446 -175.195156 44.901892 -173.411266
25.657325 150.619466 -43.029208 -175.194849 44.901880 -173.410967
25.657394 150.619493 -43.033970 -175.194542 44.901868 -173.410668
25.657461 150.619521 -43.038732 -175.194234 44.901856 -173.410370
25.657528 150.619548 -43.043494 -175.193927 44.901845 -173.410071
25.657595 150.619576 -43.048256 -175.193618 44.901833 -173.409772
25.657661 150.619603 -43.053018 -175.193312 44.901821 -173.409475
25.657727 150.619630 -43.057780 -175.193005 44.901809 -173.409177
25.657793 150.619658 -43.062542 -175.192698 44.901797 -173.408879
25.657858 150.619685 -43.067304 -175.192390 44.901786 -173.408581
25.657922 150.619712 -43.072066 -175.192083 44.901774 -173.408283
25.657987 150.619740 -43.076828 -175.191776 44.901762 -173.407985
25.658051 150.619767 -43.081590 -175.191469 44.901750 -173.407687
25.658114 150.619794 -43.086352 -175.191161 44.901738 -173.407389
25.658178 150.619821 -43.091114 -175.190854 44.901726 -173.407091
25.658241 150.619848 -43.095876 -175.190547 44.901714 -173.406793
25.658303 150.619875 -43.100638 -175.190239 44.901702 -173.406496
25.658365 150.619903 -43.105400 -175.189932 44.901691 -173.406198
25.658427 150.619930 -43.110162 -175.189625 44.901679 -173.405901
25.658488 150.619957 -43.114925 -175.189319 44.901667 -173.405604
25.658549 150.619983 -43.119687 -175.189011 44.901655 -173.405308
25.658610 150.620010 -43.124449 -175.188704 44.901643 -173.405011
25.658670 150.620037 -43.129211 -175.188397 44.901632 -173.404713
25.658730 150.620064 -43.133973 -175.188089 44.901620 -173.404416
25.658790 150.620091 -43.138735 -175.187784 44.901608 -173.404120
25.658849 150.620117 -43.143497 -175.187476 44.901596 -173.403823
25.658907 150.620144 -43.148259 -175.187169 44.901584 -173.403526
25.658966 150.620171 -43.153021 -175.186862 44.901572 -173.403229
25.659025 150.620198 -43.157783 -175.186556 44.901560 -173.402933
25.659082 150.620224 -43.162545 -175.186248 44.901548 -173.402636
25.659140 150.620250 -43.167308 -175.185941 44.901536 -173.402340
25.659196 150.620277 -43.172070 -175.185635 44.901524 -173.402044
25.659253 150.620304 -43.176832 -175.185328 44.901512 -173.401749
25.659309 150.620331 -43.181594 -175.185020 44.901501 -173.401452
25.659365 150.620357 -43.186356 -175.184715 44.901490 -173.401157
25.659420 150.620383 -43.191118 -175.184407 44.901478 -173.400860
25.659475 150.620409 -43.195880 -175.184100 44.901466 -173.400564
25.659530 150.620436 -43.200642 -175.183794 44.901454 -173.400269
25.659584 150.620463 -43.205405 -175.183487 44.901442 -173.399973
25.659638 150.620489 -43.210167 -175.183179 44.901430 -173.399677
25.659691 150.620515 -43.214929 -175.182874 44.901418 -173.399382
25.659744 150.620541 -43.219691 -175.182566 44.901406 -173.399086
25.659797 150.620567 -43.224453 -175.182260 44.901394 -173.398791
25.659849 150.620594 -43.229216 -175.181953 44.901382 -173.398495
25.659901 150.620619 -43.233978 -175.181647 44.901370 -173.398201
25.659953 150.620646 -43.238741 -175.181340 44.901358 -173.397906
25.660005 150.620672 -43.243503 -175.181034 44.901346 -173.397611
25.660056 150.620698 -43.248265 -175.180727 44.901335 -173.397316
25.660106 150.620724 -43.253028 -175.180421 44.901323 -173.397021
25.660157 150.620750 -43.257790 -175.180113 44.901311 -173.396726
25.660206 150.620776 -43.262552 -175.179807 44.901299 -173.396432
25.660256 150.620801 -43.267314 -175.179500 44.901287 -173.396137
25.660305 150.620827 -43.272076 -175.179194 44.901275 -173.395842
25.660353 150.620854 -43.276839 -175.178887 44.901263 -173.395547
25.660401 150.620880 -43.281601 -175.178581 44.901251 -173.395253
25.660449 150.620905 -43.286363 -175.178274 44.901239 -173.394959
25.660497 150.620931 -43.291125 -175.177968 44.901227 -173.394665
25.660544 150.620956 -43.295888 -175.177662 44.901215 -173.394371
25.660591 150.620982 -43.300650 -175.177355 44.901204 -173.394077
25.660637 150.621008 -43.305412 -175.177049 44.901192 -173.393784
25.660683 150.621033 -43.310175 -175.176741 44.901180 -173.393489
25.660730 150.621059 -43.314937 -175.176435 44.901169 -173.393196
25.660775 150.621085 -43.319699 -175.176130 44.901157 -173.392902
25.660820 150.621110 -43.324461 -175.175822 44.901145 -173.392608
25.660864 150.621135 -43.329224 -175.175516 44.901133 -173.392315
25.660908 150.621161 -43.333986 -175.175210 44.901121 -173.392021
25.660952 150.621186 -43.338748 -175.174903 44.901109 -173.391727
25.660995 150.621212 -43.343511 -175.174597 44.901097 -173.391434
25.661039 150.621237 -43.348273 -175.174291 44.901085 -173.391141
25.661081 150.621262 -43.353035 -175.173985 44.901073 -173.390848
25.661123 150.621287 -43.357798 -175.173678 44.901061 -173.390555
25.661165 150.621313 -43.362561 -175.173372 44.901049 -173.390263
25.661207 150.621338 -43.367323 -175.173066 44.901037 -173.389970
25.661249 150.621363 -43.372086 -175.172760 44.901025 -173.389677
25.661290 150.621389 -43.376848 -175.172453 44.901014 -173.389384
25.661330 150.621413 -43.381610 -175.172147 44.901002 -173.389091
25.661370 150.621439 -43.386373 -175.171841 44.900990 -173.388799
25.661410 150.621463 -43.391135 -175.171535 44.900978 -173.388507
25.661449 150.621489 -43.395898 -175.171230 44.900966 -173.388214
25.661488 150.621513 -43.400660 -175.170924 44.900954 -173.387922
25.661527 150.621539 -43.405422 -175.170616 44.900942 -173.387629
25.661565 150.621563 -43.410185 -175.170310 44.900930 -173.387337
25.661602 150.621589 -43.414947 -175.170005 44.900918 -173.387046
25.661640 150.621613 -43.419709 -175.169699 44.900906 -173.386754
25.661678 150.621638 -43.424472 -175.169393 44.900894 -173.386462
25.661715 150.621663 -43.429234 -175.169087 44.900882 -173.386171
25.661751 150.621687 -43.433997 -175.168781 44.900870 -173.385879
25.661787 150.621712 -43.438759 -175.168475 44.900858 -173.385588
25.661822 150.621736 -43.443521 -175.168169 44.900847 -173.385296
25.661858 150.621762 -43.448284 -175.167863 44.900835 -173.385005
25.661892 150.621786 -43.453046 -175.167556 44.900823 -173.384712
25.661927 150.621811 -43.457809 -175.167250 44.900811 -173.384421
25.661961 150.621835 -43.462571 -175.166944 44.900799 -173.384130
25.661995 150.621859 -43.467334 -175.166638 44.900787 -173.383839
25.662028 150.621884 -43.472097 -175.166332 44.900775 -173.383548
25.662062 150.621908 -43.476860 -175.166027 44.900763 -173.383257
25.662095 150.621932 -43.481622 -175.165721 44.900751 -173.382967
25.662127 150.621957 -43.486384 -175.165415 44.900739 -173.382676
25.662159 150.621981 -43.491147 -175.165109 44.900727 -173.382385
25.662190 150.622006 -43.495909 -175.164804 44.900715 -173.382095
25.662221 150.622030 -43.500672 -175.164498 44.900703 -173.381805
25.662252 150.622054 -43.505434 -175.164193 44.900691 -173.381514
25.662282 150.622079 -43.510197 -175.163887 44.900680 -173.381224
25.662312 150.622103 -43.514959 -175.163581 44.900668 -173.380933
25.662343 150.622127 -43.519722 -175.163275 44.900656 -173.380643
25.662372 150.622150 -43.524484 -175.162969 44.900644 -173.380354
25.662401 150.622175 -43.529247 -175.162663 44.900632 -173.380064
25.662430 150.622199 -43.534009 -175.162357 44.900620 -173.379773
25.662458 150.622223 -43.538772 -175.162051 44.900608 -173.379483
25.662486 150.622247 -43.543534 -175.161746 44.900595 -173.379193
25.662513 150.622271 -43.548297 -175.161441 44.900583 -173.378905
25.662540 150.622295 -43.553059 -175.161135 44.900571 -173.378615
25.662568 150.622318 -43.557822 -175.160829 44.900559 -173.378325
25.662594 150.622343 -43.562584 -175.160523 44.900547 -173.378035
25.662620 150.622366 -43.567347 -175.160217 44.900535 -173.377746
25.662646 150.622390 -43.572110 -175.159913 44.900523 -173.377457
25.662671 150.622413 -43.576873 -175.159607 44.900511 -173.377169
25.662696 150.622438 -43.581635 -175.159301 44.900499 -173.376880
25.662720 150.622461 -43.586398 -175.158995 44.900488 -173.376590
25.662744 150.622485 -43.591160 -175.158689 44.900476 -173.376301
25.662768 150.622508 -43.595923 -175.158385 44.900464 -173.376013
25.662793 150.622532 -43.600686 -175.158079 44.900452 -173.375724
25.662816 150.622556 -43.605448 -175.157773 44.900440 -173.375435
25.662838 150.622579 -43.610211 -175.157467 44.900428 -173.375146
25.662860 150.622603 -43.614973 -175.157163 44.900416 -173.374858
25.662882 150.622626 -43.619736 -175.156857 44.900404 -173.374570
25.662904 150.622649 -43.624498 -175.156551 44.900392 -173.374281
25.662925 150.622672 -43.629261 -175.156247 44.900380 -173.373993
25.662946 150.622697 -43.634024 -175.155941 44.900368 -173.373706
25.662967 150.622720 -43.638786 -175.155635 44.900356 -173.373417
25.662987 150.622743 -43.643549 -175.155330 44.900344 -173.373130
25.663007 150.622766 -43.648311 -175.155024 44.900332 -173.372842
25.663026 150.622789 -43.653074 -175.154718 44.900320 -173.372554
25.663045 150.622812 -43.657836 -175.154414 44.900307 -173.372267
25.663064 150.622835 -43.662599 -175.154108 44.900296 -173.371979
25.663082 150.622858 -43.667362 -175.153802 44.900284 -173.371691
25.663101 150.622881 -43.672125 -175.153498 44.900272 -173.371404
