-27.693263 151.709770 -54.698463 27.236326 -41.641140 -18.877934
-27.683186 151.709767 -54.698463 27.236326 -41.641140 -18.877899
-27.673109 151.709764 -54.698463 27.236326 -41.641140 -18.877865
-27.663032 151.709761 -54.698463 27.236326 -41.641140 -18.877831
-27.652956 151.709758 -54.698463 27.236326 -41.641140 -18.877797
-27.642879 151.709755 -54.698463 27.236326 -41.641140 -18.877763
-27.632803 151.709752 -54.698463 27.236326 -41.641140 -18.877730
-27.622726 151.709750 -54.698463 27.236326 -41.641140 -18.877698
-27.612650 151.709747 -54.698463 27.236326 -41.641140 -18.877666
-27.602574 151.709744 -54.698463 27.236326 -41.641140 -18.877634
-27.592498 151.709741 -54.698463 27.236326 -41.641140 -18.877603
-27.582423 151.709739 -54.698463 27.236327 -41.641140 -18.877572
-27.572347 151.709736 -54.698463 27.236327 -41.641140 -18.877542
-27.562272 151.709734 -54.698463 27.236327 -41.641140 -18.877512
-27.552197 151.709731 -54.698463 27.236327 -41.641140 -18.877483
-27.542122 151.709728 -54.698463 27.236327 -41.641140 -18.877454
-27.532046 151.709726 -54.698463 27.236327 -41.641140 -18.877425
-27.521971 151.709723 -54.698463 27.236327 -41.641140 -18.877397
-27.511897 151.709721 -54.698463 27.236327 -41.641140 -18.877370
-27.501822 151.709719 -54.698463 27.236327 -41.641140 -18.877343
-27.491748 151.709717 -54.698463 27.236327 -41.641140 -18.877317
-27.481673 151.709714 -54.698463 27.236327 -41.641140 -18.877291
-27.471600 151.709712 -54.698463 27.236327 -41.641140 -18.877266
-27.461526 151.709710 -54.698463 27.236327 -41.641140 -18.877241
-27.451453 151.709708 -54.698463 27.236327 -41.641140 -18.877217
-27.441379 151.709706 -54.698463 27.236329 -41.641139 -18.877195
-27.431306 151.709704 -54.698463 27.236329 -41.641139 -18.877172
-27.421233 151.709702 -54.698463 27.236329 -41.641139 -18.877150
-27.411160 151.709700 -54.698463 27.236329 -41.641139 -18.877128
-27.401088 151.709698 -54.698463 27.236329 -41.641139 -18.877107
-27.391015 151.709696 -54.698463 27.236329 -41.641139 -18.877087
-27.380943 151.709695 -54.698463 27.236329 -41.641139 -18.877067
-27.370871 151.709693 -54.698463 27.236329 -41.641139 -18.877047
-27.360799 151.709691 -54.698463 27.236329 -41.641139 -18.877029
-27.350728 151.709690 -54.698463 27.236329 -41.641139 -18.877011
-27.340656 151.709688 -54.698463 27.236329 -41.641139 -18.876994
-27.330585 151.709687 -54.698463 27.236329 -41.641139 -18.876977
-27.320514 151.709685 -54.698463 27.236329 -41.641139 -18.876961
-27.310443 151.709684 -54.698463 27.236329 -41.641139 -18.876946
-27.300373 151.709683 -54.698463 27.236329 -41.641139 -18.876932
-27.290303 151.709682 -54.698463 27.236329 -41.641139 -18.876918
-27.280232 151.709681 -54.698463 27.236329 -41.641139 -18.876905
-27.270162 151.709679 -54.698463 27.236329 -41.641139 -18.876893
-27.260093 151.709678 -54.698463 27.236329 -41.641139 -18.876881
-27.250024 151.709677 -54.698463 27.236329 -41.641139 -18.876870
-27.239954 151.709677 -54.698463 27.236329 -41.641139 -18.876860
-27.229886 151.709676 -54.698463 27.236329 -41.641139 -18.876851
-27.219817 151.709675 -54.698463 27.236329 -41.641139 -18.876842
-27.209749 151.709674 -54.698463 27.236329 -41.641139 -18.876834
-27.199681 151.709674 -54.698463 27.236329 -41.641139 -18.876827
-27.189614 151.709673 -54.698463 27.236329 -41.641139 -18.876821
-27.179546 151.709673 -54.698463 27.236329 -41.641139 -18.876816
-27.169478 151.709672 -54.698463 27.236329 -41.641139 -18.876811
-27.159411 151.709672 -54.698463 27.236329 -41.641139 -18.876808
-27.149344 151.709672 -54.698463 27.236329 -41.641139 -18.876805
-27.139278 151.709672 -54.698463 27.236329 -41.641139 -18.876802
-27.129212 151.709671 -54.698463 27.236329 -41.641139 -18.876801
-27.119146 151.709671 -54.698463 27.236329 -41.641139 -18.876801
-27.109080 151.709671 -54.698463 27.236329 -41.641139 -18.876801
-27.099015 151.709672 -54.698463 27.236329 -41.641139 -18.876803
-27.088950 151.709672 -54.698463 27.236329 -41.641139 -18.876805
-27.078885 151.709672 -54.698463 27.236329 -41.641139 -18.876808
-27.068821 151.709672 -54.698463 27.236329 -41.641139 -18.876812
-27.058756 151.709673 -54.698463 27.236329 -41.641139 -18.876817
-27.048692 151.709673 -54.698463 27.236329 -41.641139 -18.876823
-27.038628 151.709674 -54.698463 27.236329 -41.641139 -18.876830
-27.028565 151.709675 -54.698463 27.236329 -41.641139 -18.876837
-27.018502 151.709675 -54.698463 27.236329 -41.641139 -18.876846
-27.008439 151.709676 -54.698463 27.236329 -41.641139 -18.876856
-26.998377 151.709677 -54.698463 27.236329 -41.641139 -18.876866
-26.988315 151.709678 -54.698463 27.236329 -41.641139 -18.876878
-26.978253 151.709679 -54.698463 27.236329 -41.641139 -18.876890
-26.968192 151.709680 -54.698463 27.236329 -41.641139 -18.876904
-26.958131 151.709682 -54.698463 27.236329 -41.641139 -18.876919
-26.948070 151.709683 -54.698463 27.236329 -41.641139 -18.876934
-26.938010 151.709685 -54.698463 27.236329 -41.641139 -18.876951
-26.927949 151.709686 -54.698463 27.236329 -41.641139 -18.876968
-26.917890 151.709688 -54.698463 27.236329 -41.641139 -18.876987
-26.907830 151.709689 -54.698463 27.236329 -41.641139 -18.877006
-26.897770 151.709691 -54.698463 27.236329 -41.641139 -18.877027
-26.887712 151.709693 -54.698463 27.236329 -41.641139 -18.877049
-26.877653 151.709695 -54.698463 27.236329 -41.641139 -18.877072
-26.867595 151.709697 -54.698463 27.236329 -41.641139 -18.877096
-26.857538 151.709699 -54.698463 27.236329 -41.641139 -18.877121
-26.847480 151.709702 -54.698463 27.236329 -41.641139 -18.877147
-26.837423 151.709704 -54.698463 27.236329 -41.641139 -18.877174
-26.827366 151.709706 -54.698463 27.236327 -41.641140 -18.877201
-26.817310 151.709709 -54.698463 27.236327 -41.641140 -18.877230
-26.807254 151.709712 -54.698463 27.236327 -41.641140 -18.877261
-26.797198 151.709714 -54.698463 27.236327 -41.641140 -18.877293
-26.787143 151.709717 -54.698463 27.236327 -41.641140 -18.877325
-26.777088 151.709720 -54.698463 27.236327 -41.641140 -18.877359
-26.767034 151.709723 -54.698463 27.236327 -41.641140 -18.877395
-26.756980 151.709726 -54.698463 27.236327 -41.641140 -18.877431
-26.746926 151.709730 -54.698463 27.236327 -41.641140 -18.877468
-26.736873 151.709733 -54.698463 27.236327 -41.641140 -18.877507
-26.726820 151.709737 -54.698463 27.236327 -41.641140 -18.877547
-26.716768 151.709740 -54.698463 27.236327 -41.641140 -18.877588
-26.706715 151.709744 -54.698463 27.236326 -41.641140 -18.877630
-26.696663 151.709748 -54.698463 27.236326 -41.641140 -18.877674
-26.686612 151.709751 -54.698463 27.236326 -41.641140 -18.877718
-26.676561 151.709755 -54.698463 27.236326 -41.641140 -18.877764
-26.666510 151.709760 -54.698463 27.236326 -41.641140 -18.877812
-26.656460 151.709764 -54.698463 27.236326 -41.641140 -18.877860
-26.646410 151.709768 -54.698463 27.236326 -41.641140 -18.877910
-26.636361 151.709773 -54.698463 27.236326 -41.641140 -18.877961
-26.626312 151.709777 -54.698463 27.236325 -41.641140 -18.878012
-26.616263 151.709782 -54.698463 27.236325 -41.641140 -18.878066
-26.606216 151.709787 -54.698463 27.236325 -41.641140 -18.878121
-26.596168 151.709791 -54.698463 27.236325 -41.641140 -18.878177
-26.586120 151.709797 -54.698463 27.236325 -41.641140 -18.878235
-26.576074 151.709802 -54.698463 27.236325 -41.641140 -18.878294
-26.566028 151.709807 -54.698463 27.236325 -41.641140 -18.878354
-26.555982 151.709812 -54.698463 27.236324 -41.641141 -18.878414
-26.545936 151.709818 -54.698463 27.236324 -41.641141 -18.878477
-26.535891 151.709823 -54.698463 27.236324 -41.641141 -18.878541
-26.525846 151.709829 -54.698463 27.236324 -41.641141 -18.878607
-26.515802 151.709835 -54.698463 27.236324 -41.641141 -18.878674
-26.505758 151.709841 -54.698463 27.236324 -41.641141 -18.878743
-26.495715 151.709847 -54.698463 27.236322 -41.641141 -18.878811
-26.485672 151.709853 -54.698463 27.236322 -41.641141 -18.878883
-26.475630 151.709859 -54.698463 27.236322 -41.641141 -18.878955
-26.465588 151.709866 -54.698463 27.236322 -41.641141 -18.879029
-26.455546 151.709872 -54.698463 27.236322 -41.641141 -18.879105
-26.445505 151.709879 -54.698463 27.236321 -41.641141 -18.879181
-26.435465 151.709886 -54.698463 27.236321 -41.641141 -18.879259
-26.425425 151.709893 -54.698463 27.236321 -41.641141 -18.879339
-26.415385 151.709900 -54.698463 27.236321 -41.641141 -18.879420
-26.405346 151.709907 -54.698463 27.236321 -41.641141 -18.879503
-26.395308 151.709915 -54.698463 27.236320 -41.641142 -18.879587
-26.385269 151.709922 -54.698463 27.236320 -41.641142 -18.879672
-26.375232 151.709930 -54.698463 27.236320 -41.641142 -18.879760
-26.365195 151.709937 -54.698463 27.236320 -41.641142 -18.879848
-26.355158 151.709945 -54.698463 27.236320 -41.641142 -18.879939
-26.345122 151.709953 -54.698463 27.236319 -41.641142 -18.880031
-26.335086 151.709961 -54.698463 27.236319 -41.641142 -18.880124
-26.325051 151.709970 -54.698463 27.236319 -41.641142 -18.880219
-26.315016 151.709978 -54.698463 27.236319 -41.641142 -18.880315
-26.304982 151.709986 -54.698463 27.236317 -41.641142 -18.880412
-26.294948 151.709995 -54.698463 27.236317 -41.641142 -18.880512
-26.284915 151.710004 -54.698463 27.236317 -41.641142 -18.880613
-26.274882 151.710013 -54.698463 27.236317 -41.641142 -18.880716
-26.264850 151.710022 -54.698463 27.236316 -41.641143 -18.880820
-26.254819 151.710031 -54.698463 27.236316 -41.641143 -18.880926
-26.244788 151.710041 -54.698463 27.236316 -41.641143 -18.881033
-26.234757 151.710050 -54.698463 27.236315 -41.641143 -18.881141
-26.224727 151.710060 -54.698463 27.236315 -41.641143 -18.881252
-26.214698 151.710070 -54.698463 27.236315 -41.641143 -18.881365
-26.204668 151.710080 -54.698463 27.236315 -41.641143 -18.881479
-26.194640 151.710090 -54.698463 27.236313 -41.641143 -18.881594
-26.184612 151.710100 -54.698463 27.236313 -41.641143 -18.881711
-26.174585 151.710110 -54.698463 27.236313 -41.641143 -18.881831
-26.164558 151.710121 -54.698463 27.236312 -41.641144 -18.881950
-26.154531 151.710131 -54.698463 27.236312 -41.641144 -18.882073
-26.144506 151.710142 -54.698463 27.236312 -41.641144 -18.882197
-26.134481 151.710153 -54.698463 27.236311 -41.641144 -18.882323
-26.124456 151.710164 -54.698463 27.236311 -41.641144 -18.882450
-26.114431 151.710176 -54.698463 27.236311 -41.641144 -18.882579
-26.104407 151.710187 -54.698463 27.236310 -41.641144 -18.882708
-26.094385 151.710198 -54.698463 27.236310 -41.641144 -18.882839
-26.084362 151.710210 -54.698463 27.236310 -41.641144 -18.882973
-26.074340 151.710222 -54.698463 27.236308 -41.641145 -18.883106
-26.064318 151.710233 -54.698463 27.236308 -41.641145 -18.883242
-26.054295 151.710245 -54.698463 27.236308 -41.641145 -18.883379
-26.044274 151.710257 -54.698463 27.236307 -41.641145 -18.883517
-26.034254 151.710270 -54.698463 27.236307 -41.641145 -18.883657
-26.024234 151.710282 -54.698463 27.236307 -41.641145 -18.883798
-26.014214 151.710294 -54.698463 27.236306 -41.641145 -18.883939
-26.004194 151.710307 -54.698463 27.236306 -41.641145 -18.884083
-25.994175 151.710319 -54.698463 27.236306 -41.641145 -18.884228
-25.984157 151.710332 -54.698463 27.236305 -41.641146 -18.884373
-25.974138 151.710345 -54.698463 27.236305 -41.641146 -18.884520
-25.964120 151.710358 -54.698463 27.236305 -41.641146 -18.884669
-25.954102 151.710371 -54.698463 27.236303 -41.641146 -18.884818
-25.944086 151.710384 -54.698463 27.236303 -41.641146 -18.884969
-25.934068 151.710397 -54.698463 27.236302 -41.641146 -18.885119
-25.924052 151.710410 -54.698463 27.236302 -41.641146 -18.885272
-25.914035 151.710424 -54.698463 27.236302 -41.641146 -18.885425
-25.904020 151.710437 -54.698463 27.236301 -41.641147 -18.885579
-25.894004 151.710451 -54.698463 27.236301 -41.641147 -18.885734
-25.883988 151.710464 -54.698463 27.236300 -41.641147 -18.885890
-25.873974 151.710478 -54.698463 27.236300 -41.641147 -18.886047
-25.863959 151.710492 -54.698463 27.236300 -41.641147 -18.886205
-25.853944 151.710506 -54.698463 27.236298 -41.641147 -18.886363
-25.843929 151.710520 -54.698463 27.236298 -41.641147 -18.886522
-25.833916 151.710534 -54.698463 27.236297 -41.641147 -18.886682
-25.823902 151.710548 -54.698463 27.236297 -41.641147 -18.886843
-25.813888 151.710562 -54.698463 27.236297 -41.641147 -18.887005
-25.803875 151.710576 -54.698464 27.236296 -41.641148 -18.887167
-25.793862 151.710590 -54.698464 27.236296 -41.641148 -18.887330
-25.783849 151.710604 -54.698464 27.236294 -41.641148 -18.887494
-25.773836 151.710619 -54.698464 27.236294 -41.641148 -18.887659
-25.763823 151.710633 -54.698464 27.236293 -41.641148 -18.887823
-25.753812 151.710648 -54.698464 27.236293 -41.641148 -18.887989
-25.743800 151.710662 -54.698464 27.236293 -41.641148 -18.888155
-25.733788 151.710676 -54.698464 27.236292 -41.641149 -18.888321
-25.723776 151.710691 -54.698464 27.236292 -41.641149 -18.888488
-25.713764 151.710706 -54.698464 27.236291 -41.641149 -18.888655
-25.703753 151.710720 -54.698464 27.236291 -41.641149 -18.888823
-25.693741 151.710735 -54.698464 27.236291 -41.641149 -18.888991
-25.683729 151.710750 -54.698464 27.236289 -41.641149 -18.889159
-25.673718 151.710764 -54.698464 27.236289 -41.641149 -18.889329
-25.663707 151.710779 -54.698464 27.236288 -41.641150 -18.889497
-25.653696 151.710794 -54.698464 27.236288 -41.641150 -18.889667
-25.643685 151.710809 -54.698464 27.236287 -41.641150 -18.889837
-25.633674 151.710824 -54.698464 27.236287 -41.641150 -18.890008
-25.623663 151.710838 -54.698464 27.236287 -41.641150 -18.890178
-25.613653 151.710853 -54.698464 27.236286 -41.641150 -18.890348
-25.603642 151.710868 -54.698464 27.236286 -41.641150 -18.890519
-25.593632 151.710883 -54.698464 27.236284 -41.641151 -18.890689
-25.583621 151.710898 -54.698464 27.236284 -41.641151 -18.890860
-25.573610 151.710913 -54.698464 27.236283 -41.641151 -18.891031
-25.563599 151.710928 -54.698464 27.236283 -41.641151 -18.891202
-25.553589 151.710943 -54.698464 27.236282 -41.641151 -18.891372
-25.543579 151.710958 -54.698464 27.236282 -41.641151 -18.891544
-25.533568 151.710973 -54.698464 27.236282 -41.641151 -18.891715
-25.523558 151.710987 -54.698464 27.236281 -41.641152 -18.891885
-25.513547 151.711002 -54.698464 27.236281 -41.641152 -18.892057
-25.503537 151.711017 -54.698464 27.236279 -41.641152 -18.892228
-25.493526 151.711032 -54.698464 27.236279 -41.641152 -18.892399
-25.483515 151.711047 -54.698464 27.236278 -41.641152 -18.892569
-25.473504 151.711062 -54.698464 27.236278 -41.641152 -18.892739
-25.463493 151.711077 -54.698464 27.236278 -41.641152 -18.892910
-25.453482 151.711092 -54.698464 27.236277 -41.641153 -18.893079
-25.443472 151.711106 -54.698464 27.236277 -41.641153 -18.893249
-25.433461 151.711121 -54.698464 27.236275 -41.641153 -18.893417
-25.423449 151.711136 -54.698464 27.236275 -41.641153 -18.893587
-25.413438 151.711151 -54.698464 27.236274 -41.641153 -18.893755
-25.403427 151.711165 -54.698464 27.236274 -41.641153 -18.893923
-25.393415 151.711180 -54.698464 27.236274 -41.641153 -18.894092
-25.383404 151.711194 -54.698464 27.236273 -41.641154 -18.894258
-25.373392 151.711209 -54.698464 27.236273 -41.641154 -18.894426
-25.363380 151.711224 -54.698464 27.236272 -41.641154 -18.894592
-25.353368 151.711238 -54.698464 27.236272 -41.641154 -18.894758
-25.343355 151.711253 -54.698464 27.236270 -41.641154 -18.894924
-25.333343 151.711267 -54.698464 27.236270 -41.641154 -18.895089
-25.323330 151.711281 -54.698464 27.236270 -41.641154 -18.895254
-25.313317 151.711296 -54.698464 27.236269 -41.641155 -18.895417
-25.303304 151.711310 -54.698464 27.236269 -41.641155 -18.895580
-25.293290 151.711324 -54.698464 27.236268 -41.641155 -18.895742
-25.283278 151.711338 -54.698464 27.236268 -41.641155 -18.895904
-25.273264 151.711352 -54.698464 27.236268 -41.641155 -18.896066
-25.263249 151.711366 -54.698464 27.236267 -41.641155 -18.896225
-25.253235 151.711380 -54.698464 27.236267 -41.641155 -18.896385
-25.243220 151.711394 -54.698464 27.236265 -41.641156 -18.896543
-25.233206 151.711408 -54.698464 27.236265 -41.641156 -18.896702
-25.223191 151.711421 -54.698464 27.236265 -41.641156 -18.896859
-25.213175 151.711435 -54.698464 27.236264 -41.641156 -18.897015
-25.203160 151.711449 -54.698464 27.236264 -41.641156 -18.897170
-25.193144 151.711462 -54.698464 27.236263 -41.641156 -18.897325
-25.183127 151.711475 -54.698464 27.236263 -41.641156 -18.897479
-25.173111 151.711489 -54.698464 27.236263 -41.641156 -18.897631
-25.163094 151.711502 -54.698464 27.236262 -41.641157 -18.897782
-25.153077 151.711515 -54.698464 27.236262 -41.641157 -18.897933
-25.143059 151.711528 -54.698464 27.236260 -41.641157 -18.898082
-25.133042 151.711541 -54.698464 27.236260 -41.641157 -18.898230
-25.123024 151.711554 -54.698464 27.236260 -41.641157 -18.898378
-25.113005 151.711567 -54.698464 27.236259 -41.641157 -18.898523
-25.102986 151.711579 -54.698464 27.236259 -41.641157 -18.898668
-25.092967 151.711592 -54.698464 27.236259 -41.641157 -18.898812
-25.082946 151.711604 -54.698464 27.236258 -41.641158 -18.898954
-25.072927 151.711616 -54.698464 27.236258 -41.641158 -18.899095
-25.062906 151.711629 -54.698464 27.236258 -41.641158 -18.899235
-25.052885 151.711641 -54.698464 27.236257 -41.641158 -18.899373
-25.042864 151.711653 -54.698464 27.236257 -41.641158 -18.899511
-25.032842 151.711665 -54.698464 27.236255 -41.641158 -18.899647
-25.022820 151.711676 -54.698464 27.236255 -41.641158 -18.899782
-25.012797 151.711688 -54.698464 27.236255 -41.641158 -18.899915
-25.002774 151.711699 -54.698465 27.236254 -41.641158 -18.900046
-24.992750 151.711711 -54.698465 27.236254 -41.641158 -18.900177
-24.982726 151.711722 -54.698465 27.236254 -41.641158 -18.900306
-24.972701 151.711733 -54.698465 27.236253 -41.641159 -18.900432
-24.962675 151.711744 -54.698465 27.236253 -41.641159 -18.900558
-24.952650 151.711755 -54.698465 27.236253 -41.641159 -18.900683
-24.942624 151.711766 -54.698465 27.236253 -41.641159 -18.900805
-24.932597 151.711776 -54.698465 27.236251 -41.641159 -18.900926
-24.922570 151.711787 -54.698465 27.236251 -41.641159 -18.901045
-24.912542 151.711797 -54.698465 27.236251 -41.641159 -18.901163
-24.902514 151.711807 -54.698465 27.236250 -41.641159 -18.901278
-24.892484 151.711817 -54.698465 27.236250 -41.641159 -18.901392
-24.882455 151.711827 -54.698465 27.236250 -41.641159 -18.901505
-24.872425 151.711836 -54.698465 27.236249 -41.641160 -18.901615
-24.862394 151.711846 -54.698465 27.236249 -41.641160 -18.901724
-24.852363 151.711855 -54.698465 27.236249 -41.641160 -18.901831
-24.842331 151.711864 -54.698465 27.236249 -41.641160 -18.901937
-24.832299 151.711873 -54.698465 27.236248 -41.641160 -18.902039
-24.822266 151.711882 -54.698465 27.236248 -41.641160 -18.902141
-24.812232 151.711891 -54.698465 27.236248 -41.641160 -18.902240
-24.802198 151.711899 -54.698465 27.236248 -41.641160 -18.902338
-24.792163 151.711908 -54.698465 27.236246 -41.641160 -18.902434
-24.782127 151.711916 -54.698465 27.236246 -41.641160 -18.902527
-24.772092 151.711924 -54.698465 27.236246 -41.641160 -18.902619
-24.762054 151.711932 -54.698465 27.236246 -41.641160 -18.902709
-24.752016 151.711939 -54.698465 27.236245 -41.641161 -18.902795
-24.741978 151.711947 -54.698465 27.236245 -41.641161 -18.902880
-24.731939 151.711954 -54.698465 27.236245 -41.641161 -18.902963
-24.721900 151.711961 -54.698465 27.236245 -41.641161 -18.903044
-24.711860 151.711968 -54.698465 27.236245 -41.641161 -18.903123
-24.701818 151.711974 -54.698465 27.236244 -41.641161 -18.903199
-24.691776 151.711981 -54.698465 27.236244 -41.641161 -18.903273
-24.681734 151.711987 -54.698465 27.236244 -41.641161 -18.903345
-24.671690 151.711993 -54.698465 27.236244 -41.641161 -18.903415
-24.661646 151.711999 -54.698465 27.236244 -41.641161 -18.903482
-24.651601 151.712005 -54.698465 27.236244 -41.641161 -18.903547
-24.641556 151.712010 -54.698465 27.236243 -41.641161 -18.903608
-24.631509 151.712015 -54.698465 27.236243 -41.641161 -18.903668
-24.621461 151.712020 -54.698465 27.236243 -41.641161 -18.903726
-24.611414 151.712025 -54.698465 27.236243 -41.641161 -18.903781
-24.601365 151.712030 -54.698465 27.236243 -41.641161 -18.903834
-24.591316 151.712034 -54.698465 27.236243 -41.641161 -18.903884
-24.581265 151.712038 -54.698465 27.236243 -41.641161 -18.903932
-24.571214 151.712042 -54.698465 27.236241 -41.641162 -18.903976
-24.561162 151.712046 -54.698465 27.236241 -41.641162 -18.904018
-24.551108 151.712049 -54.698465 27.236241 -41.641162 -18.904058
-24.541054 151.712053 -54.698465 27.236241 -41.641162 -18.904095
-24.531000 151.712056 -54.698465 27.236241 -41.641162 -18.904130
-24.520944 151.712058 -54.698465 27.236241 -41.641162 -18.904161
-24.510888 151.712061 -54.698465 27.236241 -41.641162 -18.904190
-24.500831 151.712063 -54.698465 27.236241 -41.641162 -18.904217
-24.490772 151.712065 -54.698465 27.236241 -41.641162 -18.904240
-24.480713 151.712067 -54.698465 27.236241 -41.641162 -18.904261
-24.470653 151.712069 -54.698465 27.236241 -41.641162 -18.904278
-24.460592 151.712070 -54.698465 27.236241 -41.641162 -18.904293
-24.450530 151.712071 -54.698465 27.236241 -41.641162 -18.904305
-24.440467 151.712072 -54.698465 27.236241 -41.641162 -18.904314
-24.430404 151.712072 -54.698465 27.236241 -41.641162 -18.904321
-24.420339 151.712073 -54.698465 27.236241 -41.641162 -18.904324
-24.410273 151.712073 -54.698465 27.236241 -41.641162 -18.904324
-24.400206 151.712072 -54.698465 27.236241 -41.641162 -18.904321
-24.390138 151.712072 -54.698465 27.236241 -41.641162 -18.904315
-24.380069 151.712071 -54.698465 27.236241 -41.641162 -18.904306
-24.369999 151.712070 -54.698465 27.236241 -41.641162 -18.904294
-24.359929 151.712069 -54.698465 27.236241 -41.641162 -18.904278
-24.349857 151.712067 -54.698465 27.236241 -41.641162 -18.904260
-24.339784 151.712065 -54.698465 27.236241 -41.641162 -18.904238
-24.329711 151.712063 -54.698465 27.236241 -41.641162 -18.904213
-24.319636 151.712060 -54.698465 27.236241 -41.641162 -18.904185
-24.309560 151.712058 -54.698465 27.236241 -41.641162 -18.904154
-24.299483 151.712055 -54.698465 27.236241 -41.641162 -18.904119
-24.289405 151.712051 -54.698465 27.236241 -41.641162 -18.904081
-24.279325 151.712048 -54.698465 27.236241 -41.641162 -18.904040
-24.269245 151.712044 -54.698465 27.236241 -41.641162 -18.903995
-24.259164 151.712040 -54.698465 27.236243 -41.641161 -18.903948
-24.249081 151.712035 -54.698465 27.236243 -41.641161 -18.903896
-24.238998 151.712030 -54.698465 27.236243 -41.641161 -18.903841
-24.228913 151.712025 -54.698465 27.236243 -41.641161 -18.903782
-24.218828 151.712020 -54.698465 27.236243 -41.641161 -18.903720
-24.208741 151.712014 -54.698465 27.236243 -41.641161 -18.903655
-24.198652 151.712008 -54.698465 27.236243 -41.641161 -18.903585
-24.188563 151.712002 -54.698465 27.236244 -41.641161 -18.903514
-24.178472 151.711995 -54.698465 27.236244 -41.641161 -18.903437
-24.168381 151.711988 -54.698465 27.236244 -41.641161 -18.903357
-24.158288 151.711981 -54.698465 27.236244 -41.641161 -18.903274
-24.148194 151.711973 -54.698465 27.236244 -41.641161 -18.903186
-24.138098 151.711965 -54.698465 27.236245 -41.641161 -18.903096
-24.128002 151.711957 -54.698465 27.236245 -41.641161 -18.903001
-24.117904 151.711948 -54.698465 27.236245 -41.641161 -18.902902
-24.107805 151.711940 -54.698465 27.236245 -41.641161 -18.902800
-24.097705 151.711930 -54.698465 27.236246 -41.641160 -18.902695
-24.087604 151.711921 -54.698465 27.236246 -41.641160 -18.902584
-24.077501 151.711911 -54.698465 27.236246 -41.641160 -18.902470
-24.067398 151.711901 -54.698465 27.236248 -41.641160 -18.902352
-24.057292 151.711890 -54.698465 27.236248 -41.641160 -18.902230
-24.047186 151.711879 -54.698465 27.236248 -41.641160 -18.902105
-24.037078 151.711868 -54.698465 27.236249 -41.641160 -18.901976
-24.026969 151.711856 -54.698465 27.236249 -41.641160 -18.901842
-24.016859 151.711844 -54.698465 27.236249 -41.641160 -18.901704
-24.006747 151.711832 -54.698465 27.236250 -41.641159 -18.901563
-23.996635 151.711819 -54.698465 27.236250 -41.641159 -18.901417
-23.986520 151.711806 -54.698465 27.236250 -41.641159 -18.901266
-23.976405 151.711792 -54.698465 27.236251 -41.641159 -18.901113
-23.966287 151.711779 -54.698465 27.236251 -41.641159 -18.900954
-23.956169 151.711765 -54.698465 27.236253 -41.641159 -18.900793
-23.946049 151.711750 -54.698465 27.236253 -41.641159 -18.900626
-23.935928 151.711735 -54.698465 27.236253 -41.641159 -18.900454
-23.925806 151.711720 -54.698465 27.236254 -41.641158 -18.900280
-23.915682 151.711704 -54.698465 27.236254 -41.641158 -18.900100
-23.905557 151.711688 -54.698464 27.236255 -41.641158 -18.899917
-23.895430 151.711672 -54.698464 27.236255 -41.641158 -18.899728
-23.885302 151.711655 -54.698464 27.236257 -41.641158 -18.899535
-23.875173 151.711638 -54.698464 27.236257 -41.641158 -18.899338
-23.865042 151.711620 -54.698464 27.236258 -41.641158 -18.899137
-23.854909 151.711602 -54.698464 27.236258 -41.641158 -18.898931
-23.844775 151.711584 -54.698464 27.236259 -41.641157 -18.898721
-23.834640 151.711565 -54.698464 27.236259 -41.641157 -18.898506
-23.824503 151.711546 -54.698464 27.236260 -41.641157 -18.898287
-23.814365 151.711526 -54.698464 27.236260 -41.641157 -18.898062
-23.804225 151.711506 -54.698464 27.236262 -41.641157 -18.897834
-23.794084 151.711486 -54.698464 27.236263 -41.641156 -18.897601
-23.783941 151.711465 -54.698464 27.236263 -41.641156 -18.897363
-23.773797 151.711444 -54.698464 27.236264 -41.641156 -18.897120
-23.763652 151.711423 -54.698464 27.236265 -41.641156 -18.896873
-23.753504 151.711401 -54.698464 27.236265 -41.641156 -18.896621
-23.743355 151.711378 -54.698464 27.236267 -41.641155 -18.896365
-23.733205 151.711355 -54.698464 27.236267 -41.641155 -18.896103
-23.723053 151.711332 -54.698464 27.236268 -41.641155 -18.895837
-23.712900 151.711309 -54.698464 27.236269 -41.641155 -18.895566
-23.702744 151.711284 -54.698464 27.236270 -41.641154 -18.895290
-23.692587 151.711260 -54.698464 27.236270 -41.641154 -18.895009
-23.682430 151.711235 -54.698464 27.236272 -41.641154 -18.894722
-23.672270 151.711210 -54.698464 27.236273 -41.641154 -18.894432
-23.662109 151.711184 -54.698464 27.236273 -41.641154 -18.894136
-23.651946 151.711158 -54.698464 27.236274 -41.641153 -18.893835
-23.641781 151.711131 -54.698464 27.236275 -41.641153 -18.893530
-23.631614 151.711104 -54.698464 27.236277 -41.641153 -18.893220
-23.621446 151.711076 -54.698464 27.236278 -41.641152 -18.892904
-23.611277 151.711048 -54.698464 27.236278 -41.641152 -18.892582
-23.601106 151.711020 -54.698464 27.236279 -41.641152 -18.892257
-23.590933 151.710991 -54.698464 27.236281 -41.641152 -18.891925
-23.580758 151.710962 -54.698464 27.236282 -41.641151 -18.891589
-23.570582 151.710932 -54.698464 27.236283 -41.641151 -18.891247
-23.560403 151.710902 -54.698464 27.236284 -41.641151 -18.890901
-23.550224 151.710871 -54.698464 27.236286 -41.641150 -18.890549
-23.540043 151.710840 -54.698464 27.236286 -41.641150 -18.890191
-23.529859 151.710808 -54.698464 27.236287 -41.641150 -18.889828
-23.519674 151.710776 -54.698464 27.236288 -41.641150 -18.889459
-23.509489 151.710743 -54.698464 27.236289 -41.641149 -18.889086
-23.499300 151.710710 -54.698464 27.236291 -41.641149 -18.888707
-23.489109 151.710677 -54.698464 27.236292 -41.641149 -18.888323
-23.478918 151.710643 -54.698464 27.236293 -41.641148 -18.887934
-23.468724 151.710608 -54.698464 27.236294 -41.641148 -18.887539
-23.458529 151.710573 -54.698464 27.236296 -41.641148 -18.887137
-23.448332 151.710538 -54.698463 27.236297 -41.641147 -18.886731
-23.438133 151.710502 -54.698463 27.236298 -41.641147 -18.886320
-23.427932 151.710466 -54.698463 27.236300 -41.641147 -18.885903
-23.417730 151.710429 -54.698463 27.236301 -41.641147 -18.885480
-23.407525 151.710391 -54.698463 27.236303 -41.641146 -18.885052
-23.397319 151.710353 -54.698463 27.236305 -41.641146 -18.884617
-23.387111 151.710315 -54.698463 27.236306 -41.641145 -18.884177
-23.376901 151.710276 -54.698463 27.236307 -41.641145 -18.883732
-23.366689 151.710237 -54.698463 27.236308 -41.641145 -18.883280
-23.356476 151.710197 -54.698463 27.236310 -41.641144 -18.882823
-23.346260 151.710156 -54.698463 27.236311 -41.641144 -18.882360
-23.336043 151.710116 -54.698463 27.236313 -41.641143 -18.881892
-23.325823 151.710074 -54.698463 27.236315 -41.641143 -18.881417
-23.315602 151.710032 -54.698463 27.236316 -41.641143 -18.880937
-23.305379 151.709990 -54.698463 27.236317 -41.641142 -18.880451
-23.295155 151.709947 -54.698463 27.236319 -41.641142 -18.879959
-23.284928 151.709904 -54.698463 27.236321 -41.641141 -18.879461
-23.274700 151.709860 -54.698463 27.236322 -41.641141 -18.878959
-23.264470 151.709815 -54.698463 27.236324 -41.641141 -18.878450
-23.254237 151.709771 -54.698463 27.236326 -41.641140 -18.877938
-23.244004 151.709725 -54.698463 27.236327 -41.641140 -18.877418
-23.233768 151.709680 -54.698463 27.236329 -41.641139 -18.876894
-23.223532 151.709633 -54.698463 27.236331 -41.641139 -18.876366
-23.213293 151.709587 -54.698463 27.236332 -41.641138 -18.875831
-23.203053 151.709540 -54.698463 27.236334 -41.641138 -18.875292
-23.192812 151.709492 -54.698463 27.236336 -41.641137 -18.874748
-23.182568 151.709444 -54.698463 27.236338 -41.641137 -18.874199
-23.172323 151.709396 -54.698462 27.236340 -41.641136 -18.873647
-23.162077 151.709348 -54.698462 27.236341 -41.641136 -18.873089
-23.151830 151.709298 -54.698462 27.236343 -41.641136 -18.872526
-23.141581 151.709249 -54.698462 27.236345 -41.641135 -18.871959
-23.131330 151.709199 -54.698462 27.236346 -41.641135 -18.871387
-23.121078 151.709149 -54.698462 27.236349 -41.641134 -18.870813
-23.110825 151.709098 -54.698462 27.236350 -41.641134 -18.870232
-23.100570 151.709047 -54.698462 27.236353 -41.641133 -18.869648
-23.090315 151.708996 -54.698462 27.236354 -41.641133 -18.869060
-23.080057 151.708944 -54.698462 27.236357 -41.641132 -18.868469
-23.069798 151.708892 -54.698462 27.236358 -41.641132 -18.867872
-23.059538 151.708840 -54.698462 27.236360 -41.641131 -18.867272
-23.049277 151.708787 -54.698462 27.236362 -41.641131 -18.866668
-23.039015 151.708734 -54.698462 27.236364 -41.641130 -18.866062
-23.028752 151.708681 -54.698462 27.236365 -41.641130 -18.865451
-23.018488 151.708628 -54.698462 27.236368 -41.641129 -18.864836
-23.008222 151.708574 -54.698462 27.236369 -41.641129 -18.864218
-22.997955 151.708519 -54.698462 27.236372 -41.641128 -18.863598
-22.987687 151.708465 -54.698462 27.236374 -41.641128 -18.862974
-22.977419 151.708410 -54.698462 27.236376 -41.641127 -18.862345
-22.967149 151.708355 -54.698462 27.236378 -41.641127 -18.861715
-22.956878 151.708300 -54.698462 27.236379 -41.641126 -18.861081
-22.946607 151.708244 -54.698461 27.236382 -41.641126 -18.860445
-22.936334 151.708189 -54.698461 27.236384 -41.641125 -18.859805
-22.926060 151.708132 -54.698461 27.236386 -41.641125 -18.859162
-22.915786 151.708076 -54.698461 27.236388 -41.641124 -18.858518
-22.905511 151.708020 -54.698461 27.236391 -41.641124 -18.857870
-22.895234 151.707963 -54.698461 27.236392 -41.641123 -18.857219
-22.884958 151.707906 -54.698461 27.236395 -41.641123 -18.856567
-22.874679 151.707849 -54.698461 27.236397 -41.641122 -18.855912
-22.864401 151.707791 -54.698461 27.236398 -41.641122 -18.855254
