-4.729464 151.812703 -54.703313 27.029587 -41.693754 -20.078806
-4.728767 151.813556 -54.703314 27.029540 -41.693766 -20.088659
-4.728071 151.814408 -54.703316 27.029493 -41.693778 -20.098512
-4.727374 151.815261 -54.703317 27.029445 -41.693790 -20.108365
-4.726677 151.816113 -54.703318 27.029398 -41.693802 -20.118219
-4.725980 151.816965 -54.703319 27.029350 -41.693814 -20.128073
-4.725282 151.817817 -54.703320 27.029303 -41.693826 -20.137927
-4.724585 151.818670 -54.703321 27.029254 -41.693838 -20.147781
-4.723886 151.819522 -54.703322 27.029207 -41.693850 -20.157636
-4.723188 151.820374 -54.703323 27.029161 -41.693862 -20.167490
-4.722489 151.821226 -54.703324 27.029112 -41.693874 -20.177345
-4.721790 151.822078 -54.703326 27.029065 -41.693886 -20.187200
-4.721090 151.822930 -54.703327 27.029017 -41.693898 -20.197055
-4.720391 151.823782 -54.703328 27.028970 -41.693910 -20.206911
-4.719690 151.824634 -54.703329 27.028923 -41.693922 -20.216767
-4.718990 151.825486 -54.703330 27.028875 -41.693934 -20.226623
-4.718289 151.826338 -54.703331 27.028828 -41.693946 -20.236478
-4.717588 151.827190 -54.703332 27.028781 -41.693958 -20.246335
-4.716887 151.828042 -54.703333 27.028733 -41.693970 -20.256191
-4.716185 151.828894 -54.703334 27.028686 -41.693982 -20.266048
-4.715483 151.829745 -54.703336 27.028639 -41.693994 -20.275906
-4.714782 151.830597 -54.703337 27.028592 -41.694006 -20.285764
-4.714079 151.831449 -54.703338 27.028544 -41.694018 -20.295621
-4.713377 151.832300 -54.703339 27.028497 -41.694030 -20.305478
-4.712673 151.833152 -54.703340 27.028450 -41.694042 -20.315336
-4.711970 151.834004 -54.703341 27.028403 -41.694054 -20.325195
-4.711266 151.834855 -54.703342 27.028355 -41.694066 -20.335053
-4.710563 151.835707 -54.703343 27.028308 -41.694078 -20.344912
-4.709859 151.836558 -54.703344 27.028261 -41.694090 -20.354770
-4.709154 151.837410 -54.703345 27.028214 -41.694102 -20.364630
-4.708450 151.838261 -54.703347 27.028168 -41.694114 -20.374489
-4.707744 151.839112 -54.703348 27.028121 -41.694126 -20.384349
-4.707039 151.839964 -54.703349 27.028074 -41.694137 -20.394210
-4.706334 151.840815 -54.703350 27.028027 -41.694149 -20.404069
-4.705627 151.841666 -54.703351 27.027979 -41.694162 -20.413929
-4.704921 151.842518 -54.703352 27.027932 -41.694173 -20.423790
-4.704215 151.843369 -54.703353 27.027885 -41.694185 -20.433651
-4.703509 151.844220 -54.703354 27.027838 -41.694197 -20.443513
-4.702802 151.845071 -54.703355 27.027791 -41.694209 -20.453373
-4.702095 151.845922 -54.703356 27.027744 -41.694221 -20.463235
-4.701387 151.846774 -54.703358 27.027697 -41.694233 -20.473097
-4.700679 151.847625 -54.703359 27.027650 -41.694245 -20.482960
-4.699971 151.848476 -54.703360 27.027603 -41.694257 -20.492823
-4.699263 151.849327 -54.703361 27.027558 -41.694268 -20.502685
-4.698555 151.850178 -54.703362 27.027511 -41.694280 -20.512549
-4.697845 151.851029 -54.703363 27.027464 -41.694292 -20.522412
-4.697137 151.851880 -54.703364 27.027417 -41.694304 -20.532276
-4.696428 151.852730 -54.703365 27.027370 -41.694316 -20.542139
-4.695718 151.853581 -54.703366 27.027323 -41.694328 -20.552003
-4.695008 151.854432 -54.703367 27.027276 -41.694340 -20.561867
-4.694298 151.855283 -54.703368 27.027230 -41.694351 -20.571733
-4.693588 151.856134 -54.703370 27.027183 -41.694363 -20.581597
-4.692877 151.856984 -54.703371 27.027137 -41.694375 -20.591462
-4.692166 151.857835 -54.703372 27.027090 -41.694387 -20.601328
-4.691455 151.858686 -54.703373 27.027044 -41.694398 -20.611195
-4.690744 151.859536 -54.703374 27.026997 -41.694410 -20.621060
-4.690032 151.860387 -54.703375 27.026950 -41.694422 -20.630926
-4.689320 151.861237 -54.703376 27.026904 -41.694434 -20.640794
-4.688608 151.862088 -54.703377 27.026858 -41.694446 -20.650661
-4.687896 151.862938 -54.703378 27.026811 -41.694457 -20.660527
-4.687184 151.863789 -54.703379 27.026765 -41.694469 -20.670395
-4.686471 151.864639 -54.703380 27.026718 -41.694481 -20.680263
-4.685757 151.865490 -54.703381 27.026672 -41.694493 -20.690131
-4.685044 151.866340 -54.703383 27.026625 -41.694504 -20.699999
-4.684331 151.867191 -54.703384 27.026580 -41.694516 -20.709869
-4.683616 151.868041 -54.703385 27.026533 -41.694528 -20.719738
-4.682902 151.868891 -54.703386 27.026487 -41.694539 -20.729607
-4.682188 151.869741 -54.703387 27.026440 -41.694551 -20.739476
-4.681473 151.870592 -54.703388 27.026395 -41.694563 -20.749347
-4.680759 151.871442 -54.703389 27.026348 -41.694575 -20.759216
-4.680044 151.872292 -54.703390 27.026302 -41.694586 -20.769087
-4.679328 151.873142 -54.703391 27.026256 -41.694598 -20.778959
-4.678614 151.873992 -54.703392 27.026209 -41.694610 -20.788830
-4.677898 151.874842 -54.703393 27.026164 -41.694621 -20.798701
-4.677182 151.875693 -54.703394 27.026118 -41.694633 -20.808573
-4.676466 151.876543 -54.703395 27.026072 -41.694644 -20.818445
-4.675749 151.877393 -54.703397 27.026026 -41.694656 -20.828317
-4.675032 151.878243 -54.703398 27.025980 -41.694668 -20.838190
-4.674315 151.879093 -54.703399 27.025934 -41.694680 -20.848063
-4.673598 151.879942 -54.703400 27.025889 -41.694691 -20.857937
-4.672881 151.880792 -54.703401 27.025843 -41.694703 -20.867811
-4.672163 151.881642 -54.703402 27.025797 -41.694714 -20.877685
-4.671446 151.882492 -54.703403 27.025750 -41.694726 -20.887558
-4.670728 151.883342 -54.703404 27.025705 -41.694738 -20.897434
-4.670009 151.884192 -54.703405 27.025659 -41.694749 -20.907308
-4.669291 151.885041 -54.703406 27.025613 -41.694761 -20.917184
-4.668573 151.885891 -54.703407 27.025568 -41.694772 -20.927060
-4.667854 151.886741 -54.703408 27.025522 -41.694784 -20.936935
-4.667134 151.887591 -54.703409 27.025478 -41.694795 -20.946813
-4.666415 151.888440 -54.703410 27.025432 -41.694807 -20.956689
-4.665696 151.889290 -54.703411 27.025386 -41.694818 -20.966566
-4.664976 151.890139 -54.703413 27.025341 -41.694830 -20.976444
-4.664256 151.890989 -54.703414 27.025295 -41.694841 -20.986321
-4.663536 151.891838 -54.703415 27.025249 -41.694853 -20.996199
-4.662816 151.892688 -54.703416 27.025205 -41.694864 -21.006078
-4.662095 151.893538 -54.703417 27.025159 -41.694876 -21.015957
-4.661374 151.894387 -54.703418 27.025114 -41.694887 -21.025836
-4.660654 151.895236 -54.703419 27.025069 -41.694899 -21.035716
-4.659932 151.896086 -54.703420 27.025024 -41.694910 -21.045596
-4.659211 151.896935 -54.703421 27.024978 -41.694922 -21.055475
-4.658489 151.897785 -54.703422 27.024934 -41.694933 -21.065357
-4.657768 151.898634 -54.703423 27.024888 -41.694945 -21.075238
-4.657045 151.899483 -54.703424 27.024844 -41.694956 -21.085119
-4.656324 151.900333 -54.703425 27.024798 -41.694967 -21.095001
-4.655601 151.901182 -54.703426 27.024754 -41.694979 -21.104883
-4.654878 151.902031 -54.703427 27.024708 -41.694990 -21.114765
-4.654156 151.902880 -54.703428 27.024663 -41.695001 -21.124647
-4.653433 151.903729 -54.703429 27.024619 -41.695013 -21.134531
-4.652710 151.904579 -54.703430 27.024573 -41.695024 -21.144414
-4.651986 151.905428 -54.703431 27.024529 -41.695036 -21.154298
-4.651263 151.906277 -54.703433 27.024485 -41.695047 -21.164182
-4.650539 151.907126 -54.703434 27.024439 -41.695058 -21.174067
-4.649815 151.907975 -54.703435 27.024395 -41.695070 -21.183951
-4.649091 151.908824 -54.703436 27.024350 -41.695081 -21.193838
-4.648366 151.909673 -54.703437 27.024306 -41.695092 -21.203723
-4.647642 151.910522 -54.703438 27.024261 -41.695103 -21.213610
-4.646917 151.911371 -54.703439 27.024217 -41.695115 -21.223496
-4.646193 151.912220 -54.703440 27.024173 -41.695126 -21.233383
-4.645468 151.913069 -54.703441 27.024128 -41.695137 -21.243270
-4.644743 151.913918 -54.703442 27.024084 -41.695148 -21.253158
-4.644017 151.914767 -54.703443 27.024040 -41.695160 -21.263046
-4.643292 151.915616 -54.703444 27.023995 -41.695171 -21.272935
-4.642566 151.916464 -54.703445 27.023951 -41.695182 -21.282823
-4.641840 151.917313 -54.703446 27.023906 -41.695193 -21.292713
-4.641114 151.918162 -54.703447 27.023862 -41.695205 -21.302602
-4.640388 151.919011 -54.703448 27.023819 -41.695215 -21.312492
-4.639662 151.919859 -54.703449 27.023774 -41.695227 -21.322383
-4.638934 151.920708 -54.703450 27.023730 -41.695238 -21.332273
-4.638208 151.921557 -54.703451 27.023687 -41.695249 -21.342165
-4.637481 151.922405 -54.703452 27.023643 -41.695260 -21.352056
-4.636754 151.923254 -54.703453 27.023598 -41.695271 -21.361948
-4.636026 151.924103 -54.703454 27.023555 -41.695282 -21.371841
-4.635299 151.924951 -54.703455 27.023511 -41.695294 -21.381733
-4.634572 151.925800 -54.703456 27.023468 -41.695304 -21.391627
-4.633843 151.926648 -54.703457 27.023423 -41.695316 -21.401520
-4.633116 151.927497 -54.703458 27.023380 -41.695327 -21.411415
-4.632388 151.928345 -54.703459 27.023337 -41.695338 -21.421309
-4.631659 151.929194 -54.703460 27.023293 -41.695349 -21.431203
-4.630931 151.930042 -54.703461 27.023249 -41.695360 -21.441100
-4.630203 151.930891 -54.703462 27.023206 -41.695371 -21.450995
-4.629474 151.931739 -54.703463 27.023162 -41.695382 -21.460890
-4.628745 151.932588 -54.703464 27.023119 -41.695393 -21.470788
-4.628016 151.933436 -54.703465 27.023076 -41.695404 -21.480684
-4.627287 151.934284 -54.703466 27.023033 -41.695415 -21.490582
-4.626557 151.935133 -54.703467 27.022989 -41.695426 -21.500480
-4.625828 151.935981 -54.703468 27.022946 -41.695436 -21.510378
-4.625098 151.936829 -54.703469 27.022903 -41.695447 -21.520277
-4.624368 151.937678 -54.703470 27.022860 -41.695458 -21.530176
-4.623638 151.938526 -54.703471 27.022817 -41.695469 -21.540076
-4.622908 151.939374 -54.703472 27.022774 -41.695480 -21.549975
-4.622178 151.940222 -54.703473 27.022731 -41.695491 -21.559876
-4.621448 151.941071 -54.703474 27.022689 -41.695502 -21.569778
-4.620717 151.941919 -54.703475 27.022646 -41.695513 -21.579678
-4.619986 151.942767 -54.703476 27.022603 -41.695524 -21.589580
-4.619256 151.943615 -54.703477 27.022561 -41.695534 -21.599483
-4.618525 151.944463 -54.703478 27.022518 -41.695545 -21.609385
-4.617794 151.945311 -54.703479 27.022475 -41.695556 -21.619288
-4.617063 151.946159 -54.703480 27.022433 -41.695567 -21.629191
-4.616331 151.947007 -54.703481 27.022390 -41.695578 -21.639096
-4.615600 151.947855 -54.703482 27.022348 -41.695588 -21.649000
-4.614868 151.948703 -54.703483 27.022305 -41.695599 -21.658904
-4.614136 151.949551 -54.703484 27.022263 -41.695610 -21.668810
-4.613404 151.950399 -54.703485 27.022221 -41.695620 -21.678716
-4.612672 151.951247 -54.703486 27.022178 -41.695631 -21.688622
-4.611940 151.952095 -54.703487 27.022136 -41.695642 -21.698529
-4.611208 151.952943 -54.703488 27.022094 -41.695652 -21.708436
-4.610475 151.953791 -54.703489 27.022052 -41.695663 -21.718344
-4.609742 151.954639 -54.703490 27.022010 -41.695674 -21.728252
-4.609009 151.955487 -54.703491 27.021968 -41.695684 -21.738161
-4.608277 151.956335 -54.703492 27.021927 -41.695695 -21.748070
-4.607544 151.957182 -54.703493 27.021885 -41.695705 -21.757979
-4.606811 151.958030 -54.703494 27.021843 -41.695716 -21.767889
-4.606078 151.958878 -54.703495 27.021801 -41.695727 -21.777799
-4.605344 151.959726 -54.703496 27.021759 -41.695737 -21.787710
-4.604612 151.960573 -54.703497 27.021717 -41.695748 -21.797622
-4.603878 151.961421 -54.703498 27.021676 -41.695758 -21.807534
-4.603144 151.962269 -54.703499 27.021635 -41.695769 -21.817446
-4.602410 151.963117 -54.703500 27.021593 -41.695779 -21.827359
-4.601676 151.963964 -54.703501 27.021551 -41.695790 -21.837272
-4.600943 151.964812 -54.703502 27.021511 -41.695800 -21.847186
-4.600208 151.965660 -54.703503 27.021469 -41.695811 -21.857100
-4.599474 151.966507 -54.703504 27.021428 -41.695821 -21.867015
-4.598740 151.967355 -54.703505 27.021386 -41.695832 -21.876929
-4.598005 151.968202 -54.703506 27.021346 -41.695842 -21.886845
-4.597271 151.969050 -54.703507 27.021305 -41.695852 -21.896762
-4.596536 151.969898 -54.703508 27.021263 -41.695863 -21.906679
-4.595801 151.970745 -54.703509 27.021223 -41.695873 -21.916596
-4.595066 151.971593 -54.703510 27.021182 -41.695883 -21.926514
-4.594331 151.972440 -54.703511 27.021142 -41.695894 -21.936432
-4.593597 151.973288 -54.703512 27.021101 -41.695904 -21.946351
-4.592861 151.974135 -54.703512 27.021060 -41.695914 -21.956270
-4.592126 151.974983 -54.703513 27.021020 -41.695924 -21.966190
-4.591391 151.975830 -54.703514 27.020979 -41.695935 -21.976110
-4.590655 151.976678 -54.703515 27.020939 -41.695945 -21.986031
-4.589920 151.977525 -54.703516 27.020898 -41.695955 -21.995952
-4.589184 151.978372 -54.703517 27.020857 -41.695966 -22.005873
-4.588448 151.979220 -54.703518 27.020817 -41.695976 -22.015795
-4.587712 151.980067 -54.703519 27.020778 -41.695986 -22.025718
-4.586977 151.980914 -54.703520 27.020737 -41.695996 -22.035641
-4.586241 151.981762 -54.703521 27.020696 -41.696006 -22.045564
-4.585505 151.982609 -54.703522 27.020657 -41.696016 -22.055489
-4.584768 151.983456 -54.703523 27.020617 -41.696027 -22.065413
-4.584032 151.984304 -54.703524 27.020577 -41.696037 -22.075339
-4.583295 151.985151 -54.703525 27.020537 -41.696047 -22.085264
-4.582559 151.985998 -54.703526 27.020497 -41.696057 -22.095191
-4.581823 151.986845 -54.703527 27.020458 -41.696067 -22.105118
-4.581086 151.987693 -54.703527 27.020419 -41.696077 -22.115046
-4.580349 151.988540 -54.703528 27.020378 -41.696087 -22.124973
-4.579612 151.989387 -54.703529 27.020339 -41.696097 -22.134902
-4.578875 151.990234 -54.703530 27.020299 -41.696107 -22.144830
-4.578139 151.991081 -54.703531 27.020260 -41.696117 -22.154760
-4.577402 151.991929 -54.703532 27.020221 -41.696127 -22.164690
-4.576665 151.992776 -54.703533 27.020181 -41.696137 -22.174621
-4.575927 151.993623 -54.703534 27.020142 -41.696147 -22.184552
-4.575190 151.994470 -54.703535 27.020103 -41.696157 -22.194484
-4.574452 151.995317 -54.703536 27.020065 -41.696166 -22.204416
-4.573715 151.996164 -54.703537 27.020026 -41.696176 -22.214348
-4.572978 151.997011 -54.703538 27.019986 -41.696186 -22.224281
-4.572240 151.997858 -54.703538 27.019948 -41.696196 -22.234216
-4.571503 151.998705 -54.703539 27.019909 -41.696206 -22.244150
-4.570765 151.999553 -54.703540 27.019871 -41.696216 -22.254085
-4.570027 152.000399 -54.703541 27.019831 -41.696225 -22.264020
-4.569289 152.001247 -54.703542 27.019793 -41.696235 -22.273957
-4.568551 152.002094 -54.703543 27.019755 -41.696245 -22.283893
-4.567813 152.002940 -54.703544 27.019716 -41.696255 -22.293829
-4.567076 152.003787 -54.703545 27.019678 -41.696264 -22.303767
-4.566337 152.004634 -54.703546 27.019640 -41.696274 -22.313706
-4.565599 152.005481 -54.703546 27.019602 -41.696284 -22.323644
-4.564861 152.006328 -54.703547 27.019564 -41.696293 -22.333584
-4.564123 152.007175 -54.703548 27.019526 -41.696303 -22.343524
-4.563384 152.008022 -54.703549 27.019488 -41.696313 -22.353464
-4.562646 152.008869 -54.703550 27.019450 -41.696322 -22.363405
-4.561908 152.009716 -54.703551 27.019412 -41.696332 -22.373347
-4.561169 152.010563 -54.703552 27.019374 -41.696341 -22.383289
-4.560430 152.011410 -54.703553 27.019337 -41.696351 -22.393232
-4.559693 152.012257 -54.703554 27.019299 -41.696360 -22.403175
-4.558954 152.013103 -54.703554 27.019261 -41.696370 -22.413118
-4.558215 152.013950 -54.703555 27.019224 -41.696379 -22.423063
-4.557476 152.014797 -54.703556 27.019186 -41.696389 -22.433008
-4.556737 152.015644 -54.703557 27.019149 -41.696398 -22.442953
-4.555999 152.016491 -54.703558 27.019112 -41.696408 -22.452900
-4.555260 152.017337 -54.703559 27.019074 -41.696417 -22.462846
-4.554521 152.018184 -54.703560 27.019038 -41.696427 -22.472794
-4.553782 152.019031 -54.703561 27.019001 -41.696436 -22.482741
-4.553043 152.019878 -54.703561 27.018964 -41.696445 -22.492690
-4.552304 152.020724 -54.703562 27.018927 -41.696455 -22.502640
-4.551565 152.021571 -54.703563 27.018890 -41.696464 -22.512589
-4.550825 152.022418 -54.703564 27.018854 -41.696473 -22.522540
-4.550086 152.023265 -54.703565 27.018817 -41.696482 -22.532490
-4.549347 152.024111 -54.703566 27.018780 -41.696492 -22.542441
-4.548608 152.024958 -54.703567 27.018743 -41.696501 -22.552393
-4.547869 152.025805 -54.703567 27.018708 -41.696510 -22.562347
-4.547130 152.026651 -54.703568 27.018671 -41.696519 -22.572299
-4.546391 152.027498 -54.703569 27.018634 -41.696529 -22.582253
-4.545651 152.028345 -54.703570 27.018599 -41.696538 -22.592207
-4.544911 152.029191 -54.703571 27.018562 -41.696547 -22.602162
-4.544172 152.030038 -54.703572 27.018526 -41.696556 -22.612118
-4.543433 152.030885 -54.703572 27.018491 -41.696565 -22.622074
-4.542694 152.031731 -54.703573 27.018454 -41.696574 -22.632031
-4.541954 152.032578 -54.703574 27.018419 -41.696583 -22.641988
-4.541215 152.033424 -54.703575 27.018383 -41.696592 -22.651947
-4.540475 152.034271 -54.703576 27.018348 -41.696601 -22.661905
-4.539735 152.035118 -54.703577 27.018312 -41.696610 -22.671864
-4.538996 152.035964 -54.703577 27.018277 -41.696619 -22.681824
-4.538256 152.036811 -54.703578 27.018241 -41.696628 -22.691784
-4.537516 152.037657 -54.703579 27.018206 -41.696637 -22.701746
-4.536777 152.038504 -54.703580 27.018171 -41.696646 -22.711708
-4.536037 152.039350 -54.703581 27.018136 -41.696655 -22.721670
-4.535298 152.040197 -54.703582 27.018100 -41.696664 -22.731632
-4.534558 152.041043 -54.703582 27.018066 -41.696673 -22.741597
-4.533819 152.041890 -54.703583 27.018030 -41.696682 -22.751560
-4.533079 152.042736 -54.703584 27.017996 -41.696690 -22.761525
-4.532340 152.043583 -54.703585 27.017961 -41.696699 -22.771491
-4.531599 152.044429 -54.703586 27.017926 -41.696708 -22.781457
-4.530860 152.045276 -54.703586 27.017892 -41.696717 -22.791424
-4.530121 152.046122 -54.703587 27.017858 -41.696725 -22.801391
-4.529381 152.046969 -54.703588 27.017824 -41.696734 -22.811360
-4.528641 152.047815 -54.703589 27.017790 -41.696743 -22.821328
-4.527901 152.048662 -54.703590 27.017755 -41.696751 -22.831297
-4.527162 152.049508 -54.703590 27.017721 -41.696760 -22.841267
-4.526421 152.050354 -54.703591 27.017687 -41.696769 -22.851237
-4.525682 152.051201 -54.703592 27.017653 -41.696777 -22.861209
-4.524942 152.052047 -54.703593 27.017620 -41.696786 -22.871181
-4.524202 152.052894 -54.703594 27.017585 -41.696794 -22.881153
-4.523463 152.053740 -54.703594 27.017551 -41.696803 -22.891126
-4.522723 152.054587 -54.703595 27.017518 -41.696811 -22.901100
-4.521984 152.055433 -54.703596 27.017484 -41.696820 -22.911074
-4.521244 152.056279 -54.703597 27.017451 -41.696828 -22.921050
-4.520504 152.057126 -54.703597 27.017418 -41.696837 -22.931026
-4.519764 152.057972 -54.703598 27.017385 -41.696845 -22.941003
-4.519024 152.058818 -54.703599 27.017352 -41.696853 -22.950980
-4.518285 152.059665 -54.703600 27.017318 -41.696862 -22.960956
-4.517546 152.060511 -54.703601 27.017285 -41.696870 -22.970935
-4.516806 152.061358 -54.703601 27.017253 -41.696879 -22.980915
-4.516066 152.062204 -54.703602 27.017220 -41.696887 -22.990894
-4.515326 152.063050 -54.703603 27.017187 -41.696895 -23.000874
-4.514586 152.063896 -54.703604 27.017154 -41.696904 -23.010855
-4.513847 152.064743 -54.703604 27.017122 -41.696912 -23.020837
-4.513108 152.065589 -54.703605 27.017089 -41.696920 -23.030819
-4.512368 152.066435 -54.703606 27.017056 -41.696928 -23.040802
-4.511628 152.067282 -54.703607 27.017025 -41.696936 -23.050786
-4.510889 152.068128 -54.703607 27.016993 -41.696944 -23.060771
-4.510149 152.068974 -54.703608 27.016960 -41.696953 -23.070755
-4.509410 152.069821 -54.703609 27.016928 -41.696961 -23.080741
-4.508671 152.070667 -54.703610 27.016897 -41.696969 -23.090728
-4.507931 152.071513 -54.703610 27.016865 -41.696977 -23.100715
-4.507192 152.072360 -54.703611 27.016833 -41.696985 -23.110703
-4.506453 152.073206 -54.703612 27.016802 -41.696993 -23.120692
-4.505713 152.074052 -54.703613 27.016770 -41.697001 -23.130681
-4.504974 152.074898 -54.703613 27.016738 -41.697009 -23.140670
-4.504235 152.075745 -54.703614 27.016708 -41.697017 -23.150661
-4.503496 152.076591 -54.703615 27.016676 -41.697025 -23.160652
-4.502757 152.077437 -54.703616 27.016644 -41.697033 -23.170644
-4.502018 152.078283 -54.703616 27.016614 -41.697040 -23.180637
-4.501279 152.079130 -54.703617 27.016583 -41.697048 -23.190630
-4.500539 152.079976 -54.703618 27.016552 -41.697056 -23.200623
-4.499800 152.080822 -54.703618 27.016521 -41.697064 -23.210619
-4.499061 152.081668 -54.703619 27.016491 -41.697072 -23.220614
-4.498322 152.082515 -54.703620 27.016460 -41.697079 -23.230611
-4.497583 152.083361 -54.703621 27.016430 -41.697087 -23.240607
-4.496844 152.084207 -54.703621 27.016399 -41.697095 -23.250605
-4.496106 152.085053 -54.703622 27.016369 -41.697102 -23.260603
-4.495367 152.085899 -54.703623 27.016339 -41.697110 -23.270602
-4.494629 152.086746 -54.703623 27.016308 -41.697118 -23.280601
-4.493890 152.087592 -54.703624 27.016279 -41.697125 -23.290602
-4.493151 152.088438 -54.703625 27.016249 -41.697133 -23.300603
-4.492412 152.089284 -54.703625 27.016219 -41.697140 -23.310605
-4.491674 152.090131 -54.703626 27.016189 -41.697148 -23.320607
-4.490936 152.090977 -54.703627 27.016160 -41.697155 -23.330611
-4.490197 152.091823 -54.703628 27.016131 -41.697163 -23.340614
-4.489459 152.092669 -54.703628 27.016100 -41.697170 -23.350619
-4.488720 152.093515 -54.703629 27.016071 -41.697178 -23.360624
-4.487982 152.094362 -54.703630 27.016042 -41.697185 -23.370630
-4.487243 152.095208 -54.703630 27.016013 -41.697193 -23.380637
-4.486506 152.096054 -54.703631 27.015983 -41.697200 -23.390644
-4.485768 152.096900 -54.703632 27.015956 -41.697207 -23.400654
-4.485030 152.097746 -54.703632 27.015926 -41.697215 -23.410662
-4.484292 152.098593 -54.703633 27.015897 -41.697222 -23.420672
-4.483554 152.099439 -54.703634 27.015869 -41.697229 -23.430682
-4.482816 152.100285 -54.703634 27.015840 -41.697236 -23.440693
-4.482078 152.101131 -54.703635 27.015812 -41.697243 -23.450706
-4.481341 152.101977 -54.703636 27.015784 -41.697250 -23.460719
-4.480603 152.102823 -54.703636 27.015755 -41.697258 -23.470732
-4.479866 152.103670 -54.703637 27.015727 -41.697265 -23.480746
-4.479127 152.104516 -54.703638 27.015699 -41.697272 -23.490760
-4.478390 152.105362 -54.703638 27.015671 -41.697279 -23.500776
-4.477653 152.106208 -54.703639 27.015644 -41.697286 -23.510792
-4.476915 152.107054 -54.703640 27.015616 -41.697293 -23.520810
-4.476178 152.107901 -54.703640 27.015589 -41.697300 -23.530828
-4.475441 152.108747 -54.703641 27.015561 -41.697307 -23.540846
-4.474704 152.109593 -54.703641 27.015533 -41.697314 -23.550866
-4.473967 152.110439 -54.703642 27.015507 -41.697321 -23.560886
-4.473231 152.111285 -54.703643 27.015479 -41.697328 -23.570907
-4.472494 152.112132 -54.703643 27.015452 -41.697335 -23.580929
-4.471757 152.112978 -54.703644 27.015425 -41.697341 -23.590951
-4.471020 152.113824 -54.703645 27.015399 -41.697348 -23.600974
-4.470284 152.114670 -54.703645 27.015372 -41.697355 -23.610999
-4.469547 152.115516 -54.703646 27.015345 -41.697362 -23.621023
-4.468811 152.116362 -54.703646 27.015319 -41.697368 -23.631048
-4.468075 152.117209 -54.703647 27.015292 -41.697375 -23.641075
-4.467338 152.118055 -54.703648 27.015266 -41.697382 -23.651102
-4.466602 152.118901 -54.703648 27.015239 -41.697389 -23.661129
-4.465866 152.119747 -54.703649 27.015214 -41.697395 -23.671158
-4.465130 152.120593 -54.703650 27.015187 -41.697402 -23.681187
-4.464394 152.121440 -54.703650 27.015162 -41.697408 -23.691218
-4.463659 152.122286 -54.703651 27.015136 -41.697415 -23.701249
-4.462922 152.123132 -54.703651 27.015110 -41.697421 -23.711279
-4.462187 152.123978 -54.703652 27.015084 -41.697428 -23.721312
-4.461452 152.124824 -54.703653 27.015059 -41.697434 -23.731345
-4.460716 152.125670 -54.703653 27.015033 -41.697441 -23.741380
-4.459981 152.126517 -54.703654 27.015008 -41.697447 -23.751414
-4.459246 152.127363 -54.703654 27.014983 -41.697453 -23.761450
-4.458511 152.128209 -54.703655 27.014959 -41.697460 -23.771487
-4.457775 152.129055 -54.703655 27.014933 -41.697466 -23.781523
-4.457041 152.129901 -54.703656 27.014909 -41.697472 -23.791562
-4.456306 152.130748 -54.703657 27.014884 -41.697479 -23.801600
-4.455571 152.131594 -54.703657 27.014860 -41.697485 -23.811640
-4.454836 152.132440 -54.703658 27.014834 -41.697491 -23.821679
-4.454102 152.133286 -54.703658 27.014810 -41.697497 -23.831721
-4.453368 152.134132 -54.703659 27.014786 -41.697503 -23.841763
-4.452634 152.134979 -54.703659 27.014762 -41.697509 -23.851805
-4.451899 152.135825 -54.703660 27.014738 -41.697515 -23.861849
-4.451165 152.136671 -54.703661 27.014714 -41.697522 -23.871893
-4.450431 152.137517 -54.703661 27.014691 -41.697527 -23.881939
-4.449698 152.138364 -54.703662 27.014667 -41.697533 -23.891985
-4.448964 152.139210 -54.703662 27.014643 -41.697540 -23.902031
-4.448231 152.140056 -54.703663 27.014620 -41.697545 -23.912078
-4.447497 152.140902 -54.703663 27.014596 -41.697551 -23.922126
-4.446764 152.141749 -54.703664 27.014573 -41.697557 -23.932176
-4.446031 152.142595 -54.703664 27.014550 -41.697563 -23.942226
-4.445297 152.143441 -54.703665 27.014527 -41.697569 -23.952277
-4.444564 152.144287 -54.703665 27.014505 -41.697575 -23.962329
-4.443831 152.145134 -54.703666 27.014482 -41.697580 -23.972382
-4.443098 152.145980 -54.703667 27.014459 -41.697586 -23.982434
-4.442366 152.146826 -54.703667 27.014436 -41.697592 -23.992488
-4.441634 152.147672 -54.703668 27.014415 -41.697597 -24.002544
-4.440901 152.148519 -54.703668 27.014392 -41.697603 -24.012599
-4.440169 152.149365 -54.703669 27.014370 -41.697609 -24.022656
-4.439437 152.150211 -54.703669 27.014347 -41.697614 -24.032713
-4.438705 152.151057 -54.703670 27.014326 -41.697620 -24.042771
-4.437973 152.151904 -54.703670 27.014304 -41.697625 -24.052830
-4.437242 152.152750 -54.703671 27.014281 -41.697631 -24.062889
-4.436510 152.153596 -54.703671 27.014260 -41.697637 -24.072950
-4.435778 152.154443 -54.703672 27.014240 -41.697642 -24.083012
-4.435047 152.155289 -54.703672 27.014218 -41.697647 -24.093075
-4.434316 152.156135 -54.703673 27.014196 -41.697653 -24.103138
-4.433584 152.156981 -54.703673 27.014175 -41.697658 -24.113201
-4.432854 152.157828 -54.703674 27.014155 -41.697663 -24.123267
-4.432123 152.158674 -54.703674 27.014133 -41.697669 -24.133332
-4.431393 152.159521 -54.703675 27.014113 -41.697674 -24.143399
-4.430662 152.160367 -54.703675 27.014092 -41.697679 -24.153466
-4.429932 152.161213 -54.703676 27.014072 -41.697684 -24.163535
-4.429201 152.162060 -54.703676 27.014051 -41.697690 -24.173604
-4.428472 152.162906 -54.703677 27.014030 -41.697695 -24.183673
-4.427741 152.163752 -54.703677 27.014011 -41.697699 -24.193744
-4.427012 152.164599 -54.703677 27.013991 -41.697705 -24.203816
-4.426283 152.165445 -54.703678 27.013971 -41.697710 -24.213888
-4.425552 152.166291 -54.703678 27.013950 -41.697715 -24.223962
-4.424824 152.167138 -54.703679 27.013931 -41.697720 -24.234036
-4.424095 152.167984 -54.703679 27.013912 -41.697725 -24.244112
-4.423366 152.168831 -54.703680 27.013892 -41.697730 -24.254187
-4.422637 152.169677 -54.703680 27.013873 -41.697734 -24.264265
-4.421908 152.170523 -54.703681 27.013854 -41.697739 -24.274342
-4.421180 152.171370 -54.703681 27.013835 -41.697744 -24.284421
-4.420451 152.172216 -54.703682 27.013816 -41.697749 -24.294501
-4.419723 152.173063 -54.703682 27.013797 -41.697754 -24.304580
-4.418995 152.173909 -54.703682 27.013778 -41.697759 -24.314661
-4.418267 152.174756 -54.703683 27.013760 -41.697763 -24.324743
-4.417539 152.175602 -54.703683 27.013741 -41.697768 -24.334827
-4.416811 152.176448 -54.703684 27.013723 -41.697772 -24.344911
-4.416084 152.177295 -54.703684 27.013706 -41.697777 -24.354995
-4.415357 152.178141 -54.703685 27.013687 -41.697782 -24.365081
-4.414630 152.178988 -54.703685 27.013669 -41.697786 -24.375167
-4.413903 152.179834 -54.703685 27.013651 -41.697791 -24.385255
-4.413176 152.180681 -54.703686 27.013633 -41.697795 -24.395343
-4.412450 152.181527 -54.703686 27.013615 -41.697800 -24.405431
-4.411723 152.182374 -54.703687 27.013599 -41.697804 -24.415522
-4.410997 152.183220 -54.703687 27.013581 -41.697808 -24.425612
-4.410271 152.184067 -54.703687 27.013563 -41.697813 -24.435705
-4.409545 152.184913 -54.703688 27.013547 -41.697817 -24.445798
-4.408820 152.185760 -54.703688 27.013531 -41.697821 -24.455891
-4.408095 152.186607 -54.703689 27.013514 -41.697825 -24.465986
-4.407369 152.187453 -54.703689 27.013496 -41.697830 -24.476081
-4.406644 152.188300 -54.703689 27.013480 -41.697834 -24.486177
-4.405919 152.189146 -54.703690 27.013463 -41.697838 -24.496274
-4.405194 152.189993 -54.703690 27.013448 -41.697842 -24.506373
-4.404469 152.190839 -54.703690 27.013432 -41.697846 -24.516471
-4.403745 152.191686 -54.703691 27.013415 -41.697850 -24.526571
-4.403020 152.192533 -54.703691 27.013400 -41.697854 -24.536672
-4.402296 152.193379 -54.703692 27.013383 -41.697858 -24.546774
-4.401572 152.194226 -54.703692 27.013368 -41.697862 -24.556876
-4.400849 152.195073 -54.703692 27.013353 -41.697866 -24.566980
-4.400125 152.195919 -54.703693 27.013338 -41.697870 -24.577084
-4.399402 152.196766 -54.703693 27.013322 -41.697874 -24.587189
-4.398679 152.197613 -54.703693 27.013307 -41.697878 -24.597296
-4.397956 152.198459 -54.703694 27.013292 -41.697882 -24.607403
-4.397234 152.199306 -54.703694 27.013277 -41.697885 -24.617511
-4.396510 152.200153 -54.703694 27.013263 -41.697889 -24.627621
-4.395789 152.200999 -54.703695 27.013248 -41.697893 -24.637730
-4.395066 152.201846 -54.703695 27.013234 -41.697896 -24.647841
-4.394344 152.202693 -54.703695 27.013220 -41.697900 -24.657953
-4.393623 152.203540 -54.703696 27.013206 -41.697903 -24.668066
-4.392900 152.204386 -54.703696 27.013192 -41.697907 -24.678179
-4.392179 152.205233 -54.703696 27.013178 -41.697910 -24.688294
-4.391458 152.206080 -54.703697 27.013164 -41.697914 -24.698410
-4.390737 152.206927 -54.703697 27.013150 -41.697918 -24.708526
-4.390016 152.207773 -54.703697 27.013136 -41.697921 -24.718643
-4.389296 152.208620 -54.703698 27.013123 -41.697924 -24.728762
-4.388576 152.209467 -54.703698 27.013109 -41.697928 -24.738881
-4.387855 152.210314 -54.703698 27.013097 -41.697931 -24.749001
-4.387135 152.211161 -54.703699 27.013084 -41.697934 -24.759122
-4.386416 152.212008 -54.703699 27.013071 -41.697937 -24.769244
-4.385696 152.212854 -54.703699 27.013059 -41.697941 -24.779368
-4.384977 152.213701 -54.703699 27.013046 -41.697944 -24.789491
-4.384258 152.214548 -54.703700 27.013033 -41.697947 -24.799616
-4.383539 152.215395 -54.703700 27.013022 -41.697950 -24.809742
-4.382820 152.216242 -54.703700 27.013009 -41.697953 -24.819869
-4.382102 152.217089 -54.703701 27.012998 -41.697956 -24.829997
-4.381384 152.217936 -54.703701 27.012985 -41.697959 -24.840125
-4.380665 152.218783 -54.703701 27.012974 -41.697962 -24.850255
