-5.039564 151.395465 -54.702741 27.054066 -41.687548 -15.323284
-5.038938 151.396359 -54.702743 27.054011 -41.687562 -15.333351
-5.038311 151.397254 -54.702744 27.053954 -41.687577 -15.343416
-5.037685 151.398148 -54.702745 27.053898 -41.687591 -15.353481
-5.037059 151.399042 -54.702747 27.053842 -41.687605 -15.363545
-5.036433 151.399936 -54.702748 27.053786 -41.687619 -15.373607
-5.035807 151.400830 -54.702749 27.053730 -41.687633 -15.383669
-5.035181 151.401723 -54.702751 27.053673 -41.687648 -15.393729
-5.034555 151.402617 -54.702752 27.053618 -41.687662 -15.403788
-5.033928 151.403510 -54.702753 27.053562 -41.687676 -15.413847
-5.033303 151.404403 -54.702755 27.053506 -41.687690 -15.423904
-5.032677 151.405297 -54.702756 27.053450 -41.687704 -15.433960
-5.032050 151.406190 -54.702757 27.053394 -41.687718 -15.444016
-5.031425 151.407082 -54.702758 27.053339 -41.687733 -15.454070
-5.030799 151.407975 -54.702760 27.053283 -41.687747 -15.464122
-5.030173 151.408867 -54.702761 27.053227 -41.687761 -15.474173
-5.029548 151.409760 -54.702762 27.053171 -41.687775 -15.484224
-5.028921 151.410652 -54.702764 27.053116 -41.687789 -15.494274
-5.028295 151.411544 -54.702765 27.053061 -41.687803 -15.504324
-5.027670 151.412436 -54.702766 27.053005 -41.687817 -15.514371
-5.027044 151.413328 -54.702768 27.052949 -41.687831 -15.524418
-5.026419 151.414220 -54.702769 27.052894 -41.687845 -15.534463
-5.025793 151.415111 -54.702770 27.052838 -41.687860 -15.544506
-5.025168 151.416003 -54.702771 27.052782 -41.687874 -15.554550
-5.024542 151.416894 -54.702773 27.052728 -41.687888 -15.564593
-5.023916 151.417785 -54.702774 27.052672 -41.687902 -15.574634
-5.023291 151.418676 -54.702775 27.052616 -41.687916 -15.584674
-5.022665 151.419567 -54.702777 27.052561 -41.687930 -15.594714
-5.022039 151.420458 -54.702778 27.052506 -41.687944 -15.604752
-5.021414 151.421349 -54.702779 27.052450 -41.687958 -15.614788
-5.020788 151.422239 -54.702781 27.052395 -41.687972 -15.624825
-5.020163 151.423129 -54.702782 27.052340 -41.687986 -15.634860
-5.019537 151.424020 -54.702783 27.052284 -41.688000 -15.644893
-5.018912 151.424910 -54.702784 27.052229 -41.688014 -15.654927
-5.018287 151.425800 -54.702786 27.052173 -41.688028 -15.664959
-5.017661 151.426690 -54.702787 27.052119 -41.688042 -15.674990
-5.017037 151.427579 -54.702788 27.052063 -41.688056 -15.685019
-5.016410 151.428469 -54.702790 27.052009 -41.688070 -15.695049
-5.015785 151.429358 -54.702791 27.051953 -41.688084 -15.705076
-5.015160 151.430247 -54.702792 27.051898 -41.688098 -15.715104
-5.014534 151.431136 -54.702793 27.051842 -41.688112 -15.725130
-5.013910 151.432025 -54.702795 27.051788 -41.688126 -15.735154
-5.013284 151.432914 -54.702796 27.051733 -41.688140 -15.745179
-5.012658 151.433803 -54.702797 27.051678 -41.688154 -15.755201
-5.012033 151.434692 -54.702799 27.051623 -41.688168 -15.765224
-5.011408 151.435580 -54.702800 27.051569 -41.688181 -15.775244
-5.010783 151.436469 -54.702801 27.051513 -41.688196 -15.785264
-5.010158 151.437357 -54.702802 27.051458 -41.688209 -15.795283
-5.009532 151.438245 -54.702804 27.051404 -41.688223 -15.805302
-5.008908 151.439133 -54.702805 27.051349 -41.688237 -15.815318
-5.008282 151.440021 -54.702806 27.051293 -41.688251 -15.825334
-5.007657 151.440908 -54.702808 27.051239 -41.688265 -15.835349
-5.007032 151.441796 -54.702809 27.051184 -41.688279 -15.845364
-5.006407 151.442683 -54.702810 27.051130 -41.688293 -15.855377
-5.005781 151.443571 -54.702811 27.051075 -41.688307 -15.865389
-5.005156 151.444458 -54.702813 27.051021 -41.688320 -15.875401
-5.004531 151.445345 -54.702814 27.050966 -41.688334 -15.885411
-5.003906 151.446232 -54.702815 27.050912 -41.688348 -15.895421
-5.003280 151.447119 -54.702816 27.050857 -41.688362 -15.905428
-5.002655 151.448005 -54.702818 27.050803 -41.688376 -15.915436
-5.002030 151.448892 -54.702819 27.050748 -41.688390 -15.925443
-5.001405 151.449778 -54.702820 27.050694 -41.688403 -15.935448
-5.000780 151.450665 -54.702822 27.050639 -41.688417 -15.945453
-5.000154 151.451551 -54.702823 27.050585 -41.688431 -15.955456
-4.999529 151.452437 -54.702824 27.050530 -41.688445 -15.965459
-4.998904 151.453322 -54.702825 27.050476 -41.688459 -15.975460
-4.998278 151.454208 -54.702827 27.050421 -41.688473 -15.985461
-4.997653 151.455094 -54.702828 27.050367 -41.688486 -15.995462
-4.997028 151.455979 -54.702829 27.050312 -41.688500 -16.005461
-4.996403 151.456865 -54.702830 27.050258 -41.688514 -16.015458
-4.995777 151.457750 -54.702832 27.050204 -41.688528 -16.025456
-4.995152 151.458635 -54.702833 27.050150 -41.688541 -16.035453
-4.994526 151.459520 -54.702834 27.050095 -41.688555 -16.045447
-4.993900 151.460405 -54.702836 27.050041 -41.688569 -16.055441
-4.993276 151.461290 -54.702837 27.049987 -41.688583 -16.065436
-4.992651 151.462175 -54.702838 27.049933 -41.688596 -16.075429
-4.992024 151.463059 -54.702839 27.049878 -41.688610 -16.085419
-4.991399 151.463943 -54.702841 27.049825 -41.688624 -16.095411
-4.990774 151.464828 -54.702842 27.049771 -41.688637 -16.105401
-4.990148 151.465712 -54.702843 27.049716 -41.688651 -16.115389
-4.989523 151.466596 -54.702844 27.049663 -41.688665 -16.125378
-4.988898 151.467480 -54.702846 27.049608 -41.688679 -16.135365
-4.988272 151.468364 -54.702847 27.049555 -41.688692 -16.145352
-4.987647 151.469247 -54.702848 27.049501 -41.688706 -16.155337
-4.987021 151.470131 -54.702849 27.049447 -41.688719 -16.165322
-4.986395 151.471014 -54.702851 27.049393 -41.688733 -16.175305
-4.985770 151.471897 -54.702852 27.049340 -41.688747 -16.185289
-4.985144 151.472780 -54.702853 27.049285 -41.688761 -16.195270
-4.984518 151.473664 -54.702854 27.049232 -41.688774 -16.205251
-4.983893 151.474546 -54.702856 27.049177 -41.688788 -16.215231
-4.983268 151.475429 -54.702857 27.049124 -41.688801 -16.225211
-4.982642 151.476312 -54.702858 27.049071 -41.688815 -16.235190
-4.982015 151.477194 -54.702859 27.049016 -41.688829 -16.245167
-4.981390 151.478077 -54.702861 27.048963 -41.688842 -16.255144
-4.980764 151.478959 -54.702862 27.048910 -41.688856 -16.265120
-4.980138 151.479841 -54.702863 27.048855 -41.688870 -16.275095
-4.979512 151.480723 -54.702864 27.048802 -41.688883 -16.285069
-4.978886 151.481605 -54.702866 27.048749 -41.688897 -16.295043
-4.978260 151.482487 -54.702867 27.048694 -41.688910 -16.305015
-4.977635 151.483369 -54.702868 27.048641 -41.688924 -16.314987
-4.977009 151.484251 -54.702870 27.048588 -41.688938 -16.324958
-4.976382 151.485132 -54.702871 27.048534 -41.688951 -16.334928
-4.975757 151.486013 -54.702872 27.048481 -41.688965 -16.344898
-4.975130 151.486895 -54.702873 27.048427 -41.688978 -16.354866
-4.974504 151.487776 -54.702875 27.048373 -41.688992 -16.364833
-4.973878 151.488657 -54.702876 27.048320 -41.689005 -16.374800
-4.973252 151.489538 -54.702877 27.048267 -41.689019 -16.384766
-4.972626 151.490418 -54.702878 27.048214 -41.689032 -16.394731
-4.972000 151.491299 -54.702879 27.048160 -41.689046 -16.404696
-4.971373 151.492180 -54.702881 27.048107 -41.689059 -16.414659
-4.970747 151.493060 -54.702882 27.048054 -41.689073 -16.424622
-4.970120 151.493940 -54.702883 27.048001 -41.689086 -16.434583
-4.969494 151.494820 -54.702884 27.047947 -41.689100 -16.444545
-4.968867 151.495701 -54.702886 27.047894 -41.689113 -16.454505
-4.968241 151.496580 -54.702887 27.047841 -41.689127 -16.464465
-4.967615 151.497460 -54.702888 27.047788 -41.689140 -16.474424
-4.966987 151.498340 -54.702889 27.047734 -41.689154 -16.484381
-4.966361 151.499220 -54.702891 27.047681 -41.689167 -16.494338
-4.965734 151.500099 -54.702892 27.047628 -41.689181 -16.504294
-4.965107 151.500978 -54.702893 27.047576 -41.689194 -16.514251
-4.964480 151.501858 -54.702894 27.047522 -41.689208 -16.524205
-4.963853 151.502737 -54.702896 27.047469 -41.689221 -16.534159
-4.963227 151.503616 -54.702897 27.047416 -41.689235 -16.544113
-4.962600 151.504495 -54.702898 27.047363 -41.689248 -16.554064
-4.961972 151.505374 -54.702899 27.047311 -41.689261 -16.564017
-4.961346 151.506252 -54.702901 27.047257 -41.689275 -16.573967
-4.960718 151.507131 -54.702902 27.047204 -41.689288 -16.583918
-4.960091 151.508009 -54.702903 27.047151 -41.689302 -16.593866
-4.959464 151.508888 -54.702904 27.047099 -41.689315 -16.603816
-4.958836 151.509766 -54.702906 27.047046 -41.689329 -16.613763
-4.958209 151.510644 -54.702907 27.046992 -41.689342 -16.623710
-4.957581 151.511522 -54.702908 27.046940 -41.689355 -16.633657
-4.956954 151.512400 -54.702909 27.046887 -41.689369 -16.643602
-4.956326 151.513278 -54.702910 27.046835 -41.689382 -16.653547
-4.955699 151.514155 -54.702912 27.046782 -41.689395 -16.663492
-4.955072 151.515033 -54.702913 27.046729 -41.689409 -16.673434
-4.954444 151.515910 -54.702914 27.046677 -41.689422 -16.683378
-4.953815 151.516788 -54.702915 27.046623 -41.689436 -16.693319
-4.953188 151.517665 -54.702917 27.046571 -41.689449 -16.703261
-4.952560 151.518542 -54.702918 27.046518 -41.689462 -16.713200
-4.951932 151.519419 -54.702919 27.046466 -41.689475 -16.723141
-4.951304 151.520296 -54.702920 27.046413 -41.689489 -16.733079
-4.950676 151.521173 -54.702922 27.046361 -41.689502 -16.743018
-4.950048 151.522049 -54.702923 27.046308 -41.689516 -16.752955
-4.949420 151.522926 -54.702924 27.046256 -41.689529 -16.762893
-4.948791 151.523803 -54.702925 27.046204 -41.689542 -16.772829
-4.948163 151.524679 -54.702926 27.046151 -41.689556 -16.782764
-4.947534 151.525555 -54.702928 27.046099 -41.689569 -16.792699
-4.946906 151.526431 -54.702929 27.046047 -41.689582 -16.802633
-4.946277 151.527307 -54.702930 27.045993 -41.689595 -16.812566
-4.945648 151.528183 -54.702931 27.045941 -41.689609 -16.822499
-4.945020 151.529059 -54.702933 27.045889 -41.689622 -16.832431
-4.944391 151.529935 -54.702934 27.045836 -41.689635 -16.842362
-4.943762 151.530810 -54.702935 27.045784 -41.689648 -16.852292
-4.943133 151.531686 -54.702936 27.045732 -41.689662 -16.862223
-4.942504 151.532561 -54.702937 27.045680 -41.689675 -16.872152
-4.941875 151.533437 -54.702939 27.045628 -41.689688 -16.882080
-4.941246 151.534312 -54.702940 27.045575 -41.689701 -16.892008
-4.940616 151.535187 -54.702941 27.045523 -41.689715 -16.901934
-4.939987 151.536062 -54.702942 27.045471 -41.689728 -16.911862
-4.939358 151.536937 -54.702944 27.045419 -41.689741 -16.921787
-4.938729 151.537811 -54.702945 27.045367 -41.689754 -16.931713
-4.938098 151.538686 -54.702946 27.045315 -41.689767 -16.941637
-4.937469 151.539561 -54.702947 27.045263 -41.689781 -16.951562
-4.936839 151.540435 -54.702948 27.045211 -41.689794 -16.961484
-4.936209 151.541309 -54.702950 27.045159 -41.689807 -16.971406
-4.935580 151.542184 -54.702951 27.045107 -41.689820 -16.981329
-4.934950 151.543058 -54.702952 27.045055 -41.689833 -16.991250
-4.934319 151.543932 -54.702953 27.045003 -41.689846 -17.001171
-4.933689 151.544806 -54.702954 27.044951 -41.689860 -17.011090
-4.933058 151.545680 -54.702956 27.044899 -41.689873 -17.021009
-4.932429 151.546553 -54.702957 27.044847 -41.689886 -17.030928
-4.931798 151.547427 -54.702958 27.044795 -41.689899 -17.040846
-4.931167 151.548300 -54.702959 27.044743 -41.689912 -17.050763
-4.930537 151.549174 -54.702961 27.044691 -41.689926 -17.060680
-4.929906 151.550047 -54.702962 27.044639 -41.689939 -17.070596
-4.929275 151.550920 -54.702963 27.044587 -41.689952 -17.080511
-4.928644 151.551793 -54.702964 27.044535 -41.689965 -17.090425
-4.928013 151.552666 -54.702965 27.044483 -41.689978 -17.100340
-4.927383 151.553539 -54.702967 27.044432 -41.689991 -17.110254
-4.926751 151.554412 -54.702968 27.044380 -41.690004 -17.120167
-4.926120 151.555285 -54.702969 27.044328 -41.690018 -17.130079
-4.925488 151.556157 -54.702970 27.044276 -41.690031 -17.139990
-4.924857 151.557030 -54.702971 27.044226 -41.690044 -17.149903
-4.924225 151.557902 -54.702973 27.044174 -41.690057 -17.159813
-4.923593 151.558775 -54.702974 27.044122 -41.690070 -17.169722
-4.922961 151.559647 -54.702975 27.044070 -41.690083 -17.179632
-4.922330 151.560519 -54.702976 27.044019 -41.690096 -17.189541
-4.921698 151.561391 -54.702977 27.043967 -41.690109 -17.199449
-4.921066 151.562263 -54.702979 27.043915 -41.690122 -17.209356
-4.920433 151.563135 -54.702980 27.043864 -41.690135 -17.219263
-4.919801 151.564006 -54.702981 27.043812 -41.690148 -17.229170
-4.919168 151.564878 -54.702982 27.043760 -41.690162 -17.239075
-4.918536 151.565749 -54.702983 27.043710 -41.690174 -17.248980
-4.917904 151.566621 -54.702985 27.043658 -41.690188 -17.258885
-4.917271 151.567492 -54.702986 27.043607 -41.690200 -17.268790
-4.916638 151.568363 -54.702987 27.043555 -41.690214 -17.278693
-4.916005 151.569234 -54.702988 27.043504 -41.690227 -17.288596
-4.915372 151.570105 -54.702990 27.043452 -41.690240 -17.298498
-4.914739 151.570976 -54.702991 27.043401 -41.690253 -17.308400
-4.914106 151.571847 -54.702992 27.043349 -41.690266 -17.318301
-4.913472 151.572718 -54.702993 27.043299 -41.690279 -17.328202
-4.912839 151.573589 -54.702994 27.043247 -41.690292 -17.338102
-4.912205 151.574459 -54.702995 27.043196 -41.690305 -17.348002
-4.911571 151.575330 -54.702997 27.043144 -41.690318 -17.357900
-4.910938 151.576200 -54.702998 27.043093 -41.690331 -17.367800
-4.910303 151.577070 -54.702999 27.043043 -41.690344 -17.377698
-4.909670 151.577940 -54.703000 27.042991 -41.690357 -17.387594
-4.909035 151.578810 -54.703001 27.042940 -41.690370 -17.397491
-4.908400 151.579680 -54.703003 27.042889 -41.690382 -17.407388
-4.907767 151.580550 -54.703004 27.042837 -41.690396 -17.417283
-4.907131 151.581420 -54.703005 27.042786 -41.690408 -17.427178
-4.906497 151.582290 -54.703006 27.042736 -41.690421 -17.437074
-4.905862 151.583159 -54.703007 27.042684 -41.690435 -17.446967
-4.905227 151.584029 -54.703009 27.042633 -41.690447 -17.456861
-4.904593 151.584898 -54.703010 27.042582 -41.690460 -17.466755
-4.903957 151.585768 -54.703011 27.042532 -41.690473 -17.476648
-4.903322 151.586637 -54.703012 27.042480 -41.690486 -17.486539
-4.902686 151.587506 -54.703013 27.042429 -41.690499 -17.496431
-4.902051 151.588375 -54.703015 27.042378 -41.690512 -17.506322
-4.901416 151.589244 -54.703016 27.042327 -41.690525 -17.516213
-4.900779 151.590113 -54.703017 27.042277 -41.690538 -17.526103
-4.900144 151.590981 -54.703018 27.042225 -41.690551 -17.535992
-4.899507 151.591850 -54.703019 27.042174 -41.690564 -17.545881
-4.898871 151.592719 -54.703021 27.042123 -41.690577 -17.555770
-4.898235 151.593587 -54.703022 27.042073 -41.690589 -17.565659
-4.897598 151.594456 -54.703023 27.042022 -41.690602 -17.575546
-4.896962 151.595324 -54.703024 27.041971 -41.690615 -17.585433
-4.896326 151.596192 -54.703025 27.041920 -41.690628 -17.595320
-4.895688 151.597060 -54.703026 27.041870 -41.690641 -17.605207
-4.895052 151.597928 -54.703028 27.041819 -41.690654 -17.615092
-4.894414 151.598796 -54.703029 27.041768 -41.690667 -17.624977
-4.893777 151.599664 -54.703030 27.041717 -41.690679 -17.634862
-4.893140 151.600532 -54.703031 27.041667 -41.690692 -17.644747
-4.892502 151.601400 -54.703032 27.041616 -41.690705 -17.654630
-4.891864 151.602267 -54.703034 27.041565 -41.690718 -17.664513
-4.891227 151.603135 -54.703035 27.041515 -41.690731 -17.674397
-4.890588 151.604002 -54.703036 27.041464 -41.690744 -17.684279
-4.889951 151.604869 -54.703037 27.041413 -41.690757 -17.694161
-4.889313 151.605737 -54.703038 27.041362 -41.690769 -17.704042
-4.888674 151.606604 -54.703040 27.041312 -41.690782 -17.713924
-4.888036 151.607471 -54.703041 27.041261 -41.690795 -17.723804
-4.887396 151.608338 -54.703042 27.041212 -41.690808 -17.733685
-4.886758 151.609205 -54.703043 27.041161 -41.690821 -17.743564
-4.886119 151.610072 -54.703044 27.041110 -41.690833 -17.753443
-4.885480 151.610938 -54.703045 27.041059 -41.690846 -17.763322
-4.884841 151.611805 -54.703047 27.041009 -41.690859 -17.773200
-4.884201 151.612671 -54.703048 27.040958 -41.690872 -17.783078
-4.883562 151.613538 -54.703049 27.040908 -41.690885 -17.792956
-4.882922 151.614404 -54.703050 27.040858 -41.690897 -17.802834
-4.882282 151.615271 -54.703051 27.040807 -41.690910 -17.812710
-4.881642 151.616137 -54.703053 27.040756 -41.690923 -17.822586
-4.881002 151.617003 -54.703054 27.040707 -41.690936 -17.832462
-4.880361 151.617869 -54.703055 27.040656 -41.690949 -17.842338
-4.879721 151.618735 -54.703056 27.040605 -41.690961 -17.852213
-4.879080 151.619601 -54.703057 27.040556 -41.690974 -17.862088
-4.878440 151.620467 -54.703058 27.040505 -41.690987 -17.871962
-4.877799 151.621332 -54.703060 27.040454 -41.691000 -17.881835
-4.877157 151.622198 -54.703061 27.040405 -41.691012 -17.891710
-4.876517 151.623063 -54.703062 27.040354 -41.691025 -17.901583
-4.875875 151.623929 -54.703063 27.040304 -41.691038 -17.911455
-4.875233 151.624794 -54.703064 27.040254 -41.691050 -17.921327
-4.874592 151.625660 -54.703065 27.040203 -41.691063 -17.931199
-4.873950 151.626525 -54.703067 27.040154 -41.691076 -17.941071
-4.873308 151.627390 -54.703068 27.040103 -41.691089 -17.950942
-4.872665 151.628255 -54.703069 27.040054 -41.691101 -17.960813
-4.872024 151.629120 -54.703070 27.040003 -41.691114 -17.970683
-4.871381 151.629985 -54.703071 27.039954 -41.691127 -17.980553
-4.870738 151.630850 -54.703072 27.039903 -41.691140 -17.990423
-4.870095 151.631714 -54.703074 27.039853 -41.691152 -18.000293
-4.869452 151.632579 -54.703075 27.039803 -41.691165 -18.010161
-4.868809 151.633444 -54.703076 27.039753 -41.691177 -18.020030
-4.868165 151.634308 -54.703077 27.039703 -41.691190 -18.029897
-4.867522 151.635172 -54.703078 27.039653 -41.691203 -18.039765
-4.866878 151.636037 -54.703079 27.039602 -41.691216 -18.049633
-4.866234 151.636901 -54.703081 27.039553 -41.691228 -18.059500
-4.865590 151.637765 -54.703082 27.039502 -41.691241 -18.069366
-4.864946 151.638629 -54.703083 27.039453 -41.691254 -18.079233
-4.864302 151.639493 -54.703084 27.039403 -41.691266 -18.089099
-4.863657 151.640357 -54.703085 27.039353 -41.691279 -18.098964
-4.863012 151.641221 -54.703086 27.039303 -41.691292 -18.108830
-4.862368 151.642085 -54.703088 27.039254 -41.691304 -18.118696
-4.861723 151.642948 -54.703089 27.039203 -41.691317 -18.128559
-4.861077 151.643812 -54.703090 27.039153 -41.691329 -18.138424
-4.860432 151.644675 -54.703091 27.039104 -41.691342 -18.148288
-4.859786 151.645539 -54.703092 27.039053 -41.691355 -18.158151
-4.859140 151.646402 -54.703093 27.039004 -41.691367 -18.168015
-4.858494 151.647266 -54.703095 27.038954 -41.691380 -18.177879
-4.857848 151.648129 -54.703096 27.038905 -41.691392 -18.187741
-4.857201 151.648992 -54.703097 27.038854 -41.691405 -18.197603
-4.856556 151.649855 -54.703098 27.038805 -41.691418 -18.207465
-4.855909 151.650718 -54.703099 27.038755 -41.691430 -18.217327
-4.855261 151.651581 -54.703100 27.038706 -41.691443 -18.227189
-4.854614 151.652444 -54.703102 27.038656 -41.691455 -18.237050
-4.853968 151.653306 -54.703103 27.038606 -41.691468 -18.246911
-4.853320 151.654169 -54.703104 27.038556 -41.691481 -18.256771
-4.852672 151.655032 -54.703105 27.038507 -41.691493 -18.266632
-4.852024 151.655894 -54.703106 27.038457 -41.691506 -18.276492
-4.851376 151.656757 -54.703107 27.038408 -41.691518 -18.286352
-4.850728 151.657619 -54.703109 27.038358 -41.691531 -18.296211
-4.850080 151.658481 -54.703110 27.038309 -41.691544 -18.306070
-4.849431 151.659344 -54.703111 27.038258 -41.691556 -18.315929
-4.848782 151.660206 -54.703112 27.038209 -41.691569 -18.325787
-4.848133 151.661068 -54.703113 27.038159 -41.691581 -18.335646
-4.847484 151.661930 -54.703114 27.038110 -41.691594 -18.345504
-4.846834 151.662792 -54.703115 27.038060 -41.691607 -18.355361
-4.846185 151.663654 -54.703117 27.038011 -41.691619 -18.365219
-4.845535 151.664516 -54.703118 27.037961 -41.691632 -18.375076
-4.844886 151.665377 -54.703119 27.037912 -41.691644 -18.384933
-4.844235 151.666239 -54.703120 27.037863 -41.691657 -18.394789
-4.843584 151.667100 -54.703121 27.037813 -41.691669 -18.404647
-4.842935 151.667962 -54.703122 27.037764 -41.691682 -18.414503
-4.842284 151.668823 -54.703124 27.037714 -41.691694 -18.424359
-4.841632 151.669685 -54.703125 27.037665 -41.691707 -18.434214
-4.840981 151.670546 -54.703126 27.037615 -41.691719 -18.444069
-4.840330 151.671407 -54.703127 27.037566 -41.691732 -18.453925
-4.839678 151.672268 -54.703128 27.037516 -41.691744 -18.463779
-4.839027 151.673130 -54.703129 27.037468 -41.691757 -18.473635
-4.838375 151.673991 -54.703130 27.037419 -41.691769 -18.483489
-4.837723 151.674852 -54.703132 27.037369 -41.691782 -18.493343
-4.837070 151.675712 -54.703133 27.037320 -41.691794 -18.503197
-4.836417 151.676573 -54.703134 27.037270 -41.691807 -18.513052
-4.835765 151.677434 -54.703135 27.037221 -41.691819 -18.522905
-4.835112 151.678295 -54.703136 27.037171 -41.691832 -18.532758
-4.834458 151.679155 -54.703137 27.037123 -41.691844 -18.542612
-4.833805 151.680016 -54.703139 27.037074 -41.691857 -18.552465
-4.833151 151.680876 -54.703140 27.037024 -41.691869 -18.562317
-4.832497 151.681737 -54.703141 27.036975 -41.691882 -18.572169
-4.831844 151.682597 -54.703142 27.036925 -41.691894 -18.582021
-4.831190 151.683457 -54.703143 27.036877 -41.691906 -18.591874
-4.830535 151.684317 -54.703144 27.036828 -41.691919 -18.601726
-4.829880 151.685177 -54.703145 27.036778 -41.691932 -18.611577
-4.829225 151.686037 -54.703147 27.036729 -41.691944 -18.621428
-4.828570 151.686897 -54.703148 27.036681 -41.691956 -18.631280
-4.827915 151.687757 -54.703149 27.036631 -41.691969 -18.641131
-4.827259 151.688617 -54.703150 27.036582 -41.691981 -18.650983
-4.826603 151.689477 -54.703151 27.036534 -41.691994 -18.660834
-4.825947 151.690337 -54.703152 27.036484 -41.692006 -18.670684
-4.825291 151.691196 -54.703153 27.036435 -41.692019 -18.680534
-4.824634 151.692056 -54.703155 27.036385 -41.692031 -18.690384
-4.823978 151.692916 -54.703156 27.036337 -41.692043 -18.700235
-4.823321 151.693775 -54.703157 27.036288 -41.692056 -18.710084
-4.822664 151.694634 -54.703158 27.036239 -41.692068 -18.719934
-4.822006 151.695494 -54.703159 27.036190 -41.692081 -18.729783
-4.821349 151.696353 -54.703160 27.036140 -41.692093 -18.739632
-4.820691 151.697212 -54.703161 27.036092 -41.692105 -18.749482
-4.820033 151.698071 -54.703163 27.036043 -41.692118 -18.759331
-4.819375 151.698930 -54.703164 27.035995 -41.692130 -18.769180
-4.818717 151.699789 -54.703165 27.035945 -41.692143 -18.779028
-4.818057 151.700648 -54.703166 27.035896 -41.692155 -18.788876
-4.817398 151.701507 -54.703167 27.035847 -41.692167 -18.798725
-4.816739 151.702366 -54.703168 27.035798 -41.692180 -18.808573
-4.816080 151.703225 -54.703169 27.035750 -41.692192 -18.818422
-4.815420 151.704083 -54.703171 27.035700 -41.692205 -18.828269
-4.814760 151.704942 -54.703172 27.035652 -41.692217 -18.838118
-4.814100 151.705801 -54.703173 27.035603 -41.692229 -18.847965
-4.813440 151.706659 -54.703174 27.035555 -41.692242 -18.857813
-4.812779 151.707518 -54.703175 27.035505 -41.692254 -18.867660
-4.812118 151.708376 -54.703176 27.035457 -41.692266 -18.877508
-4.811457 151.709234 -54.703177 27.035407 -41.692279 -18.887355
-4.810796 151.710093 -54.703179 27.035359 -41.692291 -18.897202
-4.810135 151.710951 -54.703180 27.035311 -41.692303 -18.907049
-4.809472 151.711809 -54.703181 27.035262 -41.692316 -18.916897
-4.808810 151.712667 -54.703182 27.035213 -41.692328 -18.926743
-4.808148 151.713525 -54.703183 27.035164 -41.692341 -18.936590
-4.807485 151.714383 -54.703184 27.035116 -41.692353 -18.946437
-4.806823 151.715241 -54.703185 27.035068 -41.692365 -18.956283
-4.806160 151.716099 -54.703187 27.035018 -41.692378 -18.966129
-4.805497 151.716956 -54.703188 27.034970 -41.692390 -18.975976
-4.804833 151.717814 -54.703189 27.034921 -41.692402 -18.985822
-4.804170 151.718672 -54.703190 27.034872 -41.692415 -18.995668
-4.803505 151.719529 -54.703191 27.034824 -41.692427 -19.005514
-4.802841 151.720387 -54.703192 27.034775 -41.692439 -19.015360
-4.802177 151.721244 -54.703193 27.034726 -41.692452 -19.025206
-4.801512 151.722102 -54.703194 27.034678 -41.692464 -19.035052
-4.800847 151.722959 -54.703196 27.034629 -41.692476 -19.044897
-4.800181 151.723817 -54.703197 27.034581 -41.692489 -19.054743
-4.799516 151.724674 -54.703198 27.034532 -41.692501 -19.064588
-4.798851 151.725531 -54.703199 27.034484 -41.692513 -19.074433
-4.798184 151.726388 -54.703200 27.034435 -41.692526 -19.084279
-4.797518 151.727245 -54.703201 27.034387 -41.692538 -19.094124
-4.796852 151.728102 -54.703202 27.034338 -41.692550 -19.103969
-4.796185 151.728959 -54.703204 27.034290 -41.692562 -19.113814
-4.795518 151.729816 -54.703205 27.034241 -41.692575 -19.123660
-4.794850 151.730673 -54.703206 27.034193 -41.692587 -19.133504
-4.794183 151.731530 -54.703207 27.034144 -41.692599 -19.143349
-4.793515 151.732387 -54.703208 27.034096 -41.692611 -19.153195
-4.792847 151.733243 -54.703209 27.034048 -41.692624 -19.163040
-4.792179 151.734100 -54.703210 27.033999 -41.692636 -19.172884
-4.791510 151.734956 -54.703211 27.033950 -41.692648 -19.182729
-4.790842 151.735813 -54.703213 27.033902 -41.692660 -19.192574
-4.790172 151.736669 -54.703214 27.033854 -41.692673 -19.202419
-4.789503 151.737526 -54.703215 27.033806 -41.692685 -19.212264
-4.788833 151.738382 -54.703216 27.033758 -41.692697 -19.222109
-4.788164 151.739239 -54.703217 27.033709 -41.692709 -19.231954
-4.787493 151.740095 -54.703218 27.033660 -41.692722 -19.241798
-4.786823 151.740951 -54.703219 27.033612 -41.692734 -19.251642
-4.786152 151.741807 -54.703221 27.033564 -41.692746 -19.261487
-4.785481 151.742663 -54.703222 27.033515 -41.692759 -19.271332
-4.784810 151.743519 -54.703223 27.033467 -41.692771 -19.281177
-4.784138 151.744375 -54.703224 27.033419 -41.692783 -19.291021
-4.783467 151.745231 -54.703225 27.033371 -41.692795 -19.300866
-4.782794 151.746087 -54.703226 27.033323 -41.692807 -19.310711
-4.782122 151.746943 -54.703227 27.033274 -41.692820 -19.320556
-4.781449 151.747799 -54.703228 27.033226 -41.692832 -19.330400
-4.780776 151.748654 -54.703230 27.033178 -41.692844 -19.340245
-4.780103 151.749510 -54.703231 27.033130 -41.692856 -19.350090
-4.779430 151.750366 -54.703232 27.033082 -41.692868 -19.359934
-4.778756 151.751221 -54.703233 27.033034 -41.692881 -19.369779
-4.778082 151.752077 -54.703234 27.032985 -41.692893 -19.379623
-4.777407 151.752932 -54.703235 27.032937 -41.692905 -19.389467
-4.776733 151.753788 -54.703236 27.032889 -41.692917 -19.399312
-4.776058 151.754643 -54.703237 27.032841 -41.692929 -19.409157
-4.775383 151.755499 -54.703239 27.032793 -41.692942 -19.419002
-4.774708 151.756354 -54.703240 27.032744 -41.692954 -19.428847
-4.774032 151.757209 -54.703241 27.032696 -41.692966 -19.438691
-4.773356 151.758064 -54.703242 27.032648 -41.692978 -19.448536
-4.772680 151.758919 -54.703243 27.032600 -41.692991 -19.458381
-4.772003 151.759774 -54.703244 27.032552 -41.693003 -19.468226
-4.771326 151.760629 -54.703245 27.032503 -41.693015 -19.478071
-4.770649 151.761484 -54.703246 27.032455 -41.693027 -19.487916
-4.769972 151.762339 -54.703248 27.032407 -41.693039 -19.497761
-4.769294 151.763194 -54.703249 27.032359 -41.693052 -19.507606
-4.768616 151.764049 -54.703250 27.032311 -41.693064 -19.517451
-4.767938 151.764904 -54.703251 27.032264 -41.693076 -19.527298
-4.767259 151.765759 -54.703252 27.032216 -41.693088 -19.537142
-4.766580 151.766613 -54.703253 27.032167 -41.693100 -19.546987
-4.765901 151.767468 -54.703254 27.032119 -41.693112 -19.556832
-4.765222 151.768323 -54.703255 27.032071 -41.693125 -19.566678
-4.764542 151.769177 -54.703257 27.032023 -41.693137 -19.576523
-4.763862 151.770032 -54.703258 27.031975 -41.693149 -19.586369
-4.763182 151.770886 -54.703259 27.031928 -41.693161 -19.596215
-4.762500 151.771741 -54.703260 27.031880 -41.693173 -19.606061
-4.761820 151.772595 -54.703261 27.031831 -41.693185 -19.615907
-4.761138 151.773449 -54.703262 27.031783 -41.693198 -19.625753
-4.760457 151.774304 -54.703263 27.031735 -41.693210 -19.635599
-4.759775 151.775158 -54.703264 27.031688 -41.693222 -19.645446
-4.759093 151.776012 -54.703265 27.031640 -41.693234 -19.655292
-4.758410 151.776866 -54.703267 27.031592 -41.693246 -19.665137
-4.757728 151.777720 -54.703268 27.031543 -41.693258 -19.674983
-4.757044 151.778574 -54.703269 27.031495 -41.693270 -19.684830
-4.756361 151.779428 -54.703270 27.031448 -41.693282 -19.694677
-4.755678 151.780282 -54.703271 27.031400 -41.693295 -19.704524
-4.754994 151.781136 -54.703272 27.031352 -41.693307 -19.714370
-4.754309 151.781990 -54.703273 27.031305 -41.693319 -19.724218
-4.753625 151.782844 -54.703274 27.031257 -41.693331 -19.734065
-4.752940 151.783698 -54.703276 27.031209 -41.693343 -19.743912
-4.752255 151.784552 -54.703277 27.031160 -41.693355 -19.753759
-4.751569 151.785405 -54.703278 27.031114 -41.693367 -19.763607
-4.750883 151.786259 -54.703279 27.031065 -41.693379 -19.773454
-4.750197 151.787113 -54.703280 27.031017 -41.693392 -19.783301
-4.749511 151.787966 -54.703281 27.030970 -41.693404 -19.793150
-4.748823 151.788820 -54.703282 27.030922 -41.693416 -19.802998
-4.748137 151.789673 -54.703283 27.030874 -41.693428 -19.812846
-4.747449 151.790527 -54.703284 27.030827 -41.693440 -19.822695
-4.746762 151.791380 -54.703286 27.030779 -41.693452 -19.832543
-4.746074 151.792234 -54.703287 27.030731 -41.693464 -19.842391
-4.745385 151.793087 -54.703288 27.030684 -41.693476 -19.852241
-4.744696 151.793940 -54.703289 27.030635 -41.693488 -19.862088
-4.744007 151.794794 -54.703290 27.030587 -41.693501 -19.871937
-4.743318 151.795647 -54.703291 27.030540 -41.693512 -19.881787
-4.742629 151.796500 -54.703292 27.030492 -41.693525 -19.891636
-4.741938 151.797353 -54.703293 27.030444 -41.693537 -19.901485
-4.741248 151.798206 -54.703294 27.030397 -41.693549 -19.911335
-4.740558 151.799059 -54.703296 27.030349 -41.693561 -19.921185
-4.739867 151.799912 -54.703297 27.030302 -41.693573 -19.931035
-4.739175 151.800765 -54.703298 27.030254 -41.693585 -19.940885
-4.738484 151.801618 -54.703299 27.030206 -41.693597 -19.950735
-4.737792 151.802471 -54.703300 27.030159 -41.693609 -19.960585
-4.737100 151.803324 -54.703301 27.030110 -41.693621 -19.970436
-4.736407 151.804177 -54.703302 27.030063 -41.693633 -19.980287
-4.735714 151.805030 -54.703303 27.030015 -41.693645 -19.990138
-4.735021 151.805883 -54.703304 27.029968 -41.693657 -19.999990
-4.734328 151.806735 -54.703306 27.029920 -41.693670 -20.009841
-4.733633 151.807588 -54.703307 27.029873 -41.693681 -20.019693
-4.732939 151.808441 -54.703308 27.029825 -41.693694 -20.029544
-4.732244 151.809293 -54.703309 27.029777 -41.693706 -20.039395
-4.731550 151.810146 -54.703310 27.029730 -41.693718 -20.049248
-4.730855 151.810998 -54.703311 27.029682 -41.693730 -20.059100
-4.730160 151.811851 -54.703312 27.029635 -41.693742 -20.068953
