30.249715 152.543480 -54.274376 40.076512 -37.549319 -26.971519
30.253482 152.544126 -54.273517 40.088681 -37.546486 -26.977669
30.257256 152.544773 -54.272657 40.100854 -37.543658 -26.983829
30.261036 152.545421 -54.271794 40.113031 -37.540835 -26.989997
30.264821 152.546070 -54.270932 40.125209 -37.538017 -26.996174
30.268613 152.546720 -54.270066 40.137391 -37.535203 -27.002361
30.272411 152.547370 -54.269199 40.149576 -37.532393 -27.008556
30.276215 152.548020 -54.268331 40.161763 -37.529588 -27.014760
30.280025 152.548672 -54.267461 40.173954 -37.526788 -27.020974
30.283842 152.549324 -54.266589 40.186147 -37.523993 -27.027195
30.287664 152.549976 -54.265716 40.198342 -37.521203 -27.033427
30.291493 152.550630 -54.264841 40.210540 -37.518416 -27.039666
30.295328 152.551283 -54.263965 40.222740 -37.515636 -27.045914
30.299170 152.551939 -54.263086 40.234943 -37.512859 -27.052170
30.303017 152.552594 -54.262207 40.247148 -37.510086 -27.058436
30.306872 152.553249 -54.261326 40.259357 -37.507319 -27.064710
30.310732 152.553907 -54.260443 40.271566 -37.504555 -27.070992
30.314597 152.554563 -54.259559 40.283779 -37.501797 -27.077283
30.318470 152.555222 -54.258674 40.295993 -37.499043 -27.083582
30.322348 152.555880 -54.257787 40.308210 -37.496293 -27.089890
30.326233 152.556539 -54.256899 40.320429 -37.493548 -27.096206
30.330124 152.557198 -54.256008 40.332650 -37.490807 -27.102530
30.334022 152.557859 -54.255117 40.344873 -37.488071 -27.108862
30.337925 152.558520 -54.254224 40.357098 -37.485339 -27.115203
30.341835 152.559182 -54.253330 40.369325 -37.482612 -27.121552
30.345752 152.559843 -54.252433 40.381554 -37.479889 -27.127909
30.349675 152.560506 -54.251536 40.393784 -37.477170 -27.134273
30.353603 152.561169 -54.250637 40.406017 -37.474456 -27.140646
30.357538 152.561833 -54.249736 40.418250 -37.471746 -27.147026
30.361479 152.562498 -54.248836 40.430487 -37.469041 -27.153414
30.365427 152.563163 -54.247932 40.442723 -37.466340 -27.159810
30.369381 152.563828 -54.247028 40.454962 -37.463644 -27.166215
30.373341 152.564494 -54.246122 40.467204 -37.460951 -27.172627
30.377307 152.565161 -54.245215 40.479445 -37.458263 -27.179046
30.381281 152.565829 -54.244306 40.491688 -37.455579 -27.185473
30.385260 152.566497 -54.243396 40.503934 -37.452900 -27.191908
30.389245 152.567165 -54.242484 40.516179 -37.450225 -27.198350
30.393236 152.567833 -54.241572 40.528426 -37.447554 -27.204800
30.397235 152.568504 -54.240657 40.540676 -37.444886 -27.211257
30.401240 152.569173 -54.239742 40.552925 -37.442224 -27.217721
30.405250 152.569844 -54.238826 40.565176 -37.439566 -27.224193
30.409268 152.570515 -54.237908 40.577429 -37.436911 -27.230672
30.413291 152.571187 -54.236988 40.589681 -37.434262 -27.237158
30.417321 152.571859 -54.236067 40.601935 -37.431616 -27.243652
30.421357 152.572532 -54.235145 40.614191 -37.428974 -27.250153
30.425400 152.573206 -54.234222 40.626446 -37.426337 -27.256661
30.429449 152.573879 -54.233297 40.638704 -37.423704 -27.263176
30.433504 152.574553 -54.232372 40.650961 -37.421074 -27.269698
30.437566 152.575228 -54.231444 40.663219 -37.418449 -27.276227
30.441634 152.575904 -54.230516 40.675478 -37.415828 -27.282762
30.445709 152.576579 -54.229586 40.687738 -37.413211 -27.289305
30.449790 152.577255 -54.228656 40.699998 -37.410598 -27.295855
30.453877 152.577932 -54.227723 40.712260 -37.407989 -27.302411
30.457972 152.578609 -54.226790 40.724520 -37.405384 -27.308974
30.462071 152.579287 -54.225856 40.736783 -37.402783 -27.315544
30.466178 152.579965 -54.224920 40.749045 -37.400187 -27.322121
30.470292 152.580644 -54.223983 40.761306 -37.397594 -27.328703
30.474411 152.581323 -54.223045 40.773569 -37.395005 -27.335293
30.478537 152.582003 -54.222106 40.785833 -37.392420 -27.341889
30.482669 152.582683 -54.221165 40.798096 -37.389839 -27.348491
30.486807 152.583363 -54.220223 40.810359 -37.387262 -27.355099
30.490953 152.584044 -54.219280 40.822623 -37.384688 -27.361715
30.495105 152.584726 -54.218336 40.834886 -37.382119 -27.368337
30.499263 152.585408 -54.217391 40.847150 -37.379554 -27.374964
30.503428 152.586090 -54.216445 40.859413 -37.376992 -27.381598
30.507599 152.586773 -54.215498 40.871677 -37.374435 -27.388238
30.511777 152.587456 -54.214548 40.883940 -37.371881 -27.394884
30.515961 152.588140 -54.213599 40.896203 -37.369332 -27.401537
30.520151 152.588824 -54.212649 40.908466 -37.366786 -27.408195
30.524349 152.589509 -54.211697 40.920729 -37.364243 -27.414860
30.528553 152.590193 -54.210744 40.932991 -37.361705 -27.421530
30.532763 152.590879 -54.209790 40.945252 -37.359171 -27.428205
30.536979 152.591564 -54.208835 40.957514 -37.356639 -27.434888
30.541203 152.592250 -54.207878 40.969775 -37.354112 -27.441576
30.545432 152.592937 -54.206922 40.982035 -37.351589 -27.448269
30.549668 152.593624 -54.205964 40.994295 -37.349069 -27.454968
30.553910 152.594311 -54.205004 41.006553 -37.346553 -27.461672
30.558160 152.594999 -54.204044 41.018813 -37.344041 -27.468383
30.562416 152.595687 -54.203082 41.031070 -37.341533 -27.475099
30.566679 152.596376 -54.202121 41.043327 -37.339028 -27.481821
30.570947 152.597065 -54.201157 41.055584 -37.336527 -27.488548
30.575223 152.597754 -54.200193 41.067838 -37.334029 -27.495280
30.579505 152.598443 -54.199227 41.080093 -37.331536 -27.502018
30.583793 152.599133 -54.198262 41.092346 -37.329046 -27.508761
30.588089 152.599824 -54.197294 41.104598 -37.326559 -27.515509
30.592391 152.600514 -54.196326 41.116850 -37.324076 -27.522263
30.596699 152.601205 -54.195357 41.129100 -37.321597 -27.529021
30.601014 152.601897 -54.194387 41.141349 -37.319121 -27.535785
30.605335 152.602588 -54.193416 41.153596 -37.316649 -27.542554
30.609664 152.603280 -54.192444 41.165842 -37.314181 -27.549328
30.613998 152.603972 -54.191471 41.178088 -37.311715 -27.556107
30.618340 152.604666 -54.190498 41.190332 -37.309254 -27.562890
30.622688 152.605359 -54.189523 41.202574 -37.306796 -27.569680
30.627043 152.606052 -54.188547 41.214815 -37.304342 -27.576473
30.631403 152.606746 -54.187571 41.227053 -37.301890 -27.583272
30.635771 152.607440 -54.186593 41.239291 -37.299443 -27.590075
30.640146 152.608134 -54.185615 41.251527 -37.296999 -27.596883
30.644527 152.608829 -54.184637 41.263761 -37.294558 -27.603695
30.648915 152.609524 -54.183657 41.275994 -37.292121 -27.610512
30.653310 152.610220 -54.182677 41.288226 -37.289687 -27.617334
30.657711 152.610915 -54.181695 41.300454 -37.287257 -27.624160
30.662118 152.611611 -54.180713 41.312681 -37.284830 -27.630990
30.666533 152.612307 -54.179729 41.324907 -37.282406 -27.637826
30.670954 152.613004 -54.178745 41.337130 -37.279986 -27.644665
30.675382 152.613700 -54.177761 41.349352 -37.277570 -27.651509
30.679816 152.614397 -54.176775 41.361571 -37.275157 -27.658357
30.684257 152.615095 -54.175788 41.373787 -37.272746 -27.665209
30.688705 152.615792 -54.174802 41.386002 -37.270340 -27.672066
30.693159 152.616490 -54.173814 41.398215 -37.267937 -27.678927
30.697621 152.617188 -54.172825 41.410425 -37.265536 -27.685791
30.702089 152.617887 -54.171835 41.422634 -37.263139 -27.692660
30.706564 152.618585 -54.170845 41.434839 -37.260746 -27.699533
30.711045 152.619284 -54.169855 41.447042 -37.258356 -27.706410
30.715533 152.619983 -54.168863 41.459243 -37.255969 -27.713290
30.720028 152.620683 -54.167870 41.471442 -37.253585 -27.720175
30.724530 152.621382 -54.166877 41.483638 -37.251204 -27.727064
30.729037 152.622082 -54.165884 41.495831 -37.248827 -27.733956
30.733553 152.622782 -54.164889 41.508022 -37.246454 -27.740852
30.738075 152.623483 -54.163894 41.520209 -37.244082 -27.747751
30.742603 152.624183 -54.162899 41.532395 -37.241714 -27.754654
30.747139 152.624884 -54.161902 41.544576 -37.239351 -27.761561
30.751681 152.625585 -54.160905 41.556756 -37.236989 -27.768471
30.756230 152.626286 -54.159907 41.568933 -37.234630 -27.775386
30.760785 152.626987 -54.158908 41.581106 -37.232276 -27.782303
30.765347 152.627689 -54.157909 41.593277 -37.229923 -27.789224
30.769917 152.628391 -54.156909 41.605444 -37.227574 -27.796147
30.774493 152.629092 -54.155910 41.617609 -37.225229 -27.803075
30.779076 152.629794 -54.154909 41.629769 -37.222887 -27.810005
30.783666 152.630497 -54.153908 41.641927 -37.220547 -27.816939
30.788261 152.631200 -54.152905 41.654082 -37.218210 -27.823876
30.792865 152.631903 -54.151903 41.666233 -37.215877 -27.830816
30.797475 152.632605 -54.150900 41.678382 -37.213547 -27.837759
30.802092 152.633308 -54.149896 41.690526 -37.211220 -27.844705
30.806716 152.634012 -54.148892 41.702668 -37.208895 -27.851654
30.811347 152.634715 -54.147887 41.714806 -37.206574 -27.858607
30.815983 152.635418 -54.146881 41.726939 -37.204255 -27.865561
30.820628 152.636122 -54.145875 41.739070 -37.201940 -27.872519
30.825279 152.636826 -54.144869 41.751197 -37.199627 -27.879480
30.829936 152.637530 -54.143862 41.763321 -37.197318 -27.886444
30.834602 152.638235 -54.142854 41.775439 -37.195012 -27.893409
30.839273 152.638939 -54.141847 41.787556 -37.192708 -27.900379
30.843951 152.639642 -54.140837 41.799667 -37.190408 -27.907349
30.848637 152.640348 -54.139828 41.811775 -37.188110 -27.914323
30.853330 152.641052 -54.138819 41.823879 -37.185815 -27.921300
30.858029 152.641757 -54.137809 41.835979 -37.183523 -27.928278
30.862735 152.642462 -54.136799 41.848075 -37.181234 -27.935260
30.867448 152.643167 -54.135789 41.860167 -37.178948 -27.942243
30.872167 152.643872 -54.134777 41.872254 -37.176664 -27.949230
30.876894 152.644578 -54.133765 41.884338 -37.174385 -27.956218
30.881628 152.645283 -54.132753 41.896416 -37.172106 -27.963208
30.886368 152.645988 -54.131741 41.908492 -37.169832 -27.970201
30.891116 152.646694 -54.130728 41.920562 -37.167560 -27.977196
30.895871 152.647399 -54.129714 41.932628 -37.165290 -27.984192
30.900632 152.648106 -54.128701 41.944691 -37.163024 -27.991192
30.905400 152.648812 -54.127687 41.956747 -37.160760 -27.998192
30.910175 152.649517 -54.126673 41.968801 -37.158500 -28.005196
30.914957 152.650223 -54.125658 41.980848 -37.156241 -28.012200
30.919747 152.650930 -54.124643 41.992892 -37.153986 -28.019207
30.924543 152.651635 -54.123627 42.004931 -37.151733 -28.026216
30.929346 152.652342 -54.122611 42.016965 -37.149483 -28.033227
30.934156 152.653048 -54.121595 42.028995 -37.147236 -28.040239
30.938973 152.653755 -54.120578 42.041019 -37.144991 -28.047253
30.943798 152.654460 -54.119561 42.053038 -37.142750 -28.054267
30.948628 152.655167 -54.118544 42.065053 -37.140511 -28.061284
30.953466 152.655874 -54.117527 42.077062 -37.138274 -28.068304
30.958311 152.656581 -54.116509 42.089066 -37.136039 -28.075323
30.963163 152.657287 -54.115491 42.101066 -37.133809 -28.082345
30.968022 152.657993 -54.114472 42.113060 -37.131580 -28.089367
30.972888 152.658700 -54.113454 42.125050 -37.129354 -28.096393
30.977761 152.659407 -54.112436 42.137034 -37.127131 -28.103418
30.982641 152.660114 -54.111416 42.149012 -37.124909 -28.110444
30.987528 152.660820 -54.110398 42.160985 -37.122692 -28.117473
30.992422 152.661527 -54.109378 42.172953 -37.120476 -28.124501
30.997323 152.662234 -54.108358 42.184915 -37.118262 -28.131531
31.002231 152.662940 -54.107338 42.196872 -37.116052 -28.138564
31.007147 152.663647 -54.106318 42.208824 -37.113844 -28.145596
31.012068 152.664354 -54.105298 42.220771 -37.111638 -28.152630
31.016999 152.665060 -54.104277 42.232710 -37.109435 -28.159664
31.021935 152.665767 -54.103257 42.244645 -37.107235 -28.166700
31.026878 152.666474 -54.102236 42.256574 -37.105037 -28.173736
31.031829 152.667181 -54.101215 42.268497 -37.102842 -28.180773
31.036786 152.667887 -54.100193 42.280413 -37.100649 -28.187811
31.041750 152.668594 -54.099173 42.292325 -37.098458 -28.194849
31.046722 152.669301 -54.098151 42.304231 -37.096270 -28.201888
31.051701 152.670007 -54.097129 42.316131 -37.094084 -28.208928
31.056687 152.670714 -54.096108 42.328023 -37.091900 -28.215968
31.061681 152.671420 -54.095087 42.339910 -37.089719 -28.223009
31.066681 152.672127 -54.094064 42.351792 -37.087542 -28.230051
31.071688 152.672833 -54.093043 42.363667 -37.085366 -28.237092
31.076702 152.673540 -54.092021 42.375536 -37.083192 -28.244135
31.081723 152.674246 -54.090998 42.387398 -37.081021 -28.251177
31.086752 152.674952 -54.089977 42.399254 -37.078852 -28.258220
31.091788 152.675658 -54.088954 42.411104 -37.076685 -28.265264
31.096831 152.676365 -54.087931 42.422947 -37.074521 -28.272307
31.101881 152.677071 -54.086909 42.434784 -37.072359 -28.279350
31.106938 152.677777 -54.085887 42.446615 -37.070199 -28.286394
31.112003 152.678483 -54.084864 42.458438 -37.068041 -28.293437
31.117075 152.679189 -54.083842 42.470255 -37.065888 -28.300481
31.122153 152.679894 -54.082820 42.482065 -37.063734 -28.307524
31.127239 152.680600 -54.081797 42.493869 -37.061584 -28.314568
31.132332 152.681305 -54.080775 42.505666 -37.059435 -28.321612
31.137433 152.682011 -54.079752 42.517456 -37.057290 -28.328656
31.142540 152.682716 -54.078730 42.529240 -37.055146 -28.335698
31.147655 152.683422 -54.077708 42.541016 -37.053005 -28.342741
31.152776 152.684127 -54.076686 42.552785 -37.050865 -28.349784
31.157905 152.684832 -54.075664 42.564548 -37.048729 -28.356827
31.163041 152.685537 -54.074642 42.576302 -37.046594 -28.363868
31.168184 152.686241 -54.073620 42.588051 -37.044461 -28.370909
31.173336 152.686946 -54.072598 42.599792 -37.042331 -28.377951
31.178493 152.687650 -54.071575 42.611526 -37.040203 -28.384991
31.183659 152.688356 -54.070554 42.623252 -37.038077 -28.392031
31.188831 152.689060 -54.069533 42.634971 -37.035953 -28.399070
31.194010 152.689764 -54.068511 42.646683 -37.033832 -28.406108
31.199197 152.690467 -54.067489 42.658388 -37.031711 -28.413147
31.204392 152.691171 -54.066468 42.670085 -37.029594 -28.420185
31.209592 152.691875 -54.065447 42.681773 -37.027479 -28.427220
31.214801 152.692579 -54.064426 42.693455 -37.025365 -28.434256
31.220017 152.693282 -54.063404 42.705129 -37.023254 -28.441290
31.225240 152.693985 -54.062384 42.716795 -37.021145 -28.448324
31.230470 152.694688 -54.061363 42.728455 -37.019039 -28.455358
31.235708 152.695391 -54.060343 42.740105 -37.016933 -28.462389
31.240953 152.696093 -54.059323 42.751748 -37.014830 -28.469419
31.246206 152.696797 -54.058303 42.763384 -37.012730 -28.476449
31.251465 152.697499 -54.057284 42.775012 -37.010631 -28.483477
31.256731 152.698201 -54.056264 42.786631 -37.008533 -28.490505
31.262006 152.698903 -54.055244 42.798243 -37.006439 -28.497531
31.267288 152.699604 -54.054225 42.809845 -37.004347 -28.504555
31.272576 152.700306 -54.053206 42.821440 -37.002255 -28.511578
31.277873 152.701008 -54.052188 42.833027 -37.000167 -28.518600
31.283176 152.701709 -54.051170 42.844607 -36.998080 -28.525622
31.288486 152.702410 -54.050151 42.856177 -36.995995 -28.532640
31.293805 152.703110 -54.049134 42.867740 -36.993912 -28.539657
31.299130 152.703810 -54.048117 42.879293 -36.991831 -28.546673
31.304462 152.704511 -54.047099 42.890838 -36.989752 -28.553688
31.309802 152.705212 -54.046082 42.902376 -36.987675 -28.560700
31.315151 152.705911 -54.045065 42.913904 -36.985599 -28.567711
31.320505 152.706611 -54.044049 42.925424 -36.983526 -28.574721
31.325867 152.707310 -54.043034 42.936935 -36.981454 -28.581728
31.331237 152.708009 -54.042018 42.948437 -36.979385 -28.588733
31.336614 152.708708 -54.041003 42.959931 -36.977317 -28.595737
31.341998 152.709406 -54.039987 42.971417 -36.975251 -28.602739
31.347390 152.710105 -54.038973 42.982893 -36.973187 -28.609738
31.352789 152.710803 -54.037958 42.994360 -36.971125 -28.616736
31.358195 152.711501 -54.036945 43.005819 -36.969064 -28.623732
31.363610 152.712199 -54.035931 43.017268 -36.967007 -28.630725
31.369031 152.712896 -54.034918 43.028709 -36.964950 -28.637717
31.374460 152.713593 -54.033906 43.040140 -36.962895 -28.644706
31.379896 152.714290 -54.032893 43.051563 -36.960841 -28.651693
31.385340 152.714986 -54.031882 43.062977 -36.958790 -28.658678
31.390791 152.715682 -54.030871 43.074380 -36.956740 -28.665659
31.396250 152.716379 -54.029860 43.085774 -36.954693 -28.672639
31.401716 152.717075 -54.028849 43.097160 -36.952646 -28.679617
31.407189 152.717770 -54.027839 43.108536 -36.950602 -28.686591
31.412669 152.718465 -54.026830 43.119903 -36.948560 -28.693564
31.418157 152.719160 -54.025821 43.131260 -36.946519 -28.700534
31.423654 152.719854 -54.024813 43.142608 -36.944480 -28.707501
31.429156 152.720548 -54.023804 43.153945 -36.942442 -28.714465
31.434668 152.721242 -54.022797 43.165273 -36.940407 -28.721427
31.440185 152.721935 -54.021789 43.176593 -36.938372 -28.728387
31.445711 152.722628 -54.020783 43.187902 -36.936340 -28.735343
31.451244 152.723321 -54.019776 43.199201 -36.934309 -28.742297
31.456785 152.724014 -54.018771 43.210490 -36.932280 -28.749247
31.462332 152.724706 -54.017766 43.221771 -36.930253 -28.756195
31.467888 152.725398 -54.016762 43.233040 -36.928227 -28.763140
31.473452 152.726089 -54.015759 43.244300 -36.926203 -28.770082
31.479023 152.726781 -54.014755 43.255550 -36.924180 -28.777020
31.484601 152.727472 -54.013753 43.266790 -36.922159 -28.783956
31.490186 152.728162 -54.012751 43.278020 -36.920140 -28.790888
31.495779 152.728852 -54.011748 43.289239 -36.918122 -28.797818
31.501380 152.729542 -54.010748 43.300448 -36.916106 -28.804744
31.506989 152.730232 -54.009748 43.311647 -36.914091 -28.811666
31.512604 152.730921 -54.008748 43.322836 -36.912079 -28.818586
31.518227 152.731609 -54.007749 43.334013 -36.910067 -28.825501
31.523859 152.732297 -54.006750 43.345181 -36.908058 -28.832414
31.529497 152.732985 -54.005753 43.356339 -36.906049 -28.839323
31.535143 152.733673 -54.004756 43.367485 -36.904042 -28.846227
31.540796 152.734360 -54.003759 43.378622 -36.902037 -28.853129
31.546458 152.735047 -54.002763 43.389747 -36.900033 -28.860029
31.552126 152.735733 -54.001769 43.400862 -36.898030 -28.866923
31.557803 152.736419 -54.000774 43.411968 -36.896029 -28.873814
31.563486 152.737104 -53.999780 43.423061 -36.894030 -28.880701
31.569178 152.737790 -53.998787 43.434143 -36.892032 -28.887585
31.574877 152.738475 -53.997795 43.445215 -36.890035 -28.894464
31.580584 152.739158 -53.996804 43.456277 -36.888041 -28.901340
31.586299 152.739843 -53.995813 43.467326 -36.886047 -28.908212
31.592020 152.740526 -53.994822 43.478365 -36.884056 -28.915079
31.597750 152.741210 -53.993833 43.489394 -36.882064 -28.921944
31.603487 152.741892 -53.992844 43.500411 -36.880075 -28.928804
31.609232 152.742574 -53.991857 43.511416 -36.878087 -28.935659
31.614985 152.743256 -53.990870 43.522411 -36.876101 -28.942511
31.620745 152.743937 -53.989884 43.533394 -36.874116 -28.949358
31.626513 152.744618 -53.988898 43.544366 -36.872132 -28.956201
31.632288 152.745299 -53.987914 43.555326 -36.870149 -28.963040
31.638071 152.745979 -53.986930 43.566276 -36.868168 -28.969875
31.643862 152.746659 -53.985947 43.577213 -36.866189 -28.976704
31.649660 152.747337 -53.984965 43.588140 -36.864211 -28.983530
31.655467 152.748016 -53.983983 43.599055 -36.862234 -28.990352
31.661280 152.748695 -53.983003 43.609958 -36.860258 -28.997168
31.667101 152.749372 -53.982023 43.620849 -36.858283 -29.003980
31.672931 152.750050 -53.981044 43.631728 -36.856311 -29.010788
31.678768 152.750726 -53.980066 43.642596 -36.854339 -29.017591
31.684612 152.751403 -53.979090 43.653453 -36.852369 -29.024389
31.690464 152.752078 -53.978113 43.664297 -36.850400 -29.031183
31.696324 152.752753 -53.977138 43.675128 -36.848432 -29.037971
31.702192 152.753428 -53.976164 43.685949 -36.846465 -29.044755
31.708068 152.754102 -53.975191 43.696758 -36.844500 -29.051535
31.713951 152.754777 -53.974218 43.707554 -36.842535 -29.058309
31.719842 152.755450 -53.973247 43.718338 -36.840573 -29.065078
31.725740 152.756122 -53.972276 43.729110 -36.838611 -29.071842
31.731646 152.756795 -53.971306 43.739870 -36.836651 -29.078601
31.737561 152.757467 -53.970338 43.750618 -36.834691 -29.085355
31.743482 152.758138 -53.969371 43.761353 -36.832733 -29.092104
31.749411 152.758809 -53.968403 43.772076 -36.830776 -29.098848
31.755349 152.759479 -53.967437 43.782786 -36.828821 -29.105586
31.761294 152.760149 -53.966473 43.793484 -36.826866 -29.112320
31.767247 152.760817 -53.965509 43.804170 -36.824913 -29.119047
31.773207 152.761486 -53.964546 43.814842 -36.822961 -29.125770
31.779176 152.762155 -53.963584 43.825502 -36.821010 -29.132487
31.785152 152.762822 -53.962624 43.836151 -36.819060 -29.139199
31.791136 152.763489 -53.961664 43.846786 -36.817111 -29.145906
31.797128 152.764156 -53.960706 43.857408 -36.815164 -29.152606
31.803127 152.764821 -53.959748 43.868017 -36.813217 -29.159301
31.809135 152.765487 -53.958791 43.878614 -36.811272 -29.165991
31.815150 152.766151 -53.957836 43.889198 -36.809327 -29.172675
31.821173 152.766816 -53.956882 43.899768 -36.807384 -29.179352
31.827204 152.767479 -53.955928 43.910326 -36.805442 -29.186024
31.833242 152.768142 -53.954976 43.920871 -36.803501 -29.192692
31.839289 152.768805 -53.954026 43.931403 -36.801561 -29.199353
31.845344 152.769467 -53.953075 43.941921 -36.799622 -29.206007
31.851405 152.770128 -53.952127 43.952425 -36.797684 -29.212656
31.857476 152.770789 -53.951179 43.962918 -36.795747 -29.219299
31.863553 152.771449 -53.950233 43.973396 -36.793811 -29.225935
31.869639 152.772108 -53.949287 43.983861 -36.791876 -29.232566
31.875733 152.772767 -53.948343 43.994314 -36.789943 -29.239192
31.881834 152.773426 -53.947400 44.004752 -36.788010 -29.245810
31.887944 152.774084 -53.946458 44.015177 -36.786078 -29.252422
31.894061 152.774740 -53.945518 44.025587 -36.784148 -29.259027
31.900186 152.775397 -53.944578 44.035986 -36.782218 -29.265627
31.906320 152.776053 -53.943639 44.046370 -36.780289 -29.272222
31.912460 152.776708 -53.942703 44.056740 -36.778360 -29.278808
31.918609 152.777363 -53.941766 44.067096 -36.776434 -29.285389
31.924766 152.778017 -53.940832 44.077440 -36.774508 -29.291964
31.930930 152.778670 -53.939899 44.087769 -36.772582 -29.298531
31.937103 152.779323 -53.938966 44.098084 -36.770658 -29.305091
31.943283 152.779975 -53.938035 44.108384 -36.768735 -29.311646
31.949472 152.780627 -53.937106 44.118671 -36.766812 -29.318194
31.955668 152.781277 -53.936178 44.128945 -36.764891 -29.324735
31.961872 152.781928 -53.935250 44.139204 -36.762971 -29.331270
31.968084 152.782577 -53.934325 44.149448 -36.761051 -29.337796
31.974305 152.783225 -53.933401 44.159678 -36.759132 -29.344317
31.980533 152.783874 -53.932477 44.169895 -36.757214 -29.350831
31.986769 152.784521 -53.931556 44.180097 -36.755297 -29.357338
31.993013 152.785168 -53.930635 44.190284 -36.753382 -29.363838
31.999264 152.785815 -53.929716 44.200457 -36.751466 -29.370332
32.005525 152.786460 -53.928797 44.210617 -36.749552 -29.376817
32.011793 152.787105 -53.927881 44.220760 -36.747637 -29.383296
32.018068 152.787749 -53.926966 44.230890 -36.745725 -29.389767
32.024353 152.788392 -53.926053 44.241005 -36.743813 -29.396232
32.030644 152.789034 -53.925140 44.251106 -36.741901 -29.402689
32.036943 152.789676 -53.924229 44.261191 -36.739991 -29.409139
32.043251 152.790319 -53.923319 44.271263 -36.738081 -29.415582
32.049567 152.790959 -53.922411 44.281319 -36.736172 -29.422018
32.055891 152.791599 -53.921505 44.291360 -36.734264 -29.428446
32.062223 152.792238 -53.920599 44.301386 -36.732356 -29.434866
32.068564 152.792876 -53.919695 44.311397 -36.730450 -29.441279
32.074912 152.793514 -53.918793 44.321393 -36.728544 -29.447683
32.081267 152.794151 -53.917891 44.331375 -36.726639 -29.454082
32.087631 152.794788 -53.916992 44.341342 -36.724735 -29.460472
32.094003 152.795423 -53.916094 44.351292 -36.722831 -29.466854
32.100383 152.796059 -53.915197 44.361228 -36.720928 -29.473229
32.106772 152.796692 -53.914302 44.371148 -36.719026 -29.479596
32.113168 152.797326 -53.913409 44.381054 -36.717124 -29.485955
32.119572 152.797959 -53.912516 44.390944 -36.715224 -29.492307
32.125984 152.798590 -53.911626 44.400819 -36.713323 -29.498651
32.132405 152.799221 -53.910737 44.410678 -36.711423 -29.504986
32.138833 152.799851 -53.909849 44.420521 -36.709524 -29.511313
32.145270 152.800481 -53.908964 44.430349 -36.707626 -29.517632
32.151715 152.801110 -53.908079 44.440162 -36.705729 -29.523944
32.158167 152.801738 -53.907196 44.449958 -36.703832 -29.530247
32.164629 152.802365 -53.906314 44.459739 -36.701936 -29.536543
32.171098 152.802992 -53.905435 44.469505 -36.700040 -29.542830
32.177574 152.803618 -53.904556 44.479254 -36.698145 -29.549108
32.184060 152.804243 -53.903680 44.488988 -36.696250 -29.555379
32.190553 152.804867 -53.902805 44.498705 -36.694357 -29.561641
32.197054 152.805490 -53.901931 44.508407 -36.692463 -29.567894
32.203564 152.806113 -53.901059 44.518092 -36.690571 -29.574139
32.210082 152.806735 -53.900189 44.527762 -36.688678 -29.580376
32.216608 152.807356 -53.899320 44.537416 -36.686786 -29.586605
32.223142 152.807976 -53.898453 44.547053 -36.684896 -29.592824
32.229684 152.808595 -53.897588 44.556675 -36.683005 -29.599035
32.236234 152.809213 -53.896724 44.566279 -36.681116 -29.605238
32.242793 152.809831 -53.895862 44.575868 -36.679227 -29.611432
32.249359 152.810448 -53.895002 44.585440 -36.677338 -29.617617
32.255934 152.811065 -53.894143 44.594996 -36.675449 -29.623794
32.262517 152.811680 -53.893286 44.604535 -36.673562 -29.629960
32.269108 152.812295 -53.892432 44.614058 -36.671674 -29.636119
32.275707 152.812908 -53.891578 44.623564 -36.669788 -29.642268
32.282315 152.813522 -53.890726 44.633055 -36.667901 -29.648410
32.288930 152.814133 -53.889876 44.642527 -36.666015 -29.654541
32.295555 152.814744 -53.889028 44.651983 -36.664130 -29.660664
32.302186 152.815355 -53.888181 44.661423 -36.662246 -29.666777
32.308827 152.815964 -53.887337 44.670846 -36.660362 -29.672882
32.315476 152.816573 -53.886493 44.680252 -36.658477 -29.678977
32.322133 152.817180 -53.885652 44.689640 -36.656594 -29.685063
32.328797 152.817787 -53.884812 44.699013 -36.654710 -29.691140
32.335471 152.818393 -53.883975 44.708367 -36.652828 -29.697207
32.342152 152.818999 -53.883138 44.717706 -36.650946 -29.703265
32.348843 152.819603 -53.882305 44.727027 -36.649064 -29.709314
32.355541 152.820206 -53.881473 44.736331 -36.647183 -29.715353
32.362246 152.820808 -53.880642 44.745616 -36.645302 -29.721383
32.368960 152.821410 -53.879813 44.754886 -36.643421 -29.727403
32.375683 152.822011 -53.878986 44.764138 -36.641541 -29.733414
32.382415 152.822610 -53.878162 44.773373 -36.639661 -29.739415
32.389154 152.823209 -53.877339 44.782589 -36.637782 -29.745406
32.395902 152.823807 -53.876518 44.791789 -36.635902 -29.751388
32.402657 152.824404 -53.875698 44.800971 -36.634024 -29.757360
32.409421 152.825001 -53.874881 44.810136 -36.632145 -29.763322
32.416194 152.825596 -53.874065 44.819283 -36.630267 -29.769274
32.422975 152.826190 -53.873252 44.828411 -36.628389 -29.775216
32.429764 152.826784 -53.872440 44.837523 -36.626512 -29.781149
32.436561 152.827377 -53.871630 44.846618 -36.624635 -29.787072
32.443367 152.827968 -53.870822 44.855693 -36.622759 -29.792984
32.450181 152.828559 -53.870016 44.864752 -36.620881 -29.798887
32.457003 152.829149 -53.869212 44.873791 -36.619005 -29.804779
32.463834 152.829737 -53.868411 44.882814 -36.617130 -29.810661
32.470673 152.830325 -53.867611 44.891819 -36.615254 -29.816534
32.477520 152.830912 -53.866812 44.900805 -36.613378 -29.822395
32.484376 152.831498 -53.866016 44.909773 -36.611503 -29.828247
32.491240 152.832083 -53.865222 44.918723 -36.609628 -29.834088
32.498112 152.832668 -53.864430 44.927654 -36.607754 -29.839919
32.504993 152.833250 -53.863640 44.936567 -36.605879 -29.845738
32.511882 152.833832 -53.862851 44.945463 -36.604005 -29.851549
32.518779 152.834414 -53.862066 44.954341 -36.602131 -29.857349
32.525686 152.834994 -53.861282 44.963198 -36.600258 -29.863138
32.532600 152.835574 -53.860499 44.972038 -36.598384 -29.868916
32.539522 152.836152 -53.859720 44.980860 -36.596511 -29.874684
32.546454 152.836729 -53.858942 44.989662 -36.594637 -29.880440
32.553393 152.837305 -53.858167 44.998447 -36.592765 -29.886187
32.560341 152.837881 -53.857393 45.007212 -36.590892 -29.891921
32.567297 152.838455 -53.856622 45.015960 -36.589019 -29.897647
32.574262 152.839029 -53.855852 45.024687 -36.587147 -29.903361
32.581234 152.839601 -53.855084 45.033396 -36.585274 -29.909063
32.588216 152.840172 -53.854319 45.042087 -36.583403 -29.914756
32.595206 152.840743 -53.853555 45.050759 -36.581530 -29.920437
32.602205 152.841312 -53.852795 45.059411 -36.579659 -29.926107
32.609211 152.841880 -53.852036 45.068045 -36.577787 -29.931766
32.616226 152.842448 -53.851279 45.076659 -36.575915 -29.937414
32.623250 152.843013 -53.850524 45.085254 -36.574044 -29.943050
32.630282 152.843579 -53.849772 45.093830 -36.572173 -29.948676
32.637322 152.844143 -53.849022 45.102388 -36.570301 -29.954290
32.644372 152.844707 -53.848274 45.110925 -36.568430 -29.959893
32.651429 152.845269 -53.847528 45.119444 -36.566558 -29.965484
32.658495 152.845830 -53.846785 45.127942 -36.564687 -29.971065
32.665570 152.846390 -53.846044 45.136422 -36.562816 -29.976634
32.672652 152.846950 -53.845304 45.144883 -36.560945 -29.982191
32.679744 152.847508 -53.844567 45.153323 -36.559075 -29.987737
32.686844 152.848064 -53.843832 45.161744 -36.557204 -29.993271
32.693952 152.848620 -53.843100 45.170146 -36.555333 -29.998794
32.701070 152.849175 -53.842369 45.178528 -36.553462 -30.004305
32.708194 152.849729 -53.841642 45.186889 -36.551591 -30.009805
32.715328 152.850281 -53.840916 45.195232 -36.549720 -30.015292
32.722471 152.850833 -53.840193 45.203554 -36.547850 -30.020768
32.729622 152.851384 -53.839471 45.211857 -36.545979 -30.026232
32.736781 152.851934 -53.838753 45.220140 -36.544108 -30.031685
32.743949 152.852481 -53.838036 45.228402 -36.542237 -30.037124
32.751126 152.853029 -53.837322 45.236645 -36.540367 -30.042553
32.758311 152.853575 -53.836610 45.244868 -36.538496 -30.047969
32.765505 152.854121 -53.835901 45.253070 -36.536625 -30.053374
32.772707 152.854664 -53.835193 45.261253 -36.534754 -30.058766
32.779918 152.855208 -53.834489 45.269415 -36.532882 -30.064146
32.787137 152.855749 -53.833786 45.277557 -36.531012 -30.069514
32.794365 152.856290 -53.833087 45.285679 -36.529140 -30.074869
32.801602 152.856829 -53.832389 45.293780 -36.527269 -30.080214
32.808847 152.857368 -53.831693 45.301861 -36.525397 -30.085545
32.816100 152.857905 -53.831001 45.309921 -36.523526 -30.090864
32.823362 152.858441 -53.830310 45.317961 -36.521656 -30.096171
32.830634 152.858977 -53.829622 45.325980 -36.519784 -30.101464
32.837912 152.859511 -53.828936 45.333979 -36.517912 -30.106746
32.845201 152.860044 -53.828253 45.341957 -36.516039 -30.112015
32.852497 152.860576 -53.827573 45.349914 -36.514168 -30.117271
