-22.854122 151.707734 -54.698461 27.236401 -41.641121 -18.854594
-22.843843 151.707676 -54.698461 27.236403 -41.641120 -18.853932
-22.833561 151.707618 -54.698461 27.236405 -41.641120 -18.853268
-22.823280 151.707560 -54.698461 27.236407 -41.641119 -18.852601
-22.812998 151.707502 -54.698461 27.236410 -41.641119 -18.851934
-22.802716 151.707443 -54.698461 27.236411 -41.641118 -18.851264
-22.792433 151.707385 -54.698461 27.236413 -41.641118 -18.850593
-22.782149 151.707326 -54.698461 27.236416 -41.641117 -18.849919
-22.771866 151.707267 -54.698461 27.236419 -41.641116 -18.849244
-22.761581 151.707208 -54.698461 27.236420 -41.641116 -18.848568
-22.751296 151.707149 -54.698461 27.236422 -41.641115 -18.847890
-22.741010 151.707090 -54.698460 27.236425 -41.641115 -18.847210
-22.730725 151.707030 -54.698460 27.236426 -41.641114 -18.846529
-22.720438 151.706971 -54.698460 27.236429 -41.641114 -18.845848
-22.710151 151.706911 -54.698460 27.236431 -41.641113 -18.845165
-22.699865 151.706851 -54.698460 27.236434 -41.641113 -18.844481
-22.689577 151.706791 -54.698460 27.236435 -41.641112 -18.843795
-22.679290 151.706732 -54.698460 27.236438 -41.641112 -18.843110
-22.669001 151.706672 -54.698460 27.236440 -41.641111 -18.842423
-22.658714 151.706612 -54.698460 27.236443 -41.641110 -18.841736
-22.648425 151.706552 -54.698460 27.236444 -41.641110 -18.841047
-22.638137 151.706492 -54.698460 27.236446 -41.641109 -18.840359
-22.627847 151.706431 -54.698460 27.236449 -41.641109 -18.839669
-22.617559 151.706371 -54.698460 27.236451 -41.641108 -18.838980
-22.607270 151.706311 -54.698460 27.236453 -41.641108 -18.838289
-22.596980 151.706251 -54.698460 27.236455 -41.641107 -18.837599
-22.586692 151.706190 -54.698460 27.236458 -41.641106 -18.836908
-22.576402 151.706130 -54.698460 27.236460 -41.641106 -18.836218
-22.566113 151.706070 -54.698460 27.236462 -41.641105 -18.835527
-22.555824 151.706010 -54.698460 27.236464 -41.641105 -18.834836
-22.545534 151.705949 -54.698459 27.236467 -41.641104 -18.834146
-22.535246 151.705889 -54.698459 27.236469 -41.641103 -18.833456
-22.524956 151.705829 -54.698459 27.236470 -41.641103 -18.832766
-22.514668 151.705769 -54.698459 27.236473 -41.641102 -18.832075
-22.504379 151.705709 -54.698459 27.236476 -41.641102 -18.831387
-22.494090 151.705649 -54.698459 27.236478 -41.641101 -18.830698
-22.483802 151.705588 -54.698459 27.236479 -41.641101 -18.830009
-22.473514 151.705528 -54.698459 27.236482 -41.641100 -18.829322
-22.463226 151.705469 -54.698459 27.236484 -41.641100 -18.828636
-22.452938 151.705409 -54.698459 27.236487 -41.641099 -18.827949
-22.442651 151.705349 -54.698459 27.236488 -41.641099 -18.827264
-22.432364 151.705289 -54.698459 27.236491 -41.641098 -18.826580
-22.422077 151.705230 -54.698459 27.236493 -41.641097 -18.825898
-22.411791 151.705170 -54.698459 27.236496 -41.641097 -18.825216
-22.401505 151.705111 -54.698459 27.236497 -41.641096 -18.824535
-22.391219 151.705051 -54.698459 27.236500 -41.641096 -18.823856
-22.380934 151.704992 -54.698459 27.236502 -41.641095 -18.823178
-22.370650 151.704933 -54.698459 27.236503 -41.641095 -18.822501
-22.360366 151.704874 -54.698459 27.236506 -41.641094 -18.821826
-22.350082 151.704816 -54.698459 27.236508 -41.641093 -18.821154
-22.339799 151.704757 -54.698458 27.236511 -41.641093 -18.820482
-22.329517 151.704698 -54.698458 27.236512 -41.641092 -18.819811
-22.319235 151.704640 -54.698458 27.236515 -41.641092 -18.819144
-22.308954 151.704582 -54.698458 27.236517 -41.641091 -18.818479
-22.298673 151.704524 -54.698458 27.236519 -41.641091 -18.817814
-22.288393 151.704466 -54.698458 27.236521 -41.641090 -18.817152
-22.278114 151.704409 -54.698458 27.236524 -41.641090 -18.816493
-22.267835 151.704351 -54.698458 27.236525 -41.641089 -18.815835
-22.257558 151.704294 -54.698458 27.236527 -41.641089 -18.815179
-22.247280 151.704237 -54.698458 27.236530 -41.641088 -18.814527
-22.237005 151.704180 -54.698458 27.236531 -41.641088 -18.813877
-22.226729 151.704124 -54.698458 27.236534 -41.641087 -18.813230
-22.216455 151.704068 -54.698458 27.236536 -41.641086 -18.812584
-22.206181 151.704012 -54.698458 27.236538 -41.641086 -18.811942
-22.195908 151.703956 -54.698458 27.236540 -41.641085 -18.811303
-22.185636 151.703900 -54.698458 27.236543 -41.641085 -18.810667
-22.175366 151.703845 -54.698458 27.236544 -41.641084 -18.810032
-22.165096 151.703790 -54.698458 27.236546 -41.641084 -18.809402
-22.154828 151.703735 -54.698458 27.236548 -41.641083 -18.808774
-22.144559 151.703681 -54.698458 27.236550 -41.641083 -18.808151
-22.134293 151.703626 -54.698457 27.236553 -41.641082 -18.807529
-22.124027 151.703572 -54.698457 27.236554 -41.641082 -18.806911
-22.113763 151.703519 -54.698457 27.236557 -41.641081 -18.806298
-22.103500 151.703466 -54.698457 27.236558 -41.641081 -18.805687
-22.093238 151.703413 -54.698457 27.236560 -41.641080 -18.805079
-22.082977 151.703360 -54.698457 27.236562 -41.641080 -18.804476
-22.072717 151.703308 -54.698457 27.236564 -41.641079 -18.803877
-22.062459 151.703256 -54.698457 27.236565 -41.641079 -18.803281
-22.052201 151.703204 -54.698457 27.236568 -41.641078 -18.802689
-22.041945 151.703153 -54.698457 27.236569 -41.641078 -18.802100
-22.031690 151.703102 -54.698457 27.236572 -41.641077 -18.801517
-22.021437 151.703051 -54.698457 27.236573 -41.641077 -18.800937
-22.011185 151.703001 -54.698457 27.236576 -41.641076 -18.800362
-22.000934 151.702951 -54.698457 27.236577 -41.641076 -18.799790
-21.990685 151.702901 -54.698457 27.236579 -41.641075 -18.799224
-21.980438 151.702852 -54.698457 27.236581 -41.641075 -18.798662
-21.970192 151.702804 -54.698457 27.236582 -41.641075 -18.798104
-21.959946 151.702755 -54.698457 27.236584 -41.641074 -18.797551
-21.949704 151.702708 -54.698457 27.236586 -41.641074 -18.797002
-21.939462 151.702660 -54.698457 27.236588 -41.641073 -18.796459
-21.929222 151.702613 -54.698457 27.236589 -41.641073 -18.795920
-21.918983 151.702566 -54.698457 27.236591 -41.641072 -18.795385
-21.908746 151.702520 -54.698457 27.236593 -41.641072 -18.794857
-21.898511 151.702475 -54.698456 27.236595 -41.641071 -18.794333
-21.888277 151.702429 -54.698456 27.236596 -41.641071 -18.793815
-21.878046 151.702385 -54.698456 27.236598 -41.641070 -18.793302
-21.867816 151.702340 -54.698456 27.236600 -41.641070 -18.792793
-21.857587 151.702296 -54.698456 27.236601 -41.641070 -18.792291
-21.847361 151.702253 -54.698456 27.236602 -41.641069 -18.791793
-21.837135 151.702210 -54.698456 27.236605 -41.641069 -18.791303
-21.826913 151.702168 -54.698456 27.236606 -41.641069 -18.790817
-21.816692 151.702126 -54.698456 27.236607 -41.641068 -18.790336
-21.806472 151.702084 -54.698456 27.236608 -41.641068 -18.789862
-21.796255 151.702043 -54.698456 27.236611 -41.641067 -18.789394
-21.786040 151.702003 -54.698456 27.236612 -41.641067 -18.788932
-21.775826 151.701963 -54.698456 27.236614 -41.641067 -18.788475
-21.765615 151.701924 -54.698456 27.236615 -41.641066 -18.788024
-21.755405 151.701885 -54.698456 27.236616 -41.641066 -18.787580
-21.745198 151.701847 -54.698456 27.236617 -41.641066 -18.787142
-21.734992 151.701809 -54.698456 27.236619 -41.641065 -18.786711
-21.724789 151.701772 -54.698456 27.236620 -41.641065 -18.786286
-21.714588 151.701736 -54.698456 27.236622 -41.641064 -18.785868
-21.704388 151.701700 -54.698456 27.236624 -41.641064 -18.785456
-21.694191 151.701664 -54.698456 27.236625 -41.641064 -18.785051
-21.683997 151.701629 -54.698456 27.236626 -41.641063 -18.784652
-21.673805 151.701595 -54.698456 27.236627 -41.641063 -18.784261
-21.663614 151.701562 -54.698456 27.236629 -41.641063 -18.783876
-21.653427 151.701529 -54.698456 27.236630 -41.641062 -18.783499
-21.643241 151.701496 -54.698456 27.236631 -41.641062 -18.783127
-21.633057 151.701465 -54.698456 27.236631 -41.641062 -18.782763
-21.622876 151.701434 -54.698456 27.236633 -41.641062 -18.782407
-21.612697 151.701403 -54.698456 27.236634 -41.641061 -18.782058
-21.602521 151.701373 -54.698456 27.236635 -41.641061 -18.781717
-21.592348 151.701344 -54.698455 27.236636 -41.641061 -18.781383
-21.582175 151.701316 -54.698455 27.236638 -41.641060 -18.781057
-21.572007 151.701288 -54.698455 27.236639 -41.641060 -18.780737
-21.561840 151.701261 -54.698455 27.236639 -41.641060 -18.780425
-21.551676 151.701234 -54.698455 27.236640 -41.641060 -18.780122
-21.541515 151.701208 -54.698455 27.236641 -41.641059 -18.779827
-21.531355 151.701183 -54.698455 27.236643 -41.641059 -18.779540
-21.521200 151.701159 -54.698455 27.236643 -41.641059 -18.779259
-21.511046 151.701135 -54.698455 27.236644 -41.641059 -18.778988
-21.500895 151.701112 -54.698455 27.236645 -41.641058 -18.778725
-21.490746 151.701090 -54.698455 27.236645 -41.641058 -18.778470
-21.480601 151.701068 -54.698455 27.236646 -41.641058 -18.778222
-21.470458 151.701047 -54.698455 27.236648 -41.641058 -18.777984
-21.460317 151.701027 -54.698455 27.236648 -41.641058 -18.777754
-21.450180 151.701008 -54.698455 27.236649 -41.641058 -18.777533
-21.440045 151.700989 -54.698455 27.236649 -41.641058 -18.777320
-21.429913 151.700972 -54.698455 27.236650 -41.641057 -18.777117
-21.419785 151.700955 -54.698455 27.236650 -41.641057 -18.776921
-21.409659 151.700938 -54.698455 27.236652 -41.641057 -18.776736
-21.399536 151.700923 -54.698455 27.236652 -41.641057 -18.776558
-21.389415 151.700908 -54.698455 27.236653 -41.641057 -18.776390
-21.379298 151.700894 -54.698455 27.236653 -41.641057 -18.776231
-21.369184 151.700881 -54.698455 27.236653 -41.641057 -18.776081
-21.359072 151.700869 -54.698455 27.236654 -41.641056 -18.775941
-21.348964 151.700857 -54.698455 27.236654 -41.641056 -18.775809
-21.338859 151.700847 -54.698455 27.236654 -41.641056 -18.775687
-21.328757 151.700837 -54.698455 27.236655 -41.641056 -18.775575
-21.318657 151.700828 -54.698455 27.236655 -41.641056 -18.775472
-21.308562 151.700820 -54.698455 27.236655 -41.641056 -18.775379
-21.298470 151.700813 -54.698455 27.236655 -41.641056 -18.775295
-21.288380 151.700806 -54.698455 27.236657 -41.641056 -18.775223
-21.278294 151.700801 -54.698455 27.236657 -41.641056 -18.775159
-21.268210 151.700796 -54.698455 27.236657 -41.641056 -18.775105
-21.258131 151.700792 -54.698455 27.236657 -41.641056 -18.775062
-21.248054 151.700789 -54.698455 27.236657 -41.641056 -18.775029
-21.237980 151.700787 -54.698455 27.236657 -41.641056 -18.775005
-21.227911 151.700786 -54.698455 27.236657 -41.641056 -18.774993
-21.217844 151.700786 -54.698455 27.236657 -41.641056 -18.774990
-21.207780 151.700787 -54.698455 27.236657 -41.641056 -18.774999
-21.197721 151.700788 -54.698455 27.236657 -41.641056 -18.775017
-21.187665 151.700791 -54.698455 27.236657 -41.641056 -18.775047
-21.177612 151.700795 -54.698455 27.236657 -41.641056 -18.775087
-21.167562 151.700799 -54.698455 27.236657 -41.641056 -18.775138
-21.157517 151.700804 -54.698455 27.236657 -41.641056 -18.775199
-21.147474 151.700811 -54.698455 27.236655 -41.641056 -18.775271
-21.137435 151.700818 -54.698455 27.236655 -41.641056 -18.775355
-21.127400 151.700826 -54.698455 27.236655 -41.641056 -18.775450
-21.117369 151.700835 -54.698455 27.236655 -41.641056 -18.775556
-21.107340 151.700846 -54.698455 27.236654 -41.641056 -18.775673
-21.097317 151.700857 -54.698455 27.236654 -41.641056 -18.775802
-21.087295 151.700869 -54.698455 27.236654 -41.641056 -18.775942
-21.077279 151.700882 -54.698455 27.236653 -41.641057 -18.776093
-21.067266 151.700897 -54.698455 27.236653 -41.641057 -18.776256
-21.057257 151.700912 -54.698455 27.236653 -41.641057 -18.776431
-21.047251 151.700928 -54.698455 27.236652 -41.641057 -18.776617
-21.037249 151.700945 -54.698455 27.236652 -41.641057 -18.776816
-21.027251 151.700964 -54.698455 27.236650 -41.641057 -18.777025
-21.017258 151.700983 -54.698455 27.236649 -41.641058 -18.777247
-21.007268 151.701003 -54.698455 27.236649 -41.641058 -18.777481
-20.997281 151.701025 -54.698455 27.236648 -41.641058 -18.777727
-20.987299 151.701048 -54.698455 27.236648 -41.641058 -18.777986
-20.977321 151.701071 -54.698455 27.236646 -41.641058 -18.778256
-20.967346 151.701096 -54.698455 27.236645 -41.641058 -18.778540
-20.957376 151.701122 -54.698455 27.236644 -41.641059 -18.778835
-20.947410 151.701149 -54.698455 27.236644 -41.641059 -18.779143
-20.937448 151.701177 -54.698455 27.236643 -41.641059 -18.779464
-20.927490 151.701206 -54.698455 27.236641 -41.641059 -18.779797
-20.917536 151.701236 -54.698455 27.236640 -41.641060 -18.780143
-20.907586 151.701267 -54.698455 27.236639 -41.641060 -18.780501
-20.897641 151.701300 -54.698455 27.236638 -41.641060 -18.780874
-20.887699 151.701333 -54.698455 27.236636 -41.641061 -18.781258
-20.877762 151.701368 -54.698456 27.236635 -41.641061 -18.781656
-20.867829 151.701404 -54.698456 27.236634 -41.641061 -18.782067
-20.857901 151.701441 -54.698456 27.236633 -41.641062 -18.782491
-20.847977 151.701479 -54.698456 27.236631 -41.641062 -18.782929
-20.838056 151.701518 -54.698456 27.236630 -41.641062 -18.783381
-20.828141 151.701559 -54.698456 27.236629 -41.641063 -18.783845
-20.818230 151.701601 -54.698456 27.236626 -41.641063 -18.784322
-20.808323 151.701644 -54.698456 27.236625 -41.641064 -18.784814
-20.798420 151.701688 -54.698456 27.236624 -41.641064 -18.785319
-20.788523 151.701733 -54.698456 27.236622 -41.641064 -18.785839
-20.778629 151.701780 -54.698456 27.236620 -41.641065 -18.786371
-20.768741 151.701827 -54.698456 27.236619 -41.641065 -18.786918
-20.758856 151.701876 -54.698456 27.236616 -41.641066 -18.787478
-20.748976 151.701927 -54.698456 27.236615 -41.641066 -18.788054
-20.739101 151.701978 -54.698456 27.236612 -41.641067 -18.788643
-20.729230 151.702031 -54.698456 27.236611 -41.641067 -18.789247
-20.719364 151.702084 -54.698456 27.236608 -41.641068 -18.789864
-20.709503 151.702140 -54.698456 27.236607 -41.641068 -18.790497
-20.699646 151.702196 -54.698456 27.236605 -41.641069 -18.791144
-20.689794 151.702254 -54.698456 27.236602 -41.641069 -18.791804
-20.679947 151.702313 -54.698456 27.236601 -41.641070 -18.792481
-20.670105 151.702373 -54.698456 27.236598 -41.641070 -18.793172
-20.660268 151.702435 -54.698456 27.236596 -41.641071 -18.793877
-20.650434 151.702498 -54.698457 27.236593 -41.641072 -18.794597
-20.640606 151.702562 -54.698457 27.236591 -41.641072 -18.795332
-20.630784 151.702627 -54.698457 27.236589 -41.641073 -18.796084
-20.620965 151.702694 -54.698457 27.236587 -41.641073 -18.796849
-20.611152 151.702762 -54.698457 27.236584 -41.641074 -18.797629
-20.601343 151.702832 -54.698457 27.236582 -41.641075 -18.798426
-20.591540 151.702903 -54.698457 27.236579 -41.641075 -18.799237
-20.581742 151.702975 -54.698457 27.236576 -41.641076 -18.800063
-20.571948 151.703048 -54.698457 27.236573 -41.641077 -18.800906
-20.562161 151.703123 -54.698457 27.236570 -41.641078 -18.801764
-20.552377 151.703199 -54.698457 27.236568 -41.641078 -18.802637
-20.542599 151.703277 -54.698457 27.236565 -41.641079 -18.803528
-20.532826 151.703356 -54.698457 27.236562 -41.641080 -18.804432
-20.523058 151.703437 -54.698457 27.236559 -41.641080 -18.805353
-20.513295 151.703518 -54.698457 27.236557 -41.641081 -18.806291
-20.503537 151.703601 -54.698457 27.236553 -41.641082 -18.807243
-20.493786 151.703686 -54.698458 27.236550 -41.641083 -18.808214
-20.484038 151.703772 -54.698458 27.236546 -41.641084 -18.809198
-20.474296 151.703860 -54.698458 27.236544 -41.641084 -18.810200
-20.464560 151.703948 -54.698458 27.236540 -41.641085 -18.811219
-20.454829 151.704039 -54.698458 27.236538 -41.641086 -18.812254
-20.445104 151.704131 -54.698458 27.236534 -41.641087 -18.813306
-20.435383 151.704224 -54.698458 27.236530 -41.641088 -18.814373
-20.425668 151.704318 -54.698458 27.236526 -41.641089 -18.815458
-20.415959 151.704415 -54.698458 27.236524 -41.641090 -18.816560
-20.406254 151.704512 -54.698458 27.236520 -41.641091 -18.817677
-20.396556 151.704611 -54.698458 27.236516 -41.641091 -18.818813
-20.386862 151.704712 -54.698458 27.236512 -41.641092 -18.819965
-20.377175 151.704814 -54.698459 27.236508 -41.641093 -18.821135
-20.367493 151.704917 -54.698459 27.236505 -41.641094 -18.822321
-20.357816 151.705023 -54.698459 27.236501 -41.641095 -18.823525
-20.348146 151.705129 -54.698459 27.236497 -41.641096 -18.824746
-20.338481 151.705237 -54.698459 27.236493 -41.641097 -18.825985
-20.328820 151.705347 -54.698459 27.236488 -41.641099 -18.827240
-20.319167 151.705458 -54.698459 27.236484 -41.641100 -18.828514
-20.309519 151.705571 -54.698459 27.236481 -41.641101 -18.829806
-20.299877 151.705685 -54.698459 27.236477 -41.641102 -18.831115
-20.290239 151.705801 -54.698459 27.236472 -41.641103 -18.832441
-20.280609 151.705918 -54.698459 27.236468 -41.641104 -18.833787
-20.270983 151.706037 -54.698460 27.236463 -41.641105 -18.835149
-20.261364 151.706157 -54.698460 27.236459 -41.641106 -18.836530
-20.251750 151.706280 -54.698460 27.236454 -41.641107 -18.837929
-20.242143 151.706403 -54.698460 27.236450 -41.641108 -18.839346
-20.232542 151.706529 -54.698460 27.236445 -41.641110 -18.840782
-20.222946 151.706655 -54.698460 27.236440 -41.641111 -18.842235
-20.213356 151.706784 -54.698460 27.236436 -41.641112 -18.843708
-20.203772 151.706914 -54.698460 27.236431 -41.641113 -18.845198
-20.194195 151.707046 -54.698460 27.236426 -41.641114 -18.846707
-20.184624 151.707179 -54.698461 27.236421 -41.641116 -18.848236
-20.175058 151.707314 -54.698461 27.236416 -41.641117 -18.849782
-20.165498 151.707451 -54.698461 27.236411 -41.641118 -18.851348
-20.155944 151.707589 -54.698461 27.236406 -41.641120 -18.852933
-20.146398 151.707729 -54.698461 27.236401 -41.641121 -18.854536
-20.136856 151.707870 -54.698461 27.236396 -41.641122 -18.856159
-20.127321 151.708014 -54.698461 27.236391 -41.641124 -18.857801
-20.117792 151.708159 -54.698461 27.236386 -41.641125 -18.859462
-20.108270 151.708305 -54.698462 27.236379 -41.641126 -18.861142
-20.098754 151.708453 -54.698462 27.236374 -41.641128 -18.862842
-20.089244 151.708604 -54.698462 27.236369 -41.641129 -18.864561
-20.079741 151.708755 -54.698462 27.236363 -41.641131 -18.866300
-20.070244 151.708909 -54.698462 27.236358 -41.641132 -18.868059
-20.060752 151.709064 -54.698462 27.236351 -41.641134 -18.869836
-20.051269 151.709221 -54.698462 27.236346 -41.641135 -18.871634
-20.041790 151.709379 -54.698462 27.236340 -41.641136 -18.873452
-20.032318 151.709540 -54.698463 27.236334 -41.641138 -18.875290
-20.022854 151.709702 -54.698463 27.236329 -41.641139 -18.877147
-20.013395 151.709865 -54.698463 27.236322 -41.641141 -18.879025
-20.003943 151.710031 -54.698463 27.236316 -41.641143 -18.880923
-19.994497 151.710198 -54.698463 27.236310 -41.641144 -18.882842
-19.985059 151.710368 -54.698463 27.236303 -41.641146 -18.884780
-19.975626 151.710538 -54.698463 27.236297 -41.641147 -18.886738
-19.966200 151.710711 -54.698464 27.236291 -41.641149 -18.888717
-19.956780 151.710886 -54.698464 27.236284 -41.641151 -18.890717
-19.947367 151.711062 -54.698464 27.236278 -41.641152 -18.892736
-19.937960 151.711240 -54.698464 27.236272 -41.641154 -18.894775
-19.928561 151.711419 -54.698464 27.236265 -41.641156 -18.896835
-19.919167 151.711601 -54.698464 27.236258 -41.641158 -18.898913
-19.909780 151.711784 -54.698465 27.236251 -41.641159 -18.901013
-19.900398 151.711969 -54.698465 27.236245 -41.641161 -18.903132
-19.891024 151.712155 -54.698465 27.236238 -41.641163 -18.905271
-19.881656 151.712343 -54.698465 27.236231 -41.641164 -18.907430
-19.872294 151.712533 -54.698465 27.236224 -41.641166 -18.909607
-19.862938 151.712725 -54.698465 27.236217 -41.641168 -18.911806
-19.853589 151.712919 -54.698466 27.236210 -41.641170 -18.914023
-19.844247 151.713114 -54.698466 27.236202 -41.641172 -18.916261
-19.834910 151.713311 -54.698466 27.236196 -41.641173 -18.918518
-19.825579 151.713509 -54.698466 27.236188 -41.641175 -18.920795
-19.816255 151.713710 -54.698466 27.236181 -41.641177 -18.923091
-19.806938 151.713911 -54.698466 27.236173 -41.641179 -18.925406
-19.797626 151.714115 -54.698467 27.236165 -41.641181 -18.927741
-19.788320 151.714320 -54.698467 27.236158 -41.641183 -18.930095
-19.779021 151.714527 -54.698467 27.236150 -41.641185 -18.932468
-19.769727 151.714736 -54.698467 27.236143 -41.641187 -18.934861
-19.760440 151.714946 -54.698467 27.236135 -41.641189 -18.937273
-19.751159 151.715159 -54.698467 27.236127 -41.641191 -18.939705
-19.741885 151.715372 -54.698468 27.236118 -41.641193 -18.942154
-19.732616 151.715588 -54.698468 27.236111 -41.641195 -18.944624
-19.723353 151.715805 -54.698468 27.236103 -41.641197 -18.947113
-19.714097 151.716023 -54.698468 27.236096 -41.641199 -18.949620
-19.704846 151.716244 -54.698468 27.236087 -41.641201 -18.952146
-19.695601 151.716466 -54.698469 27.236079 -41.641203 -18.954692
-19.686362 151.716689 -54.698469 27.236070 -41.641205 -18.957256
-19.677130 151.716914 -54.698469 27.236063 -41.641207 -18.959839
-19.667903 151.717141 -54.698469 27.236054 -41.641210 -18.962441
-19.658682 151.717370 -54.698469 27.236045 -41.641212 -18.965061
-19.649468 151.717600 -54.698470 27.236037 -41.641214 -18.967701
-19.640258 151.717832 -54.698470 27.236029 -41.641216 -18.970358
-19.631055 151.718065 -54.698470 27.236020 -41.641218 -18.973035
-19.621858 151.718300 -54.698470 27.236011 -41.641221 -18.975729
-19.612667 151.718537 -54.698470 27.236002 -41.641223 -18.978443
-19.603481 151.718775 -54.698471 27.235993 -41.641225 -18.981175
-19.594301 151.719015 -54.698471 27.235984 -41.641227 -18.983925
-19.585128 151.719256 -54.698471 27.235975 -41.641230 -18.986695
-19.575959 151.719499 -54.698471 27.235967 -41.641232 -18.989482
-19.566797 151.719744 -54.698471 27.235958 -41.641234 -18.992288
-19.557641 151.719990 -54.698472 27.235949 -41.641236 -18.995112
-19.548489 151.720238 -54.698472 27.235940 -41.641239 -18.997954
-19.539344 151.720487 -54.698472 27.235930 -41.641241 -19.000814
-19.530204 151.720738 -54.698472 27.235921 -41.641244 -19.003692
-19.521071 151.720991 -54.698473 27.235912 -41.641246 -19.006590
-19.511943 151.721245 -54.698473 27.235902 -41.641248 -19.009504
-19.502820 151.721500 -54.698473 27.235893 -41.641251 -19.012436
-19.493703 151.721758 -54.698473 27.235883 -41.641253 -19.015386
-19.484592 151.722016 -54.698473 27.235874 -41.641256 -19.018355
-19.475487 151.722277 -54.698474 27.235864 -41.641258 -19.021342
-19.466387 151.722539 -54.698474 27.235855 -41.641260 -19.024346
-19.457292 151.722802 -54.698474 27.235845 -41.641263 -19.027368
-19.448203 151.723067 -54.698474 27.235835 -41.641266 -19.030407
-19.439120 151.723334 -54.698475 27.235826 -41.641268 -19.033465
-19.430042 151.723602 -54.698475 27.235816 -41.641270 -19.036541
-19.420970 151.723871 -54.698475 27.235806 -41.641273 -19.039633
-19.411902 151.724142 -54.698475 27.235796 -41.641276 -19.042743
-19.402841 151.724415 -54.698476 27.235786 -41.641278 -19.045870
-19.393785 151.724689 -54.698476 27.235775 -41.641281 -19.049016
-19.384734 151.724965 -54.698476 27.235765 -41.641283 -19.052179
-19.375688 151.725242 -54.698476 27.235755 -41.641286 -19.055359
-19.366649 151.725520 -54.698477 27.235745 -41.641289 -19.058556
-19.357615 151.725801 -54.698477 27.235735 -41.641291 -19.061771
-19.348585 151.726082 -54.698477 27.235725 -41.641294 -19.065003
-19.339561 151.726365 -54.698477 27.235713 -41.641297 -19.068252
-19.330543 151.726650 -54.698477 27.235703 -41.641299 -19.071519
-19.321529 151.726936 -54.698478 27.235693 -41.641302 -19.074803
-19.312522 151.727224 -54.698478 27.235682 -41.641305 -19.078102
-19.303520 151.727513 -54.698478 27.235672 -41.641307 -19.081421
-19.294522 151.727804 -54.698479 27.235660 -41.641310 -19.084755
-19.285529 151.728096 -54.698479 27.235650 -41.641313 -19.088107
-19.276543 151.728389 -54.698479 27.235639 -41.641316 -19.091475
-19.267561 151.728684 -54.698479 27.235629 -41.641318 -19.094861
-19.258584 151.728981 -54.698480 27.235617 -41.641321 -19.098264
-19.249613 151.729278 -54.698480 27.235606 -41.641324 -19.101682
-19.240646 151.729578 -54.698480 27.235596 -41.641327 -19.105118
-19.231686 151.729879 -54.698480 27.235584 -41.641330 -19.108571
-19.222730 151.730181 -54.698481 27.235573 -41.641333 -19.112040
-19.213778 151.730485 -54.698481 27.235561 -41.641335 -19.115526
-19.204832 151.730790 -54.698481 27.235550 -41.641338 -19.119028
-19.195892 151.731096 -54.698481 27.235539 -41.641341 -19.122546
-19.186956 151.731404 -54.698482 27.235528 -41.641344 -19.126083
-19.178025 151.731714 -54.698482 27.235517 -41.641347 -19.129634
-19.169099 151.732024 -54.698482 27.235504 -41.641350 -19.133202
-19.160178 151.732337 -54.698482 27.235493 -41.641353 -19.136786
-19.151262 151.732650 -54.698483 27.235482 -41.641356 -19.140388
-19.142352 151.732965 -54.698483 27.235470 -41.641359 -19.144005
-19.133445 151.733282 -54.698483 27.235459 -41.641362 -19.147638
-19.124545 151.733600 -54.698484 27.235447 -41.641365 -19.151288
-19.115649 151.733919 -54.698484 27.235435 -41.641368 -19.154952
-19.106757 151.734240 -54.698484 27.235423 -41.641371 -19.158635
-19.097871 151.734562 -54.698484 27.235412 -41.641374 -19.162333
-19.088989 151.734885 -54.698485 27.235399 -41.641377 -19.166046
-19.080112 151.735210 -54.698485 27.235388 -41.641380 -19.169776
-19.071240 151.735536 -54.698485 27.235375 -41.641383 -19.173522
-19.062373 151.735864 -54.698485 27.235364 -41.641386 -19.177283
-19.053511 151.736193 -54.698486 27.235351 -41.641389 -19.181061
-19.044653 151.736523 -54.698486 27.235339 -41.641392 -19.184853
-19.035801 151.736855 -54.698486 27.235327 -41.641395 -19.188663
-19.026952 151.737188 -54.698487 27.235315 -41.641399 -19.192487
-19.018109 151.737522 -54.698487 27.235302 -41.641402 -19.196327
-19.009270 151.737858 -54.698487 27.235290 -41.641405 -19.200183
-19.000436 151.738195 -54.698488 27.235278 -41.641408 -19.204055
-18.991607 151.738534 -54.698488 27.235265 -41.641411 -19.207942
-18.982782 151.738874 -54.698488 27.235252 -41.641414 -19.211844
-18.973962 151.739215 -54.698488 27.235240 -41.641418 -19.215762
-18.965146 151.739557 -54.698489 27.235227 -41.641421 -19.219695
-18.956336 151.739901 -54.698489 27.235214 -41.641424 -19.223644
-18.947529 151.740246 -54.698489 27.235202 -41.641427 -19.227608
-18.938727 151.740592 -54.698490 27.235189 -41.641431 -19.231587
-18.929930 151.740940 -54.698490 27.235177 -41.641434 -19.235582
-18.921137 151.741289 -54.698490 27.235164 -41.641437 -19.239591
-18.912349 151.741640 -54.698491 27.235150 -41.641441 -19.243615
-18.903565 151.741991 -54.698491 27.235137 -41.641444 -19.247656
-18.894786 151.742344 -54.698491 27.235125 -41.641447 -19.251710
-18.886011 151.742699 -54.698491 27.235112 -41.641450 -19.255780
-18.877241 151.743054 -54.698492 27.235098 -41.641454 -19.259865
-18.868475 151.743411 -54.698492 27.235085 -41.641457 -19.263964
-18.859713 151.743769 -54.698492 27.235071 -41.641461 -19.268079
-18.850955 151.744129 -54.698493 27.235059 -41.641464 -19.272209
-18.842203 151.744489 -54.698493 27.235045 -41.641468 -19.276352
-18.833454 151.744851 -54.698493 27.235032 -41.641471 -19.280512
-18.824710 151.745214 -54.698494 27.235018 -41.641474 -19.284685
-18.815970 151.745579 -54.698494 27.235006 -41.641478 -19.288874
-18.807234 151.745945 -54.698494 27.234992 -41.641481 -19.293076
-18.798503 151.746312 -54.698495 27.234978 -41.641485 -19.297294
-18.789775 151.746680 -54.698495 27.234965 -41.641488 -19.301526
-18.781053 151.747050 -54.698495 27.234951 -41.641491 -19.305772
-18.772334 151.747420 -54.698496 27.234937 -41.641495 -19.310033
-18.763620 151.747792 -54.698496 27.234923 -41.641499 -19.314308
-18.754910 151.748166 -54.698496 27.234909 -41.641502 -19.318597
-18.746203 151.748540 -54.698497 27.234897 -41.641505 -19.322903
-18.737501 151.748916 -54.698497 27.234883 -41.641509 -19.327221
-18.728803 151.749293 -54.698497 27.234869 -41.641513 -19.331553
-18.720109 151.749671 -54.698497 27.234855 -41.641516 -19.335899
-18.711420 151.750050 -54.698498 27.234841 -41.641520 -19.340260
-18.702735 151.750431 -54.698498 27.234826 -41.641524 -19.344635
-18.694054 151.750813 -54.698499 27.234812 -41.641527 -19.349023
-18.685376 151.751196 -54.698499 27.234798 -41.641531 -19.353426
-18.676703 151.751580 -54.698499 27.234784 -41.641534 -19.357843
-18.668033 151.751965 -54.698499 27.234770 -41.641538 -19.362274
-18.659368 151.752352 -54.698500 27.234756 -41.641541 -19.366718
-18.650707 151.752740 -54.698500 27.234741 -41.641545 -19.371176
-18.642049 151.753129 -54.698501 27.234727 -41.641549 -19.375649
-18.633395 151.753519 -54.698501 27.234713 -41.641552 -19.380135
-18.624746 151.753911 -54.698501 27.234698 -41.641556 -19.384635
-18.616101 151.754303 -54.698502 27.234684 -41.641560 -19.389148
-18.607459 151.754697 -54.698502 27.234669 -41.641564 -19.393674
-18.598821 151.755092 -54.698502 27.234655 -41.641567 -19.398215
-18.590187 151.755488 -54.698503 27.234640 -41.641571 -19.402769
-18.581556 151.755885 -54.698503 27.234626 -41.641575 -19.407337
-18.572930 151.756283 -54.698503 27.234611 -41.641579 -19.411918
-18.564308 151.756683 -54.698504 27.234595 -41.641582 -19.416512
-18.555689 151.757084 -54.698504 27.234581 -41.641586 -19.421119
-18.547074 151.757485 -54.698504 27.234566 -41.641590 -19.425740
-18.538463 151.757888 -54.698505 27.234551 -41.641594 -19.430374
-18.529855 151.758292 -54.698505 27.234537 -41.641597 -19.435022
-18.521251 151.758698 -54.698505 27.234522 -41.641601 -19.439683
-18.512651 151.759104 -54.698506 27.234507 -41.641605 -19.444356
-18.504054 151.759511 -54.698506 27.234492 -41.641609 -19.449043
-18.495462 151.759920 -54.698506 27.234476 -41.641613 -19.453743
-18.486873 151.760330 -54.698507 27.234461 -41.641617 -19.458455
-18.478287 151.760741 -54.698507 27.234446 -41.641621 -19.463181
-18.469705 151.761153 -54.698507 27.234431 -41.641624 -19.467920
-18.461127 151.761566 -54.698508 27.234416 -41.641628 -19.472671
-18.452552 151.761980 -54.698508 27.234400 -41.641632 -19.477436
-18.443981 151.762395 -54.698509 27.234385 -41.641636 -19.482213
-18.435413 151.762812 -54.698509 27.234370 -41.641640 -19.487003
-18.426850 151.763229 -54.698509 27.234355 -41.641644 -19.491806
-18.418289 151.763647 -54.698510 27.234340 -41.641648 -19.496621
-18.409732 151.764067 -54.698510 27.234324 -41.641652 -19.501450
-18.401178 151.764488 -54.698510 27.234308 -41.641656 -19.506289
-18.392628 151.764910 -54.698511 27.234293 -41.641660 -19.511143
-18.384081 151.765332 -54.698511 27.234278 -41.641664 -19.516007
-18.375539 151.765756 -54.698511 27.234261 -41.641668 -19.520885
-18.366999 151.766181 -54.698512 27.234246 -41.641672 -19.525775
-18.358462 151.766607 -54.698512 27.234231 -41.641676 -19.530678
-18.349928 151.767035 -54.698513 27.234214 -41.641680 -19.535593
-18.341399 151.767463 -54.698513 27.234199 -41.641684 -19.540520
-18.332872 151.767892 -54.698513 27.234183 -41.641688 -19.545459
-18.324349 151.768322 -54.698514 27.234167 -41.641692 -19.550411
-18.315830 151.768753 -54.698514 27.234151 -41.641696 -19.555374
-18.307313 151.769186 -54.698514 27.234136 -41.641700 -19.560351
-18.298800 151.769619 -54.698515 27.234119 -41.641704 -19.565338
-18.290290 151.770053 -54.698515 27.234103 -41.641708 -19.570337
-18.281783 151.770489 -54.698516 27.234088 -41.641712 -19.575350
-18.273280 151.770925 -54.698516 27.234071 -41.641716 -19.580373
-18.264779 151.771363 -54.698516 27.234055 -41.641721 -19.585408
