-11.123792 149.796592 -57.145051 -179.712806 -82.424910 179.665839
-11.123239 149.796695 -57.145066 -179.712730 -82.429765 179.665787
-11.122686 149.796799 -57.145081 -179.712648 -82.434620 179.665730
-11.122133 149.796902 -57.145096 -179.712567 -82.439476 179.665672
-11.121581 149.797006 -57.145111 -179.712490 -82.444331 179.665620
-11.121029 149.797109 -57.145126 -179.712409 -82.449187 179.665562
-11.120477 149.797213 -57.145140 -179.712327 -82.454042 179.665504
-11.119926 149.797317 -57.145155 -179.712250 -82.458898 179.665452
-11.119374 149.797420 -57.145170 -179.712169 -82.463754 179.665394
-11.118824 149.797524 -57.145184 -179.712092 -82.468610 179.665341
-11.118273 149.797627 -57.145199 -179.712010 -82.473465 179.665283
-11.117723 149.797731 -57.145213 -179.711928 -82.478321 179.665225
-11.117172 149.797834 -57.145228 -179.711851 -82.483177 179.665172
-11.116622 149.797938 -57.145242 -179.711768 -82.488033 179.665114
-11.116072 149.798040 -57.145257 -179.711686 -82.492889 179.665055
-11.115523 149.798144 -57.145272 -179.711609 -82.497746 179.665002
-11.114975 149.798248 -57.145286 -179.711526 -82.502602 179.664944
-11.114426 149.798351 -57.145300 -179.711444 -82.507458 179.664885
-11.113877 149.798455 -57.145314 -179.711366 -82.512314 179.664832
-11.113328 149.798557 -57.145328 -179.711284 -82.517171 179.664773
-11.112780 149.798661 -57.145342 -179.711206 -82.522027 179.664719
-11.112233 149.798764 -57.145356 -179.711123 -82.526884 179.664660
-11.111685 149.798867 -57.145370 -179.711040 -82.531740 179.664601
-11.111137 149.798971 -57.145384 -179.710962 -82.536597 179.664548
-11.110591 149.799074 -57.145398 -179.710879 -82.541454 179.664488
-11.110044 149.799177 -57.145412 -179.710796 -82.546310 179.664429
-11.109497 149.799280 -57.145425 -179.710718 -82.551167 179.664375
-11.108952 149.799384 -57.145440 -179.710635 -82.556024 179.664316
-11.108405 149.799486 -57.145454 -179.710552 -82.560881 179.664256
-11.107859 149.799590 -57.145467 -179.710473 -82.565738 179.664202
-11.107314 149.799693 -57.145481 -179.710390 -82.570595 179.664142
-11.106769 149.799796 -57.145494 -179.710306 -82.575452 179.664083
-11.106224 149.799900 -57.145508 -179.710227 -82.580309 179.664028
-11.105680 149.800002 -57.145521 -179.710144 -82.585166 179.663968
-11.105135 149.800106 -57.145534 -179.710060 -82.590024 179.663908
-11.104591 149.800208 -57.145548 -179.709981 -82.594881 179.663854
-11.104047 149.800312 -57.145562 -179.709897 -82.599738 179.663793
-11.103504 149.800414 -57.145575 -179.709813 -82.604596 179.663733
-11.102960 149.800518 -57.145588 -179.709734 -82.609453 179.663678
-11.102418 149.800620 -57.145601 -179.709650 -82.614311 179.663618
-11.101874 149.800723 -57.145614 -179.709565 -82.619169 179.663557
-11.101332 149.800827 -57.145627 -179.709481 -82.624026 179.663497
-11.100790 149.800929 -57.145640 -179.709401 -82.628885 179.663441
-11.100248 149.801033 -57.145654 -179.709317 -82.633743 179.663381
-11.099707 149.801135 -57.145667 -179.709232 -82.638601 179.663320
-11.099165 149.801238 -57.145680 -179.709153 -82.643459 179.663264
-11.098624 149.801341 -57.145693 -179.709068 -82.648317 179.663203
-11.098083 149.801444 -57.145705 -179.708983 -82.653175 179.663142
-11.097542 149.801547 -57.145719 -179.708903 -82.658033 179.663086
-11.097002 149.801649 -57.145731 -179.708818 -82.662891 179.663025
-11.096462 149.801753 -57.145744 -179.708733 -82.667749 179.662964
-11.095922 149.801855 -57.145756 -179.708648 -82.672607 179.662902
-11.095383 149.801958 -57.145769 -179.708568 -82.677466 179.662846
-11.094843 149.802060 -57.145781 -179.708482 -82.682324 179.662785
-11.094304 149.802163 -57.145795 -179.708397 -82.687183 179.662723
-11.093766 149.802266 -57.145807 -179.708316 -82.692041 179.662667
-11.093227 149.802369 -57.145819 -179.708231 -82.696900 179.662605
-11.092688 149.802471 -57.145831 -179.708145 -82.701758 179.662543
-11.092151 149.802574 -57.145845 -179.708059 -82.706617 179.662481
-11.091613 149.802677 -57.145857 -179.707978 -82.711476 179.662424
-11.091076 149.802779 -57.145869 -179.707893 -82.716335 179.662362
-11.090539 149.802882 -57.145881 -179.707807 -82.721194 179.662300
-11.090001 149.802984 -57.145893 -179.707725 -82.726053 179.662243
-11.089465 149.803087 -57.145906 -179.707639 -82.730912 179.662180
-11.088929 149.803190 -57.145917 -179.707553 -82.735771 179.662118
-11.088393 149.803293 -57.145929 -179.707467 -82.740630 179.662055
-11.087857 149.803396 -57.145941 -179.707385 -82.745489 179.661998
-11.087322 149.803498 -57.145954 -179.707299 -82.750348 179.661935
-11.086786 149.803600 -57.145965 -179.707212 -82.755208 179.661872
-11.086251 149.803702 -57.145977 -179.707126 -82.760067 179.661809
-11.085716 149.803805 -57.145989 -179.707044 -82.764926 179.661752
-11.085181 149.803907 -57.146001 -179.706957 -82.769786 179.661688
-11.084647 149.804010 -57.146012 -179.706870 -82.774645 179.661625
-11.084113 149.804112 -57.146024 -179.706783 -82.779505 179.661562
-11.083580 149.804215 -57.146036 -179.706701 -82.784365 179.661504
-11.083046 149.804317 -57.146048 -179.706614 -82.789224 179.661440
-11.082513 149.804420 -57.146059 -179.706526 -82.794084 179.661377
-11.081980 149.804522 -57.146071 -179.706439 -82.798944 179.661313
-11.081447 149.804624 -57.146082 -179.706357 -82.803804 179.661255
-11.080916 149.804727 -57.146093 -179.706269 -82.808664 179.661191
-11.080384 149.804829 -57.146104 -179.706181 -82.813524 179.661127
-11.079852 149.804932 -57.146116 -179.706094 -82.818384 179.661063
-11.079320 149.805033 -57.146127 -179.706011 -82.823244 179.661004
-11.078789 149.805136 -57.146138 -179.705923 -82.828104 179.660940
-11.078258 149.805238 -57.146150 -179.705835 -82.832964 179.660876
-11.077727 149.805340 -57.146161 -179.705747 -82.837825 179.660811
-11.077196 149.805443 -57.146172 -179.705664 -82.842685 179.660752
-11.076667 149.805545 -57.146183 -179.705575 -82.847546 179.660688
-11.076137 149.805647 -57.146194 -179.705487 -82.852406 179.660623
-11.075607 149.805749 -57.146206 -179.705399 -82.857267 179.660558
-11.075077 149.805852 -57.146216 -179.705310 -82.862128 179.660493
-11.074548 149.805953 -57.146227 -179.705227 -82.866989 179.660434
-11.074020 149.806056 -57.146238 -179.705138 -82.871850 179.660369
-11.073491 149.806157 -57.146249 -179.705049 -82.876710 179.660304
-11.072962 149.806260 -57.146259 -179.704960 -82.881571 179.660238
-11.072434 149.806362 -57.146270 -179.704871 -82.886432 179.660173
-11.071907 149.806464 -57.146281 -179.704787 -82.891293 179.660113
-11.071379 149.806567 -57.146291 -179.704698 -82.896154 179.660048
-11.070852 149.806668 -57.146302 -179.704609 -82.901015 179.659982
-11.070325 149.806770 -57.146312 -179.704520 -82.905876 179.659916
-11.069798 149.806872 -57.146323 -179.704435 -82.910737 179.659856
-11.069271 149.806974 -57.146333 -179.704346 -82.915599 179.659790
-11.068746 149.807076 -57.146343 -179.704256 -82.920460 179.659724
-11.068220 149.807178 -57.146354 -179.704166 -82.925321 179.659658
-11.067694 149.807280 -57.146364 -179.704077 -82.930183 179.659592
-11.067169 149.807382 -57.146375 -179.703987 -82.935044 179.659525
-11.066643 149.807484 -57.146384 -179.703902 -82.939906 179.659465
-11.066119 149.807586 -57.146395 -179.703812 -82.944767 179.659398
-11.065594 149.807688 -57.146405 -179.703721 -82.949629 179.659332
-11.065070 149.807789 -57.146414 -179.703631 -82.954491 179.659265
-11.064546 149.807892 -57.146425 -179.703541 -82.959353 179.659198
-11.064022 149.807993 -57.146435 -179.703455 -82.964215 179.659137
-11.063498 149.808095 -57.146445 -179.703365 -82.969076 179.659070
-11.062976 149.808196 -57.146454 -179.703274 -82.973938 179.659003
-11.062452 149.808299 -57.146465 -179.703184 -82.978800 179.658936
-11.061930 149.808400 -57.146474 -179.703093 -82.983663 179.658868
-11.061407 149.808502 -57.146484 -179.703002 -82.988525 179.658801
-11.060885 149.808604 -57.146494 -179.702916 -82.993387 179.658739
-11.060363 149.808705 -57.146504 -179.702825 -82.998249 179.658672
-11.059841 149.808807 -57.146513 -179.702733 -83.003111 179.658604
-11.059320 149.808909 -57.146523 -179.702642 -83.007974 179.658536
-11.058799 149.809011 -57.146532 -179.702551 -83.012836 179.658468
-11.058278 149.809112 -57.146542 -179.702459 -83.017699 179.658400
-11.057758 149.809214 -57.146551 -179.702373 -83.022561 179.658338
-11.057237 149.809315 -57.146561 -179.702281 -83.027424 179.658270
-11.056717 149.809417 -57.146570 -179.702189 -83.032287 179.658202
-11.056198 149.809518 -57.146579 -179.702097 -83.037149 179.658133
-11.055678 149.809620 -57.146588 -179.702005 -83.042012 179.658065
-11.055159 149.809721 -57.146598 -179.701913 -83.046875 179.657996
-11.054640 149.809823 -57.146606 -179.701821 -83.051738 179.657928
-11.054122 149.809925 -57.146616 -179.701734 -83.056601 179.657865
-11.053602 149.810026 -57.146625 -179.701641 -83.061464 179.657796
-11.053085 149.810128 -57.146634 -179.701549 -83.066327 179.657727
-11.052567 149.810229 -57.146642 -179.701456 -83.071190 179.657658
-11.052049 149.810331 -57.146652 -179.701364 -83.076053 179.657589
-11.051532 149.810431 -57.146660 -179.701271 -83.080917 179.657519
-11.051014 149.810533 -57.146669 -179.701178 -83.085780 179.657450
-11.050498 149.810634 -57.146679 -179.701085 -83.090643 179.657380
-11.049981 149.810736 -57.146687 -179.700997 -83.095508 179.657317
-11.049465 149.810837 -57.146696 -179.700904 -83.100371 179.657247
-11.048949 149.810939 -57.146704 -179.700811 -83.105235 179.657177
-11.048434 149.811040 -57.146713 -179.700717 -83.110098 179.657107
-11.047918 149.811141 -57.146721 -179.700624 -83.114962 179.657037
-11.047403 149.811243 -57.146730 -179.700530 -83.119826 179.656967
-11.046887 149.811344 -57.146739 -179.700436 -83.124690 179.656897
-11.046373 149.811445 -57.146747 -179.700343 -83.129553 179.656827
-11.045858 149.811546 -57.146755 -179.700249 -83.134417 179.656756
-11.045344 149.811648 -57.146763 -179.700160 -83.139281 179.656692
-11.044831 149.811748 -57.146772 -179.700066 -83.144145 179.656621
-11.044317 149.811850 -57.146781 -179.699972 -83.149009 179.656550
-11.043804 149.811951 -57.146788 -179.699877 -83.153874 179.656479
-11.043291 149.812052 -57.146797 -179.699783 -83.158738 179.656409
-11.042778 149.812153 -57.146805 -179.699688 -83.163602 179.656337
-11.042265 149.812255 -57.146813 -179.699594 -83.168466 179.656266
-11.041754 149.812356 -57.146821 -179.699499 -83.173331 179.656195
-11.041242 149.812457 -57.146829 -179.699404 -83.178195 179.656124
-11.040730 149.812558 -57.146837 -179.699309 -83.183060 179.656052
-11.040219 149.812659 -57.146845 -179.699214 -83.187924 179.655981
-11.039707 149.812760 -57.146853 -179.699124 -83.192789 179.655915
-11.039196 149.812861 -57.146860 -179.699029 -83.197654 179.655843
-11.038686 149.812962 -57.146868 -179.698934 -83.202518 179.655771
-11.038175 149.813063 -57.146876 -179.698838 -83.207383 179.655699
-11.037666 149.813164 -57.146883 -179.698743 -83.212248 179.655627
-11.037156 149.813265 -57.146891 -179.698647 -83.217113 179.655555
-11.036646 149.813366 -57.146899 -179.698551 -83.221978 179.655483
-11.036137 149.813466 -57.146906 -179.698455 -83.226843 179.655410
-11.035627 149.813568 -57.146914 -179.698359 -83.231708 179.655338
-11.035119 149.813669 -57.146921 -179.698263 -83.236573 179.655265
-11.034611 149.813769 -57.146928 -179.698167 -83.241438 179.655192
-11.034102 149.813871 -57.146936 -179.698071 -83.246304 179.655119
-11.033594 149.813971 -57.146943 -179.697974 -83.251169 179.655046
-11.033087 149.814072 -57.146951 -179.697878 -83.256034 179.654973
-11.032579 149.814173 -57.146957 -179.697781 -83.260900 179.654900
-11.032072 149.814274 -57.146965 -179.697684 -83.265765 179.654827
-11.031566 149.814374 -57.146972 -179.697587 -83.270631 179.654753
-11.031059 149.814475 -57.146980 -179.697491 -83.275496 179.654680
-11.030552 149.814576 -57.146986 -179.697399 -83.280362 179.654612
-11.030047 149.814677 -57.146993 -179.697302 -83.285228 179.654538
-11.029541 149.814777 -57.147000 -179.697204 -83.290094 179.654465
-11.029035 149.814878 -57.147007 -179.697107 -83.294959 179.654391
-11.028530 149.814978 -57.147013 -179.697009 -83.299825 179.654317
-11.028025 149.815079 -57.147021 -179.696912 -83.304691 179.654242
-11.027521 149.815180 -57.147028 -179.696814 -83.309557 179.654168
-11.027016 149.815281 -57.147034 -179.696716 -83.314423 179.654094
-11.026512 149.815382 -57.147040 -179.696618 -83.319289 179.654019
-11.026008 149.815482 -57.147047 -179.696520 -83.324156 179.653944
-11.025505 149.815583 -57.147054 -179.696422 -83.329022 179.653870
-11.025001 149.815683 -57.147061 -179.696324 -83.333888 179.653795
-11.024498 149.815784 -57.147067 -179.696225 -83.338756 179.653720
-11.023995 149.815884 -57.147074 -179.696127 -83.343622 179.653645
-11.023493 149.815985 -57.147080 -179.696028 -83.348489 179.653569
-11.022990 149.816085 -57.147086 -179.695929 -83.353355 179.653494
-11.022488 149.816186 -57.147093 -179.695830 -83.358222 179.653419
-11.021986 149.816286 -57.147099 -179.695731 -83.363088 179.653343
-11.021485 149.816386 -57.147106 -179.695632 -83.367955 179.653267
-11.020984 149.816486 -57.147111 -179.695533 -83.372822 179.653191
-11.020483 149.816587 -57.147117 -179.695434 -83.377689 179.653115
-11.019982 149.816688 -57.147123 -179.695334 -83.382556 179.653039
-11.019482 149.816788 -57.147130 -179.695235 -83.387423 179.652963
-11.018982 149.816889 -57.147136 -179.695135 -83.392290 179.652887
-11.018482 149.816989 -57.147142 -179.695035 -83.397157 179.652811
-11.017983 149.817089 -57.147148 -179.694935 -83.402024 179.652734
-11.017483 149.817189 -57.147154 -179.694835 -83.406891 179.652657
-11.016984 149.817290 -57.147159 -179.694735 -83.411758 179.652581
-11.016486 149.817390 -57.147165 -179.694635 -83.416626 179.652504
-11.015988 149.817490 -57.147171 -179.694535 -83.421493 179.652427
-11.015489 149.817590 -57.147176 -179.694434 -83.426360 179.652350
-11.014991 149.817691 -57.147182 -179.694334 -83.431228 179.652273
-11.014493 149.817791 -57.147188 -179.694233 -83.436095 179.652195
-11.013996 149.817891 -57.147193 -179.694132 -83.440963 179.652118
-11.013498 149.817991 -57.147199 -179.694026 -83.445831 179.652034
-11.013002 149.818091 -57.147205 -179.693925 -83.450698 179.651956
-11.012505 149.818191 -57.147210 -179.693823 -83.455566 179.651878
-11.012009 149.818292 -57.147216 -179.693722 -83.460434 179.651800
-11.011513 149.818391 -57.147220 -179.693621 -83.465302 179.651722
-11.011017 149.818492 -57.147225 -179.693519 -83.470170 179.651644
-11.010521 149.818592 -57.147231 -179.693417 -83.475038 179.651566
-11.010026 149.818692 -57.147236 -179.693316 -83.479906 179.651487
-11.009531 149.818792 -57.147241 -179.693214 -83.484774 179.651409
-11.009036 149.818892 -57.147246 -179.693112 -83.489642 179.651330
-11.008542 149.818992 -57.147251 -179.693009 -83.494510 179.651251
-11.008048 149.819092 -57.147256 -179.692907 -83.499379 179.651172
-11.007554 149.819192 -57.147261 -179.692805 -83.504247 179.651093
-11.007061 149.819292 -57.147266 -179.692702 -83.509116 179.651014
-11.006567 149.819392 -57.147271 -179.692600 -83.513984 179.650935
-11.006074 149.819492 -57.147276 -179.692497 -83.518853 179.650856
-11.005581 149.819592 -57.147281 -179.692394 -83.523721 179.650776
-11.005089 149.819691 -57.147286 -179.692285 -83.528590 179.650690
-11.004597 149.819792 -57.147290 -179.692182 -83.533459 179.650610
-11.004105 149.819891 -57.147295 -179.692079 -83.538327 179.650530
-11.003613 149.819991 -57.147299 -179.691976 -83.543196 179.650450
-11.003121 149.820091 -57.147304 -179.691872 -83.548065 179.650370
-11.002630 149.820191 -57.147309 -179.691768 -83.552934 179.650290
-11.002139 149.820290 -57.147313 -179.691665 -83.557803 179.650209
-11.001649 149.820390 -57.147317 -179.691561 -83.562672 179.650129
-11.001159 149.820491 -57.147322 -179.691457 -83.567541 179.650048
-11.000668 149.820590 -57.147326 -179.691353 -83.572410 179.649967
-11.000178 149.820690 -57.147331 -179.691248 -83.577280 179.649886
-10.999689 149.820789 -57.147335 -179.691138 -83.582149 179.649799
-10.999199 149.820889 -57.147340 -179.691034 -83.587019 179.649718
-10.998711 149.820988 -57.147344 -179.690929 -83.591889 179.649636
-10.998222 149.821089 -57.147348 -179.690824 -83.596758 179.649555
-10.997733 149.821188 -57.147352 -179.690719 -83.601628 179.649473
-10.997245 149.821288 -57.147356 -179.690614 -83.606497 179.649392
-10.996757 149.821387 -57.147360 -179.690509 -83.611367 179.649310
-10.996270 149.821487 -57.147363 -179.690404 -83.616237 179.649228
-10.995782 149.821586 -57.147367 -179.690293 -83.621106 179.649139
-10.995295 149.821686 -57.147371 -179.690187 -83.625976 179.649057
-10.994809 149.821785 -57.147376 -179.690082 -83.630846 179.648975
-10.994322 149.821885 -57.147379 -179.689976 -83.635716 179.648892
-10.993835 149.821984 -57.147383 -179.689870 -83.640586 179.648810
-10.993349 149.822084 -57.147386 -179.689764 -83.645456 179.648727
-10.992864 149.822183 -57.147390 -179.689658 -83.650326 179.648644
-10.992378 149.822283 -57.147393 -179.689551 -83.655196 179.648561
-10.991892 149.822382 -57.147397 -179.689439 -83.660066 179.648471
-10.991408 149.822482 -57.147401 -179.689333 -83.664937 179.648388
-10.990923 149.822581 -57.147404 -179.689226 -83.669807 179.648305
-10.990439 149.822680 -57.147408 -179.689119 -83.674677 179.648221
-10.989955 149.822779 -57.147411 -179.689012 -83.679548 179.648137
-10.989471 149.822879 -57.147414 -179.688905 -83.684418 179.648053
-10.988987 149.822978 -57.147417 -179.688792 -83.689289 179.647963
-10.988505 149.823078 -57.147421 -179.688684 -83.694160 179.647879
-10.988021 149.823176 -57.147424 -179.688577 -83.699030 179.647795
-10.987538 149.823276 -57.147427 -179.688469 -83.703901 179.647710
-10.987056 149.823376 -57.147430 -179.688361 -83.708772 179.647626
-10.986573 149.823475 -57.147433 -179.688254 -83.713643 179.647541
-10.986092 149.823574 -57.147437 -179.688140 -83.718514 179.647450
-10.985610 149.823673 -57.147439 -179.688032 -83.723385 179.647365
-10.985128 149.823773 -57.147442 -179.687923 -83.728256 179.647280
-10.984648 149.823871 -57.147445 -179.687815 -83.733127 179.647195
-10.984166 149.823971 -57.147447 -179.687706 -83.737998 179.647109
-10.983686 149.824070 -57.147451 -179.687597 -83.742869 179.647024
-10.983205 149.824169 -57.147453 -179.687483 -83.747740 179.646932
-10.982725 149.824268 -57.147456 -179.687374 -83.752612 179.646846
-10.982246 149.824368 -57.147458 -179.687264 -83.757483 179.646760
-10.981766 149.824466 -57.147462 -179.687155 -83.762355 179.646674
-10.981287 149.824566 -57.147464 -179.687046 -83.767226 179.646588
-10.980808 149.824664 -57.147466 -179.686930 -83.772098 179.646495
-10.980329 149.824764 -57.147469 -179.686821 -83.776969 179.646408
-10.979851 149.824862 -57.147471 -179.686711 -83.781841 179.646322
-10.979373 149.824962 -57.147474 -179.686601 -83.786713 179.646235
-10.978894 149.825060 -57.147476 -179.686485 -83.791584 179.646142
-10.978417 149.825159 -57.147479 -179.686375 -83.796456 179.646055
-10.977940 149.825258 -57.147481 -179.686264 -83.801328 179.645967
-10.977463 149.825357 -57.147482 -179.686153 -83.806200 179.645880
-10.976986 149.825456 -57.147485 -179.686043 -83.811072 179.645793
-10.976509 149.825555 -57.147487 -179.685926 -83.815944 179.645698
-10.976033 149.825653 -57.147489 -179.685815 -83.820816 179.645611
-10.975557 149.825753 -57.147492 -179.685704 -83.825689 179.645523
-10.975082 149.825851 -57.147493 -179.685593 -83.830561 179.645435
-10.974606 149.825950 -57.147495 -179.685475 -83.835433 179.645340
-10.974131 149.826049 -57.147497 -179.685364 -83.840305 179.645252
-10.973656 149.826148 -57.147499 -179.685252 -83.845179 179.645163
-10.973181 149.826246 -57.147500 -179.685140 -83.850051 179.645074
-10.972707 149.826345 -57.147503 -179.685022 -83.854924 179.644979
-10.972233 149.826444 -57.147504 -179.684910 -83.859797 179.644890
-10.971760 149.826543 -57.147506 -179.684798 -83.864669 179.644801
-10.971285 149.826641 -57.147508 -179.684685 -83.869542 179.644712
-10.970812 149.826740 -57.147509 -179.684567 -83.874415 179.644616
-10.970339 149.826838 -57.147511 -179.684454 -83.879288 179.644526
-10.969866 149.826938 -57.147512 -179.684341 -83.884160 179.644437
-10.969394 149.827036 -57.147514 -179.684228 -83.889033 179.644347
-10.968922 149.827135 -57.147515 -179.684109 -83.893906 179.644250
-10.968450 149.827233 -57.147516 -179.683996 -83.898779 179.644160
-10.967978 149.827332 -57.147518 -179.683882 -83.903652 179.644070
-10.967507 149.827431 -57.147519 -179.683769 -83.908526 179.643979
-10.967036 149.827529 -57.147521 -179.683649 -83.913399 179.643882
-10.966565 149.827628 -57.147521 -179.683535 -83.918272 179.643791
-10.966094 149.827726 -57.147523 -179.683421 -83.923146 179.643700
-10.965624 149.827824 -57.147524 -179.683301 -83.928019 179.643603
-10.965154 149.827923 -57.147525 -179.683186 -83.932892 179.643511
-10.964685 149.828022 -57.147526 -179.683072 -83.937766 179.643420
-10.964216 149.828120 -57.147526 -179.682957 -83.942639 179.643329
-10.963746 149.828219 -57.147528 -179.682836 -83.947513 179.643230
-10.963277 149.828317 -57.147528 -179.682721 -83.952387 179.643138
-10.962808 149.828416 -57.147529 -179.682606 -83.957261 179.643046
-10.962340 149.828513 -57.147530 -179.682485 -83.962134 179.642948
-10.961872 149.828612 -57.147531 -179.682369 -83.967008 179.642855
-10.961405 149.828710 -57.147531 -179.682254 -83.971882 179.642763
-10.960937 149.828809 -57.147532 -179.682132 -83.976756 179.642664
-10.960469 149.828907 -57.147532 -179.682016 -83.981630 179.642571
-10.960002 149.829005 -57.147533 -179.681900 -83.986504 179.642478
-10.959535 149.829103 -57.147534 -179.681784 -83.991378 179.642385
-10.959070 149.829202 -57.147534 -179.681661 -83.996253 179.642285
-10.958603 149.829300 -57.147535 -179.681545 -84.001127 179.642192
-10.958137 149.829398 -57.147535 -179.681428 -84.006001 179.642098
-10.957671 149.829496 -57.147536 -179.681305 -84.010876 179.641998
-10.957206 149.829595 -57.147536 -179.681188 -84.015750 179.641904
-10.956741 149.829692 -57.147536 -179.681071 -84.020624 179.641810
-10.956276 149.829791 -57.147536 -179.680948 -84.025499 179.641709
-10.955812 149.829889 -57.147537 -179.680830 -84.030374 179.641614
-10.955347 149.829987 -57.147537 -179.680712 -84.035248 179.641520
-10.954883 149.830085 -57.147537 -179.680589 -84.040123 179.641418
-10.954420 149.830184 -57.147537 -179.680471 -84.044998 179.641324
-10.953956 149.830281 -57.147536 -179.680346 -84.049873 179.641222
-10.953493 149.830380 -57.147537 -179.680228 -84.054748 179.641127
-10.953030 149.830477 -57.147537 -179.680110 -84.059623 179.641031
-10.952567 149.830576 -57.147536 -179.679985 -84.064498 179.640929
-10.952105 149.830673 -57.147537 -179.679866 -84.069373 179.640833
-10.951643 149.830772 -57.147536 -179.679747 -84.074248 179.640738
-10.951182 149.830869 -57.147536 -179.679622 -84.079123 179.640635
-10.950720 149.830967 -57.147536 -179.679503 -84.083998 179.640539
-10.950258 149.831065 -57.147535 -179.679383 -84.088873 179.640442
-10.949797 149.831163 -57.147535 -179.679257 -84.093749 179.640339
-10.949336 149.831261 -57.147535 -179.679138 -84.098624 179.640242
-10.948876 149.831359 -57.147533 -179.679012 -84.103500 179.640139
-10.948416 149.831456 -57.147533 -179.678891 -84.108375 179.640042
-10.947956 149.831555 -57.147533 -179.678771 -84.113251 179.639945
-10.947497 149.831652 -57.147532 -179.678645 -84.118126 179.639840
-10.947037 149.831750 -57.147531 -179.678524 -84.123003 179.639743
-10.946578 149.831848 -57.147531 -179.678397 -84.127879 179.639638
-10.946119 149.831946 -57.147529 -179.678276 -84.132755 179.639540
-10.945661 149.832043 -57.147529 -179.678155 -84.137630 179.639443
-10.945202 149.832141 -57.147528 -179.678027 -84.142506 179.639337
-10.944744 149.832239 -57.147528 -179.677906 -84.147382 179.639239
-10.944287 149.832336 -57.147526 -179.677778 -84.152258 179.639134
-10.943829 149.832434 -57.147525 -179.677656 -84.157135 179.639035
-10.943372 149.832532 -57.147525 -179.677534 -84.162011 179.638936
-10.942915 149.832629 -57.147524 -179.677406 -84.166887 179.638830
-10.942458 149.832727 -57.147522 -179.677284 -84.171763 179.638731
-10.942002 149.832825 -57.147521 -179.677155 -84.176639 179.638625
-10.941546 149.832923 -57.147520 -179.677032 -84.181516 179.638525
-10.941090 149.833020 -57.147519 -179.676910 -84.186392 179.638425
-10.940634 149.833117 -57.147517 -179.676780 -84.191269 179.638318
-10.940179 149.833215 -57.147516 -179.676657 -84.196145 179.638218
-10.939724 149.833312 -57.147515 -179.676528 -84.201022 179.638111
-10.939270 149.833410 -57.147513 -179.676404 -84.205899 179.638011
-10.938815 149.833507 -57.147511 -179.676274 -84.210775 179.637903
-10.938361 149.833605 -57.147510 -179.676150 -84.215652 179.637802
-10.937907 149.833702 -57.147509 -179.676020 -84.220529 179.637694
-10.937453 149.833800 -57.147507 -179.675896 -84.225406 179.637593
-10.937000 149.833897 -57.147506 -179.675771 -84.230283 179.637492
-10.936546 149.833995 -57.147504 -179.675640 -84.235160 179.637383
-10.936094 149.834092 -57.147502 -179.675516 -84.240037 179.637282
-10.935641 149.834189 -57.147500 -179.675384 -84.244914 179.637173
-10.935189 149.834286 -57.147498 -179.675259 -84.249791 179.637071
-10.934737 149.834384 -57.147497 -179.675128 -84.254668 179.636961
-10.934286 149.834481 -57.147495 -179.675002 -84.259546 179.636859
-10.933834 149.834579 -57.147493 -179.674870 -84.264423 179.636749
-10.933383 149.834675 -57.147490 -179.674744 -84.269300 179.636647
-10.932932 149.834773 -57.147488 -179.674612 -84.274178 179.636537
-10.932481 149.834870 -57.147486 -179.674486 -84.279055 179.636433
-10.932030 149.834968 -57.147484 -179.674353 -84.283933 179.636323
-10.931580 149.835064 -57.147482 -179.674226 -84.288811 179.636219
-10.931131 149.835162 -57.147480 -179.674093 -84.293688 179.636109
-10.930681 149.835259 -57.147478 -179.673966 -84.298566 179.636005
-10.930232 149.835357 -57.147476 -179.673833 -84.303444 179.635894
-10.929783 149.835453 -57.147473 -179.673705 -84.308322 179.635789
-10.929335 149.835551 -57.147471 -179.673571 -84.313200 179.635678
-10.928885 149.835647 -57.147469 -179.673444 -84.318077 179.635573
-10.928438 149.835745 -57.147465 -179.673309 -84.322956 179.635461
-10.927990 149.835842 -57.147463 -179.673181 -84.327834 179.635356
-10.927543 149.835939 -57.147460 -179.673047 -84.332712 179.635244
-10.927095 149.836036 -57.147458 -179.672918 -84.337590 179.635139
-10.926648 149.836133 -57.147455 -179.672783 -84.342468 179.635026
-10.926201 149.836230 -57.147452 -179.672654 -84.347346 179.634920
-10.925754 149.836327 -57.147450 -179.672519 -84.352225 179.634807
-10.925308 149.836424 -57.147447 -179.672390 -84.357103 179.634701
-10.924862 149.836521 -57.147444 -179.672254 -84.361982 179.634587
-10.924417 149.836618 -57.147441 -179.672124 -84.366860 179.634481
-10.923971 149.836715 -57.147438 -179.671988 -84.371739 179.634367
-10.923526 149.836811 -57.147435 -179.671858 -84.376618 179.634260
-10.923081 149.836909 -57.147432 -179.671722 -84.381496 179.634145
-10.922636 149.837005 -57.147429 -179.671591 -84.386375 179.634038
-10.922193 149.837102 -57.147426 -179.671454 -84.391254 179.633923
-10.921748 149.837199 -57.147423 -179.671317 -84.396133 179.633808
-10.921304 149.837295 -57.147420 -179.671186 -84.401012 179.633701
-10.920860 149.837393 -57.147416 -179.671048 -84.405891 179.633585
-10.920418 149.837489 -57.147413 -179.670917 -84.410770 179.633477
-10.919975 149.837586 -57.147410 -179.670779 -84.415649 179.633361
-10.919532 149.837682 -57.147406 -179.670647 -84.420529 179.633252
-10.919090 149.837780 -57.147404 -179.670509 -84.425408 179.633136
-10.918647 149.837876 -57.147400 -179.670377 -84.430287 179.633027
-10.918205 149.837973 -57.147397 -179.670238 -84.435167 179.632911
-10.917764 149.838069 -57.147393 -179.670099 -84.440046 179.632794
-10.917323 149.838166 -57.147389 -179.669966 -84.444925 179.632684
-10.916881 149.838263 -57.147386 -179.669827 -84.449805 179.632567
-10.916441 149.838360 -57.147382 -179.669693 -84.454685 179.632457
-10.916000 149.838456 -57.147378 -179.669554 -84.459564 179.632339
-10.915559 149.838553 -57.147374 -179.669413 -84.464444 179.632221
-10.915120 149.838649 -57.147370 -179.669280 -84.469324 179.632111
-10.914680 149.838746 -57.147367 -179.669139 -84.474203 179.631992
-10.914241 149.838842 -57.147363 -179.669005 -84.479083 179.631881
-10.913802 149.838939 -57.147359 -179.668864 -84.483963 179.631763
-10.913363 149.839035 -57.147355 -179.668723 -84.488843 179.631644
-10.912924 149.839132 -57.147351 -179.668588 -84.493723 179.631532
-10.912486 149.839228 -57.147346 -179.668447 -84.498603 179.631413
-10.912048 149.839325 -57.147343 -179.668311 -84.503483 179.631300
-10.911610 149.839421 -57.147339 -179.668169 -84.508363 179.631181
-10.911172 149.839517 -57.147334 -179.668027 -84.513244 179.631061
-10.910736 149.839614 -57.147330 -179.667891 -84.518124 179.630948
-10.910298 149.839710 -57.147326 -179.667749 -84.523004 179.630827
-10.909862 149.839807 -57.147321 -179.667612 -84.527885 179.630714
-10.909425 149.839902 -57.147317 -179.667469 -84.532765 179.630593
-10.908989 149.839999 -57.147313 -179.667326 -84.537645 179.630472
-10.908553 149.840095 -57.147308 -179.667189 -84.542526 179.630358
-10.908118 149.840192 -57.147303 -179.667045 -84.547407 179.630237
-10.907683 149.840288 -57.147300 -179.666902 -84.552287 179.630115
-10.907247 149.840384 -57.147295 -179.666764 -84.557168 179.630001
-10.906813 149.840480 -57.147290 -179.666620 -84.562049 179.629879
-10.906379 149.840577 -57.147285 -179.666475 -84.566930 179.629756
-10.905944 149.840673 -57.147281 -179.666337 -84.571811 179.629641
-10.905510 149.840769 -57.147276 -179.666192 -84.576692 179.629518
-10.905077 149.840865 -57.147271 -179.666046 -84.581573 179.629395
-10.904643 149.840962 -57.147266 -179.665908 -84.586454 179.629279
-10.904210 149.841057 -57.147261 -179.665762 -84.591335 179.629156
-10.903777 149.841154 -57.147256 -179.665616 -84.596216 179.629032
-10.903344 149.841250 -57.147251 -179.665477 -84.601097 179.628916
-10.902912 149.841345 -57.147247 -179.665330 -84.605978 179.628791
-10.902480 149.841442 -57.147241 -179.665184 -84.610860 179.628667
-10.902049 149.841537 -57.147236 -179.665043 -84.615741 179.628550
-10.901617 149.841634 -57.147231 -179.664896 -84.620623 179.628425
-10.901186 149.841729 -57.147226 -179.664749 -84.625504 179.628300
-10.900755 149.841826 -57.147220 -179.664608 -84.630386 179.628182
-10.900324 149.841921 -57.147215 -179.664460 -84.635267 179.628056
-10.899894 149.842018 -57.147210 -179.664312 -84.640149 179.627931
-10.899464 149.842113 -57.147204 -179.664171 -84.645031 179.627812
-10.899035 149.842210 -57.147199 -179.664022 -84.649913 179.627686
-10.898604 149.842305 -57.147193 -179.663874 -84.654794 179.627559
-10.898175 149.842402 -57.147187 -179.663725 -84.659676 179.627433
-10.897746 149.842497 -57.147182 -179.663583 -84.664558 179.627313
-10.897318 149.842593 -57.147176 -179.663433 -84.669440 179.627186
-10.896889 149.842689 -57.147171 -179.663283 -84.674322 179.627059
-10.896461 149.842785 -57.147165 -179.663140 -84.679204 179.626939
-10.896033 149.842880 -57.147159 -179.662990 -84.684087 179.626811
-10.895606 149.842976 -57.147154 -179.662840 -84.688969 179.626682
-10.895178 149.843072 -57.147148 -179.662689 -84.693851 179.626554
-10.894751 149.843167 -57.147142 -179.662545 -84.698734 179.626433
-10.894325 149.843263 -57.147136 -179.662394 -84.703616 179.626304
-10.893898 149.843359 -57.147130 -179.662243 -84.708498 179.626175
-10.893472 149.843455 -57.147124 -179.662091 -84.713381 179.626045
-10.893046 149.843550 -57.147118 -179.661946 -84.718264 179.625924
-10.892620 149.843646 -57.147112 -179.661794 -84.723146 179.625794
-10.892195 149.843741 -57.147106 -179.661642 -84.728029 179.625664
-10.891769 149.843837 -57.147100 -179.661490 -84.732912 179.625533
-10.891345 149.843933 -57.147093 -179.661344 -84.737794 179.625410
-10.890920 149.844029 -57.147087 -179.661191 -84.742677 179.625279
-10.890495 149.844124 -57.147081 -179.661037 -84.747560 179.625148
-10.890071 149.844219 -57.147075 -179.660884 -84.752444 179.625017
-10.889647 149.844315 -57.147068 -179.660737 -84.757327 179.624893
