-38.534633 151.710101 -54.698463 27.236313 -41.641143 -18.881721
-38.539623 151.710101 -54.698463 27.236313 -41.641143 -18.881721
-38.544613 151.710101 -54.698463 27.236313 -41.641143 -18.881721
-38.549604 151.710101 -54.698463 27.236313 -41.641143 -18.881721
-38.554594 151.710101 -54.698463 27.236313 -41.641143 -18.881721
-38.559584 151.710101 -54.698463 27.236313 -41.641143 -18.881721
-38.564575 151.710101 -54.698463 27.236313 -41.641143 -18.881721
-38.569565 151.710101 -54.698463 27.236313 -41.641143 -18.881721
-38.574555 151.710101 -54.698463 27.236313 -41.641143 -18.881721
-38.579545 151.710101 -54.698463 27.236313 -41.641143 -18.881721
-38.584536 151.710101 -54.698463 27.236313 -41.641143 -18.881721
-38.589526 151.710101 -54.698463 27.236313 -41.641143 -18.881721
-38.594516 151.710101 -54.698463 27.236313 -41.641143 -18.881721
-38.599506 151.710101 -54.698463 27.236313 -41.641143 -18.881721
-38.604497 151.710101 -54.698463 27.236313 -41.641143 -18.881721
-38.609487 151.710101 -54.698463 27.236313 -41.641143 -18.881721
-38.614477 151.710101 -54.698463 27.236313 -41.641143 -18.881721
-38.619468 151.710101 -54.698463 27.236313 -41.641143 -18.881721
-38.624458 151.710101 -54.698463 27.236313 -41.641143 -18.881721
-38.629448 151.710101 -54.698463 27.236313 -41.641143 -18.881721
-38.634438 151.710101 -54.698463 27.236313 -41.641143 -18.881721
-38.639429 151.710101 -54.698463 27.236313 -41.641143 -18.881721
-38.644419 151.710101 -54.698463 27.236313 -41.641143 -18.881721
-38.649409 151.710101 -54.698463 27.236313 -41.641143 -18.881721
-38.654399 151.710101 -54.698463 27.236313 -41.641143 -18.881721
-38.659390 151.710101 -54.698463 27.236313 -41.641143 -18.881721
-38.664380 151.710101 -54.698463 27.236313 -41.641143 -18.881721
-38.669370 151.710101 -54.698463 27.236313 -41.641143 -18.881721
-38.674361 151.710101 -54.698463 27.236313 -41.641143 -18.881721
-38.679351 151.710101 -54.698463 27.236313 -41.641143 -18.881721
-38.684341 151.710101 -54.698463 27.236313 -41.641143 -18.881721
-38.689331 151.710101 -54.698463 27.236313 -41.641143 -18.881721
-38.694322 151.710101 -54.698463 27.236313 -41.641143 -18.881721
-38.699312 151.710101 -54.698463 27.236313 -41.641143 -18.881721
-38.704302 151.710101 -54.698463 27.236313 -41.641143 -18.881721
-38.709292 151.710101 -54.698463 27.236313 -41.641143 -18.881721
-38.714283 151.710101 -54.698463 27.236313 -41.641143 -18.881721
-38.719273 151.710101 -54.698463 27.236313 -41.641143 -18.881721
-38.724263 151.710101 -54.698463 27.236313 -41.641143 -18.881721
-38.729254 151.710101 -54.698463 27.236313 -41.641143 -18.881721
-38.734244 151.710101 -54.698463 27.236313 -41.641143 -18.881721
-38.739234 151.710101 -54.698463 27.236313 -41.641143 -18.881721
-38.744224 151.710101 -54.698463 27.236313 -41.641143 -18.881721
-38.749215 151.710101 -54.698463 27.236313 -41.641143 -18.881721
-38.754205 151.710101 -54.698463 27.236313 -41.641143 -18.881721
-38.759195 151.710101 -54.698463 27.236313 -41.641143 -18.881721
-38.764185 151.710101 -54.698463 27.236313 -41.641143 -18.881721
-38.769176 151.710101 -54.698463 27.236313 -41.641143 -18.881721
-38.774166 151.710101 -54.698463 27.236313 -41.641143 -18.881721
-38.779156 151.710101 -54.698463 27.236313 -41.641143 -18.881721
-38.784147 151.710101 -54.698463 27.236313 -41.641143 -18.881721
-38.789137 151.710101 -54.698463 27.236313 -41.641143 -18.881721
-38.794127 151.710101 -54.698463 27.236313 -41.641143 -18.881721
-38.799117 151.710101 -54.698463 27.236313 -41.641143 -18.881721
-38.804108 151.710101 -54.698463 27.236313 -41.641143 -18.881721
-38.809098 151.710101 -54.698463 27.236313 -41.641143 -18.881721
-38.814088 151.710101 -54.698463 27.236313 -41.641143 -18.881721
-38.819078 151.710101 -54.698463 27.236313 -41.641143 -18.881721
-38.824069 151.710101 -54.698463 27.236313 -41.641143 -18.881721
-38.829059 151.710101 -54.698463 27.236313 -41.641143 -18.881721
-38.834049 151.710101 -54.698463 27.236313 -41.641143 -18.881721
-38.839040 151.710101 -54.698463 27.236313 -41.641143 -18.881721
-38.844030 151.710101 -54.698463 27.236313 -41.641143 -18.881721
-38.849020 151.710101 -54.698463 27.236313 -41.641143 -18.881721
-38.854010 151.710101 -54.698463 27.236313 -41.641143 -18.881721
-38.859001 151.710101 -54.698463 27.236313 -41.641143 -18.881721
-38.863991 151.710101 -54.698463 27.236313 -41.641143 -18.881721
-38.868981 151.710101 -54.698463 27.236313 -41.641143 -18.881721
-38.873971 151.710101 -54.698463 27.236313 -41.641143 -18.881721
-38.878962 151.710101 -54.698463 27.236313 -41.641143 -18.881721
-38.883952 151.710101 -54.698463 27.236313 -41.641143 -18.881721
-38.888942 151.710101 -54.698463 27.236313 -41.641143 -18.881721
-38.893933 151.710101 -54.698463 27.236313 -41.641143 -18.881721
-38.898923 151.710101 -54.698463 27.236313 -41.641143 -18.881721
-38.903913 151.710101 -54.698463 27.236313 -41.641143 -18.881721
-38.908903 151.710101 -54.698463 27.236313 -41.641143 -18.881721
-38.913894 151.710101 -54.698463 27.236313 -41.641143 -18.881721
-38.918884 151.710101 -54.698463 27.236313 -41.641143 -18.881721
-38.923874 151.710101 -54.698463 27.236313 -41.641143 -18.881721
-38.928864 151.710101 -54.698463 27.236313 -41.641143 -18.881721
-38.933855 151.710101 -54.698463 27.236313 -41.641143 -18.881721
-38.938845 151.710101 -54.698463 27.236313 -41.641143 -18.881721
-38.943835 151.710101 -54.698463 27.236313 -41.641143 -18.881721
-38.948826 151.710101 -54.698463 27.236313 -41.641143 -18.881721
-38.953816 151.710101 -54.698463 27.236313 -41.641143 -18.881721
-38.958806 151.710101 -54.698463 27.236313 -41.641143 -18.881721
-38.963796 151.710101 -54.698463 27.236313 -41.641143 -18.881721
-38.968787 151.710101 -54.698463 27.236313 -41.641143 -18.881721
-38.973777 151.710101 -54.698463 27.236313 -41.641143 -18.881721
-38.978767 151.710101 -54.698463 27.236313 -41.641143 -18.881721
-38.983757 151.710101 -54.698463 27.236313 -41.641143 -18.881721
-38.988748 151.710101 -54.698463 27.236313 -41.641143 -18.881721
-38.993738 151.710101 -54.698463 27.236313 -41.641143 -18.881721
-38.998728 151.710101 -54.698463 27.236313 -41.641143 -18.881721
-39.003719 151.710101 -54.698463 27.236313 -41.641143 -18.881721
-39.008709 151.710101 -54.698463 27.236313 -41.641143 -18.881721
-39.013699 151.710101 -54.698463 27.236313 -41.641143 -18.881721
-39.018689 151.710101 -54.698463 27.236313 -41.641143 -18.881721
-39.023680 151.710101 -54.698463 27.236313 -41.641143 -18.881721
-39.028670 151.710101 -54.698463 27.236313 -41.641143 -18.881721
-39.033660 151.710101 -54.698463 27.236313 -41.641143 -18.881721
-39.038650 151.710101 -54.698463 27.236313 -41.641143 -18.881721
-39.043641 151.710101 -54.698463 27.236313 -41.641143 -18.881721
-39.048631 151.710101 -54.698463 27.236313 -41.641143 -18.881721
-39.053621 151.710101 -54.698463 27.236313 -41.641143 -18.881721
-39.058612 151.710101 -54.698463 27.236313 -41.641143 -18.881721
-39.063602 151.710101 -54.698463 27.236313 -41.641143 -18.881721
-39.068592 151.710101 -54.698463 27.236313 -41.641143 -18.881721
-39.073582 151.710101 -54.698463 27.236313 -41.641143 -18.881721
-39.078573 151.710101 -54.698463 27.236313 -41.641143 -18.881721
-39.083563 151.710101 -54.698463 27.236313 -41.641143 -18.881721
-39.088553 151.710101 -54.698463 27.236313 -41.641143 -18.881721
-39.093543 151.710101 -54.698463 27.236313 -41.641143 -18.881721
-39.098534 151.710101 -54.698463 27.236313 -41.641143 -18.881721
-39.103524 151.710101 -54.698463 27.236313 -41.641143 -18.881721
-39.108514 151.710101 -54.698463 27.236313 -41.641143 -18.881721
-39.113505 151.710101 -54.698463 27.236313 -41.641143 -18.881721
-39.118495 151.710101 -54.698463 27.236313 -41.641143 -18.881721
-39.123485 151.710101 -54.698463 27.236313 -41.641143 -18.881721
-39.128475 151.710101 -54.698463 27.236313 -41.641143 -18.881721
-39.133466 151.710101 -54.698463 27.236313 -41.641143 -18.881721
-39.138456 151.710101 -54.698463 27.236313 -41.641143 -18.881721
-39.143446 151.710101 -54.698463 27.236313 -41.641143 -18.881721
-39.148436 151.710101 -54.698463 27.236313 -41.641143 -18.881721
-39.153427 151.710101 -54.698463 27.236313 -41.641143 -18.881721
-39.158417 151.710101 -54.698463 27.236313 -41.641143 -18.881721
-39.163407 151.710101 -54.698463 27.236313 -41.641143 -18.881721
-39.168398 151.710101 -54.698463 27.236313 -41.641143 -18.881721
-39.173388 151.710101 -54.698463 27.236313 -41.641143 -18.881721
-39.178378 151.710101 -54.698463 27.236313 -41.641143 -18.881721
-39.183368 151.710101 -54.698463 27.236313 -41.641143 -18.881721
-39.188359 151.710101 -54.698463 27.236313 -41.641143 -18.881721
-39.193349 151.710101 -54.698463 27.236313 -41.641143 -18.881721
-39.198339 151.710101 -54.698463 27.236313 -41.641143 -18.881721
-39.203329 151.710101 -54.698463 27.236313 -41.641143 -18.881721
-39.208320 151.710101 -54.698463 27.236313 -41.641143 -18.881721
-39.213310 151.710101 -54.698463 27.236313 -41.641143 -18.881721
-39.218300 151.710101 -54.698463 27.236313 -41.641143 -18.881721
-39.223291 151.710101 -54.698463 27.236313 -41.641143 -18.881721
-39.228281 151.710101 -54.698463 27.236313 -41.641143 -18.881721
-39.233271 151.710101 -54.698463 27.236313 -41.641143 -18.881721
-39.238261 151.710101 -54.698463 27.236313 -41.641143 -18.881721
-39.243252 151.710101 -54.698463 27.236313 -41.641143 -18.881721
-39.248242 151.710101 -54.698463 27.236313 -41.641143 -18.881721
-39.253232 151.710101 -54.698463 27.236313 -41.641143 -18.881721
-39.258222 151.710101 -54.698463 27.236313 -41.641143 -18.881721
-39.263213 151.710101 -54.698463 27.236313 -41.641143 -18.881721
-39.268203 151.710101 -54.698463 27.236313 -41.641143 -18.881721
-39.273193 151.710101 -54.698463 27.236313 -41.641143 -18.881721
-39.278184 151.710101 -54.698463 27.236313 -41.641143 -18.881721
-39.283174 151.710101 -54.698463 27.236313 -41.641143 -18.881721
-39.288164 151.710101 -54.698463 27.236313 -41.641143 -18.881721
-39.293154 151.710101 -54.698463 27.236313 -41.641143 -18.881721
-39.298145 151.710101 -54.698463 27.236313 -41.641143 -18.881721
-39.303135 151.710101 -54.698463 27.236313 -41.641143 -18.881721
-39.308125 151.710101 -54.698463 27.236313 -41.641143 -18.881721
-39.313115 151.710101 -54.698463 27.236313 -41.641143 -18.881721
-39.318106 151.710101 -54.698463 27.236313 -41.641143 -18.881721
-39.323096 151.710101 -54.698463 27.236313 -41.641143 -18.881721
-39.328086 151.710101 -54.698463 27.236313 -41.641143 -18.881721
-39.333077 151.710101 -54.698463 27.236313 -41.641143 -18.881721
-39.338067 151.710101 -54.698463 27.236313 -41.641143 -18.881721
-39.343057 151.710101 -54.698463 27.236313 -41.641143 -18.881721
-39.348047 151.710101 -54.698463 27.236313 -41.641143 -18.881721
-39.353038 151.710101 -54.698463 27.236313 -41.641143 -18.881721
-39.358028 151.710101 -54.698463 27.236313 -41.641143 -18.881721
-39.363018 151.710101 -54.698463 27.236313 -41.641143 -18.881721
-39.368008 151.710101 -54.698463 27.236313 -41.641143 -18.881721
-39.372999 151.710101 -54.698463 27.236313 -41.641143 -18.881721
-39.377989 151.710101 -54.698463 27.236313 -41.641143 -18.881721
-39.382979 151.710101 -54.698463 27.236313 -41.641143 -18.881721
-39.387970 151.710101 -54.698463 27.236313 -41.641143 -18.881721
-39.392960 151.710101 -54.698463 27.236313 -41.641143 -18.881721
-39.397950 151.710101 -54.698463 27.236313 -41.641143 -18.881721
-39.402940 151.710101 -54.698463 27.236313 -41.641143 -18.881721
-39.407931 151.710101 -54.698463 27.236313 -41.641143 -18.881721
-39.412921 151.710101 -54.698463 27.236313 -41.641143 -18.881721
-39.417911 151.710101 -54.698463 27.236313 -41.641143 -18.881721
-39.422901 151.710101 -54.698463 27.236313 -41.641143 -18.881721
-39.427892 151.710101 -54.698463 27.236313 -41.641143 -18.881721
-39.432882 151.710101 -54.698463 27.236313 -41.641143 -18.881721
-39.437872 151.710101 -54.698463 27.236313 -41.641143 -18.881721
-39.442863 151.710101 -54.698463 27.236313 -41.641143 -18.881721
-39.447853 151.710101 -54.698463 27.236313 -41.641143 -18.881721
-39.452843 151.710101 -54.698463 27.236313 -41.641143 -18.881721
-39.457833 151.710101 -54.698463 27.236313 -41.641143 -18.881721
-39.462824 151.710101 -54.698463 27.236313 -41.641143 -18.881721
-39.467814 151.710101 -54.698463 27.236313 -41.641143 -18.881721
-39.472804 151.710101 -54.698463 27.236313 -41.641143 -18.881721
-39.477794 151.710101 -54.698463 27.236313 -41.641143 -18.881721
-39.482785 151.710101 -54.698463 27.236313 -41.641143 -18.881721
-39.487775 151.710101 -54.698463 27.236313 -41.641143 -18.881721
-39.492765 151.710101 -54.698463 27.236313 -41.641143 -18.881721
-39.497756 151.710101 -54.698463 27.236313 -41.641143 -18.881721
-39.502746 151.710101 -54.698463 27.236313 -41.641143 -18.881721
-39.507736 151.710101 -54.698463 27.236313 -41.641143 -18.881721
-39.512726 151.710101 -54.698463 27.236313 -41.641143 -18.881721
-39.517717 151.710101 -54.698463 27.236313 -41.641143 -18.881721
-39.522707 151.710101 -54.698463 27.236313 -41.641143 -18.881721
-39.527697 151.710101 -54.698463 27.236313 -41.641143 -18.881721
-39.532687 151.710101 -54.698463 27.236313 -41.641143 -18.881721
-39.537678 151.710101 -54.698463 27.236313 -41.641143 -18.881721
-39.542668 151.710101 -54.698463 27.236313 -41.641143 -18.881721
-39.547658 151.710101 -54.698463 27.236313 -41.641143 -18.881721
-39.552649 151.710101 -54.698463 27.236313 -41.641143 -18.881721
-39.557639 151.710101 -54.698463 27.236313 -41.641143 -18.881721
-39.562629 151.710101 -54.698463 27.236313 -41.641143 -18.881721
-39.567619 151.710101 -54.698463 27.236313 -41.641143 -18.881721
-39.572610 151.710101 -54.698463 27.236313 -41.641143 -18.881721
-39.577600 151.710101 -54.698463 27.236313 -41.641143 -18.881721
-39.582590 151.710101 -54.698463 27.236313 -41.641143 -18.881721
-39.587580 151.710101 -54.698463 27.236313 -41.641143 -18.881721
-39.592571 151.710101 -54.698463 27.236313 -41.641143 -18.881721
-39.597561 151.710101 -54.698463 27.236313 -41.641143 -18.881721
-39.602551 151.710101 -54.698463 27.236313 -41.641143 -18.881721
-39.607542 151.710101 -54.698463 27.236313 -41.641143 -18.881721
-39.612532 151.710101 -54.698463 27.236313 -41.641143 -18.881721
-39.617522 151.710101 -54.698463 27.236313 -41.641143 -18.881721
-39.622512 151.710101 -54.698463 27.236313 -41.641143 -18.881721
-39.627503 151.710101 -54.698463 27.236313 -41.641143 -18.881721
-39.632493 151.710101 -54.698463 27.236313 -41.641143 -18.881721
-39.637483 151.710101 -54.698463 27.236313 -41.641143 -18.881721
-39.642473 151.710101 -54.698463 27.236313 -41.641143 -18.881721
-39.647464 151.710101 -54.698463 27.236313 -41.641143 -18.881721
-39.652454 151.710101 -54.698463 27.236313 -41.641143 -18.881721
-39.657444 151.710101 -54.698463 27.236313 -41.641143 -18.881721
-39.662435 151.710101 -54.698463 27.236313 -41.641143 -18.881721
-39.667425 151.710101 -54.698463 27.236313 -41.641143 -18.881721
-39.672415 151.710101 -54.698463 27.236313 -41.641143 -18.881721
-39.677405 151.710101 -54.698463 27.236313 -41.641143 -18.881721
-39.682396 151.710101 -54.698463 27.236313 -41.641143 -18.881721
-39.687386 151.710101 -54.698463 27.236313 -41.641143 -18.881721
-39.692376 151.710101 -54.698463 27.236313 -41.641143 -18.881721
-39.697366 151.710101 -54.698463 27.236313 -41.641143 -18.881721
-39.702357 151.710101 -54.698463 27.236313 -41.641143 -18.881721
-39.707347 151.710101 -54.698463 27.236313 -41.641143 -18.881721
-39.712337 151.710101 -54.698463 27.236313 -41.641143 -18.881721
-39.717328 151.710101 -54.698463 27.236313 -41.641143 -18.881721
-39.722318 151.710101 -54.698463 27.236313 -41.641143 -18.881721
-39.727308 151.710101 -54.698463 27.236313 -41.641143 -18.881721
-39.732298 151.710101 -54.698463 27.236313 -41.641143 -18.881721
-39.737289 151.710101 -54.698463 27.236313 -41.641143 -18.881721
-39.742279 151.710101 -54.698463 27.236313 -41.641143 -18.881721
-39.747269 151.710101 -54.698463 27.236313 -41.641143 -18.881721
-39.752259 151.710101 -54.698463 27.236313 -41.641143 -18.881721
-39.757250 151.710101 -54.698463 27.236313 -41.641143 -18.881721
-39.762240 151.710101 -54.698463 27.236313 -41.641143 -18.881721
-39.767230 151.710101 -54.698463 27.236313 -41.641143 -18.881721
-39.772221 151.710101 -54.698463 27.236313 -41.641143 -18.881721
-39.777211 151.710101 -54.698463 27.236313 -41.641143 -18.881721
-39.782201 151.710101 -54.698463 27.236313 -41.641143 -18.881721
-39.787191 151.710101 -54.698463 27.236313 -41.641143 -18.881721
-39.792182 151.710101 -54.698463 27.236313 -41.641143 -18.881721
-39.797172 151.710101 -54.698463 27.236313 -41.641143 -18.881721
-39.802162 151.710101 -54.698463 27.236313 -41.641143 -18.881721
-39.807152 151.710101 -54.698463 27.236313 -41.641143 -18.881721
-39.812143 151.710101 -54.698463 27.236313 -41.641143 -18.881721
-39.817133 151.710101 -54.698463 27.236313 -41.641143 -18.881721
-39.822123 151.710101 -54.698463 27.236313 -41.641143 -18.881721
-39.827114 151.710101 -54.698463 27.236313 -41.641143 -18.881721
-39.832104 151.710101 -54.698463 27.236313 -41.641143 -18.881721
-39.837094 151.710101 -54.698463 27.236313 -41.641143 -18.881721
-39.842084 151.710101 -54.698463 27.236313 -41.641143 -18.881721
-39.847075 151.710101 -54.698463 27.236313 -41.641143 -18.881721
-39.852065 151.710101 -54.698463 27.236313 -41.641143 -18.881721
-39.857055 151.710101 -54.698463 27.236313 -41.641143 -18.881721
-39.862045 151.710101 -54.698463 27.236313 -41.641143 -18.881721
-39.867036 151.710101 -54.698463 27.236313 -41.641143 -18.881721
-39.872026 151.710101 -54.698463 27.236313 -41.641143 -18.881721
-39.877016 151.710101 -54.698463 27.236313 -41.641143 -18.881721
-39.882007 151.710101 -54.698463 27.236313 -41.641143 -18.881721
-39.886997 151.710101 -54.698463 27.236313 -41.641143 -18.881721
-39.891987 151.710101 -54.698463 27.236313 -41.641143 -18.881721
-39.896977 151.710101 -54.698463 27.236313 -41.641143 -18.881721
-39.901968 151.710101 -54.698463 27.236313 -41.641143 -18.881721
-39.906958 151.710101 -54.698463 27.236313 -41.641143 -18.881721
-39.911948 151.710101 -54.698463 27.236313 -41.641143 -18.881721
-39.916938 151.710101 -54.698463 27.236313 -41.641143 -18.881721
-39.921929 151.710101 -54.698463 27.236313 -41.641143 -18.881721
-39.926919 151.710101 -54.698463 27.236313 -41.641143 -18.881721
-39.931909 151.710101 -54.698463 27.236313 -41.641143 -18.881721
-39.936900 151.710101 -54.698463 27.236313 -41.641143 -18.881721
-39.941890 151.710101 -54.698463 27.236313 -41.641143 -18.881721
-39.946880 151.710101 -54.698463 27.236313 -41.641143 -18.881721
-39.951870 151.710101 -54.698463 27.236313 -41.641143 -18.881721
-39.956861 151.710101 -54.698463 27.236313 -41.641143 -18.881721
-39.961851 151.710101 -54.698463 27.236313 -41.641143 -18.881721
-39.966841 151.710101 -54.698463 27.236313 -41.641143 -18.881721
-39.971831 151.710101 -54.698463 27.236313 -41.641143 -18.881721
-39.976822 151.710101 -54.698463 27.236313 -41.641143 -18.881721
-39.981812 151.710101 -54.698463 27.236313 -41.641143 -18.881721
-39.986802 151.710101 -54.698463 27.236313 -41.641143 -18.881721
-39.991793 151.710101 -54.698463 27.236313 -41.641143 -18.881721
-39.996783 151.710101 -54.698463 27.236313 -41.641143 -18.881721
-40.001773 151.710101 -54.698463 27.236313 -41.641143 -18.881721
-40.006763 151.710101 -54.698463 27.236313 -41.641143 -18.881721
-40.011754 151.710101 -54.698463 27.236313 -41.641143 -18.881721
-40.016744 151.710101 -54.698463 27.236313 -41.641143 -18.881721
-40.021734 151.710101 -54.698463 27.236313 -41.641143 -18.881721
-40.026724 151.710101 -54.698463 27.236313 -41.641143 -18.881721
-40.031715 151.710101 -54.698463 27.236313 -41.641143 -18.881721
-40.036705 151.710101 -54.698463 27.236313 -41.641143 -18.881721
-40.041695 151.710101 -54.698463 27.236313 -41.641143 -18.881721
-40.046686 151.710101 -54.698463 27.236313 -41.641143 -18.881721
-40.051676 151.710101 -54.698463 27.236313 -41.641143 -18.881721
-40.056666 151.710101 -54.698463 27.236313 -41.641143 -18.881721
-40.061656 151.710101 -54.698463 27.236313 -41.641143 -18.881721
-40.066647 151.710101 -54.698463 27.236313 -41.641143 -18.881721
-40.071637 151.710101 -54.698463 27.236313 -41.641143 -18.881721
-40.076627 151.710101 -54.698463 27.236313 -41.641143 -18.881721
-40.081617 151.710101 -54.698463 27.236313 -41.641143 -18.881721
-40.086608 151.710101 -54.698463 27.236313 -41.641143 -18.881721
-40.091598 151.710101 -54.698463 27.236313 -41.641143 -18.881721
-40.096588 151.710101 -54.698463 27.236313 -41.641143 -18.881721
-40.101579 151.710101 -54.698463 27.236313 -41.641143 -18.881721
-40.106569 151.710101 -54.698463 27.236313 -41.641143 -18.881721
-40.111559 151.710101 -54.698463 27.236313 -41.641143 -18.881721
-40.116549 151.710101 -54.698463 27.236313 -41.641143 -18.881721
-40.121540 151.710101 -54.698463 27.236313 -41.641143 -18.881721
-40.126530 151.710101 -54.698463 27.236313 -41.641143 -18.881721
-40.131520 151.710101 -54.698463 27.236313 -41.641143 -18.881721
-40.136510 151.710101 -54.698463 27.236313 -41.641143 -18.881721
-40.141501 151.710101 -54.698463 27.236313 -41.641143 -18.881721
-40.146491 151.710101 -54.698463 27.236313 -41.641143 -18.881721
-40.151481 151.710101 -54.698463 27.236313 -41.641143 -18.881721
-40.156472 151.710101 -54.698463 27.236313 -41.641143 -18.881721
-40.161462 151.710101 -54.698463 27.236313 -41.641143 -18.881721
-40.166452 151.710101 -54.698463 27.236313 -41.641143 -18.881721
-40.171442 151.710101 -54.698463 27.236313 -41.641143 -18.881721
-40.176433 151.710101 -54.698463 27.236313 -41.641143 -18.881721
-40.181423 151.710101 -54.698463 27.236313 -41.641143 -18.881721
-40.186413 151.710101 -54.698463 27.236313 -41.641143 -18.881721
-40.191403 151.710101 -54.698463 27.236313 -41.641143 -18.881721
-40.196394 151.710101 -54.698463 27.236313 -41.641143 -18.881721
-40.201384 151.710101 -54.698463 27.236313 -41.641143 -18.881721
-40.206374 151.710101 -54.698463 27.236313 -41.641143 -18.881721
-40.211365 151.710101 -54.698463 27.236313 -41.641143 -18.881721
-40.216355 151.710101 -54.698463 27.236313 -41.641143 -18.881721
-40.221345 151.710101 -54.698463 27.236313 -41.641143 -18.881721
-40.226335 151.710101 -54.698463 27.236313 -41.641143 -18.881721
-40.231326 151.710101 -54.698463 27.236313 -41.641143 -18.881721
-40.236316 151.710101 -54.698463 27.236313 -41.641143 -18.881721
-40.241306 151.710101 -54.698463 27.236313 -41.641143 -18.881721
-40.246296 151.710101 -54.698463 27.236313 -41.641143 -18.881721
-40.251287 151.710101 -54.698463 27.236313 -41.641143 -18.881721
-40.256277 151.710101 -54.698463 27.236313 -41.641143 -18.881721
-40.261267 151.710101 -54.698463 27.236313 -41.641143 -18.881721
-40.266258 151.710101 -54.698463 27.236313 -41.641143 -18.881721
-40.271248 151.710101 -54.698463 27.236313 -41.641143 -18.881721
-40.276238 151.710101 -54.698463 27.236313 -41.641143 -18.881721
-40.281228 151.710101 -54.698463 27.236313 -41.641143 -18.881721
-40.286219 151.710101 -54.698463 27.236313 -41.641143 -18.881721
-40.291209 151.710101 -54.698463 27.236313 -41.641143 -18.881721
-40.296199 151.710101 -54.698463 27.236313 -41.641143 -18.881721
-40.301189 151.710101 -54.698463 27.236313 -41.641143 -18.881721
-40.306180 151.710101 -54.698463 27.236313 -41.641143 -18.881721
-40.311170 151.710101 -54.698463 27.236313 -41.641143 -18.881721
-40.316160 151.710101 -54.698463 27.236313 -41.641143 -18.881721
-40.321151 151.710101 -54.698463 27.236313 -41.641143 -18.881721
-40.326141 151.710101 -54.698463 27.236313 -41.641143 -18.881721
-40.331131 151.710101 -54.698463 27.236313 -41.641143 -18.881721
-40.336121 151.710101 -54.698463 27.236313 -41.641143 -18.881721
-40.341112 151.710101 -54.698463 27.236313 -41.641143 -18.881721
-40.346102 151.710101 -54.698463 27.236313 -41.641143 -18.881721
-40.351092 151.710101 -54.698463 27.236313 -41.641143 -18.881721
-40.356082 151.710101 -54.698463 27.236313 -41.641143 -18.881721
-40.361073 151.710101 -54.698463 27.236313 -41.641143 -18.881721
-40.366063 151.710101 -54.698463 27.236313 -41.641143 -18.881721
-40.371053 151.710101 -54.698463 27.236313 -41.641143 -18.881721
-40.376044 151.710101 -54.698463 27.236313 -41.641143 -18.881721
-40.381034 151.710101 -54.698463 27.236313 -41.641143 -18.881721
-40.386024 151.710101 -54.698463 27.236313 -41.641143 -18.881721
-40.391014 151.710101 -54.698463 27.236313 -41.641143 -18.881721
-40.396005 151.710101 -54.698463 27.236313 -41.641143 -18.881721
-40.400995 151.710101 -54.698463 27.236313 -41.641143 -18.881721
-40.405985 151.710101 -54.698463 27.236313 -41.641143 -18.881721
-40.410975 151.710101 -54.698463 27.236313 -41.641143 -18.881721
-40.415966 151.710101 -54.698463 27.236313 -41.641143 -18.881721
-40.420956 151.710101 -54.698463 27.236313 -41.641143 -18.881721
-40.425946 151.710101 -54.698463 27.236313 -41.641143 -18.881721
-40.430937 151.710101 -54.698463 27.236313 -41.641143 -18.881721
-40.435927 151.710101 -54.698463 27.236313 -41.641143 -18.881721
-40.440917 151.710101 -54.698463 27.236313 -41.641143 -18.881721
-40.445907 151.710101 -54.698463 27.236313 -41.641143 -18.881721
-40.450898 151.710101 -54.698463 27.236313 -41.641143 -18.881721
-40.455888 151.710101 -54.698463 27.236313 -41.641143 -18.881721
-40.460878 151.710101 -54.698463 27.236313 -41.641143 -18.881721
-40.465868 151.710101 -54.698463 27.236313 -41.641143 -18.881721
-40.470859 151.710101 -54.698463 27.236313 -41.641143 -18.881721
-40.475849 151.710101 -54.698463 27.236313 -41.641143 -18.881721
-40.480839 151.710101 -54.698463 27.236313 -41.641143 -18.881721
-40.485830 151.710101 -54.698463 27.236313 -41.641143 -18.881721
-40.490820 151.710101 -54.698463 27.236313 -41.641143 -18.881721
-40.495810 151.710101 -54.698463 27.236313 -41.641143 -18.881721
-40.500800 151.710101 -54.698463 27.236313 -41.641143 -18.881721
-40.505791 151.710101 -54.698463 27.236313 -41.641143 -18.881721
-40.510781 151.710101 -54.698463 27.236313 -41.641143 -18.881721
-40.515771 151.710101 -54.698463 27.236313 -41.641143 -18.881721
-40.520761 151.710101 -54.698463 27.236313 -41.641143 -18.881721
-40.525752 151.710101 -54.698463 27.236313 -41.641143 -18.881721
-40.530742 151.710101 -54.698463 27.236313 -41.641143 -18.881721
-40.535732 151.710101 -54.698463 27.236313 -41.641143 -18.881721
-40.540723 151.710101 -54.698463 27.236313 -41.641143 -18.881721
-40.545713 151.710101 -54.698463 27.236313 -41.641143 -18.881721
-40.550703 151.710101 -54.698463 27.236313 -41.641143 -18.881721
-40.555693 151.710101 -54.698463 27.236313 -41.641143 -18.881721
-40.560684 151.710101 -54.698463 27.236313 -41.641143 -18.881721
-40.565674 151.710101 -54.698463 27.236313 -41.641143 -18.881721
-40.570664 151.710101 -54.698463 27.236313 -41.641143 -18.881721
-40.575654 151.710101 -54.698463 27.236313 -41.641143 -18.881721
-40.580645 151.710101 -54.698463 27.236313 -41.641143 -18.881721
-40.585635 151.710101 -54.698463 27.236313 -41.641143 -18.881721
-40.590625 151.710101 -54.698463 27.236313 -41.641143 -18.881721
-40.595616 151.710101 -54.698463 27.236313 -41.641143 -18.881721
-40.600606 151.710101 -54.698463 27.236313 -41.641143 -18.881721
-40.605596 151.710101 -54.698463 27.236313 -41.641143 -18.881721
-40.610586 151.710101 -54.698463 27.236313 -41.641143 -18.881721
-40.615577 151.710101 -54.698463 27.236313 -41.641143 -18.881721
-40.620567 151.710101 -54.698463 27.236313 -41.641143 -18.881721
-40.625557 151.710101 -54.698463 27.236313 -41.641143 -18.881721
-40.630547 151.710101 -54.698463 27.236313 -41.641143 -18.881721
-40.635538 151.710101 -54.698463 27.236313 -41.641143 -18.881721
-40.640528 151.710101 -54.698463 27.236313 -41.641143 -18.881721
-40.645518 151.710101 -54.698463 27.236313 -41.641143 -18.881721
-40.650509 151.710101 -54.698463 27.236313 -41.641143 -18.881721
-40.655499 151.710101 -54.698463 27.236313 -41.641143 -18.881721
-40.660489 151.710101 -54.698463 27.236313 -41.641143 -18.881721
-40.665479 151.710101 -54.698463 27.236313 -41.641143 -18.881721
-40.670470 151.710101 -54.698463 27.236313 -41.641143 -18.881721
-40.675460 151.710101 -54.698463 27.236313 -41.641143 -18.881721
-40.680450 151.710101 -54.698463 27.236313 -41.641143 -18.881721
-40.685440 151.710101 -54.698463 27.236313 -41.641143 -18.881721
-40.690431 151.710101 -54.698463 27.236313 -41.641143 -18.881721
-40.695421 151.710101 -54.698463 27.236313 -41.641143 -18.881721
-40.700411 151.710101 -54.698463 27.236313 -41.641143 -18.881721
-40.705402 151.710101 -54.698463 27.236313 -41.641143 -18.881721
-40.710392 151.710101 -54.698463 27.236313 -41.641143 -18.881721
-40.715382 151.710101 -54.698463 27.236313 -41.641143 -18.881721
-40.720372 151.710101 -54.698463 27.236313 -41.641143 -18.881721
-40.725363 151.710101 -54.698463 27.236313 -41.641143 -18.881721
-40.730353 151.710101 -54.698463 27.236313 -41.641143 -18.881721
-40.735343 151.710101 -54.698463 27.236313 -41.641143 -18.881721
-40.740333 151.710101 -54.698463 27.236313 -41.641143 -18.881721
-40.745324 151.710101 -54.698463 27.236313 -41.641143 -18.881721
-40.750314 151.710101 -54.698463 27.236313 -41.641143 -18.881721
-40.755304 151.710101 -54.698463 27.236313 -41.641143 -18.881721
-40.760295 151.710101 -54.698463 27.236313 -41.641143 -18.881721
-40.765285 151.710101 -54.698463 27.236313 -41.641143 -18.881721
-40.770275 151.710101 -54.698463 27.236313 -41.641143 -18.881721
-40.775265 151.710101 -54.698463 27.236313 -41.641143 -18.881721
-40.780256 151.710101 -54.698463 27.236313 -41.641143 -18.881721
-40.785246 151.710101 -54.698463 27.236313 -41.641143 -18.881721
-40.790236 151.710101 -54.698463 27.236313 -41.641143 -18.881721
-40.795226 151.710101 -54.698463 27.236313 -41.641143 -18.881721
-40.800217 151.710101 -54.698463 27.236313 -41.641143 -18.881721
-40.805207 151.710101 -54.698463 27.236313 -41.641143 -18.881721
-40.810197 151.710101 -54.698463 27.236313 -41.641143 -18.881721
-40.815188 151.710101 -54.698463 27.236313 -41.641143 -18.881721
-40.820178 151.710101 -54.698463 27.236313 -41.641143 -18.881721
-40.825168 151.710101 -54.698463 27.236313 -41.641143 -18.881721
-40.830158 151.710101 -54.698463 27.236313 -41.641143 -18.881721
-40.835149 151.710101 -54.698463 27.236313 -41.641143 -18.881721
-40.840139 151.710101 -54.698463 27.236313 -41.641143 -18.881721
-40.845129 151.710101 -54.698463 27.236313 -41.641143 -18.881721
-40.850119 151.710101 -54.698463 27.236313 -41.641143 -18.881721
-40.855110 151.710101 -54.698463 27.236313 -41.641143 -18.881721
-40.860100 151.710101 -54.698463 27.236313 -41.641143 -18.881721
-40.865090 151.710101 -54.698463 27.236313 -41.641143 -18.881721
-40.870081 151.710101 -54.698463 27.236313 -41.641143 -18.881721
-40.875071 151.710101 -54.698463 27.236313 -41.641143 -18.881721
-40.880061 151.710101 -54.698463 27.236313 -41.641143 -18.881721
-40.885051 151.710101 -54.698463 27.236313 -41.641143 -18.881721
-40.890042 151.710101 -54.698463 27.236313 -41.641143 -18.881721
-40.895032 151.710101 -54.698463 27.236313 -41.641143 -18.881721
-40.900022 151.710101 -54.698463 27.236313 -41.641143 -18.881721
-40.905012 151.710101 -54.698463 27.236313 -41.641143 -18.881721
-40.910003 151.710101 -54.698463 27.236313 -41.641143 -18.881721
-40.914993 151.710101 -54.698463 27.236313 -41.641143 -18.881721
-40.919983 151.710101 -54.698463 27.236313 -41.641143 -18.881721
-40.924974 151.710101 -54.698463 27.236313 -41.641143 -18.881721
