-5.067976 152.802169 45.302140 27.229539 -41.626348 -19.873102
-5.072963 152.802425 45.302170 27.229193 -41.625593 -19.872663
-5.077950 152.802681 45.302202 27.228848 -41.624839 -19.872225
-5.082936 152.802937 45.302234 27.228502 -41.624083 -19.871787
-5.087923 152.803193 45.302264 27.228156 -41.623327 -19.871348
-5.092909 152.803449 45.302296 27.227810 -41.622570 -19.870910
-5.097896 152.803705 45.302328 27.227463 -41.621812 -19.870471
-5.102883 152.803961 45.302360 27.227115 -41.621054 -19.870031
-5.107869 152.804217 45.302392 27.226768 -41.620295 -19.869592
-5.112855 152.804472 45.302423 27.226421 -41.619535 -19.869152
-5.117842 152.804728 45.302455 27.226073 -41.618776 -19.868713
-5.122828 152.804984 45.302487 27.225725 -41.618015 -19.868272
-5.127814 152.805239 45.302520 27.225377 -41.617253 -19.867832
-5.132800 152.805495 45.302552 27.225027 -41.616492 -19.867391
-5.137786 152.805751 45.302584 27.224679 -41.615729 -19.866950
-5.142772 152.806006 45.302617 27.224330 -41.614966 -19.866510
-5.147758 152.806262 45.302650 27.223980 -41.614202 -19.866069
-5.152744 152.806517 45.302683 27.223631 -41.613437 -19.865627
-5.157730 152.806772 45.302715 27.223281 -41.612673 -19.865186
-5.162716 152.807028 45.302748 27.222929 -41.611907 -19.864744
-5.167701 152.807283 45.302781 27.222579 -41.611141 -19.864302
-5.172687 152.807539 45.302814 27.222229 -41.610374 -19.863860
-5.177672 152.807794 45.302847 27.221878 -41.609606 -19.863418
-5.182659 152.808049 45.302881 27.221527 -41.608838 -19.862975
-5.187644 152.808304 45.302914 27.221174 -41.608069 -19.862532
-5.192630 152.808559 45.302947 27.220822 -41.607300 -19.862089
-5.197615 152.808815 45.302981 27.220470 -41.606529 -19.861645
-5.202601 152.809070 45.303014 27.220117 -41.605758 -19.861202
-5.207586 152.809325 45.303049 27.219765 -41.604987 -19.860759
-5.212571 152.809580 45.303083 27.219412 -41.604215 -19.860315
-5.217556 152.809835 45.303116 27.219057 -41.603443 -19.859871
-5.222541 152.810090 45.303150 27.218704 -41.602669 -19.859426
-5.227527 152.810344 45.303185 27.218350 -41.601895 -19.858982
-5.232511 152.810599 45.303218 27.217996 -41.601121 -19.858537
-5.237496 152.810854 45.303253 27.217642 -41.600346 -19.858093
-5.242481 152.811109 45.303287 27.217287 -41.599570 -19.857647
-5.247467 152.811364 45.303322 27.216931 -41.598793 -19.857201
-5.252452 152.811618 45.303357 27.216576 -41.598017 -19.856756
-5.257435 152.811873 45.303391 27.216220 -41.597239 -19.856310
-5.262420 152.812127 45.303425 27.215865 -41.596461 -19.855864
-5.267405 152.812381 45.303460 27.215509 -41.595681 -19.855417
-5.272390 152.812636 45.303495 27.215152 -41.594901 -19.854972
-5.277375 152.812890 45.303530 27.214795 -41.594122 -19.854524
-5.282359 152.813145 45.303565 27.214438 -41.593341 -19.854078
-5.287343 152.813399 45.303601 27.214081 -41.592560 -19.853631
-5.292328 152.813654 45.303637 27.213723 -41.591777 -19.853183
-5.297313 152.813908 45.303672 27.213366 -41.590995 -19.852736
-5.302296 152.814162 45.303707 27.213008 -41.590211 -19.852288
-5.307280 152.814417 45.303742 27.212648 -41.589428 -19.851840
-5.312265 152.814671 45.303779 27.212290 -41.588643 -19.851392
-5.317249 152.814925 45.303814 27.211931 -41.587858 -19.850944
-5.322233 152.815179 45.303850 27.211572 -41.587072 -19.850495
-5.327217 152.815433 45.303887 27.211213 -41.586285 -19.850047
-5.332201 152.815686 45.303922 27.210853 -41.585498 -19.849597
-5.337185 152.815941 45.303959 27.210492 -41.584710 -19.849147
-5.342169 152.816195 45.303995 27.210132 -41.583922 -19.848698
-5.347152 152.816449 45.304032 27.209771 -41.583133 -19.848249
-5.352136 152.816703 45.304067 27.209411 -41.582343 -19.847799
-5.357120 152.816956 45.304104 27.209050 -41.581553 -19.847349
-5.362104 152.817210 45.304140 27.208688 -41.580762 -19.846899
-5.367087 152.817464 45.304178 27.208325 -41.579970 -19.846447
-5.372070 152.817718 45.304215 27.207964 -41.579178 -19.845997
-5.377055 152.817971 45.304252 27.207601 -41.578385 -19.845546
-5.382038 152.818224 45.304288 27.207239 -41.577592 -19.845096
-5.387021 152.818478 45.304325 27.206877 -41.576798 -19.844644
-5.392004 152.818732 45.304363 27.206514 -41.576004 -19.844193
-5.396987 152.818985 45.304400 27.206150 -41.575208 -19.843741
-5.401970 152.819239 45.304438 27.205785 -41.574412 -19.843288
-5.406954 152.819492 45.304475 27.205422 -41.573616 -19.842837
-5.411936 152.819746 45.304513 27.205058 -41.572819 -19.842384
-5.416919 152.819998 45.304550 27.204694 -41.572021 -19.841931
-5.421903 152.820252 45.304588 27.204329 -41.571222 -19.841478
-5.426885 152.820505 45.304626 27.203964 -41.570424 -19.841026
-5.431868 152.820759 45.304664 27.203598 -41.569624 -19.840572
-5.436851 152.821012 45.304702 27.203232 -41.568824 -19.840119
-5.441833 152.821265 45.304740 27.202866 -41.568022 -19.839665
-5.446816 152.821518 45.304778 27.202500 -41.567221 -19.839211
-5.451799 152.821771 45.304817 27.202134 -41.566419 -19.838757
-5.456781 152.822024 45.304855 27.201768 -41.565616 -19.838303
-5.461763 152.822277 45.304893 27.201400 -41.564813 -19.837848
-5.466746 152.822530 45.304932 27.201032 -41.564008 -19.837393
-5.471729 152.822783 45.304971 27.200665 -41.563204 -19.836938
-5.476711 152.823036 45.305009 27.200298 -41.562398 -19.836483
-5.481693 152.823289 45.305048 27.199929 -41.561592 -19.836028
-5.486675 152.823541 45.305087 27.199561 -41.560786 -19.835573
-5.491657 152.823794 45.305126 27.199192 -41.559979 -19.835117
-5.496640 152.824047 45.305165 27.198823 -41.559171 -19.834660
-5.501621 152.824300 45.305205 27.198454 -41.558363 -19.834204
-5.506603 152.824552 45.305244 27.198085 -41.557554 -19.833748
-5.511585 152.824805 45.305283 27.197715 -41.556744 -19.833292
-5.516567 152.825057 45.305323 27.197345 -41.555933 -19.832835
-5.521549 152.825309 45.305363 27.196973 -41.555122 -19.832377
-5.526530 152.825562 45.305403 27.196603 -41.554311 -19.831920
-5.531512 152.825815 45.305442 27.196232 -41.553498 -19.831463
-5.536494 152.826067 45.305482 27.195861 -41.552685 -19.831006
-5.541475 152.826319 45.305522 27.195490 -41.551872 -19.830548
-5.546457 152.826571 45.305562 27.195119 -41.551057 -19.830089
-5.551438 152.826824 45.305603 27.194746 -41.550243 -19.829631
-5.556419 152.827076 45.305643 27.194374 -41.549428 -19.829172
-5.561400 152.827329 45.305683 27.194001 -41.548611 -19.828714
-5.566381 152.827580 45.305724 27.193629 -41.547796 -19.828255
-5.571363 152.827832 45.305764 27.193256 -41.546978 -19.827795
-5.576344 152.828084 45.305805 27.192883 -41.546160 -19.827337
-5.581324 152.828337 45.305845 27.192509 -41.545342 -19.826877
-5.586306 152.828589 45.305886 27.192134 -41.544522 -19.826417
-5.591286 152.828840 45.305928 27.191760 -41.543703 -19.825957
-5.596268 152.829092 45.305968 27.191386 -41.542882 -19.825496
-5.601249 152.829344 45.306009 27.191011 -41.542061 -19.825037
-5.606229 152.829596 45.306050 27.190637 -41.541240 -19.824576
-5.611210 152.829848 45.306092 27.190261 -41.540417 -19.824116
-5.616190 152.830099 45.306133 27.189885 -41.539594 -19.823654
-5.621171 152.830351 45.306175 27.189509 -41.538771 -19.823193
-5.626152 152.830603 45.306216 27.189133 -41.537947 -19.822731
-5.631132 152.830855 45.306258 27.188757 -41.537122 -19.822270
-5.636113 152.831106 45.306300 27.188381 -41.536297 -19.821808
-5.641093 152.831358 45.306342 27.188004 -41.535471 -19.821347
-5.646073 152.831609 45.306383 27.187625 -41.534644 -19.820883
-5.651053 152.831861 45.306426 27.187248 -41.533817 -19.820421
-5.656033 152.832112 45.306467 27.186871 -41.532989 -19.819958
-5.661012 152.832363 45.306510 27.186493 -41.532161 -19.819496
-5.665993 152.832615 45.306552 27.186114 -41.531331 -19.819033
-5.670973 152.832866 45.306595 27.185736 -41.530502 -19.818569
-5.675953 152.833117 45.306637 27.185358 -41.529671 -19.818106
-5.680932 152.833368 45.306680 27.184977 -41.528840 -19.817642
-5.685913 152.833620 45.306722 27.184598 -41.528008 -19.817177
-5.690892 152.833871 45.306765 27.184219 -41.527177 -19.816714
-5.695872 152.834122 45.306808 27.183839 -41.526344 -19.816249
-5.700851 152.834373 45.306851 27.183459 -41.525510 -19.815785
-5.705830 152.834624 45.306894 27.183078 -41.524675 -19.815320
-5.710810 152.834876 45.306937 27.182697 -41.523841 -19.814855
-5.715789 152.835126 45.306981 27.182316 -41.523005 -19.814389
-5.720769 152.835377 45.307024 27.181935 -41.522170 -19.813925
-5.725748 152.835628 45.307067 27.181553 -41.521333 -19.813459
-5.730727 152.835878 45.307111 27.181171 -41.520495 -19.812993
-5.735706 152.836129 45.307155 27.180790 -41.519658 -19.812528
-5.740685 152.836380 45.307198 27.180406 -41.518820 -19.812060
-5.745664 152.836631 45.307242 27.180023 -41.517980 -19.811594
-5.750643 152.836881 45.307286 27.179641 -41.517141 -19.811127
-5.755622 152.837132 45.307330 27.179258 -41.516300 -19.810661
-5.760600 152.837383 45.307374 27.178874 -41.515459 -19.810194
-5.765579 152.837634 45.307418 27.178490 -41.514617 -19.809727
-5.770558 152.837884 45.307463 27.178107 -41.513774 -19.809259
-5.775537 152.838135 45.307506 27.177721 -41.512932 -19.808791
-5.780515 152.838385 45.307551 27.177337 -41.512088 -19.808323
-5.785494 152.838635 45.307596 27.176952 -41.511244 -19.807855
-5.790472 152.838886 45.307641 27.176567 -41.510400 -19.807387
-5.795450 152.839136 45.307685 27.176182 -41.509554 -19.806918
-5.800428 152.839386 45.307730 27.175797 -41.508708 -19.806450
-5.805407 152.839637 45.307775 27.175409 -41.507862 -19.805981
-5.810385 152.839887 45.307819 27.175023 -41.507015 -19.805512
-5.815363 152.840137 45.307865 27.174637 -41.506167 -19.805043
-5.820341 152.840387 45.307910 27.174250 -41.505318 -19.804572
-5.825319 152.840638 45.307956 27.173863 -41.504469 -19.804103
-5.830297 152.840888 45.308001 27.173476 -41.503619 -19.803633
-5.835274 152.841137 45.308046 27.173088 -41.502768 -19.803164
-5.840252 152.841388 45.308091 27.172700 -41.501918 -19.802692
-5.845230 152.841637 45.308137 27.172312 -41.501066 -19.802222
-5.850208 152.841887 45.308183 27.171923 -41.500214 -19.801752
-5.855185 152.842137 45.308229 27.171535 -41.499360 -19.801280
-5.860163 152.842387 45.308275 27.171146 -41.498508 -19.800810
-5.865140 152.842637 45.308321 27.170757 -41.497653 -19.800338
-5.870118 152.842887 45.308367 27.170366 -41.496799 -19.799866
-5.875094 152.843136 45.308414 27.169977 -41.495943 -19.799394
-5.880072 152.843386 45.308460 27.169587 -41.495088 -19.798922
-5.885049 152.843636 45.308506 27.169196 -41.494230 -19.798450
-5.890026 152.843885 45.308552 27.168806 -41.493374 -19.797978
-5.895003 152.844135 45.308599 27.168415 -41.492515 -19.797505
-5.899980 152.844384 45.308646 27.168024 -41.491657 -19.797032
-5.904957 152.844633 45.308692 27.167632 -41.490798 -19.796559
-5.909934 152.844883 45.308739 27.167240 -41.489938 -19.796086
-5.914910 152.845133 45.308786 27.166849 -41.489078 -19.795612
-5.919887 152.845381 45.308833 27.166456 -41.488217 -19.795138
-5.924864 152.845631 45.308881 27.166064 -41.487355 -19.794665
-5.929840 152.845881 45.308927 27.165672 -41.486493 -19.794191
-5.934816 152.846129 45.308975 27.165278 -41.485630 -19.793717
-5.939793 152.846379 45.309022 27.164884 -41.484767 -19.793242
-5.944769 152.846628 45.309070 27.164491 -41.483903 -19.792767
-5.949745 152.846877 45.309118 27.164097 -41.483038 -19.792292
-5.954722 152.847127 45.309165 27.163703 -41.482172 -19.791817
-5.959698 152.847375 45.309213 27.163308 -41.481306 -19.791342
-5.964674 152.847624 45.309261 27.162914 -41.480440 -19.790867
-5.969650 152.847874 45.309308 27.162518 -41.479573 -19.790391
-5.974626 152.848122 45.309356 27.162123 -41.478705 -19.789915
-5.979602 152.848371 45.309405 27.161727 -41.477837 -19.789439
-5.984578 152.848620 45.309453 27.161332 -41.476968 -19.788962
-5.989553 152.848869 45.309501 27.160936 -41.476098 -19.788486
-5.994529 152.849118 45.309550 27.160540 -41.475227 -19.788009
-5.999504 152.849366 45.309598 27.160143 -41.474356 -19.787533
-6.004480 152.849615 45.309647 27.159745 -41.473485 -19.787054
-6.009455 152.849863 45.309696 27.159348 -41.472612 -19.786577
-6.014431 152.850112 45.309744 27.158951 -41.471740 -19.786100
-6.019406 152.850361 45.309793 27.158553 -41.470866 -19.785622
-6.024381 152.850609 45.309842 27.158156 -41.469993 -19.785144
-6.029357 152.850858 45.309891 27.157758 -41.469118 -19.784667
-6.034332 152.851106 45.309940 27.157359 -41.468242 -19.784188
-6.039307 152.851355 45.309990 27.156959 -41.467366 -19.783709
-6.044282 152.851603 45.310039 27.156560 -41.466490 -19.783230
-6.049257 152.851851 45.310088 27.156161 -41.465613 -19.782752
-6.054232 152.852100 45.310137 27.155762 -41.464735 -19.782272
-6.059206 152.852348 45.310187 27.155362 -41.463857 -19.781793
-6.064181 152.852596 45.310237 27.154962 -41.462977 -19.781314
-6.069155 152.852844 45.310287 27.154561 -41.462099 -19.780833
-6.074130 152.853093 45.310336 27.154160 -41.461218 -19.780353
-6.079105 152.853341 45.310387 27.153759 -41.460337 -19.779873
-6.084079 152.853589 45.310437 27.153358 -41.459455 -19.779393
-6.089054 152.853837 45.310487 27.152957 -41.458573 -19.778912
-6.094028 152.854085 45.310537 27.152555 -41.457691 -19.778431
-6.099002 152.854333 45.310587 27.152153 -41.456807 -19.777950
-6.103976 152.854580 45.310638 27.151750 -41.455923 -19.777469
-6.108950 152.854829 45.310688 27.151348 -41.455039 -19.776988
-6.113924 152.855076 45.310739 27.150945 -41.454153 -19.776506
-6.118898 152.855324 45.310790 27.150542 -41.453267 -19.776024
-6.123872 152.855573 45.310841 27.150139 -41.452381 -19.775542
-6.128846 152.855820 45.310891 27.149735 -41.451493 -19.775060
-6.133819 152.856068 45.310942 27.149332 -41.450606 -19.774578
-6.138793 152.856315 45.310993 27.148926 -41.449718 -19.774095
-6.143767 152.856563 45.311044 27.148522 -41.448829 -19.773612
-6.148740 152.856810 45.311096 27.148117 -41.447939 -19.773129
-6.153714 152.857058 45.311147 27.147712 -41.447049 -19.772645
-6.158686 152.857305 45.311198 27.147307 -41.446158 -19.772162
-6.163660 152.857553 45.311250 27.146902 -41.445266 -19.771679
-6.168633 152.857800 45.311301 27.146496 -41.444375 -19.771195
-6.173607 152.858048 45.311353 27.146089 -41.443483 -19.770710
-6.178579 152.858295 45.311405 27.145683 -41.442589 -19.770226
-6.183552 152.858542 45.311457 27.145276 -41.441695 -19.769742
-6.188525 152.858789 45.311509 27.144869 -41.440800 -19.769257
-6.193498 152.859037 45.311561 27.144462 -41.439905 -19.768772
-6.198471 152.859284 45.311613 27.144055 -41.439009 -19.768288
-6.203443 152.859531 45.311666 27.143648 -41.438113 -19.767802
-6.208416 152.859778 45.311718 27.143239 -41.437216 -19.767316
-6.213389 152.860025 45.311770 27.142831 -41.436319 -19.766830
-6.218362 152.860272 45.311823 27.142422 -41.435420 -19.766345
-6.223334 152.860520 45.311875 27.142013 -41.434521 -19.765858
-6.228306 152.860767 45.311928 27.141605 -41.433622 -19.765373
-6.233278 152.861013 45.311981 27.141196 -41.432722 -19.764886
-6.238250 152.861260 45.312034 27.140786 -41.431821 -19.764399
-6.243223 152.861507 45.312086 27.140375 -41.430920 -19.763912
-6.248194 152.861753 45.312140 27.139965 -41.430018 -19.763425
-6.253167 152.862001 45.312193 27.139555 -41.429115 -19.762937
-6.258139 152.862247 45.312246 27.139144 -41.428212 -19.762451
-6.263110 152.862494 45.312300 27.138733 -41.427308 -19.761963
-6.268082 152.862740 45.312353 27.138322 -41.426403 -19.761475
-6.273054 152.862988 45.312406 27.137911 -41.425498 -19.760987
-6.278026 152.863234 45.312460 27.137498 -41.424592 -19.760498
-6.282997 152.863481 45.312514 27.137086 -41.423686 -19.760009
-6.287969 152.863727 45.312568 27.136674 -41.422779 -19.759521
-6.292940 152.863974 45.312622 27.136261 -41.421871 -19.759032
-6.297911 152.864220 45.312676 27.135849 -41.420963 -19.758543
-6.302882 152.864467 45.312730 27.135436 -41.420055 -19.758054
-6.307853 152.864713 45.312784 27.135023 -41.419145 -19.757565
-6.312824 152.864959 45.312838 27.134608 -41.418236 -19.757075
-6.317796 152.865205 45.312892 27.134194 -41.417324 -19.756584
-6.322766 152.865451 45.312947 27.133780 -41.416413 -19.756094
-6.327738 152.865698 45.313001 27.133366 -41.415501 -19.755604
-6.332708 152.865943 45.313056 27.132951 -41.414588 -19.755114
-6.337679 152.866190 45.313110 27.132536 -41.413675 -19.754623
-6.342649 152.866436 45.313166 27.132121 -41.412762 -19.754133
-6.347620 152.866682 45.313220 27.131705 -41.411848 -19.753640
-6.352590 152.866928 45.313275 27.131289 -41.410932 -19.753149
-6.357561 152.867174 45.313330 27.130873 -41.410017 -19.752658
-6.362532 152.867420 45.313386 27.130457 -41.409101 -19.752166
-6.367502 152.867666 45.313440 27.130040 -41.408183 -19.751674
-6.372472 152.867912 45.313496 27.129624 -41.407266 -19.751183
-6.377442 152.868157 45.313551 27.129207 -41.406348 -19.750690
-6.382411 152.868404 45.313606 27.128789 -41.405430 -19.750197
-6.387382 152.868649 45.313662 27.128371 -41.404510 -19.749704
-6.392352 152.868895 45.313719 27.127953 -41.403591 -19.749212
-6.397322 152.869140 45.313774 27.127535 -41.402670 -19.748718
-6.402291 152.869387 45.313830 27.127117 -41.401749 -19.748225
-6.407261 152.869632 45.313885 27.126698 -41.400827 -19.747732
-6.412231 152.869877 45.313942 27.126279 -41.399904 -19.747238
-6.417200 152.870123 45.313998 27.125859 -41.398981 -19.746743
-6.422169 152.870368 45.314054 27.125440 -41.398058 -19.746249
-6.427139 152.870614 45.314110 27.125020 -41.397133 -19.745755
-6.432108 152.870859 45.314167 27.124600 -41.396209 -19.745261
-6.437078 152.871104 45.314224 27.124180 -41.395283 -19.744766
-6.442046 152.871350 45.314280 27.123759 -41.394357 -19.744271
-6.447015 152.871595 45.314337 27.123339 -41.393430 -19.743776
-6.451985 152.871841 45.314394 27.122916 -41.392503 -19.743281
-6.456954 152.872086 45.314451 27.122495 -41.391575 -19.742785
-6.461922 152.872330 45.314508 27.122074 -41.390647 -19.742290
-6.466891 152.872576 45.314565 27.121652 -41.389717 -19.741794
-6.471859 152.872821 45.314622 27.121230 -41.388787 -19.741298
-6.476828 152.873067 45.314679 27.120807 -41.387857 -19.740801
-6.481797 152.873311 45.314736 27.120385 -41.386925 -19.740305
-6.486765 152.873556 45.314794 27.119962 -41.385994 -19.739808
-6.491733 152.873801 45.314851 27.119537 -41.385062 -19.739311
-6.496702 152.874046 45.314908 27.119114 -41.384129 -19.738814
-6.501670 152.874291 45.314967 27.118690 -41.383195 -19.738317
-6.506638 152.874536 45.315024 27.118266 -41.382261 -19.737819
-6.511606 152.874780 45.315082 27.117842 -41.381326 -19.737321
-6.516574 152.875026 45.315140 27.117418 -41.380391 -19.736823
-6.521542 152.875270 45.315198 27.116993 -41.379455 -19.736326
-6.526510 152.875514 45.315256 27.116567 -41.378519 -19.735827
-6.531477 152.875760 45.315315 27.116141 -41.377581 -19.735328
-6.536445 152.876004 45.315373 27.115716 -41.376644 -19.734830
-6.541413 152.876248 45.315431 27.115290 -41.375705 -19.734331
-6.546380 152.876493 45.315489 27.114864 -41.374766 -19.733831
-6.551347 152.876737 45.315549 27.114437 -41.373826 -19.733332
-6.556315 152.876982 45.315608 27.114011 -41.372886 -19.732834
-6.561282 152.877227 45.315666 27.113583 -41.371945 -19.732333
-6.566250 152.877471 45.315725 27.113155 -41.371003 -19.731833
-6.571217 152.877716 45.315783 27.112728 -41.370061 -19.731333
-6.576184 152.877960 45.315842 27.112300 -41.369118 -19.730833
-6.581151 152.878203 45.315902 27.111873 -41.368175 -19.730332
-6.586117 152.878448 45.315961 27.111444 -41.367231 -19.729832
-6.591084 152.878692 45.316021 27.111016 -41.366286 -19.729331
-6.596050 152.878936 45.316079 27.110587 -41.365341 -19.728830
-6.601018 152.879181 45.316139 27.110157 -41.364396 -19.728329
-6.605984 152.879425 45.316199 27.109728 -41.363449 -19.727827
-6.610950 152.879668 45.316258 27.109298 -41.362501 -19.727325
-6.615917 152.879913 45.316318 27.108868 -41.361554 -19.726824
-6.620883 152.880157 45.316378 27.108438 -41.360605 -19.726322
-6.625849 152.880400 45.316438 27.108008 -41.359657 -19.725819
-6.630815 152.880645 45.316498 27.107577 -41.358707 -19.725317
-6.635781 152.880888 45.316558 27.107145 -41.357757 -19.724813
-6.640748 152.881132 45.316619 27.106714 -41.356807 -19.724311
-6.645714 152.881376 45.316679 27.106283 -41.355855 -19.723808
-6.650679 152.881620 45.316739 27.105851 -41.354903 -19.723305
-6.655645 152.881863 45.316799 27.105419 -41.353951 -19.722802
-6.660610 152.882108 45.316860 27.104987 -41.352997 -19.722298
-6.665576 152.882351 45.316921 27.104554 -41.352043 -19.721794
-6.670541 152.882594 45.316982 27.104122 -41.351089 -19.721291
-6.675507 152.882837 45.317042 27.103687 -41.350134 -19.720786
-6.680472 152.883082 45.317104 27.103254 -41.349178 -19.720281
-6.685438 152.883325 45.317164 27.102821 -41.348222 -19.719776
-6.690403 152.883568 45.317226 27.102387 -41.347264 -19.719271
-6.695368 152.883812 45.317287 27.101953 -41.346307 -19.718767
-6.700332 152.884055 45.317348 27.101518 -41.345348 -19.718262
-6.705298 152.884298 45.317409 27.101084 -41.344390 -19.717757
-6.710262 152.884541 45.317471 27.100648 -41.343431 -19.717250
-6.715228 152.884785 45.317532 27.100213 -41.342471 -19.716744
-6.720192 152.885028 45.317594 27.099777 -41.341510 -19.716238
-6.725157 152.885271 45.317656 27.099342 -41.340549 -19.715733
-6.730121 152.885515 45.317718 27.098906 -41.339587 -19.715226
-6.735085 152.885758 45.317779 27.098469 -41.338624 -19.714720
-6.740050 152.886001 45.317842 27.098033 -41.337661 -19.714213
-6.745014 152.886243 45.317904 27.097596 -41.336698 -19.713706
-6.749979 152.886487 45.317966 27.097158 -41.335733 -19.713199
-6.754942 152.886730 45.318029 27.096721 -41.334769 -19.712691
-6.759906 152.886972 45.318090 27.096283 -41.333803 -19.712184
-6.764870 152.887216 45.318153 27.095845 -41.332836 -19.711676
-6.769834 152.887459 45.318215 27.095407 -41.331870 -19.711168
-6.774798 152.887701 45.318278 27.094969 -41.330902 -19.710660
-6.779762 152.887944 45.318341 27.094531 -41.329935 -19.710151
-6.784725 152.888187 45.318403 27.094090 -41.328966 -19.709643
-6.789689 152.888430 45.318466 27.093652 -41.327997 -19.709134
-6.794653 152.888672 45.318530 27.093212 -41.327027 -19.708625
-6.799616 152.888914 45.318593 27.092772 -41.326056 -19.708116
-6.804579 152.889158 45.318656 27.092332 -41.325085 -19.707607
-6.809542 152.889400 45.318719 27.091892 -41.324114 -19.707097
-6.814505 152.889642 45.318782 27.091452 -41.323141 -19.706587
-6.819468 152.889885 45.318846 27.091011 -41.322168 -19.706077
-6.824431 152.890128 45.318910 27.090569 -41.321195 -19.705567
-6.829394 152.890370 45.318973 27.090128 -41.320221 -19.705057
-6.834357 152.890612 45.319037 27.089686 -41.319246 -19.704547
-6.839320 152.890854 45.319101 27.089245 -41.318271 -19.704036
-6.844282 152.891096 45.319164 27.088803 -41.317295 -19.703525
-6.849244 152.891339 45.319229 27.088360 -41.316318 -19.703014
-6.854207 152.891581 45.319292 27.087918 -41.315341 -19.702503
-6.859169 152.891823 45.319357 27.087475 -41.314363 -19.701992
-6.864131 152.892065 45.319421 27.087031 -41.313385 -19.701479
-6.869094 152.892308 45.319485 27.086587 -41.312405 -19.700968
-6.874056 152.892550 45.319550 27.086144 -41.311426 -19.700456
-6.879018 152.892792 45.319614 27.085700 -41.310445 -19.699943
-6.883980 152.893033 45.319679 27.085256 -41.309464 -19.699431
-6.888941 152.893275 45.319744 27.084811 -41.308483 -19.698918
-6.893904 152.893518 45.319808 27.084367 -41.307501 -19.698406
-6.898865 152.893760 45.319873 27.083921 -41.306518 -19.697892
-6.903827 152.894001 45.319938 27.083476 -41.305535 -19.697378
-6.908788 152.894243 45.320004 27.083030 -41.304551 -19.696865
-6.913750 152.894484 45.320069 27.082585 -41.303566 -19.696352
-6.918711 152.894727 45.320134 27.082138 -41.302581 -19.695838
-6.923672 152.894968 45.320200 27.081692 -41.301595 -19.695324
-6.928634 152.895210 45.320265 27.081246 -41.300609 -19.694811
-6.933594 152.895451 45.320331 27.080799 -41.299621 -19.694296
-6.938555 152.895693 45.320396 27.080351 -41.298634 -19.693781
-6.943516 152.895935 45.320462 27.079903 -41.297646 -19.693266
-6.948477 152.896176 45.320527 27.079456 -41.296657 -19.692751
-6.953438 152.896418 45.320593 27.079008 -41.295668 -19.692236
-6.958398 152.896659 45.320659 27.078560 -41.294678 -19.691721
-6.963359 152.896900 45.320725 27.078112 -41.293686 -19.691205
-6.968319 152.897142 45.320791 27.077663 -41.292695 -19.690689
-6.973279 152.897384 45.320858 27.077215 -41.291704 -19.690174
-6.978240 152.897625 45.320924 27.076764 -41.290711 -19.689657
-6.983200 152.897866 45.320990 27.076315 -41.289718 -19.689140
-6.988160 152.898107 45.321056 27.075865 -41.288725 -19.688625
-6.993121 152.898348 45.321123 27.075415 -41.287729 -19.688108
-6.998080 152.898590 45.321190 27.074965 -41.286734 -19.687591
-7.003041 152.898831 45.321257 27.074515 -41.285739 -19.687074
-7.008000 152.899072 45.321323 27.074064 -41.284742 -19.686557
-7.012960 152.899313 45.321391 27.073613 -41.283746 -19.686040
-7.017919 152.899553 45.321457 27.073161 -41.282749 -19.685521
-7.022879 152.899794 45.321525 27.072709 -41.281751 -19.685003
-7.027838 152.900035 45.321591 27.072257 -41.280752 -19.684485
-7.032798 152.900277 45.321659 27.071806 -41.279753 -19.683967
-7.037756 152.900517 45.321726 27.071353 -41.278752 -19.683449
-7.042715 152.900758 45.321794 27.070901 -41.277752 -19.682930
-7.047675 152.900999 45.321861 27.070448 -41.276751 -19.682411
-7.052634 152.901239 45.321928 27.069995 -41.275749 -19.681893
-7.057592 152.901480 45.321996 27.069540 -41.274748 -19.681373
-7.062551 152.901720 45.322064 27.069087 -41.273744 -19.680854
-7.067511 152.901962 45.322132 27.068633 -41.272740 -19.680334
-7.072469 152.902202 45.322200 27.068179 -41.271737 -19.679815
-7.077427 152.902443 45.322269 27.067724 -41.270731 -19.679295
-7.082385 152.902683 45.322336 27.067270 -41.269726 -19.678774
-7.087344 152.902924 45.322404 27.066815 -41.268720 -19.678254
-7.092302 152.903164 45.322473 27.066360 -41.267714 -19.677734
-7.097261 152.903404 45.322541 27.065903 -41.266707 -19.677213
-7.102219 152.903644 45.322610 27.065447 -41.265698 -19.676691
-7.107177 152.903886 45.322679 27.064991 -41.264690 -19.676170
-7.112134 152.904126 45.322748 27.064536 -41.263681 -19.675650
-7.117092 152.904366 45.322816 27.064079 -41.262671 -19.675128
-7.122050 152.904606 45.322885 27.063622 -41.261661 -19.674606
-7.127008 152.904846 45.322954 27.063165 -41.260650 -19.674084
-7.131965 152.905086 45.323023 27.062708 -41.259638 -19.673562
-7.136923 152.905326 45.323093 27.062249 -41.258627 -19.673040
-7.141880 152.905566 45.323162 27.061791 -41.257614 -19.672517
-7.146837 152.905807 45.323231 27.061333 -41.256600 -19.671995
-7.151795 152.906047 45.323300 27.060875 -41.255586 -19.671472
-7.156752 152.906287 45.323370 27.060417 -41.254572 -19.670949
-7.161708 152.906527 45.323439 27.059958 -41.253556 -19.670426
-7.166665 152.906767 45.323509 27.059499 -41.252541 -19.669902
-7.171623 152.907006 45.323579 27.059039 -41.251524 -19.669379
-7.176579 152.907246 45.323649 27.058580 -41.250507 -19.668855
-7.181536 152.907486 45.323718 27.058119 -41.249490 -19.668330
-7.186493 152.907726 45.323789 27.057659 -41.248472 -19.667806
-7.191449 152.907965 45.323858 27.057199 -41.247453 -19.667283
-7.196406 152.908205 45.323929 27.056738 -41.246433 -19.666758
-7.201361 152.908445 45.324000 27.056277 -41.245414 -19.666233
-7.206318 152.908685 45.324069 27.055816 -41.244393 -19.665708
-7.211274 152.908924 45.324140 27.055354 -41.243371 -19.665183
-7.216230 152.909164 45.324211 27.054893 -41.242350 -19.664658
-7.221186 152.909403 45.324281 27.054430 -41.241327 -19.664132
-7.226142 152.909643 45.324352 27.053967 -41.240304 -19.663606
-7.231098 152.909882 45.324423 27.053505 -41.239280 -19.663080
-7.236054 152.910121 45.324494 27.053042 -41.238256 -19.662554
-7.241008 152.910361 45.324565 27.052579 -41.237231 -19.662028
-7.245964 152.910600 45.324636 27.052116 -41.236206 -19.661502
-7.250919 152.910839 45.324707 27.051653 -41.235179 -19.660975
-7.255875 152.911078 45.324779 27.051189 -41.234153 -19.660449
-7.260830 152.911317 45.324850 27.050724 -41.233126 -19.659921
-7.265785 152.911557 45.324921 27.050259 -41.232098 -19.659394
-7.270740 152.911796 45.324993 27.049795 -41.231069 -19.658866
-7.275695 152.912035 45.325064 27.049330 -41.230040 -19.658339
-7.280650 152.912274 45.325136 27.048865 -41.229010 -19.657811
-7.285604 152.912514 45.325208 27.048400 -41.227980 -19.657284
-7.290559 152.912753 45.325279 27.047934 -41.226948 -19.656756
-7.295513 152.912992 45.325352 27.047468 -41.225916 -19.656227
-7.300468 152.913230 45.325424 27.047001 -41.224884 -19.655698
-7.305422 152.913469 45.325496 27.046535 -41.223851 -19.655169
-7.310377 152.913708 45.325568 27.046068 -41.222818 -19.654640
-7.315331 152.913947 45.325641 27.045601 -41.221784 -19.654111
-7.320285 152.914186 45.325713 27.045134 -41.220749 -19.653582
-7.325239 152.914424 45.325785 27.044667 -41.219714 -19.653053
-7.330193 152.914663 45.325858 27.044199 -41.218678 -19.652523
-7.335146 152.914902 45.325930 27.043731 -41.217642 -19.651993
-7.340100 152.915140 45.326003 27.043263 -41.216605 -19.651464
-7.345054 152.915379 45.326076 27.042794 -41.215567 -19.650932
-7.350007 152.915617 45.326149 27.042325 -41.214529 -19.650402
-7.354961 152.915856 45.326223 27.041856 -41.213490 -19.649871
-7.359915 152.916094 45.326295 27.041387 -41.212450 -19.649341
-7.364868 152.916333 45.326369 27.040917 -41.211410 -19.648810
-7.369821 152.916571 45.326441 27.040447 -41.210369 -19.648278
-7.374773 152.916810 45.326515 27.039978 -41.209328 -19.647748
-7.379727 152.917048 45.326589 27.039507 -41.208285 -19.647216
-7.384679 152.917286 45.326663 27.039036 -41.207243 -19.646683
-7.389633 152.917525 45.326735 27.038565 -41.206200 -19.646152
-7.394585 152.917763 45.326809 27.038094 -41.205156 -19.645620
-7.399538 152.918001 45.326883 27.037623 -41.204112 -19.645087
-7.404491 152.918239 45.326957 27.037151 -41.203066 -19.644555
-7.409442 152.918477 45.327032 27.036679 -41.202021 -19.644022
-7.414395 152.918715 45.327106 27.036207 -41.200975 -19.643490
-7.419347 152.918953 45.327180 27.035735 -41.199928 -19.642957
-7.424300 152.919191 45.327254 27.035262 -41.198880 -19.642424
-7.429251 152.919429 45.327328 27.034789 -41.197833 -19.641890
-7.434203 152.919667 45.327403 27.034315 -41.196784 -19.641356
-7.439154 152.919905 45.327477 27.033842 -41.195735 -19.640822
-7.444106 152.920143 45.327552 27.033368 -41.194684 -19.640288
-7.449058 152.920381 45.327626 27.032895 -41.193634 -19.639754
