-46.008498 154.562890 52.572139 9.643809 18.518532 -14.835509
-46.010228 154.562793 52.572791 9.642570 18.522987 -14.835910
-46.011958 154.562695 52.573443 9.641331 18.527441 -14.836310
-46.013689 154.562597 52.574095 9.640091 18.531896 -14.836711
-46.015419 154.562500 52.574748 9.638852 18.536351 -14.837112
-46.017149 154.562401 52.575400 9.637613 18.540805 -14.837513
-46.018879 154.562304 52.576052 9.636373 18.545260 -14.837914
-46.020610 154.562206 52.576704 9.635134 18.549713 -14.838316
-46.022339 154.562108 52.577356 9.633894 18.554168 -14.838717
-46.024070 154.562010 52.578008 9.632654 18.558622 -14.839119
-46.025800 154.561911 52.578661 9.631414 18.563077 -14.839519
-46.027531 154.561814 52.579313 9.630175 18.567531 -14.839921
-46.029262 154.561715 52.579965 9.628935 18.571985 -14.840323
-46.030992 154.561618 52.580617 9.627695 18.576440 -14.840725
-46.032723 154.561520 52.581269 9.626455 18.580893 -14.841127
-46.034454 154.561421 52.581920 9.625215 18.585348 -14.841529
-46.036184 154.561323 52.582572 9.623975 18.589801 -14.841931
-46.037915 154.561225 52.583224 9.622735 18.594256 -14.842333
-46.039645 154.561127 52.583876 9.621495 18.598709 -14.842735
-46.041377 154.561029 52.584528 9.620255 18.603163 -14.843138
-46.043107 154.560930 52.585180 9.619014 18.607617 -14.843540
-46.044839 154.560832 52.585831 9.617774 18.612071 -14.843943
-46.046570 154.560733 52.586483 9.616534 18.616524 -14.844345
-46.048301 154.560636 52.587135 9.615293 18.620979 -14.844748
-46.050031 154.560538 52.587786 9.614053 18.625432 -14.845151
-46.051763 154.560439 52.588437 9.612812 18.629886 -14.845555
-46.053494 154.560341 52.589089 9.611572 18.634339 -14.845957
-46.055226 154.560242 52.589741 9.610331 18.638793 -14.846360
-46.056957 154.560144 52.590392 9.609090 18.643246 -14.846764
-46.058688 154.560044 52.591043 9.607850 18.647700 -14.847167
-46.060420 154.559946 52.591695 9.606609 18.652153 -14.847570
-46.062151 154.559848 52.592346 9.605368 18.656606 -14.847974
-46.063883 154.559749 52.592998 9.604127 18.661060 -14.848377
-46.065614 154.559651 52.593649 9.602886 18.665513 -14.848781
-46.067346 154.559552 52.594300 9.601645 18.669967 -14.849186
-46.069078 154.559454 52.594952 9.600404 18.674419 -14.849589
-46.070809 154.559354 52.595602 9.599163 18.678872 -14.849993
-46.072541 154.559256 52.596254 9.597921 18.683326 -14.850398
-46.074273 154.559157 52.596905 9.596680 18.687779 -14.850802
-46.076005 154.559058 52.597556 9.595439 18.692232 -14.851206
-46.077737 154.558959 52.598207 9.594197 18.696685 -14.851610
-46.079469 154.558861 52.598858 9.592956 18.701137 -14.852015
-46.081200 154.558762 52.599509 9.591714 18.705591 -14.852420
-46.082933 154.558663 52.600160 9.590473 18.710043 -14.852825
-46.084665 154.558564 52.600811 9.589231 18.714496 -14.853230
-46.086397 154.558465 52.601462 9.587990 18.718949 -14.853634
-46.088129 154.558366 52.602113 9.586748 18.723402 -14.854040
-46.089861 154.558267 52.602764 9.585506 18.727854 -14.854445
-46.091594 154.558168 52.603414 9.584265 18.732307 -14.854850
-46.093326 154.558069 52.604065 9.583022 18.736760 -14.855255
-46.095058 154.557970 52.604716 9.581781 18.741212 -14.855661
-46.096791 154.557872 52.605367 9.580539 18.745664 -14.856066
-46.098524 154.557772 52.606018 9.579297 18.750117 -14.856472
-46.100256 154.557673 52.606668 9.578055 18.754569 -14.856878
-46.101989 154.557573 52.607318 9.576813 18.759021 -14.857284
-46.103722 154.557475 52.607970 9.575570 18.763473 -14.857690
-46.105454 154.557375 52.608620 9.574328 18.767926 -14.858096
-46.107187 154.557276 52.609270 9.573086 18.772378 -14.858502
-46.108920 154.557176 52.609920 9.571843 18.776830 -14.858908
-46.110652 154.557078 52.610572 9.570601 18.781282 -14.859315
-46.112385 154.556978 52.611222 9.569358 18.785735 -14.859721
-46.114118 154.556879 52.611872 9.568116 18.790187 -14.860128
-46.115851 154.556779 52.612522 9.566873 18.794639 -14.860534
-46.117584 154.556680 52.613172 9.565630 18.799091 -14.860941
-46.119317 154.556581 52.613823 9.564388 18.803542 -14.861348
-46.121050 154.556481 52.614474 9.563145 18.807995 -14.861755
-46.122783 154.556382 52.615124 9.561902 18.812447 -14.862162
-46.124517 154.556282 52.615774 9.560659 18.816898 -14.862570
-46.126249 154.556183 52.616424 9.559416 18.821350 -14.862977
-46.127983 154.556083 52.617074 9.558174 18.825801 -14.863384
-46.129716 154.555984 52.617724 9.556930 18.830253 -14.863792
-46.131450 154.555884 52.618374 9.555687 18.834705 -14.864199
-46.133183 154.555784 52.619025 9.554444 18.839157 -14.864606
-46.134916 154.555684 52.619675 9.553201 18.843608 -14.865014
-46.136650 154.555585 52.620325 9.551958 18.848060 -14.865423
-46.138384 154.555485 52.620974 9.550714 18.852511 -14.865830
-46.140117 154.555386 52.621624 9.549471 18.856962 -14.866238
-46.141851 154.555285 52.622274 9.548227 18.861414 -14.866646
-46.143584 154.555186 52.622924 9.546984 18.865865 -14.867055
-46.145318 154.555086 52.623574 9.545740 18.870317 -14.867463
-46.147052 154.554986 52.624224 9.544497 18.874768 -14.867871
-46.148786 154.554886 52.624872 9.543253 18.879219 -14.868280
-46.150520 154.554786 52.625522 9.542010 18.883670 -14.868688
-46.152254 154.554686 52.626172 9.540766 18.888121 -14.869098
-46.153988 154.554587 52.626822 9.539522 18.892572 -14.869507
-46.155722 154.554486 52.627471 9.538278 18.897023 -14.869915
-46.157455 154.554387 52.628121 9.537034 18.901474 -14.870324
-46.159190 154.554286 52.628771 9.535790 18.905925 -14.870733
-46.160924 154.554186 52.629420 9.534546 18.910376 -14.871142
-46.162659 154.554086 52.630069 9.533302 18.914827 -14.871552
-46.164392 154.553986 52.630719 9.532058 18.919278 -14.871961
-46.166127 154.553886 52.631368 9.530813 18.923729 -14.872372
-46.167861 154.553786 52.632018 9.529569 18.928179 -14.872781
-46.169595 154.553685 52.632667 9.528325 18.932630 -14.873191
-46.171329 154.553585 52.633316 9.527080 18.937081 -14.873601
-46.173064 154.553485 52.633966 9.525836 18.941531 -14.874010
-46.174799 154.553385 52.634615 9.524591 18.945982 -14.874421
-46.176533 154.553284 52.635264 9.523347 18.950432 -14.874831
-46.178268 154.553184 52.635913 9.522102 18.954883 -14.875241
-46.180002 154.553084 52.636562 9.520858 18.959333 -14.875651
-46.181737 154.552984 52.637211 9.519613 18.963784 -14.876062
-46.183471 154.552883 52.637860 9.518368 18.968234 -14.876472
-46.185206 154.552783 52.638510 9.517123 18.972685 -14.876883
-46.186941 154.552682 52.639158 9.515878 18.977135 -14.877294
-46.188677 154.552582 52.639807 9.514633 18.981584 -14.877705
-46.190411 154.552481 52.640456 9.513388 18.986035 -14.878116
-46.192146 154.552381 52.641105 9.512143 18.990485 -14.878527
-46.193880 154.552280 52.641753 9.510898 18.994935 -14.878938
-46.195616 154.552180 52.642403 9.509653 18.999385 -14.879349
-46.197351 154.552079 52.643052 9.508408 19.003835 -14.879760
-46.199086 154.551978 52.643700 9.507162 19.008285 -14.880171
-46.200821 154.551877 52.644349 9.505917 19.012736 -14.880583
-46.202557 154.551776 52.644998 9.504671 19.017185 -14.880995
-46.204291 154.551676 52.645646 9.503426 19.021635 -14.881407
-46.206027 154.551575 52.646295 9.502181 19.026084 -14.881819
-46.207763 154.551475 52.646943 9.500935 19.030534 -14.882231
-46.209497 154.551373 52.647592 9.499689 19.034984 -14.882643
-46.211233 154.551273 52.648240 9.498444 19.039434 -14.883054
-46.212968 154.551172 52.648889 9.497198 19.043883 -14.883467
-46.214704 154.551071 52.649538 9.495952 19.048333 -14.883879
-46.216439 154.550970 52.650186 9.494706 19.052783 -14.884292
-46.218175 154.550870 52.650834 9.493460 19.057232 -14.884705
-46.219911 154.550768 52.651483 9.492214 19.061682 -14.885118
-46.221646 154.550668 52.652131 9.490968 19.066131 -14.885530
-46.223382 154.550566 52.652779 9.489722 19.070580 -14.885943
-46.225117 154.550466 52.653428 9.488476 19.075030 -14.886356
-46.226854 154.550364 52.654076 9.487230 19.079479 -14.886769
-46.228590 154.550263 52.654724 9.485983 19.083928 -14.887182
-46.230325 154.550162 52.655371 9.484737 19.088377 -14.887595
-46.232061 154.550060 52.656020 9.483490 19.092827 -14.888009
-46.233797 154.549960 52.656668 9.482244 19.097276 -14.888422
-46.235533 154.549858 52.657316 9.480998 19.101724 -14.888835
-46.237269 154.549758 52.657964 9.479751 19.106174 -14.889250
-46.239006 154.549656 52.658612 9.478504 19.110623 -14.889664
-46.240742 154.549555 52.659259 9.477258 19.115071 -14.890077
-46.242477 154.549453 52.659907 9.476011 19.119521 -14.890491
-46.244214 154.549352 52.660555 9.474764 19.123970 -14.890906
-46.245950 154.549251 52.661204 9.473517 19.128418 -14.891319
-46.247687 154.549149 52.661852 9.472270 19.132867 -14.891734
-46.249422 154.549048 52.662499 9.471023 19.137316 -14.892147
-46.251159 154.548946 52.663147 9.469776 19.141764 -14.892562
-46.252896 154.548845 52.663795 9.468529 19.146213 -14.892977
-46.254632 154.548743 52.664442 9.467282 19.150662 -14.893391
-46.256369 154.548642 52.665090 9.466035 19.155110 -14.893807
-46.258105 154.548541 52.665737 9.464788 19.159559 -14.894221
-46.259841 154.548439 52.666385 9.463540 19.164008 -14.894636
-46.261579 154.548337 52.667033 9.462293 19.168456 -14.895052
-46.263315 154.548235 52.667679 9.461045 19.172905 -14.895467
-46.265051 154.548134 52.668327 9.459798 19.177353 -14.895882
-46.266789 154.548032 52.668974 9.458550 19.181801 -14.896297
-46.268525 154.547931 52.669622 9.457303 19.186249 -14.896713
-46.270262 154.547829 52.670269 9.456055 19.190698 -14.897128
-46.271999 154.547727 52.670917 9.454807 19.195146 -14.897544
-46.273736 154.547626 52.671564 9.453559 19.199594 -14.897960
-46.275472 154.547523 52.672211 9.452311 19.204043 -14.898376
-46.277209 154.547422 52.672858 9.451064 19.208490 -14.898792
-46.278947 154.547320 52.673505 9.449816 19.212939 -14.899208
-46.280684 154.547218 52.674153 9.448568 19.217386 -14.899624
-46.282421 154.547116 52.674799 9.447320 19.221835 -14.900041
-46.284158 154.547014 52.675446 9.446071 19.226282 -14.900457
-46.285896 154.546913 52.676094 9.444823 19.230730 -14.900873
-46.287633 154.546810 52.676741 9.443575 19.235178 -14.901290
-46.289370 154.546708 52.677387 9.442326 19.239626 -14.901706
-46.291107 154.546606 52.678034 9.441078 19.244073 -14.902123
-46.292845 154.546504 52.678682 9.439829 19.248522 -14.902540
-46.294582 154.546402 52.679328 9.438581 19.252969 -14.902956
-46.296320 154.546300 52.679975 9.437332 19.257417 -14.903374
-46.298056 154.546198 52.680621 9.436084 19.261864 -14.903791
-46.299794 154.546096 52.681268 9.434835 19.266312 -14.904208
-46.301532 154.545993 52.681914 9.433586 19.270759 -14.904626
-46.303270 154.545891 52.682562 9.432338 19.275206 -14.905043
-46.305007 154.545789 52.683209 9.431089 19.279654 -14.905460
-46.306745 154.545687 52.683855 9.429840 19.284101 -14.905879
-46.308483 154.545584 52.684502 9.428591 19.288549 -14.906296
-46.310220 154.545482 52.685148 9.427342 19.292996 -14.906714
-46.311958 154.545380 52.685794 9.426093 19.297443 -14.907133
-46.313696 154.545277 52.686441 9.424844 19.301891 -14.907550
-46.315434 154.545175 52.687087 9.423594 19.306338 -14.907968
-46.317172 154.545073 52.687734 9.422345 19.310785 -14.908386
-46.318910 154.544970 52.688380 9.421096 19.315232 -14.908806
-46.320648 154.544868 52.689026 9.419846 19.319679 -14.909224
-46.322386 154.544765 52.689673 9.418597 19.324127 -14.909642
-46.324124 154.544662 52.690319 9.417348 19.328573 -14.910061
-46.325862 154.544560 52.690964 9.416098 19.333020 -14.910480
-46.327600 154.544457 52.691611 9.414848 19.337467 -14.910899
-46.329338 154.544355 52.692257 9.413599 19.341914 -14.911318
-46.331076 154.544252 52.692903 9.412349 19.346360 -14.911737
-46.332815 154.544149 52.693550 9.411099 19.350808 -14.912156
-46.334554 154.544047 52.694195 9.409849 19.355254 -14.912575
-46.336291 154.543944 52.694841 9.408599 19.359701 -14.912995
-46.338030 154.543842 52.695487 9.407350 19.364147 -14.913415
-46.339768 154.543739 52.696133 9.406099 19.368595 -14.913835
-46.341507 154.543636 52.696779 9.404849 19.373041 -14.914254
-46.343245 154.543533 52.697425 9.403599 19.377487 -14.914674
-46.344984 154.543430 52.698071 9.402349 19.381934 -14.915094
-46.346722 154.543327 52.698716 9.401099 19.386381 -14.915514
-46.348461 154.543225 52.699362 9.399848 19.390827 -14.915934
-46.350200 154.543121 52.700008 9.398598 19.395273 -14.916354
-46.351938 154.543019 52.700653 9.397348 19.399719 -14.916774
-46.353677 154.542916 52.701299 9.396097 19.404166 -14.917195
-46.355416 154.542812 52.701944 9.394847 19.408612 -14.917615
-46.357155 154.542710 52.702590 9.393596 19.413058 -14.918036
-46.358893 154.542607 52.703235 9.392345 19.417504 -14.918457
-46.360632 154.542503 52.703881 9.391095 19.421950 -14.918877
-46.362371 154.542401 52.704526 9.389844 19.426397 -14.919298
-46.364110 154.542297 52.705172 9.388593 19.430843 -14.919719
-46.365849 154.542194 52.705817 9.387342 19.435289 -14.920141
-46.367588 154.542091 52.706463 9.386091 19.439735 -14.920562
-46.369327 154.541988 52.707108 9.384840 19.444180 -14.920983
-46.371066 154.541885 52.707753 9.383589 19.448626 -14.921405
-46.372806 154.541781 52.708399 9.382338 19.453073 -14.921827
-46.374545 154.541678 52.709044 9.381086 19.457519 -14.922248
-46.376284 154.541575 52.709688 9.379835 19.461964 -14.922670
-46.378023 154.541471 52.710334 9.378584 19.466410 -14.923092
-46.379763 154.541368 52.710979 9.377332 19.470856 -14.923514
-46.381501 154.541265 52.711624 9.376081 19.475301 -14.923936
-46.383241 154.541161 52.712270 9.374829 19.479747 -14.924359
-46.384980 154.541057 52.712914 9.373578 19.484192 -14.924781
-46.386720 154.540955 52.713559 9.372326 19.488638 -14.925204
-46.388459 154.540851 52.714204 9.371075 19.493083 -14.925625
-46.390199 154.540747 52.714848 9.369823 19.497528 -14.926048
-46.391938 154.540644 52.715494 9.368571 19.501975 -14.926471
-46.393678 154.540540 52.716139 9.367319 19.506420 -14.926894
-46.395418 154.540437 52.716783 9.366067 19.510865 -14.927317
-46.397157 154.540333 52.717428 9.364815 19.515311 -14.927740
-46.398897 154.540229 52.718072 9.363563 19.519756 -14.928162
-46.400636 154.540125 52.718717 9.362311 19.524201 -14.928586
-46.402377 154.540022 52.719362 9.361059 19.528646 -14.929009
-46.404117 154.539918 52.720006 9.359807 19.533091 -14.929433
-46.405856 154.539814 52.720651 9.358554 19.537537 -14.929856
-46.407596 154.539711 52.721295 9.357302 19.541982 -14.930280
-46.409336 154.539607 52.721940 9.356049 19.546427 -14.930704
-46.411076 154.539504 52.722584 9.354797 19.550872 -14.931128
-46.412816 154.539400 52.723229 9.353544 19.555317 -14.931551
-46.414555 154.539295 52.723873 9.352292 19.559761 -14.931975
-46.416296 154.539192 52.724517 9.351039 19.564206 -14.932400
-46.418036 154.539088 52.725162 9.349787 19.568650 -14.932824
-46.419776 154.538984 52.725806 9.348534 19.573095 -14.933248
-46.421517 154.538879 52.726450 9.347281 19.577540 -14.933673
-46.423256 154.538776 52.727094 9.346028 19.581985 -14.934097
-46.424997 154.538672 52.727738 9.344775 19.586430 -14.934521
-46.426736 154.538567 52.728383 9.343522 19.590874 -14.934946
-46.428477 154.538464 52.729027 9.342269 19.595319 -14.935372
-46.430217 154.538360 52.729670 9.341016 19.599764 -14.935796
-46.431958 154.538255 52.730314 9.339763 19.604208 -14.936221
-46.433698 154.538152 52.730959 9.338509 19.608652 -14.936646
-46.435439 154.538047 52.731602 9.337256 19.613097 -14.937072
-46.437179 154.537943 52.732246 9.336003 19.617541 -14.937497
-46.438919 154.537839 52.732890 9.334749 19.621986 -14.937922
-46.440661 154.537734 52.733533 9.333496 19.626430 -14.938348
-46.442401 154.537630 52.734177 9.332242 19.630875 -14.938773
-46.444141 154.537526 52.734822 9.330989 19.635319 -14.939200
-46.445882 154.537422 52.735465 9.329735 19.639762 -14.939625
-46.447622 154.537317 52.736109 9.328481 19.644207 -14.940051
-46.449363 154.537213 52.736752 9.327227 19.648651 -14.940478
-46.451104 154.537109 52.737396 9.325973 19.653095 -14.940904
-46.452845 154.537004 52.738039 9.324719 19.657540 -14.941330
-46.454586 154.536899 52.738683 9.323465 19.661983 -14.941756
-46.456326 154.536795 52.739326 9.322211 19.666427 -14.942183
-46.458067 154.536690 52.739970 9.320957 19.670871 -14.942609
-46.459809 154.536586 52.740613 9.319703 19.675315 -14.943037
-46.461550 154.536482 52.741256 9.318449 19.679758 -14.943463
-46.463290 154.536377 52.741900 9.317194 19.684203 -14.943889
-46.465031 154.536272 52.742543 9.315940 19.688647 -14.944317
-46.466773 154.536168 52.743187 9.314686 19.693091 -14.944744
-46.468513 154.536063 52.743829 9.313431 19.697534 -14.945171
-46.470255 154.535958 52.744472 9.312177 19.701978 -14.945598
-46.471996 154.535853 52.745115 9.310922 19.706421 -14.946026
-46.473737 154.535749 52.745759 9.309668 19.710864 -14.946453
-46.475479 154.535644 52.746402 9.308413 19.715308 -14.946881
-46.477220 154.535539 52.747044 9.307158 19.719752 -14.947309
-46.478960 154.535435 52.747687 9.305903 19.724195 -14.947736
-46.480702 154.535330 52.748331 9.304648 19.728639 -14.948164
-46.482444 154.535225 52.748974 9.303393 19.733082 -14.948593
-46.484185 154.535119 52.749616 9.302138 19.737525 -14.949020
-46.485926 154.535015 52.750259 9.300883 19.741969 -14.949448
-46.487668 154.534910 52.750902 9.299628 19.746412 -14.949877
-46.489409 154.534805 52.751544 9.298373 19.750855 -14.950306
-46.491151 154.534701 52.752187 9.297118 19.755298 -14.950734
-46.492892 154.534595 52.752831 9.295862 19.759742 -14.951163
-46.494634 154.534490 52.753473 9.294607 19.764185 -14.951592
-46.496376 154.534385 52.754116 9.293351 19.768628 -14.952020
-46.498117 154.534280 52.754758 9.292096 19.773071 -14.952450
-46.499859 154.534175 52.755401 9.290840 19.777514 -14.952879
-46.501601 154.534069 52.756043 9.289585 19.781956 -14.953308
-46.503343 154.533964 52.756686 9.288329 19.786400 -14.953737
-46.505084 154.533859 52.757327 9.287073 19.790843 -14.954167
-46.506826 154.533754 52.757970 9.285817 19.795285 -14.954596
-46.508568 154.533648 52.758612 9.284561 19.799729 -14.955025
-46.510309 154.533544 52.759254 9.283305 19.804171 -14.955455
-46.512051 154.533438 52.759897 9.282049 19.808614 -14.955884
-46.513794 154.533333 52.760539 9.280793 19.813056 -14.956315
-46.515535 154.533227 52.761182 9.279537 19.817499 -14.956745
-46.517278 154.533123 52.761823 9.278281 19.821942 -14.957175
-46.519019 154.533017 52.762465 9.277025 19.826385 -14.957605
-46.520762 154.532911 52.763108 9.275768 19.830827 -14.958035
-46.522504 154.532805 52.763750 9.274512 19.835270 -14.958465
-46.524245 154.532701 52.764391 9.273255 19.839712 -14.958896
-46.525988 154.532595 52.765033 9.271999 19.844155 -14.959327
-46.527730 154.532489 52.765675 9.270742 19.848597 -14.959758
-46.529472 154.532384 52.766318 9.269486 19.853039 -14.960189
-46.531214 154.532279 52.766959 9.268229 19.857481 -14.960619
-46.532958 154.532173 52.767601 9.266972 19.861923 -14.961050
-46.534700 154.532067 52.768242 9.265715 19.866366 -14.961481
-46.536442 154.531961 52.768884 9.264459 19.870808 -14.961913
-46.538184 154.531856 52.769526 9.263201 19.875251 -14.962344
-46.539927 154.531750 52.770167 9.261945 19.879692 -14.962775
-46.541669 154.531644 52.770810 9.260688 19.884134 -14.963207
-46.543412 154.531538 52.771451 9.259430 19.888577 -14.963638
-46.545155 154.531433 52.772093 9.258173 19.893018 -14.964070
-46.546896 154.531327 52.772734 9.256916 19.897461 -14.964502
-46.548639 154.531221 52.773376 9.255658 19.901903 -14.964934
-46.550382 154.531115 52.774017 9.254401 19.906344 -14.965366
-46.552125 154.531010 52.774658 9.253144 19.910787 -14.965798
-46.553867 154.530904 52.775299 9.251886 19.915228 -14.966230
-46.555610 154.530797 52.775940 9.250629 19.919670 -14.966663
-46.557352 154.530691 52.776582 9.249371 19.924112 -14.967095
-46.559095 154.530586 52.777223 9.248113 19.928553 -14.967528
-46.560838 154.530480 52.777864 9.246855 19.932995 -14.967961
-46.562581 154.530374 52.778506 9.245598 19.937437 -14.968394
-46.564323 154.530267 52.779147 9.244340 19.941878 -14.968827
-46.566067 154.530162 52.779787 9.243082 19.946320 -14.969260
-46.567809 154.530056 52.780428 9.241824 19.950761 -14.969693
-46.569553 154.529949 52.781070 9.240566 19.955203 -14.970125
-46.571296 154.529843 52.781711 9.239308 19.959644 -14.970559
-46.573038 154.529737 52.782351 9.238049 19.964086 -14.970992
-46.574781 154.529631 52.782992 9.236791 19.968527 -14.971426
-46.576524 154.529525 52.783634 9.235533 19.972969 -14.971860
-46.578267 154.529418 52.784274 9.234274 19.977410 -14.972294
-46.580011 154.529312 52.784915 9.233016 19.981851 -14.972728
-46.581754 154.529206 52.785555 9.231758 19.986292 -14.973161
-46.583497 154.529100 52.786196 9.230499 19.990733 -14.973595
-46.585241 154.528993 52.786837 9.229240 19.995175 -14.974029
-46.586983 154.528886 52.787477 9.227982 19.999616 -14.974464
-46.588726 154.528781 52.788118 9.226723 20.004057 -14.974898
-46.590470 154.528674 52.788758 9.225464 20.008498 -14.975332
-46.592213 154.528567 52.789399 9.224205 20.012938 -14.975767
-46.593957 154.528461 52.790039 9.222946 20.017380 -14.976202
-46.595700 154.528354 52.790680 9.221687 20.021821 -14.976637
-46.597443 154.528248 52.791320 9.220428 20.026262 -14.977071
-46.599187 154.528142 52.791960 9.219169 20.030702 -14.977506
-46.600930 154.528035 52.792601 9.217910 20.035143 -14.977941
-46.602674 154.527928 52.793241 9.216650 20.039584 -14.978377
-46.604417 154.527821 52.793880 9.215391 20.044024 -14.978811
-46.606161 154.527715 52.794521 9.214132 20.048465 -14.979247
-46.607904 154.527608 52.795161 9.212872 20.052906 -14.979683
-46.609648 154.527501 52.795801 9.211613 20.057347 -14.980118
-46.611392 154.527395 52.796442 9.210353 20.061788 -14.980554
-46.613135 154.527289 52.797081 9.209094 20.066228 -14.980990
-46.614880 154.527182 52.797721 9.207834 20.070669 -14.981425
-46.616623 154.527075 52.798361 9.206574 20.075109 -14.981862
-46.618367 154.526968 52.799001 9.205314 20.079550 -14.982297
-46.620110 154.526861 52.799641 9.204054 20.083990 -14.982734
-46.621854 154.526753 52.800281 9.202794 20.088430 -14.983170
-46.623599 154.526647 52.800921 9.201534 20.092871 -14.983606
-46.625343 154.526540 52.801560 9.200274 20.097311 -14.984043
-46.627086 154.526433 52.802200 9.199014 20.101751 -14.984479
-46.628830 154.526326 52.802840 9.197754 20.106191 -14.984916
-46.630573 154.526219 52.803479 9.196493 20.110632 -14.985354
-46.632318 154.526112 52.804119 9.195233 20.115072 -14.985790
-46.634062 154.526005 52.804758 9.193973 20.119512 -14.986228
-46.635806 154.525898 52.805398 9.192712 20.123952 -14.986664
-46.637550 154.525791 52.806037 9.191452 20.128392 -14.987102
-46.639295 154.525683 52.806677 9.190191 20.132832 -14.987539
-46.641038 154.525577 52.807316 9.188930 20.137272 -14.987977
-46.642783 154.525470 52.807956 9.187670 20.141712 -14.988414
-46.644526 154.525362 52.808595 9.186409 20.146152 -14.988852
-46.646271 154.525255 52.809233 9.185148 20.150591 -14.989289
-46.648016 154.525147 52.809873 9.183887 20.155031 -14.989728
-46.649759 154.525040 52.810512 9.182626 20.159471 -14.990165
-46.651503 154.524933 52.811152 9.181365 20.163911 -14.990604
-46.653248 154.524826 52.811791 9.180104 20.168351 -14.991042
-46.654992 154.524718 52.812429 9.178843 20.172791 -14.991481
-46.656737 154.524611 52.813068 9.177582 20.177230 -14.991919
-46.658481 154.524503 52.813708 9.176320 20.181670 -14.992357
-46.660225 154.524397 52.814346 9.175059 20.186110 -14.992796
-46.661970 154.524289 52.814985 9.173797 20.190549 -14.993234
-46.663714 154.524181 52.815624 9.172536 20.194988 -14.993674
-46.665459 154.524074 52.816263 9.171274 20.199428 -14.994112
-46.667204 154.523966 52.816902 9.170013 20.203867 -14.994551
-46.668948 154.523858 52.817540 9.168751 20.208307 -14.994991
-46.670693 154.523752 52.818179 9.167489 20.212746 -14.995430
-46.672437 154.523644 52.818818 9.166227 20.217185 -14.995869
-46.674182 154.523536 52.819456 9.164965 20.221625 -14.996309
-46.675926 154.523428 52.820096 9.163704 20.226064 -14.996748
-46.677671 154.523320 52.820734 9.162441 20.230504 -14.997187
-46.679416 154.523213 52.821372 9.161179 20.234942 -14.997628
-46.681161 154.523106 52.822011 9.159917 20.239381 -14.998067
-46.682906 154.522998 52.822649 9.158655 20.243821 -14.998507
-46.684650 154.522890 52.823288 9.157393 20.248260 -14.998947
-46.686395 154.522782 52.823926 9.156131 20.252698 -14.999388
-46.688140 154.522674 52.824564 9.154868 20.257138 -14.999828
-46.689885 154.522566 52.825203 9.153606 20.261577 -15.000268
-46.691630 154.522458 52.825840 9.152343 20.266015 -15.000708
-46.693374 154.522351 52.826478 9.151081 20.270454 -15.001150
-46.695120 154.522243 52.827116 9.149818 20.274893 -15.001590
-46.696864 154.522135 52.827755 9.148555 20.279333 -15.002031
-46.698609 154.522027 52.828393 9.147292 20.283771 -15.002472
-46.700355 154.521918 52.829031 9.146029 20.288210 -15.002913
-46.702100 154.521810 52.829669 9.144766 20.292649 -15.003354
-46.703844 154.521703 52.830306 9.143503 20.297087 -15.003795
-46.705590 154.521595 52.830944 9.142240 20.301526 -15.004237
-46.707335 154.521487 52.831583 9.140977 20.305964 -15.004678
-46.709080 154.521378 52.832221 9.139714 20.310403 -15.005119
-46.710825 154.521270 52.832858 9.138451 20.314842 -15.005562
-46.712570 154.521162 52.833496 9.137188 20.319280 -15.006004
-46.714316 154.521053 52.834134 9.135924 20.323719 -15.006445
-46.716061 154.520945 52.834771 9.134661 20.328157 -15.006887
-46.717806 154.520838 52.835409 9.133397 20.332595 -15.007329
-46.719552 154.520729 52.836047 9.132134 20.337034 -15.007771
-46.721297 154.520621 52.836684 9.130870 20.341472 -15.008213
-46.723042 154.520512 52.837321 9.129607 20.345910 -15.008656
-46.724787 154.520404 52.837958 9.128343 20.350348 -15.009098
-46.726533 154.520295 52.838596 9.127079 20.354787 -15.009541
-46.728279 154.520187 52.839233 9.125815 20.359224 -15.009983
-46.730023 154.520079 52.839871 9.124551 20.363663 -15.010426
-46.731769 154.519971 52.840508 9.123287 20.368102 -15.010870
-46.733515 154.519862 52.841145 9.122023 20.372539 -15.011313
-46.735260 154.519754 52.841782 9.120759 20.376978 -15.011756
-46.737006 154.519645 52.842420 9.119495 20.381415 -15.012199
-46.738751 154.519536 52.843057 9.118230 20.385854 -15.012643
-46.740497 154.519428 52.843693 9.116966 20.390291 -15.013086
-46.742243 154.519319 52.844331 9.115701 20.394729 -15.013530
-46.743988 154.519211 52.844968 9.114437 20.399167 -15.013973
-46.745734 154.519102 52.845605 9.113172 20.403604 -15.014416
-46.747480 154.518994 52.846242 9.111908 20.408043 -15.014860
-46.749225 154.518885 52.846878 9.110643 20.412480 -15.015304
-46.750971 154.518776 52.847515 9.109378 20.416918 -15.015748
-46.752717 154.518667 52.848152 9.108113 20.421356 -15.016193
-46.754462 154.518558 52.848789 9.106849 20.425794 -15.016637
-46.756208 154.518449 52.849425 9.105584 20.430231 -15.017082
-46.757954 154.518341 52.850062 9.104319 20.434668 -15.017526
-46.759700 154.518232 52.850699 9.103053 20.439107 -15.017971
-46.761446 154.518123 52.851336 9.101788 20.443544 -15.018416
-46.763192 154.518014 52.851972 9.100523 20.447981 -15.018861
-46.764938 154.517905 52.852608 9.099258 20.452419 -15.019305
-46.766684 154.517796 52.853245 9.097993 20.456856 -15.019750
-46.768430 154.517687 52.853881 9.096727 20.461294 -15.020195
-46.770175 154.517578 52.854517 9.095462 20.465731 -15.020641
-46.771922 154.517469 52.855154 9.094196 20.470168 -15.021086
-46.773668 154.517361 52.855790 9.092931 20.474606 -15.021532
-46.775413 154.517252 52.856426 9.091665 20.479043 -15.021977
-46.777160 154.517143 52.857062 9.090399 20.483480 -15.022423
-46.778906 154.517033 52.857699 9.089133 20.487917 -15.022869
-46.780652 154.516924 52.858335 9.087868 20.492354 -15.023315
-46.782399 154.516815 52.858971 9.086602 20.496791 -15.023760
-46.784145 154.516706 52.859607 9.085336 20.501228 -15.024206
-46.785890 154.516596 52.860243 9.084070 20.505666 -15.024653
-46.787637 154.516487 52.860879 9.082803 20.510103 -15.025099
-46.789383 154.516378 52.861515 9.081537 20.514539 -15.025545
-46.791129 154.516268 52.862151 9.080271 20.518976 -15.025992
-46.792875 154.516160 52.862786 9.079005 20.523414 -15.026439
-46.794622 154.516051 52.863422 9.077738 20.527850 -15.026886
-46.796369 154.515941 52.864058 9.076472 20.532287 -15.027332
-46.798115 154.515832 52.864694 9.075205 20.536724 -15.027779
-46.799861 154.515722 52.865330 9.073939 20.541160 -15.028227
-46.801607 154.515613 52.865965 9.072672 20.545598 -15.028673
-46.803354 154.515503 52.866601 9.071405 20.550034 -15.029121
-46.805100 154.515394 52.867237 9.070138 20.554471 -15.029568
-46.806847 154.515284 52.867871 9.068872 20.558907 -15.030015
-46.808594 154.515174 52.868507 9.067605 20.563343 -15.030463
-46.810340 154.515065 52.869143 9.066338 20.567780 -15.030911
-46.812086 154.514955 52.869778 9.065071 20.572217 -15.031358
-46.813833 154.514846 52.870414 9.063803 20.576654 -15.031807
-46.815580 154.514737 52.871048 9.062536 20.581090 -15.032254
-46.817326 154.514627 52.871684 9.061269 20.585526 -15.032703
-46.819073 154.514517 52.872320 9.060002 20.589963 -15.033151
-46.820820 154.514408 52.872954 9.058734 20.594399 -15.033599
-46.822566 154.514298 52.873590 9.057467 20.598835 -15.034048
-46.824313 154.514188 52.874224 9.056199 20.603271 -15.034496
-46.826059 154.514078 52.874860 9.054932 20.607707 -15.034945
-46.827806 154.513968 52.875495 9.053664 20.612144 -15.035393
-46.829553 154.513858 52.876129 9.052396 20.616580 -15.035843
-46.831299 154.513748 52.876765 9.051129 20.621016 -15.036291
-46.833047 154.513639 52.877399 9.049861 20.625453 -15.036741
-46.834793 154.513529 52.878034 9.048593 20.629889 -15.037189
-46.836540 154.513419 52.878669 9.047325 20.634325 -15.037639
-46.838286 154.513309 52.879303 9.046057 20.638761 -15.038088
-46.840034 154.513200 52.879939 9.044789 20.643197 -15.038538
-46.841781 154.513090 52.880573 9.043520 20.647633 -15.038987
