-5.661960 152.914948 -54.691915 27.512330 -41.570186 -33.436462
-5.662819 152.914574 -54.691912 27.512457 -41.570153 -33.431590
-5.663677 152.914201 -54.691909 27.512583 -41.570120 -33.426717
-5.664536 152.913827 -54.691906 27.512709 -41.570088 -33.421846
-5.665393 152.913453 -54.691903 27.512835 -41.570055 -33.416973
-5.666251 152.913079 -54.691900 27.512961 -41.570023 -33.412102
-5.667108 152.912705 -54.691897 27.513087 -41.569990 -33.407231
-5.667964 152.912331 -54.691894 27.513212 -41.569958 -33.402359
-5.668821 152.911957 -54.691891 27.513339 -41.569925 -33.397488
-5.669677 152.911582 -54.691888 27.513464 -41.569893 -33.392616
-5.670533 152.911208 -54.691885 27.513589 -41.569860 -33.387745
-5.671389 152.910834 -54.691882 27.513715 -41.569828 -33.382874
-5.672243 152.910460 -54.691879 27.513840 -41.569795 -33.378002
-5.673098 152.910086 -54.691876 27.513965 -41.569763 -33.373131
-5.673952 152.909712 -54.691873 27.514090 -41.569731 -33.368261
-5.674806 152.909338 -54.691870 27.514217 -41.569698 -33.363391
-5.675660 152.908964 -54.691867 27.514342 -41.569666 -33.358521
-5.676513 152.908590 -54.691864 27.514467 -41.569633 -33.353651
-5.677366 152.908216 -54.691861 27.514592 -41.569601 -33.348781
-5.678219 152.907841 -54.691858 27.514717 -41.569569 -33.343911
-5.679071 152.907467 -54.691855 27.514842 -41.569536 -33.339041
-5.679923 152.907093 -54.691852 27.514966 -41.569504 -33.334171
-5.680775 152.906719 -54.691849 27.515091 -41.569472 -33.329301
-5.681626 152.906345 -54.691846 27.515216 -41.569440 -33.324432
-5.682477 152.905970 -54.691843 27.515341 -41.569407 -33.319563
-5.683327 152.905596 -54.691840 27.515465 -41.569375 -33.314693
-5.684177 152.905222 -54.691837 27.515590 -41.569343 -33.309825
-5.685027 152.904848 -54.691834 27.515715 -41.569311 -33.304956
-5.685876 152.904473 -54.691831 27.515839 -41.569279 -33.300088
-5.686725 152.904099 -54.691828 27.515964 -41.569246 -33.295220
-5.687574 152.903725 -54.691825 27.516088 -41.569214 -33.290351
-5.688422 152.903350 -54.691822 27.516211 -41.569182 -33.285482
-5.689270 152.902976 -54.691819 27.516336 -41.569150 -33.280614
-5.690118 152.902602 -54.691817 27.516460 -41.569118 -33.275746
-5.690965 152.902227 -54.691814 27.516584 -41.569086 -33.270877
-5.691811 152.901853 -54.691811 27.516708 -41.569054 -33.266009
-5.692658 152.901479 -54.691808 27.516832 -41.569022 -33.261141
-5.693505 152.901104 -54.691805 27.516957 -41.568990 -33.256274
-5.694350 152.900730 -54.691802 27.517080 -41.568957 -33.251408
-5.695195 152.900356 -54.691799 27.517204 -41.568925 -33.246540
-5.696041 152.899981 -54.691796 27.517327 -41.568894 -33.241672
-5.696885 152.899607 -54.691793 27.517451 -41.568862 -33.236804
-5.697730 152.899232 -54.691790 27.517574 -41.568830 -33.231937
-5.698573 152.898858 -54.691787 27.517698 -41.568798 -33.227070
-5.699417 152.898483 -54.691784 27.517822 -41.568766 -33.222204
-5.700260 152.898109 -54.691781 27.517945 -41.568734 -33.217337
-5.701102 152.897734 -54.691778 27.518068 -41.568702 -33.212470
-5.701946 152.897360 -54.691775 27.518191 -41.568670 -33.207603
-5.702787 152.896985 -54.691772 27.518315 -41.568638 -33.202736
-5.703629 152.896611 -54.691769 27.518437 -41.568607 -33.197870
-5.704470 152.896236 -54.691766 27.518561 -41.568575 -33.193004
-5.705311 152.895861 -54.691763 27.518684 -41.568543 -33.188137
-5.706151 152.895487 -54.691761 27.518806 -41.568511 -33.183272
-5.706992 152.895112 -54.691758 27.518929 -41.568480 -33.178405
-5.707832 152.894738 -54.691755 27.519052 -41.568448 -33.173540
-5.708671 152.894363 -54.691752 27.519175 -41.568416 -33.168673
-5.709510 152.893988 -54.691749 27.519297 -41.568384 -33.163808
-5.710348 152.893614 -54.691746 27.519420 -41.568352 -33.158942
-5.711186 152.893239 -54.691743 27.519543 -41.568321 -33.154076
-5.712024 152.892864 -54.691740 27.519664 -41.568289 -33.149211
-5.712862 152.892489 -54.691737 27.519786 -41.568258 -33.144345
-5.713699 152.892115 -54.691734 27.519909 -41.568226 -33.139479
-5.714536 152.891740 -54.691731 27.520031 -41.568194 -33.134615
-5.715371 152.891365 -54.691728 27.520153 -41.568163 -33.129749
-5.716207 152.890990 -54.691725 27.520275 -41.568131 -33.124884
-5.717042 152.890616 -54.691723 27.520398 -41.568100 -33.120020
-5.717878 152.890241 -54.691720 27.520519 -41.568068 -33.115154
-5.718713 152.889866 -54.691717 27.520642 -41.568036 -33.110289
-5.719547 152.889491 -54.691714 27.520763 -41.568005 -33.105424
-5.720381 152.889116 -54.691711 27.520884 -41.567974 -33.100559
-5.721214 152.888741 -54.691708 27.521005 -41.567942 -33.095695
-5.722047 152.888366 -54.691705 27.521128 -41.567911 -33.090830
-5.722880 152.887991 -54.691702 27.521249 -41.567879 -33.085966
-5.723712 152.887617 -54.691699 27.521370 -41.567848 -33.081101
-5.724544 152.887242 -54.691696 27.521492 -41.567817 -33.076236
-5.725376 152.886867 -54.691693 27.521613 -41.567785 -33.071372
-5.726207 152.886492 -54.691691 27.521734 -41.567754 -33.066508
-5.727038 152.886117 -54.691688 27.521856 -41.567722 -33.061644
-5.727868 152.885742 -54.691685 27.521976 -41.567691 -33.056780
-5.728698 152.885366 -54.691682 27.522097 -41.567660 -33.051915
-5.729527 152.884991 -54.691679 27.522218 -41.567629 -33.047051
-5.730357 152.884616 -54.691676 27.522338 -41.567598 -33.042187
-5.731186 152.884241 -54.691673 27.522459 -41.567566 -33.037324
-5.732014 152.883866 -54.691670 27.522579 -41.567535 -33.032459
-5.732841 152.883491 -54.691668 27.522701 -41.567504 -33.027596
-5.733669 152.883116 -54.691665 27.522821 -41.567473 -33.022731
-5.734496 152.882741 -54.691662 27.522942 -41.567441 -33.017869
-5.735323 152.882366 -54.691659 27.523062 -41.567410 -33.013004
-5.736149 152.881990 -54.691656 27.523182 -41.567379 -33.008141
-5.736975 152.881615 -54.691653 27.523302 -41.567348 -33.003278
-5.737800 152.881240 -54.691650 27.523422 -41.567317 -32.998413
-5.738625 152.880865 -54.691647 27.523542 -41.567286 -32.993550
-5.739450 152.880489 -54.691645 27.523662 -41.567255 -32.988686
-5.740274 152.880114 -54.691642 27.523782 -41.567224 -32.983823
-5.741098 152.879739 -54.691639 27.523902 -41.567193 -32.978960
-5.741921 152.879364 -54.691636 27.524022 -41.567162 -32.974097
-5.742744 152.878988 -54.691633 27.524141 -41.567131 -32.969233
-5.743566 152.878613 -54.691630 27.524261 -41.567100 -32.964371
-5.744389 152.878237 -54.691627 27.524381 -41.567069 -32.959507
-5.745210 152.877862 -54.691625 27.524499 -41.567039 -32.954644
-5.746032 152.877487 -54.691622 27.524619 -41.567008 -32.949781
-5.746853 152.877111 -54.691619 27.524738 -41.566977 -32.944918
-5.747673 152.876736 -54.691616 27.524857 -41.566946 -32.940054
-5.748493 152.876360 -54.691613 27.524976 -41.566915 -32.935191
-5.749313 152.875985 -54.691610 27.525096 -41.566884 -32.930329
-5.750132 152.875609 -54.691607 27.525214 -41.566854 -32.925465
-5.750950 152.875234 -54.691605 27.525333 -41.566823 -32.920603
-5.751768 152.874858 -54.691602 27.525452 -41.566792 -32.915740
-5.752586 152.874482 -54.691599 27.525571 -41.566761 -32.910877
-5.753404 152.874107 -54.691596 27.525689 -41.566731 -32.906015
-5.754221 152.873731 -54.691593 27.525807 -41.566700 -32.901151
-5.755037 152.873356 -54.691590 27.525926 -41.566670 -32.896288
-5.755853 152.872980 -54.691588 27.526044 -41.566639 -32.891426
-5.756669 152.872604 -54.691585 27.526162 -41.566609 -32.886562
-5.757485 152.872228 -54.691582 27.526281 -41.566578 -32.881700
-5.758300 152.871853 -54.691579 27.526398 -41.566547 -32.876837
-5.759114 152.871477 -54.691576 27.526517 -41.566517 -32.871975
-5.759928 152.871101 -54.691574 27.526634 -41.566486 -32.867112
-5.760741 152.870725 -54.691571 27.526752 -41.566456 -32.862248
-5.761555 152.870350 -54.691568 27.526870 -41.566425 -32.857386
-5.762368 152.869974 -54.691565 27.526988 -41.566395 -32.852524
-5.763179 152.869598 -54.691562 27.527105 -41.566364 -32.847661
-5.763991 152.869222 -54.691559 27.527223 -41.566334 -32.842798
-5.764803 152.868846 -54.691557 27.527340 -41.566304 -32.837936
-5.765614 152.868470 -54.691554 27.527458 -41.566273 -32.833073
-5.766425 152.868094 -54.691551 27.527575 -41.566243 -32.828211
-5.767234 152.867718 -54.691548 27.527692 -41.566213 -32.823348
-5.768044 152.867342 -54.691545 27.527809 -41.566182 -32.818485
-5.768853 152.866966 -54.691543 27.527926 -41.566152 -32.813623
-5.769661 152.866590 -54.691540 27.528043 -41.566122 -32.808760
-5.770470 152.866214 -54.691537 27.528160 -41.566092 -32.803898
-5.771278 152.865838 -54.691534 27.528276 -41.566061 -32.799035
-5.772085 152.865462 -54.691532 27.528393 -41.566031 -32.794172
-5.772893 152.865086 -54.691529 27.528509 -41.566001 -32.789309
-5.773699 152.864710 -54.691526 27.528626 -41.565971 -32.784447
-5.774505 152.864334 -54.691523 27.528742 -41.565941 -32.779584
-5.775310 152.863958 -54.691520 27.528859 -41.565911 -32.774721
-5.776115 152.863581 -54.691518 27.528975 -41.565881 -32.769859
-5.776920 152.863205 -54.691515 27.529091 -41.565851 -32.764997
-5.777724 152.862829 -54.691512 27.529207 -41.565821 -32.760134
-5.778528 152.862453 -54.691509 27.529322 -41.565791 -32.755270
-5.779331 152.862076 -54.691507 27.529438 -41.565761 -32.750408
-5.780134 152.861700 -54.691504 27.529555 -41.565731 -32.745545
-5.780936 152.861324 -54.691501 27.529670 -41.565701 -32.740682
-5.781738 152.860947 -54.691498 27.529786 -41.565671 -32.735820
-5.782540 152.860571 -54.691496 27.529901 -41.565641 -32.730957
-5.783341 152.860195 -54.691493 27.530016 -41.565611 -32.726094
-5.784142 152.859818 -54.691490 27.530132 -41.565581 -32.721231
-5.784941 152.859442 -54.691487 27.530247 -41.565552 -32.716368
-5.785741 152.859065 -54.691484 27.530362 -41.565522 -32.711506
-5.786541 152.858689 -54.691482 27.530477 -41.565492 -32.706643
-5.787339 152.858312 -54.691479 27.530592 -41.565462 -32.701779
-5.788138 152.857936 -54.691476 27.530707 -41.565433 -32.696917
-5.788936 152.857559 -54.691474 27.530822 -41.565403 -32.692054
-5.789733 152.857182 -54.691471 27.530935 -41.565373 -32.687190
-5.790530 152.856806 -54.691468 27.531050 -41.565344 -32.682327
-5.791326 152.856429 -54.691465 27.531165 -41.565314 -32.677465
-5.792122 152.856052 -54.691463 27.531279 -41.565285 -32.672601
-5.792917 152.855676 -54.691460 27.531394 -41.565255 -32.667738
-5.793713 152.855299 -54.691457 27.531508 -41.565225 -32.662875
-5.794507 152.854922 -54.691454 27.531621 -41.565196 -32.658011
-5.795301 152.854545 -54.691452 27.531736 -41.565166 -32.653149
-5.796095 152.854169 -54.691449 27.531850 -41.565137 -32.648285
-5.796888 152.853792 -54.691446 27.531964 -41.565107 -32.643422
-5.797680 152.853415 -54.691444 27.532077 -41.565078 -32.638559
-5.798472 152.853038 -54.691441 27.532191 -41.565049 -32.633695
-5.799265 152.852661 -54.691438 27.532305 -41.565019 -32.628832
-5.800056 152.852284 -54.691435 27.532418 -41.564990 -32.623968
-5.800846 152.851907 -54.691433 27.532531 -41.564961 -32.619105
-5.801637 152.851530 -54.691430 27.532644 -41.564931 -32.614241
-5.802426 152.851153 -54.691427 27.532757 -41.564902 -32.609377
-5.803215 152.850776 -54.691425 27.532870 -41.564873 -32.604513
-5.804004 152.850399 -54.691422 27.532983 -41.564844 -32.599650
-5.804793 152.850022 -54.691419 27.533097 -41.564814 -32.594786
-5.805581 152.849645 -54.691416 27.533209 -41.564785 -32.589922
-5.806368 152.849268 -54.691414 27.533321 -41.564756 -32.585058
-5.807155 152.848891 -54.691411 27.533434 -41.564727 -32.580194
-5.807942 152.848513 -54.691408 27.533546 -41.564698 -32.575329
-5.808727 152.848136 -54.691406 27.533659 -41.564669 -32.570466
-5.809512 152.847759 -54.691403 27.533771 -41.564640 -32.565602
-5.810298 152.847382 -54.691400 27.533883 -41.564611 -32.560737
-5.811082 152.847004 -54.691398 27.533995 -41.564582 -32.555873
-5.811866 152.846627 -54.691395 27.534107 -41.564553 -32.551009
-5.812649 152.846250 -54.691392 27.534219 -41.564524 -32.546145
-5.813433 152.845872 -54.691390 27.534331 -41.564495 -32.541280
-5.814215 152.845495 -54.691387 27.534442 -41.564466 -32.536415
-5.814997 152.845118 -54.691384 27.534554 -41.564437 -32.531551
-5.815778 152.844740 -54.691382 27.534665 -41.564408 -32.526686
-5.816560 152.844363 -54.691379 27.534776 -41.564380 -32.521821
-5.817340 152.843985 -54.691376 27.534888 -41.564351 -32.516956
-5.818120 152.843608 -54.691374 27.534999 -41.564322 -32.512091
-5.818899 152.843230 -54.691371 27.535110 -41.564293 -32.507227
-5.819679 152.842852 -54.691368 27.535221 -41.564264 -32.502362
-5.820457 152.842475 -54.691366 27.535332 -41.564236 -32.497496
-5.821235 152.842097 -54.691363 27.535442 -41.564207 -32.492631
-5.822013 152.841719 -54.691360 27.535553 -41.564178 -32.487766
-5.822790 152.841342 -54.691358 27.535664 -41.564150 -32.482901
-5.823566 152.840964 -54.691355 27.535774 -41.564121 -32.478035
-5.824342 152.840586 -54.691353 27.535884 -41.564093 -32.473170
-5.825117 152.840208 -54.691350 27.535995 -41.564064 -32.468304
-5.825893 152.839831 -54.691347 27.536105 -41.564036 -32.463438
-5.826668 152.839453 -54.691345 27.536215 -41.564007 -32.458572
-5.827442 152.839075 -54.691342 27.536325 -41.563979 -32.453707
-5.828215 152.838697 -54.691339 27.536435 -41.563950 -32.448841
-5.828988 152.838319 -54.691337 27.536545 -41.563922 -32.443975
-5.829761 152.837941 -54.691334 27.536653 -41.563894 -32.439108
-5.830533 152.837563 -54.691332 27.536763 -41.563865 -32.434242
-5.831304 152.837185 -54.691329 27.536873 -41.563837 -32.429376
-5.832075 152.836807 -54.691326 27.536982 -41.563809 -32.424509
-5.832846 152.836429 -54.691324 27.537092 -41.563780 -32.419643
-5.833616 152.836051 -54.691321 27.537200 -41.563752 -32.414776
-5.834384 152.835673 -54.691318 27.537309 -41.563724 -32.409909
-5.835154 152.835294 -54.691316 27.537419 -41.563696 -32.405043
-5.835922 152.834916 -54.691313 27.537527 -41.563668 -32.400176
-5.836690 152.834538 -54.691311 27.537636 -41.563639 -32.395309
-5.837457 152.834160 -54.691308 27.537745 -41.563611 -32.390442
-5.838224 152.833781 -54.691306 27.537852 -41.563583 -32.385574
-5.838991 152.833403 -54.691303 27.537961 -41.563555 -32.380706
-5.839756 152.833025 -54.691300 27.538069 -41.563527 -32.375839
-5.840522 152.832646 -54.691298 27.538177 -41.563499 -32.370972
-5.841286 152.832268 -54.691295 27.538285 -41.563471 -32.366105
-5.842051 152.831889 -54.691293 27.538393 -41.563444 -32.361236
-5.842815 152.831511 -54.691290 27.538501 -41.563415 -32.356369
-5.843578 152.831132 -54.691287 27.538609 -41.563388 -32.351500
-5.844340 152.830754 -54.691285 27.538716 -41.563360 -32.346632
-5.845103 152.830375 -54.691282 27.538823 -41.563332 -32.341764
-5.845864 152.829997 -54.691280 27.538931 -41.563304 -32.336896
-5.846626 152.829618 -54.691277 27.539038 -41.563277 -32.332027
-5.847386 152.829239 -54.691275 27.539145 -41.563249 -32.327158
-5.848146 152.828861 -54.691272 27.539253 -41.563221 -32.322291
-5.848906 152.828482 -54.691269 27.539359 -41.563193 -32.317421
-5.849665 152.828103 -54.691267 27.539466 -41.563166 -32.312552
-5.850423 152.827724 -54.691264 27.539572 -41.563138 -32.307683
-5.851181 152.827346 -54.691262 27.539680 -41.563110 -32.302814
-5.851939 152.826967 -54.691259 27.539786 -41.563083 -32.297944
-5.852696 152.826588 -54.691257 27.539892 -41.563055 -32.293075
-5.853452 152.826209 -54.691254 27.539998 -41.563028 -32.288205
-5.854208 152.825830 -54.691252 27.540104 -41.563001 -32.283335
-5.854963 152.825451 -54.691249 27.540210 -41.562973 -32.278466
-5.855717 152.825072 -54.691247 27.540316 -41.562946 -32.273596
-5.856472 152.824693 -54.691244 27.540422 -41.562918 -32.268725
-5.857225 152.824314 -54.691242 27.540528 -41.562891 -32.263856
-5.857978 152.823935 -54.691239 27.540633 -41.562864 -32.258985
-5.858731 152.823556 -54.691236 27.540739 -41.562836 -32.254115
-5.859483 152.823177 -54.691234 27.540844 -41.562809 -32.249244
-5.860235 152.822797 -54.691231 27.540949 -41.562782 -32.244373
-5.860985 152.822418 -54.691229 27.541055 -41.562754 -32.239502
-5.861736 152.822039 -54.691226 27.541160 -41.562727 -32.234632
-5.862486 152.821659 -54.691224 27.541265 -41.562700 -32.229760
-5.863235 152.821280 -54.691221 27.541370 -41.562673 -32.224889
-5.863984 152.820901 -54.691219 27.541474 -41.562646 -32.220017
-5.864732 152.820521 -54.691216 27.541578 -41.562619 -32.215145
-5.865480 152.820142 -54.691214 27.541683 -41.562592 -32.210274
-5.866227 152.819762 -54.691211 27.541788 -41.562565 -32.205402
-5.866973 152.819383 -54.691209 27.541891 -41.562538 -32.200529
-5.867720 152.819003 -54.691206 27.541995 -41.562511 -32.195657
-5.868465 152.818624 -54.691204 27.542100 -41.562484 -32.190785
-5.869210 152.818244 -54.691201 27.542203 -41.562457 -32.185912
-5.869954 152.817864 -54.691199 27.542307 -41.562430 -32.181040
-5.870698 152.817485 -54.691197 27.542410 -41.562404 -32.176166
-5.871441 152.817105 -54.691194 27.542514 -41.562377 -32.171293
-5.872184 152.816725 -54.691192 27.542618 -41.562350 -32.166421
-5.872926 152.816346 -54.691189 27.542721 -41.562323 -32.161548
-5.873668 152.815966 -54.691187 27.542823 -41.562297 -32.156673
-5.874409 152.815586 -54.691184 27.542927 -41.562270 -32.151800
-5.875149 152.815206 -54.691182 27.543029 -41.562243 -32.146926
-5.875890 152.814826 -54.691179 27.543133 -41.562217 -32.142052
-5.876629 152.814446 -54.691177 27.543235 -41.562190 -32.137178
-5.877367 152.814066 -54.691174 27.543337 -41.562164 -32.132303
-5.878106 152.813686 -54.691172 27.543440 -41.562137 -32.127428
-5.878844 152.813306 -54.691169 27.543542 -41.562111 -32.122554
-5.879581 152.812926 -54.691167 27.543644 -41.562084 -32.117679
-5.880317 152.812546 -54.691165 27.543747 -41.562058 -32.112804
-5.881053 152.812166 -54.691162 27.543849 -41.562031 -32.107929
-5.881788 152.811785 -54.691160 27.543950 -41.562005 -32.103053
-5.882523 152.811405 -54.691157 27.544052 -41.561978 -32.098178
-5.883258 152.811025 -54.691155 27.544153 -41.561952 -32.093302
-5.883991 152.810644 -54.691152 27.544254 -41.561926 -32.088426
-5.884724 152.810264 -54.691150 27.544357 -41.561900 -32.083551
-5.885457 152.809884 -54.691148 27.544458 -41.561874 -32.078674
-5.886189 152.809503 -54.691145 27.544559 -41.561847 -32.073798
-5.886921 152.809123 -54.691143 27.544660 -41.561821 -32.068921
-5.887652 152.808742 -54.691140 27.544761 -41.561795 -32.064044
-5.888382 152.808362 -54.691138 27.544861 -41.561769 -32.059167
-5.889112 152.807981 -54.691136 27.544962 -41.561743 -32.054290
-5.889841 152.807601 -54.691133 27.545063 -41.561717 -32.049413
-5.890570 152.807220 -54.691131 27.545162 -41.561691 -32.044535
-5.891297 152.806839 -54.691128 27.545262 -41.561665 -32.039656
-5.892025 152.806459 -54.691126 27.545363 -41.561639 -32.034779
-5.892752 152.806078 -54.691124 27.545463 -41.561613 -32.029901
-5.893478 152.805697 -54.691121 27.545563 -41.561587 -32.025023
-5.894204 152.805316 -54.691119 27.545663 -41.561562 -32.020144
-5.894929 152.804935 -54.691116 27.545762 -41.561536 -32.015265
-5.895653 152.804554 -54.691114 27.545861 -41.561510 -32.010386
-5.896377 152.804173 -54.691112 27.545961 -41.561484 -32.005507
-5.897101 152.803793 -54.691109 27.546060 -41.561459 -32.000628
-5.897823 152.803412 -54.691107 27.546159 -41.561433 -31.995748
-5.898546 152.803030 -54.691105 27.546257 -41.561408 -31.990868
-5.899267 152.802649 -54.691102 27.546357 -41.561382 -31.985989
-5.899989 152.802268 -54.691100 27.546456 -41.561356 -31.981108
-5.900709 152.801887 -54.691097 27.546554 -41.561331 -31.976229
-5.901428 152.801506 -54.691095 27.546653 -41.561305 -31.971348
-5.902148 152.801125 -54.691093 27.546751 -41.561280 -31.966467
-5.902866 152.800743 -54.691090 27.546850 -41.561254 -31.961587
-5.903585 152.800362 -54.691088 27.546947 -41.561229 -31.956704
-5.904302 152.799981 -54.691086 27.547046 -41.561203 -31.951824
-5.905019 152.799599 -54.691083 27.547143 -41.561178 -31.946941
-5.905736 152.799218 -54.691081 27.547241 -41.561153 -31.942060
-5.906451 152.798836 -54.691079 27.547339 -41.561128 -31.937178
-5.907166 152.798455 -54.691076 27.547436 -41.561102 -31.932295
-5.907880 152.798073 -54.691074 27.547533 -41.561077 -31.927413
-5.908594 152.797692 -54.691072 27.547630 -41.561052 -31.922530
-5.909308 152.797310 -54.691069 27.547728 -41.561027 -31.917647
-5.910021 152.796928 -54.691067 27.547825 -41.561002 -31.912764
-5.910733 152.796547 -54.691065 27.547921 -41.560977 -31.907880
-5.911444 152.796165 -54.691062 27.548018 -41.560952 -31.902998
-5.912155 152.795783 -54.691060 27.548114 -41.560927 -31.898113
-5.912866 152.795401 -54.691058 27.548210 -41.560902 -31.893229
-5.913575 152.795019 -54.691056 27.548307 -41.560877 -31.888346
-5.914284 152.794637 -54.691053 27.548403 -41.560852 -31.883460
-5.914993 152.794255 -54.691051 27.548499 -41.560827 -31.878576
-5.915701 152.793873 -54.691049 27.548595 -41.560802 -31.873691
-5.916408 152.793491 -54.691046 27.548691 -41.560777 -31.868806
-5.917115 152.793109 -54.691044 27.548786 -41.560753 -31.863920
-5.917821 152.792727 -54.691042 27.548882 -41.560728 -31.859035
-5.918526 152.792345 -54.691040 27.548977 -41.560703 -31.854149
-5.919231 152.791963 -54.691037 27.549073 -41.560679 -31.849262
-5.919935 152.791581 -54.691035 27.549167 -41.560654 -31.844376
-5.920639 152.791198 -54.691033 27.549262 -41.560630 -31.839489
-5.921342 152.790816 -54.691030 27.549357 -41.560605 -31.834603
-5.922044 152.790434 -54.691028 27.549452 -41.560580 -31.829716
-5.922746 152.790051 -54.691026 27.549546 -41.560556 -31.824829
-5.923448 152.789669 -54.691024 27.549641 -41.560531 -31.819940
-5.924148 152.789286 -54.691021 27.549734 -41.560507 -31.815052
-5.924848 152.788904 -54.691019 27.549829 -41.560483 -31.810165
-5.925548 152.788521 -54.691017 27.549923 -41.560458 -31.805276
-5.926246 152.788139 -54.691015 27.550017 -41.560434 -31.800388
-5.926944 152.787756 -54.691012 27.550111 -41.560410 -31.795499
-5.927641 152.787373 -54.691010 27.550204 -41.560386 -31.790610
-5.928339 152.786990 -54.691008 27.550298 -41.560361 -31.785720
-5.929034 152.786608 -54.691006 27.550391 -41.560337 -31.780831
-5.929730 152.786225 -54.691003 27.550485 -41.560313 -31.775941
-5.930425 152.785842 -54.691001 27.550577 -41.560289 -31.771050
-5.931120 152.785459 -54.690999 27.550670 -41.560265 -31.766160
-5.931813 152.785076 -54.690997 27.550762 -41.560241 -31.761269
-5.932507 152.784693 -54.690995 27.550856 -41.560217 -31.756379
-5.933199 152.784310 -54.690992 27.550948 -41.560193 -31.751488
-5.933891 152.783927 -54.690990 27.551040 -41.560169 -31.746597
-5.934583 152.783544 -54.690988 27.551133 -41.560145 -31.741705
-5.935273 152.783161 -54.690986 27.551225 -41.560121 -31.736813
-5.935963 152.782778 -54.690984 27.551317 -41.560097 -31.731921
-5.936653 152.782394 -54.690981 27.551409 -41.560074 -31.727029
-5.937341 152.782011 -54.690979 27.551500 -41.560050 -31.722136
-5.938029 152.781628 -54.690977 27.551592 -41.560026 -31.717243
-5.938717 152.781244 -54.690975 27.551683 -41.560003 -31.712350
-5.939404 152.780861 -54.690973 27.551774 -41.559979 -31.707456
-5.940090 152.780478 -54.690970 27.551866 -41.559955 -31.702564
-5.940776 152.780094 -54.690968 27.551957 -41.559932 -31.697669
-5.941461 152.779711 -54.690966 27.552048 -41.559908 -31.692775
-5.942146 152.779327 -54.690964 27.552138 -41.559885 -31.687880
-5.942829 152.778943 -54.690962 27.552229 -41.559861 -31.682986
-5.943513 152.778560 -54.690960 27.552320 -41.559838 -31.678091
-5.944195 152.778176 -54.690957 27.552409 -41.559814 -31.673196
-5.944877 152.777792 -54.690955 27.552500 -41.559791 -31.668300
-5.945559 152.777408 -54.690953 27.552590 -41.559768 -31.663405
-5.946239 152.777025 -54.690951 27.552680 -41.559745 -31.658509
-5.946920 152.776641 -54.690949 27.552769 -41.559721 -31.653613
-5.947599 152.776257 -54.690947 27.552859 -41.559698 -31.648716
-5.948277 152.775873 -54.690945 27.552949 -41.559675 -31.643820
-5.948956 152.775489 -54.690942 27.553038 -41.559652 -31.638923
-5.949633 152.775105 -54.690940 27.553128 -41.559628 -31.634027
-5.950311 152.774721 -54.690938 27.553216 -41.559605 -31.629128
-5.950987 152.774337 -54.690936 27.553306 -41.559582 -31.624231
-5.951662 152.773953 -54.690934 27.553394 -41.559559 -31.619333
-5.952338 152.773568 -54.690932 27.553483 -41.559536 -31.614435
-5.953012 152.773184 -54.690930 27.553571 -41.559514 -31.609537
-5.953686 152.772800 -54.690928 27.553660 -41.559491 -31.604637
-5.954359 152.772416 -54.690925 27.553748 -41.559468 -31.599739
-5.955032 152.772031 -54.690923 27.553836 -41.559445 -31.594840
-5.955704 152.771647 -54.690921 27.553925 -41.559422 -31.589941
-5.956376 152.771262 -54.690919 27.554012 -41.559399 -31.585041
-5.957046 152.770878 -54.690917 27.554100 -41.559377 -31.580142
-5.957716 152.770493 -54.690915 27.554188 -41.559354 -31.575242
-5.958387 152.770109 -54.690913 27.554276 -41.559331 -31.570341
-5.959055 152.769724 -54.690911 27.554363 -41.559308 -31.565441
-5.959723 152.769339 -54.690909 27.554450 -41.559286 -31.560540
-5.960391 152.768955 -54.690907 27.554537 -41.559263 -31.555640
-5.961058 152.768570 -54.690904 27.554624 -41.559241 -31.550738
-5.961725 152.768185 -54.690902 27.554710 -41.559219 -31.545836
-5.962390 152.767800 -54.690900 27.554797 -41.559196 -31.540934
-5.963055 152.767416 -54.690898 27.554883 -41.559174 -31.536032
-5.963721 152.767031 -54.690896 27.554971 -41.559151 -31.531131
-5.964384 152.766646 -54.690894 27.555056 -41.559129 -31.526228
-5.965047 152.766261 -54.690892 27.555142 -41.559107 -31.521325
-5.965711 152.765876 -54.690890 27.555229 -41.559084 -31.516423
-5.966373 152.765491 -54.690888 27.555315 -41.559062 -31.511520
-5.967034 152.765106 -54.690886 27.555400 -41.559040 -31.506616
-5.967695 152.764720 -54.690884 27.555486 -41.559018 -31.501712
-5.968355 152.764335 -54.690882 27.555572 -41.558995 -31.496809
-5.969016 152.763950 -54.690880 27.555656 -41.558974 -31.491904
-5.969675 152.763565 -54.690878 27.555742 -41.558951 -31.487000
-5.970333 152.763180 -54.690876 27.555827 -41.558929 -31.482095
-5.970991 152.762794 -54.690874 27.555913 -41.558907 -31.477191
-5.971648 152.762409 -54.690872 27.555997 -41.558885 -31.472286
-5.972305 152.762023 -54.690870 27.556082 -41.558863 -31.467380
-5.972961 152.761638 -54.690868 27.556166 -41.558841 -31.462475
-5.973616 152.761252 -54.690866 27.556250 -41.558820 -31.457569
-5.974271 152.760867 -54.690864 27.556334 -41.558798 -31.452663
-5.974925 152.760481 -54.690862 27.556419 -41.558776 -31.447757
-5.975579 152.760096 -54.690860 27.556502 -41.558754 -31.442850
-5.976231 152.759710 -54.690858 27.556587 -41.558732 -31.437944
-5.976883 152.759324 -54.690856 27.556670 -41.558711 -31.433037
-5.977535 152.758939 -54.690854 27.556754 -41.558689 -31.428130
-5.978186 152.758553 -54.690852 27.556837 -41.558668 -31.423222
-5.978837 152.758167 -54.690850 27.556920 -41.558646 -31.418314
-5.979486 152.757781 -54.690848 27.557004 -41.558624 -31.413407
-5.980135 152.757395 -54.690846 27.557087 -41.558603 -31.408499
-5.980784 152.757009 -54.690844 27.557170 -41.558581 -31.403591
-5.981432 152.756623 -54.690842 27.557253 -41.558560 -31.398682
-5.982079 152.756237 -54.690840 27.557336 -41.558538 -31.393774
-5.982726 152.755851 -54.690838 27.557418 -41.558517 -31.388865
-5.983372 152.755465 -54.690836 27.557500 -41.558496 -31.383955
-5.984018 152.755079 -54.690834 27.557582 -41.558475 -31.379045
-5.984662 152.754693 -54.690832 27.557664 -41.558453 -31.374136
-5.985307 152.754307 -54.690830 27.557746 -41.558432 -31.369226
-5.985950 152.753920 -54.690828 27.557828 -41.558411 -31.364317
-5.986594 152.753534 -54.690826 27.557910 -41.558390 -31.359406
-5.987236 152.753148 -54.690824 27.557991 -41.558369 -31.354495
-5.987878 152.752761 -54.690822 27.558073 -41.558347 -31.349585
-5.988519 152.752375 -54.690820 27.558154 -41.558326 -31.344674
-5.989160 152.751988 -54.690818 27.558236 -41.558305 -31.339762
-5.989800 152.751602 -54.690816 27.558317 -41.558284 -31.334851
-5.990439 152.751215 -54.690814 27.558398 -41.558263 -31.329940
-5.991078 152.750829 -54.690812 27.558479 -41.558242 -31.325027
-5.991716 152.750442 -54.690810 27.558560 -41.558221 -31.320116
-5.992353 152.750055 -54.690808 27.558640 -41.558201 -31.315204
-5.992990 152.749669 -54.690807 27.558720 -41.558180 -31.310290
-5.993627 152.749282 -54.690805 27.558801 -41.558159 -31.305378
-5.994263 152.748895 -54.690803 27.558880 -41.558138 -31.300465
-5.994898 152.748508 -54.690801 27.558961 -41.558117 -31.295552
-5.995532 152.748122 -54.690799 27.559041 -41.558097 -31.290638
-5.996166 152.747735 -54.690797 27.559120 -41.558076 -31.285725
-5.996799 152.747348 -54.690795 27.559200 -41.558056 -31.280811
-5.997431 152.746961 -54.690793 27.559279 -41.558035 -31.275896
-5.998063 152.746574 -54.690791 27.559359 -41.558014 -31.270982
-5.998695 152.746187 -54.690789 27.559437 -41.557994 -31.266067
-5.999325 152.745800 -54.690787 27.559517 -41.557973 -31.261153
-5.999956 152.745412 -54.690786 27.559596 -41.557953 -31.256238
-6.000585 152.745025 -54.690784 27.559675 -41.557933 -31.251323
-6.001214 152.744638 -54.690782 27.559753 -41.557912 -31.246407
-6.001843 152.744251 -54.690780 27.559831 -41.557892 -31.241491
-6.002470 152.743864 -54.690778 27.559911 -41.557871 -31.236576
-6.003098 152.743476 -54.690776 27.559989 -41.557851 -31.231660
-6.003724 152.743089 -54.690774 27.560066 -41.557831 -31.226742
-6.004349 152.742701 -54.690772 27.560144 -41.557811 -31.221826
-6.004975 152.742314 -54.690771 27.560223 -41.557791 -31.216910
-6.005600 152.741926 -54.690769 27.560300 -41.557771 -31.211992
-6.006224 152.741539 -54.690767 27.560378 -41.557750 -31.207075
-6.006847 152.741151 -54.690765 27.560455 -41.557730 -31.202158
-6.007470 152.740764 -54.690763 27.560532 -41.557710 -31.197240
-6.008092 152.740376 -54.690761 27.560610 -41.557690 -31.192323
-6.008714 152.739989 -54.690759 27.560687 -41.557670 -31.187406
-6.009335 152.739601 -54.690758 27.560765 -41.557650 -31.182487
-6.009955 152.739213 -54.690756 27.560840 -41.557631 -31.177568
-6.010575 152.738825 -54.690754 27.560917 -41.557611 -31.172649
-6.011193 152.738437 -54.690752 27.560994 -41.557591 -31.167731
-6.011813 152.738049 -54.690750 27.561070 -41.557571 -31.162811
-6.012430 152.737662 -54.690748 27.561147 -41.557551 -31.157892
-6.013048 152.737274 -54.690747 27.561223 -41.557531 -31.152973
-6.013664 152.736886 -54.690745 27.561299 -41.557512 -31.148053
-6.014280 152.736498 -54.690743 27.561374 -41.557492 -31.143132
-6.014896 152.736110 -54.690741 27.561450 -41.557473 -31.138213
-6.015510 152.735721 -54.690739 27.561526 -41.557453 -31.133292
-6.016124 152.735333 -54.690738 27.561602 -41.557433 -31.128372
-6.016739 152.734945 -54.690736 27.561678 -41.557414 -31.123451
-6.017351 152.734557 -54.690734 27.561752 -41.557394 -31.118530
-6.017964 152.734169 -54.690732 27.561828 -41.557375 -31.113609
-6.018575 152.733780 -54.690730 27.561902 -41.557355 -31.108687
-6.019186 152.733392 -54.690729 27.561978 -41.557336 -31.103766
-6.019798 152.733004 -54.690727 27.562053 -41.557317 -31.098844
