-29.423532 149.366802 -46.926194 -179.476909 14.730140 -179.571739
-29.421908 149.366919 -46.926323 -179.476766 14.725397 -179.571601
-29.420284 149.367038 -46.926451 -179.476624 14.720654 -179.571464
-29.418659 149.367155 -46.926580 -179.476482 14.715911 -179.571327
-29.417036 149.367273 -46.926709 -179.476339 14.711168 -179.571189
-29.415412 149.367390 -46.926838 -179.476196 14.706424 -179.571052
-29.413789 149.367508 -46.926968 -179.476054 14.701681 -179.570915
-29.412166 149.367626 -46.927097 -179.475912 14.696937 -179.570777
-29.410543 149.367744 -46.927227 -179.475770 14.692194 -179.570640
-29.408920 149.367861 -46.927356 -179.475627 14.687451 -179.570503
-29.407298 149.367979 -46.927487 -179.475485 14.682707 -179.570366
-29.405676 149.368096 -46.927616 -179.475344 14.677962 -179.570229
-29.404054 149.368214 -46.927746 -179.475202 14.673219 -179.570092
-29.402433 149.368330 -46.927877 -179.475060 14.668475 -179.569954
-29.400810 149.368448 -46.928008 -179.474918 14.663731 -179.569818
-29.399189 149.368565 -46.928139 -179.474776 14.658987 -179.569681
-29.397568 149.368682 -46.928269 -179.474635 14.654243 -179.569544
-29.395948 149.368800 -46.928401 -179.474493 14.649499 -179.569407
-29.394327 149.368916 -46.928531 -179.474353 14.644754 -179.569271
-29.392708 149.369034 -46.928663 -179.474211 14.640010 -179.569134
-29.391087 149.369151 -46.928794 -179.474070 14.635266 -179.568997
-29.389467 149.369268 -46.928926 -179.473928 14.630521 -179.568860
-29.387848 149.369385 -46.929057 -179.473788 14.625777 -179.568724
-29.386229 149.369501 -46.929190 -179.473646 14.621032 -179.568587
-29.384610 149.369619 -46.929321 -179.473506 14.616287 -179.568451
-29.382991 149.369735 -46.929454 -179.473364 14.611542 -179.568314
-29.381373 149.369853 -46.929586 -179.473224 14.606797 -179.568178
-29.379754 149.369969 -46.929718 -179.473082 14.602052 -179.568042
-29.378136 149.370085 -46.929851 -179.472942 14.597308 -179.567905
-29.376518 149.370203 -46.929984 -179.472802 14.592563 -179.567769
-29.374900 149.370319 -46.930116 -179.472661 14.587817 -179.567633
-29.373282 149.370436 -46.930250 -179.472521 14.583071 -179.567497
-29.371666 149.370552 -46.930383 -179.472381 14.578326 -179.567361
-29.370049 149.370668 -46.930517 -179.472240 14.573581 -179.567225
-29.368432 149.370785 -46.930650 -179.472100 14.568836 -179.567089
-29.366816 149.370901 -46.930784 -179.471960 14.564090 -179.566953
-29.365199 149.371018 -46.930917 -179.471820 14.559344 -179.566817
-29.363583 149.371134 -46.931051 -179.471680 14.554598 -179.566681
-29.361968 149.371250 -46.931185 -179.471540 14.549853 -179.566546
-29.360352 149.371366 -46.931320 -179.471400 14.545107 -179.566409
-29.358737 149.371483 -46.931454 -179.471260 14.540361 -179.566273
-29.357122 149.371599 -46.931589 -179.471121 14.535615 -179.566138
-29.355508 149.371715 -46.931724 -179.470981 14.530868 -179.566002
-29.353893 149.371832 -46.931858 -179.470842 14.526122 -179.565867
-29.352279 149.371947 -46.931993 -179.470702 14.521376 -179.565731
-29.350664 149.372063 -46.932129 -179.470562 14.516630 -179.565595
-29.349051 149.372180 -46.932264 -179.470423 14.511884 -179.565460
-29.347437 149.372295 -46.932399 -179.470284 14.507138 -179.565325
-29.345823 149.372411 -46.932535 -179.470145 14.502391 -179.565189
-29.344211 149.372526 -46.932670 -179.470006 14.497644 -179.565054
-29.342597 149.372643 -46.932807 -179.469867 14.492897 -179.564919
-29.340985 149.372758 -46.932943 -179.469728 14.488151 -179.564784
-29.339372 149.372874 -46.933079 -179.469589 14.483404 -179.564648
-29.337760 149.372990 -46.933215 -179.469450 14.478657 -179.564513
-29.336149 149.373105 -46.933352 -179.469312 14.473910 -179.564379
-29.334538 149.373221 -46.933489 -179.469174 14.469162 -179.564243
-29.332925 149.373336 -46.933625 -179.469035 14.464415 -179.564108
-29.331314 149.373451 -46.933762 -179.468897 14.459668 -179.563973
-29.329703 149.373567 -46.933900 -179.468758 14.454921 -179.563838
-29.328093 149.373682 -46.934037 -179.468620 14.450174 -179.563704
-29.326482 149.373798 -46.934174 -179.468481 14.445427 -179.563568
-29.324872 149.373913 -46.934312 -179.468344 14.440678 -179.563434
-29.323262 149.374029 -46.934449 -179.468206 14.435931 -179.563299
-29.321652 149.374144 -46.934587 -179.468067 14.431184 -179.563164
-29.320043 149.374259 -46.934725 -179.467929 14.426436 -179.563030
-29.318433 149.374373 -46.934864 -179.467792 14.421688 -179.562895
-29.316824 149.374488 -46.935001 -179.467654 14.416941 -179.562761
-29.315216 149.374604 -46.935140 -179.467516 14.412193 -179.562626
-29.313607 149.374719 -46.935278 -179.467378 14.407444 -179.562492
-29.311998 149.374834 -46.935418 -179.467241 14.402696 -179.562357
-29.310391 149.374948 -46.935556 -179.467103 14.397948 -179.562222
-29.308782 149.375063 -46.935695 -179.466966 14.393200 -179.562089
-29.307175 149.375179 -46.935834 -179.466829 14.388452 -179.561954
-29.305567 149.375293 -46.935974 -179.466691 14.383703 -179.561820
-29.303961 149.375408 -46.936113 -179.466555 14.378954 -179.561686
-29.302353 149.375523 -46.936252 -179.466417 14.374206 -179.561551
-29.300747 149.375637 -46.936392 -179.466281 14.369457 -179.561418
-29.299140 149.375751 -46.936533 -179.466143 14.364709 -179.561283
-29.297534 149.375866 -46.936673 -179.466007 14.359960 -179.561150
-29.295928 149.375980 -46.936812 -179.465870 14.355211 -179.561016
-29.294322 149.376096 -46.936953 -179.465734 14.350463 -179.560882
-29.292717 149.376210 -46.937094 -179.465596 14.345713 -179.560748
-29.291112 149.376324 -46.937234 -179.465460 14.340964 -179.560614
-29.289507 149.376438 -46.937375 -179.465323 14.336215 -179.560480
-29.287902 149.376553 -46.937515 -179.465187 14.331466 -179.560346
-29.286297 149.376667 -46.937657 -179.465051 14.326717 -179.560213
-29.284693 149.376781 -46.937798 -179.464914 14.321968 -179.560079
-29.283089 149.376895 -46.937940 -179.464779 14.317217 -179.559946
-29.281484 149.377009 -46.938081 -179.464642 14.312468 -179.559812
-29.279882 149.377124 -46.938223 -179.464506 14.307719 -179.559678
-29.278278 149.377238 -46.938365 -179.464370 14.302969 -179.559545
-29.276675 149.377352 -46.938507 -179.464234 14.298220 -179.559412
-29.275072 149.377466 -46.938649 -179.464098 14.293470 -179.559278
-29.273469 149.377580 -46.938791 -179.463963 14.288720 -179.559145
-29.271867 149.377693 -46.938933 -179.463827 14.283969 -179.559011
-29.270265 149.377807 -46.939076 -179.463692 14.279220 -179.558878
-29.268663 149.377921 -46.939220 -179.463556 14.274470 -179.558745
-29.267061 149.378035 -46.939362 -179.463421 14.269720 -179.558612
-29.265460 149.378148 -46.939505 -179.463285 14.264969 -179.558479
-29.263859 149.378262 -46.939648 -179.463150 14.260219 -179.558346
-29.262257 149.378376 -46.939791 -179.463015 14.255468 -179.558213
-29.260657 149.378489 -46.939935 -179.462880 14.250718 -179.558080
-29.259056 149.378603 -46.940079 -179.462744 14.245967 -179.557947
-29.257456 149.378716 -46.940222 -179.462609 14.241217 -179.557814
-29.255856 149.378830 -46.940366 -179.462475 14.236466 -179.557682
-29.254256 149.378943 -46.940511 -179.462340 14.231716 -179.557549
-29.252657 149.379056 -46.940655 -179.462205 14.226965 -179.557416
-29.251057 149.379170 -46.940799 -179.462070 14.222213 -179.557283
-29.249458 149.379283 -46.940944 -179.461936 14.217463 -179.557151
-29.247859 149.379396 -46.941088 -179.461801 14.212712 -179.557018
-29.246260 149.379509 -46.941233 -179.461667 14.207961 -179.556886
-29.244663 149.379622 -46.941378 -179.461532 14.203210 -179.556753
-29.243064 149.379736 -46.941523 -179.461398 14.198459 -179.556620
-29.241466 149.379849 -46.941669 -179.461264 14.193707 -179.556488
-29.239868 149.379962 -46.941814 -179.461130 14.188955 -179.556356
-29.238271 149.380075 -46.941960 -179.460996 14.184204 -179.556223
-29.236674 149.380188 -46.942105 -179.460862 14.179452 -179.556091
-29.235077 149.380301 -46.942251 -179.460728 14.174701 -179.555959
-29.233480 149.380414 -46.942397 -179.460594 14.169949 -179.555827
-29.231884 149.380525 -46.942543 -179.460460 14.165198 -179.555694
-29.230288 149.380638 -46.942690 -179.460326 14.160445 -179.555562
-29.228691 149.380751 -46.942836 -179.460194 14.155693 -179.555431
-29.227096 149.380864 -46.942983 -179.460060 14.150941 -179.555299
-29.225501 149.380977 -46.943130 -179.459926 14.146189 -179.555167
-29.223906 149.381089 -46.943276 -179.459792 14.141437 -179.555034
-29.222310 149.381202 -46.943423 -179.459660 14.136685 -179.554903
-29.220715 149.381314 -46.943571 -179.459526 14.131933 -179.554771
-29.219120 149.381427 -46.943718 -179.459393 14.127180 -179.554639
-29.217526 149.381540 -46.943865 -179.459260 14.122428 -179.554507
-29.215932 149.381651 -46.944013 -179.459127 14.117675 -179.554376
-29.214338 149.381763 -46.944161 -179.458994 14.112923 -179.554244
-29.212745 149.381876 -46.944309 -179.458862 14.108170 -179.554113
-29.211152 149.381988 -46.944457 -179.458728 14.103418 -179.553981
-29.209558 149.382101 -46.944605 -179.458595 14.098665 -179.553849
-29.207965 149.382213 -46.944754 -179.458463 14.093911 -179.553718
-29.206373 149.382325 -46.944901 -179.458330 14.089159 -179.553587
-29.204780 149.382436 -46.945050 -179.458198 14.084406 -179.553455
-29.203188 149.382549 -46.945199 -179.458065 14.079653 -179.553324
-29.201596 149.382661 -46.945348 -179.457934 14.074900 -179.553193
-29.200004 149.382773 -46.945497 -179.457801 14.070147 -179.553062
-29.198413 149.382885 -46.945646 -179.457669 14.065393 -179.552930
-29.196821 149.382997 -46.945796 -179.457536 14.060639 -179.552799
-29.195231 149.383108 -46.945945 -179.457405 14.055886 -179.552668
-29.193640 149.383220 -46.946096 -179.457272 14.051132 -179.552537
-29.192049 149.383332 -46.946246 -179.457141 14.046379 -179.552406
-29.190459 149.383444 -46.946395 -179.457009 14.041625 -179.552275
-29.188869 149.383554 -46.946545 -179.456877 14.036872 -179.552144
-29.187279 149.383666 -46.946696 -179.456746 14.032118 -179.552013
-29.185690 149.383778 -46.946846 -179.456613 14.027363 -179.551882
-29.184101 149.383890 -46.946996 -179.456482 14.022610 -179.551751
-29.182512 149.384001 -46.947148 -179.456351 14.017856 -179.551621
-29.180923 149.384112 -46.947298 -179.456219 14.013102 -179.551490
-29.179334 149.384224 -46.947449 -179.456088 14.008348 -179.551360
-29.177745 149.384335 -46.947601 -179.455957 14.003594 -179.551229
-29.176157 149.384447 -46.947752 -179.455826 13.998839 -179.551098
-29.174569 149.384557 -46.947903 -179.455694 13.994084 -179.550968
-29.172982 149.384669 -46.948055 -179.455564 13.989330 -179.550838
-29.171394 149.384780 -46.948207 -179.455433 13.984575 -179.550707
-29.169807 149.384892 -46.948358 -179.455302 13.979821 -179.550577
-29.168220 149.385002 -46.948511 -179.455172 13.975066 -179.550447
-29.166633 149.385113 -46.948663 -179.455040 13.970312 -179.550316
-29.165046 149.385224 -46.948816 -179.454910 13.965557 -179.550186
-29.163460 149.385335 -46.948968 -179.454779 13.960801 -179.550056
-29.161875 149.385446 -46.949121 -179.454649 13.956046 -179.549926
-29.160288 149.385557 -46.949273 -179.454518 13.951291 -179.549795
-29.158703 149.385667 -46.949427 -179.454388 13.946536 -179.549665
-29.157118 149.385778 -46.949579 -179.454258 13.941781 -179.549535
-29.155532 149.385889 -46.949733 -179.454128 13.937026 -179.549405
-29.153948 149.385999 -46.949886 -179.453998 13.932271 -179.549276
-29.152363 149.386110 -46.950040 -179.453868 13.927515 -179.549146
-29.150779 149.386221 -46.950194 -179.453738 13.922759 -179.549016
-29.149195 149.386331 -46.950347 -179.453608 13.918004 -179.548886
-29.147611 149.386442 -46.950501 -179.453478 13.913249 -179.548756
-29.146027 149.386553 -46.950656 -179.453348 13.908493 -179.548626
-29.144444 149.386663 -46.950810 -179.453219 13.903737 -179.548497
-29.142861 149.386773 -46.950964 -179.453089 13.898982 -179.548367
-29.141278 149.386884 -46.951119 -179.452959 13.894225 -179.548237
-29.139695 149.386994 -46.951274 -179.452830 13.889469 -179.548108
-29.138113 149.387104 -46.951429 -179.452700 13.884713 -179.547978
-29.136531 149.387215 -46.951583 -179.452571 13.879957 -179.547849
-29.134948 149.387324 -46.951738 -179.452443 13.875201 -179.547720
-29.133367 149.387435 -46.951894 -179.452313 13.870445 -179.547590
-29.131785 149.387544 -46.952049 -179.452184 13.865689 -179.547461
-29.130204 149.387655 -46.952205 -179.452055 13.860931 -179.547332
-29.128623 149.387765 -46.952361 -179.451926 13.856175 -179.547203
-29.127042 149.387875 -46.952517 -179.451798 13.851418 -179.547074
-29.125461 149.387985 -46.952673 -179.451669 13.846662 -179.546945
-29.123881 149.388094 -46.952829 -179.451540 13.841905 -179.546816
-29.122302 149.388204 -46.952986 -179.451411 13.837149 -179.546687
-29.120721 149.388314 -46.953142 -179.451283 13.832392 -179.546558
-29.119142 149.388424 -46.953299 -179.451154 13.827635 -179.546429
-29.117562 149.388534 -46.953456 -179.451025 13.822877 -179.546299
-29.115983 149.388643 -46.953612 -179.450898 13.818120 -179.546171
-29.114404 149.388753 -46.953769 -179.450769 13.813363 -179.546042
-29.112826 149.388862 -46.953927 -179.450641 13.808606 -179.545914
-29.111247 149.388972 -46.954084 -179.450513 13.803849 -179.545785
-29.109669 149.389081 -46.954242 -179.450385 13.799092 -179.545656
-29.108091 149.389191 -46.954400 -179.450257 13.794334 -179.545527
-29.106513 149.389300 -46.954557 -179.450129 13.789576 -179.545399
-29.104936 149.389410 -46.954715 -179.450002 13.784819 -179.545270
-29.103359 149.389519 -46.954874 -179.449873 13.780061 -179.545141
-29.101782 149.389628 -46.955032 -179.449746 13.775304 -179.545013
-29.100205 149.389737 -46.955190 -179.449618 13.770546 -179.544885
-29.098629 149.389847 -46.955348 -179.449491 13.765788 -179.544756
-29.097052 149.389955 -46.955508 -179.449363 13.761030 -179.544628
-29.095476 149.390065 -46.955666 -179.449236 13.756271 -179.544500
-29.093900 149.390173 -46.955826 -179.449108 13.751513 -179.544371
-29.092324 149.390283 -46.955985 -179.448982 13.746755 -179.544244
-29.090749 149.390391 -46.956144 -179.448855 13.741997 -179.544116
-29.089174 149.390501 -46.956304 -179.448727 13.737239 -179.543987
-29.087599 149.390609 -46.956463 -179.448601 13.732481 -179.543860
-29.086024 149.390719 -46.956623 -179.448473 13.727723 -179.543731
-29.084450 149.390827 -46.956783 -179.448347 13.722964 -179.543604
-29.082876 149.390935 -46.956943 -179.448220 13.718205 -179.543475
-29.081302 149.391045 -46.957103 -179.448093 13.713446 -179.543348
-29.079729 149.391153 -46.957264 -179.447966 13.708688 -179.543220
-29.078155 149.391262 -46.957424 -179.447840 13.703929 -179.543092
-29.076582 149.391370 -46.957585 -179.447714 13.699170 -179.542964
-29.075009 149.391479 -46.957746 -179.447587 13.694411 -179.542837
-29.073436 149.391587 -46.957906 -179.447461 13.689652 -179.542709
-29.071864 149.391695 -46.958068 -179.447335 13.684893 -179.542582
-29.070291 149.391804 -46.958229 -179.447209 13.680133 -179.542454
-29.068719 149.391912 -46.958390 -179.447082 13.675374 -179.542327
-29.067148 149.392021 -46.958552 -179.446956 13.670615 -179.542199
-29.065576 149.392129 -46.958714 -179.446830 13.665856 -179.542071
-29.064004 149.392237 -46.958875 -179.446704 13.661097 -179.541944
-29.062434 149.392346 -46.959037 -179.446579 13.656337 -179.541817
-29.060863 149.392454 -46.959199 -179.446453 13.651578 -179.541689
-29.059293 149.392561 -46.959362 -179.446328 13.646817 -179.541563
-29.057722 149.392670 -46.959524 -179.446202 13.642058 -179.541435
-29.056152 149.392778 -46.959686 -179.446077 13.637298 -179.541308
-29.054582 149.392886 -46.959849 -179.445951 13.632538 -179.541181
-29.053012 149.392994 -46.960012 -179.445825 13.627778 -179.541054
-29.051443 149.393101 -46.960175 -179.445700 13.623018 -179.540927
-29.049874 149.393210 -46.960338 -179.445575 13.618258 -179.540800
-29.048305 149.393317 -46.960502 -179.445450 13.613498 -179.540673
-29.046736 149.393425 -46.960665 -179.445325 13.608737 -179.540546
-29.045167 149.393533 -46.960829 -179.445200 13.603977 -179.540419
-29.043599 149.393641 -46.960992 -179.445075 13.599217 -179.540292
-29.042031 149.393748 -46.961156 -179.444950 13.594456 -179.540166
-29.040463 149.393856 -46.961320 -179.444825 13.589696 -179.540039
-29.038897 149.393963 -46.961484 -179.444701 13.584936 -179.539913
-29.037329 149.394071 -46.961649 -179.444576 13.580175 -179.539786
-29.035762 149.394178 -46.961814 -179.444451 13.575414 -179.539659
-29.034195 149.394286 -46.961978 -179.444327 13.570653 -179.539533
-29.032628 149.394393 -46.962143 -179.444202 13.565892 -179.539406
-29.031063 149.394500 -46.962308 -179.444079 13.561131 -179.539280
-29.029496 149.394608 -46.962473 -179.443954 13.556370 -179.539153
-29.027930 149.394715 -46.962638 -179.443830 13.551609 -179.539027
-29.026365 149.394822 -46.962804 -179.443705 13.546848 -179.538901
-29.024799 149.394929 -46.962969 -179.443581 13.542087 -179.538775
-29.023234 149.395037 -46.963135 -179.443458 13.537326 -179.538649
-29.021670 149.395144 -46.963300 -179.443334 13.532564 -179.538522
-29.020104 149.395250 -46.963467 -179.443210 13.527802 -179.538396
-29.018540 149.395357 -46.963633 -179.443087 13.523041 -179.538270
-29.016976 149.395464 -46.963798 -179.442963 13.518280 -179.538144
-29.015412 149.395572 -46.963965 -179.442839 13.513518 -179.538018
-29.013848 149.395678 -46.964132 -179.442716 13.508756 -179.537892
-29.012285 149.395785 -46.964299 -179.442592 13.503995 -179.537766
-29.010722 149.395891 -46.964465 -179.442468 13.499233 -179.537640
-29.009159 149.395999 -46.964633 -179.442346 13.494470 -179.537515
-29.007596 149.396105 -46.964800 -179.442222 13.489708 -179.537389
-29.006033 149.396212 -46.964967 -179.442099 13.484946 -179.537263
-29.004471 149.396318 -46.965134 -179.441976 13.480184 -179.537138
-29.002909 149.396425 -46.965302 -179.441852 13.475422 -179.537012
-29.001348 149.396531 -46.965469 -179.441730 13.470660 -179.536886
-28.999786 149.396638 -46.965638 -179.441607 13.465898 -179.536761
-28.998224 149.396745 -46.965805 -179.441484 13.461135 -179.536635
-28.996663 149.396851 -46.965974 -179.441361 13.456372 -179.536510
-28.995102 149.396957 -46.966142 -179.441239 13.451610 -179.536384
-28.993541 149.397063 -46.966310 -179.441116 13.446847 -179.536259
-28.991982 149.397169 -46.966479 -179.440994 13.442084 -179.536134
-28.990421 149.397276 -46.966648 -179.440871 13.437322 -179.536009
-28.988861 149.397382 -46.966817 -179.440749 13.432559 -179.535883
-28.987301 149.397488 -46.966986 -179.440627 13.427796 -179.535758
-28.985742 149.397594 -46.967155 -179.440504 13.423033 -179.535633
-28.984183 149.397700 -46.967325 -179.440383 13.418270 -179.535508
-28.982623 149.397806 -46.967494 -179.440261 13.413506 -179.535383
-28.981065 149.397912 -46.967663 -179.440138 13.408743 -179.535258
-28.979507 149.398018 -46.967833 -179.440017 13.403980 -179.535133
-28.977949 149.398124 -46.968003 -179.439895 13.399217 -179.535008
-28.976391 149.398230 -46.968174 -179.439773 13.394453 -179.534883
-28.974833 149.398336 -46.968344 -179.439651 13.389690 -179.534758
-28.973275 149.398442 -46.968515 -179.439530 13.384927 -179.534634
-28.971718 149.398547 -46.968685 -179.439408 13.380163 -179.534509
-28.970161 149.398653 -46.968856 -179.439286 13.375398 -179.534384
-28.968604 149.398758 -46.969026 -179.439165 13.370635 -179.534259
-28.967047 149.398864 -46.969197 -179.439044 13.365871 -179.534135
-28.965491 149.398969 -46.969368 -179.438923 13.361107 -179.534010
-28.963935 149.399075 -46.969540 -179.438801 13.356343 -179.533886
-28.962379 149.399180 -46.969711 -179.438680 13.351579 -179.533761
-28.960824 149.399285 -46.969883 -179.438559 13.346815 -179.533637
-28.959268 149.399391 -46.970054 -179.438439 13.342051 -179.533513
-28.957712 149.399496 -46.970226 -179.438318 13.337287 -179.533388
-28.956158 149.399601 -46.970398 -179.438197 13.332522 -179.533264
-28.954604 149.399706 -46.970570 -179.438076 13.327758 -179.533139
-28.953048 149.399812 -46.970742 -179.437955 13.322993 -179.533016
-28.951495 149.399917 -46.970915 -179.437834 13.318229 -179.532891
-28.949940 149.400022 -46.971088 -179.437714 13.313464 -179.532767
-28.948386 149.400128 -46.971260 -179.437593 13.308700 -179.532643
-28.946833 149.400232 -46.971433 -179.437473 13.303935 -179.532519
-28.945280 149.400337 -46.971606 -179.437353 13.299170 -179.532395
-28.943727 149.400442 -46.971780 -179.437233 13.294404 -179.532271
-28.942174 149.400547 -46.971953 -179.437112 13.289640 -179.532147
-28.940622 149.400652 -46.972126 -179.436992 13.284875 -179.532023
-28.939069 149.400756 -46.972300 -179.436872 13.280110 -179.531899
-28.937517 149.400861 -46.972474 -179.436752 13.275344 -179.531776
-28.935965 149.400966 -46.972647 -179.436633 13.270579 -179.531652
-28.934414 149.401071 -46.972822 -179.436513 13.265814 -179.531528
-28.932862 149.401175 -46.972996 -179.436394 13.261049 -179.531405
-28.931311 149.401280 -46.973170 -179.436274 13.256283 -179.531281
-28.929760 149.401385 -46.973345 -179.436154 13.251517 -179.531158
-28.928209 149.401489 -46.973520 -179.436035 13.246752 -179.531035
-28.926659 149.401594 -46.973694 -179.435915 13.241986 -179.530911
-28.925109 149.401698 -46.973869 -179.435795 13.237220 -179.530787
-28.923559 149.401803 -46.974044 -179.435677 13.232455 -179.530664
-28.922009 149.401907 -46.974220 -179.435558 13.227689 -179.530541
-28.920459 149.402011 -46.974394 -179.435438 13.222923 -179.530417
-28.918910 149.402116 -46.974570 -179.435319 13.218157 -179.530294
-28.917362 149.402219 -46.974746 -179.435200 13.213391 -179.530171
-28.915812 149.402323 -46.974922 -179.435081 13.208624 -179.530048
-28.914264 149.402427 -46.975098 -179.434962 13.203858 -179.529925
-28.912716 149.402532 -46.975274 -179.434843 13.199092 -179.529802
-28.911168 149.402636 -46.975450 -179.434725 13.194325 -179.529679
-28.909619 149.402740 -46.975627 -179.434606 13.189559 -179.529555
-28.908072 149.402844 -46.975803 -179.434487 13.184793 -179.529432
-28.906524 149.402948 -46.975980 -179.434370 13.180026 -179.529310
-28.904977 149.403052 -46.976156 -179.434251 13.175259 -179.529187
-28.903430 149.403155 -46.976334 -179.434132 13.170493 -179.529064
-28.901885 149.403259 -46.976511 -179.434015 13.165726 -179.528942
-28.900338 149.403363 -46.976689 -179.433896 13.160958 -179.528819
-28.898792 149.403467 -46.976866 -179.433778 13.156192 -179.528696
-28.897246 149.403570 -46.977043 -179.433660 13.151425 -179.528574
-28.895700 149.403674 -46.977221 -179.433542 13.146658 -179.528451
-28.894155 149.403777 -46.977399 -179.433424 13.141891 -179.528328
-28.892609 149.403881 -46.977577 -179.433306 13.137123 -179.528206
-28.891065 149.403984 -46.977755 -179.433189 13.132356 -179.528084
-28.889520 149.404088 -46.977933 -179.433070 13.127589 -179.527961
-28.887976 149.404191 -46.978112 -179.432953 13.122822 -179.527839
-28.886431 149.404294 -46.978290 -179.432835 13.118053 -179.527716
-28.884887 149.404398 -46.978469 -179.432718 13.113286 -179.527594
-28.883343 149.404501 -46.978648 -179.432601 13.108518 -179.527472
-28.881799 149.404604 -46.978827 -179.432483 13.103751 -179.527350
-28.880256 149.404708 -46.979006 -179.432367 13.098983 -179.527228
-28.878713 149.404810 -46.979186 -179.432249 13.094215 -179.527106
-28.877171 149.404913 -46.979366 -179.432132 13.089447 -179.526984
-28.875627 149.405017 -46.979545 -179.432015 13.084680 -179.526861
-28.874085 149.405120 -46.979725 -179.431898 13.079912 -179.526740
-28.872543 149.405222 -46.979905 -179.431781 13.075143 -179.526618
-28.871001 149.405325 -46.980084 -179.431664 13.070374 -179.526496
-28.869459 149.405429 -46.980265 -179.431547 13.065606 -179.526374
-28.867919 149.405532 -46.980446 -179.431431 13.060838 -179.526252
-28.866377 149.405634 -46.980626 -179.431314 13.056070 -179.526131
-28.864836 149.405737 -46.980807 -179.431197 13.051301 -179.526009
-28.863295 149.405840 -46.980988 -179.431081 13.046533 -179.525887
-28.861754 149.405943 -46.981168 -179.430965 13.041764 -179.525766
-28.860215 149.406044 -46.981349 -179.430849 13.036996 -179.525644
-28.858674 149.406147 -46.981531 -179.430732 13.032227 -179.525523
-28.857135 149.406250 -46.981712 -179.430616 13.027457 -179.525401
-28.855595 149.406352 -46.981894 -179.430500 13.022689 -179.525280
-28.854056 149.406455 -46.982076 -179.430384 13.017920 -179.525158
-28.852517 149.406557 -46.982257 -179.430268 13.013151 -179.525037
-28.850978 149.406659 -46.982440 -179.430152 13.008382 -179.524916
-28.849439 149.406762 -46.982621 -179.430036 13.003613 -179.524794
-28.847901 149.406864 -46.982804 -179.429921 12.998844 -179.524674
-28.846363 149.406966 -46.982986 -179.429805 12.994074 -179.524552
-28.844825 149.407068 -46.983169 -179.429690 12.989305 -179.524431
-28.843288 149.407171 -46.983351 -179.429574 12.984536 -179.524310
-28.841750 149.407272 -46.983534 -179.429459 12.979765 -179.524189
-28.840212 149.407375 -46.983718 -179.429343 12.974996 -179.524068
-28.838675 149.407477 -46.983900 -179.429228 12.970226 -179.523947
-28.837139 149.407579 -46.984084 -179.429113 12.965457 -179.523826
-28.835603 149.407681 -46.984268 -179.428998 12.960687 -179.523705
-28.834067 149.407783 -46.984451 -179.428883 12.955917 -179.523585
-28.832531 149.407884 -46.984635 -179.428768 12.951147 -179.523464
-28.830995 149.407986 -46.984819 -179.428653 12.946377 -179.523343
-28.829459 149.408088 -46.985002 -179.428538 12.941607 -179.523222
-28.827924 149.408190 -46.985187 -179.428423 12.936837 -179.523102
-28.826389 149.408292 -46.985371 -179.428308 12.932067 -179.522981
-28.824854 149.408393 -46.985556 -179.428194 12.927296 -179.522861
-28.823320 149.408495 -46.985741 -179.428079 12.922526 -179.522740
-28.821785 149.408596 -46.985925 -179.427964 12.917756 -179.522619
-28.820251 149.408698 -46.986110 -179.427850 12.912985 -179.522499
-28.818717 149.408800 -46.986295 -179.427735 12.908215 -179.522379
-28.817184 149.408900 -46.986481 -179.427621 12.903444 -179.522259
-28.815651 149.409002 -46.986666 -179.427507 12.898674 -179.522138
-28.814117 149.409103 -46.986852 -179.427393 12.893903 -179.522018
-28.812584 149.409205 -46.987037 -179.427279 12.889132 -179.521898
-28.811052 149.409306 -46.987223 -179.427165 12.884361 -179.521778
-28.809519 149.409407 -46.987409 -179.427051 12.879589 -179.521658
-28.807987 149.409509 -46.987595 -179.426937 12.874819 -179.521537
-28.806455 149.409609 -46.987782 -179.426823 12.870048 -179.521417
-28.804924 149.409711 -46.987968 -179.426709 12.865276 -179.521297
-28.803392 149.409811 -46.988154 -179.426596 12.860505 -179.521178
-28.801861 149.409913 -46.988341 -179.426483 12.855734 -179.521058
-28.800330 149.410013 -46.988528 -179.426369 12.850963 -179.520938
-28.798799 149.410115 -46.988715 -179.426255 12.846191 -179.520818
-28.797268 149.410215 -46.988902 -179.426142 12.841420 -179.520698
-28.795738 149.410316 -46.989089 -179.426029 12.836648 -179.520579
-28.794208 149.410417 -46.989277 -179.425915 12.831877 -179.520459
-28.792678 149.410518 -46.989464 -179.425803 12.827104 -179.520339
-28.791149 149.410618 -46.989652 -179.425689 12.822333 -179.520219
-28.789619 149.410719 -46.989839 -179.425576 12.817561 -179.520100
-28.788090 149.410819 -46.990027 -179.425464 12.812789 -179.519981
-28.786561 149.410921 -46.990216 -179.425350 12.808017 -179.519861
-28.785033 149.411021 -46.990404 -179.425238 12.803245 -179.519742
-28.783504 149.411121 -46.990592 -179.425125 12.798473 -179.519622
-28.781976 149.411222 -46.990781 -179.425013 12.793701 -179.519503
-28.780448 149.411322 -46.990970 -179.424900 12.788929 -179.519384
-28.778921 149.411423 -46.991158 -179.424788 12.784156 -179.519265
-28.777392 149.411522 -46.991348 -179.424675 12.779384 -179.519145
-28.775865 149.411623 -46.991537 -179.424563 12.774611 -179.519026
-28.774338 149.411723 -46.991727 -179.424450 12.769838 -179.518907
-28.772812 149.411823 -46.991916 -179.424339 12.765066 -179.518788
-28.771285 149.411924 -46.992105 -179.424226 12.760293 -179.518669
-28.769759 149.412023 -46.992295 -179.424114 12.755520 -179.518550
-28.768233 149.412124 -46.992485 -179.424002 12.750748 -179.518431
-28.766707 149.412223 -46.992675 -179.423890 12.745975 -179.518312
-28.765182 149.412324 -46.992866 -179.423778 12.741202 -179.518194
-28.763656 149.412424 -46.993056 -179.423666 12.736429 -179.518074
-28.762131 149.412523 -46.993247 -179.423555 12.731656 -179.517956
-28.760606 149.412624 -46.993437 -179.423443 12.726883 -179.517837
-28.759082 149.412723 -46.993628 -179.423332 12.722110 -179.517719
-28.757557 149.412822 -46.993818 -179.423220 12.717336 -179.517600
-28.756033 149.412923 -46.994009 -179.423108 12.712562 -179.517481
-28.754509 149.413022 -46.994201 -179.422997 12.707789 -179.517363
-28.752986 149.413122 -46.994392 -179.422886 12.703016 -179.517244
-28.751461 149.413221 -46.994584 -179.422774 12.698242 -179.517126
-28.749939 149.413321 -46.994775 -179.422664 12.693469 -179.517008
-28.748416 149.413421 -46.994968 -179.422553 12.688695 -179.516889
-28.746892 149.413520 -46.995159 -179.422442 12.683921 -179.516771
-28.745370 149.413619 -46.995351 -179.422330 12.679147 -179.516652
-28.743848 149.413719 -46.995543 -179.422220 12.674374 -179.516535
-28.742326 149.413818 -46.995736 -179.422109 12.669600 -179.516416
-28.740804 149.413917 -46.995929 -179.421999 12.664826 -179.516298
-28.739283 149.414017 -46.996122 -179.421888 12.660051 -179.516180
-28.737762 149.414116 -46.996314 -179.421777 12.655277 -179.516062
-28.736240 149.414215 -46.996507 -179.421666 12.650502 -179.515944
-28.734719 149.414314 -46.996700 -179.421556 12.645728 -179.515826
-28.733199 149.414413 -46.996893 -179.421446 12.640954 -179.515708
-28.731678 149.414512 -46.997087 -179.421336 12.636179 -179.515590
-28.730159 149.414611 -46.997280 -179.421226 12.631405 -179.515473
-28.728639 149.414709 -46.997474 -179.421116 12.626630 -179.515355
-28.727119 149.414809 -46.997668 -179.421006 12.621856 -179.515237
-28.725600 149.414908 -46.997862 -179.420896 12.617081 -179.515119
-28.724080 149.415006 -46.998056 -179.420786 12.612306 -179.515002
-28.722562 149.415106 -46.998250 -179.420676 12.607532 -179.514884
-28.721042 149.415204 -46.998444 -179.420566 12.602756 -179.514766
-28.719524 149.415303 -46.998639 -179.420456 12.597981 -179.514649
-28.718005 149.415401 -46.998834 -179.420346 12.593206 -179.514531
-28.716488 149.415501 -46.999029 -179.420237 12.588431 -179.514413
-28.714970 149.415599 -46.999224 -179.420127 12.583656 -179.514296
-28.713452 149.415697 -46.999419 -179.420018 12.578880 -179.514179
-28.711935 149.415795 -46.999614 -179.419909 12.574105 -179.514062
-28.710418 149.415894 -46.999810 -179.419800 12.569330 -179.513945
-28.708901 149.415993 -47.000006 -179.419690 12.564554 -179.513827
-28.707385 149.416091 -47.000201 -179.419581 12.559779 -179.513710
-28.705868 149.416189 -47.000397 -179.419472 12.555003 -179.513593
-28.704352 149.416287 -47.000594 -179.419363 12.550228 -179.513476
-28.702836 149.416385 -47.000790 -179.419254 12.545452 -179.513359
-28.701320 149.416484 -47.000986 -179.419145 12.540676 -179.513242
-28.699805 149.416582 -47.001183 -179.419036 12.535900 -179.513125
-28.698289 149.416680 -47.001379 -179.418928 12.531124 -179.513008
-28.696775 149.416778 -47.001575 -179.418819 12.526348 -179.512891
-28.695260 149.416876 -47.001773 -179.418710 12.521572 -179.512774
-28.693745 149.416974 -47.001969 -179.418602 12.516796 -179.512658
-28.692232 149.417072 -47.002167 -179.418493 12.512020 -179.512541
-28.690717 149.417170 -47.002364 -179.418385 12.507243 -179.512424
-28.689204 149.417268 -47.002562 -179.418277 12.502467 -179.512307
-28.687690 149.417365 -47.002759 -179.418168 12.497691 -179.512190
-28.686177 149.417463 -47.002958 -179.418060 12.492914 -179.512074
-28.684663 149.417561 -47.003155 -179.417953 12.488138 -179.511958
-28.683151 149.417658 -47.003354 -179.417844 12.483361 -179.511841
-28.681639 149.417757 -47.003551 -179.417736 12.478585 -179.511724
-28.680126 149.417854 -47.003750 -179.417629 12.473807 -179.511608
-28.678614 149.417952 -47.003949 -179.417521 12.469030 -179.511492
-28.677102 149.418049 -47.004147 -179.417413 12.464253 -179.511376
-28.675590 149.418146 -47.004346 -179.417306 12.459476 -179.511259
-28.674079 149.418244 -47.004544 -179.417198 12.454699 -179.511143
-28.672568 149.418341 -47.004744 -179.417090 12.449922 -179.511027
