-3.744195 151.544461 -54.704785 26.966474 -41.709725 -17.012592
-3.740657 151.544114 -54.704802 26.965743 -41.709910 -17.008701
-3.737117 151.543767 -54.704819 26.965012 -41.710094 -17.004812
-3.733573 151.543420 -54.704836 26.964282 -41.710279 -17.000927
-3.730027 151.543073 -54.704853 26.963551 -41.710464 -16.997044
-3.726478 151.542727 -54.704870 26.962819 -41.710649 -16.993163
-3.722927 151.542381 -54.704887 26.962086 -41.710834 -16.989286
-3.719373 151.542035 -54.704904 26.961353 -41.711019 -16.985410
-3.715815 151.541689 -54.704921 26.960621 -41.711204 -16.981538
-3.712256 151.541344 -54.704938 26.959887 -41.711389 -16.977667
-3.708694 151.540999 -54.704955 26.959153 -41.711575 -16.973799
-3.705129 151.540654 -54.704972 26.958419 -41.711760 -16.969935
-3.701562 151.540309 -54.704990 26.957685 -41.711946 -16.966072
-3.697991 151.539964 -54.705007 26.956950 -41.712131 -16.962212
-3.694419 151.539620 -54.705024 26.956214 -41.712317 -16.958355
-3.690843 151.539276 -54.705041 26.955478 -41.712503 -16.954501
-3.687265 151.538932 -54.705058 26.954742 -41.712689 -16.950649
-3.683685 151.538588 -54.705075 26.954006 -41.712875 -16.946799
-3.680101 151.538245 -54.705092 26.953269 -41.713061 -16.942953
-3.676515 151.537902 -54.705109 26.952533 -41.713247 -16.939110
-3.672926 151.537559 -54.705127 26.951794 -41.713434 -16.935267
-3.669335 151.537216 -54.705144 26.951057 -41.713620 -16.931430
-3.665741 151.536873 -54.705161 26.950319 -41.713806 -16.927593
-3.662144 151.536531 -54.705178 26.949580 -41.713993 -16.923761
-3.658545 151.536189 -54.705195 26.948841 -41.714179 -16.919931
-3.654943 151.535847 -54.705213 26.948102 -41.714366 -16.916102
-3.651338 151.535505 -54.705230 26.947362 -41.714553 -16.912277
-3.647731 151.535164 -54.705247 26.946622 -41.714740 -16.908455
-3.644121 151.534823 -54.705264 26.945882 -41.714927 -16.904635
-3.640509 151.534482 -54.705281 26.945141 -41.715114 -16.900817
-3.636893 151.534141 -54.705299 26.944400 -41.715301 -16.897003
-3.633276 151.533801 -54.705316 26.943659 -41.715488 -16.893192
-3.629655 151.533461 -54.705333 26.942916 -41.715676 -16.889382
-3.626032 151.533121 -54.705350 26.942174 -41.715863 -16.885576
-3.622407 151.532781 -54.705368 26.941432 -41.716050 -16.881772
-3.618778 151.532441 -54.705385 26.940689 -41.716238 -16.877972
-3.615148 151.532102 -54.705402 26.939946 -41.716426 -16.874173
-3.611514 151.531763 -54.705420 26.939202 -41.716613 -16.870378
-3.607878 151.531424 -54.705437 26.938458 -41.716801 -16.866585
-3.604239 151.531086 -54.705454 26.937715 -41.716989 -16.862795
-3.600597 151.530747 -54.705471 26.936970 -41.717177 -16.859008
-3.596954 151.530409 -54.705489 26.936225 -41.717365 -16.855223
-3.593307 151.530071 -54.705506 26.935480 -41.717553 -16.851442
-3.589658 151.529733 -54.705523 26.934733 -41.717741 -16.847663
-3.586006 151.529396 -54.705541 26.933987 -41.717929 -16.843886
-3.582351 151.529059 -54.705558 26.933241 -41.718118 -16.840112
-3.578694 151.528722 -54.705576 26.932495 -41.718306 -16.836342
-3.575034 151.528385 -54.705593 26.931747 -41.718495 -16.832573
-3.571372 151.528049 -54.705610 26.931000 -41.718683 -16.828808
-3.567707 151.527712 -54.705628 26.930252 -41.718872 -16.825045
-3.564040 151.527376 -54.705645 26.929504 -41.719061 -16.821286
-3.560369 151.527041 -54.705662 26.928756 -41.719250 -16.817529
-3.556696 151.526705 -54.705680 26.928007 -41.719439 -16.813773
-3.553021 151.526370 -54.705697 26.927258 -41.719627 -16.810022
-3.549343 151.526035 -54.705715 26.926508 -41.719817 -16.806273
-3.545662 151.525700 -54.705732 26.925758 -41.720006 -16.802526
-3.541979 151.525365 -54.705750 26.925008 -41.720195 -16.798783
-3.538294 151.525031 -54.705767 26.924258 -41.720384 -16.795043
-3.534605 151.524697 -54.705784 26.923506 -41.720574 -16.791305
-3.530914 151.524363 -54.705802 26.922755 -41.720764 -16.787570
-3.527220 151.524029 -54.705819 26.922003 -41.720953 -16.783838
-3.523525 151.523696 -54.705837 26.921252 -41.721143 -16.780109
-3.519826 151.523363 -54.705854 26.920499 -41.721332 -16.776382
-3.516125 151.523030 -54.705872 26.919748 -41.721522 -16.772659
-3.512421 151.522697 -54.705889 26.918994 -41.721712 -16.768937
-3.508714 151.522365 -54.705907 26.918241 -41.721902 -16.765219
-3.505004 151.522033 -54.705924 26.917487 -41.722092 -16.761504
-3.501293 151.521701 -54.705942 26.916733 -41.722282 -16.757792
-3.497579 151.521369 -54.705959 26.915979 -41.722472 -16.754082
-3.493862 151.521037 -54.705977 26.915225 -41.722663 -16.750375
-3.490142 151.520706 -54.705994 26.914470 -41.722853 -16.746671
-3.486421 151.520375 -54.706012 26.913715 -41.723043 -16.742970
-3.482696 151.520044 -54.706029 26.912960 -41.723234 -16.739271
-3.478969 151.519714 -54.706047 26.912204 -41.723424 -16.735577
-3.475239 151.519384 -54.706065 26.911448 -41.723615 -16.731883
-3.471507 151.519054 -54.706082 26.910691 -41.723806 -16.728194
-3.467771 151.518724 -54.706100 26.909935 -41.723997 -16.724507
-3.464034 151.518394 -54.706117 26.909177 -41.724188 -16.720822
-3.460294 151.518065 -54.706135 26.908419 -41.724379 -16.717140
-3.456552 151.517736 -54.706152 26.907661 -41.724570 -16.713462
-3.452806 151.517407 -54.706170 26.906904 -41.724761 -16.709787
-3.449058 151.517079 -54.706188 26.906146 -41.724952 -16.706114
-3.445309 151.516751 -54.706205 26.905387 -41.725143 -16.702444
-3.441556 151.516422 -54.706223 26.904627 -41.725334 -16.698777
-3.437800 151.516095 -54.706241 26.903868 -41.725526 -16.695112
-3.434042 151.515767 -54.706258 26.903108 -41.725717 -16.691450
-3.430282 151.515440 -54.706276 26.902349 -41.725909 -16.687792
-3.426519 151.515113 -54.706293 26.901588 -41.726100 -16.684137
-3.422753 151.514786 -54.706311 26.900828 -41.726292 -16.680484
-3.418985 151.514459 -54.706329 26.900066 -41.726484 -16.676833
-3.415215 151.514133 -54.706346 26.899306 -41.726676 -16.673187
-3.411442 151.513807 -54.706364 26.898544 -41.726868 -16.669542
-3.407666 151.513481 -54.706382 26.897781 -41.727060 -16.665900
-3.403888 151.513156 -54.706400 26.897020 -41.727252 -16.662262
-3.400107 151.512830 -54.706417 26.896257 -41.727444 -16.658625
-3.396324 151.512505 -54.706435 26.895495 -41.727636 -16.654993
-3.392538 151.512180 -54.706453 26.894731 -41.727829 -16.651363
-3.388750 151.511856 -54.706470 26.893968 -41.728021 -16.647736
-3.384959 151.511531 -54.706488 26.893203 -41.728213 -16.644111
-3.381167 151.511207 -54.706506 26.892440 -41.728406 -16.640490
-3.377371 151.510883 -54.706524 26.891676 -41.728598 -16.636872
-3.373572 151.510560 -54.706541 26.890911 -41.728791 -16.633255
-3.369772 151.510236 -54.706559 26.890146 -41.728983 -16.629642
-3.365969 151.509913 -54.706577 26.889381 -41.729176 -16.626032
-3.362163 151.509590 -54.706595 26.888615 -41.729369 -16.622424
-3.358355 151.509268 -54.706612 26.887850 -41.729562 -16.618821
-3.354545 151.508945 -54.706630 26.887083 -41.729755 -16.615218
-3.350732 151.508623 -54.706648 26.886317 -41.729948 -16.611620
-3.346917 151.508301 -54.706666 26.885550 -41.730141 -16.608024
-3.343098 151.507979 -54.706683 26.884784 -41.730334 -16.604431
-3.339278 151.507658 -54.706701 26.884015 -41.730528 -16.600840
-3.335456 151.507337 -54.706719 26.883249 -41.730721 -16.597254
-3.331630 151.507016 -54.706737 26.882480 -41.730914 -16.593669
-3.327802 151.506695 -54.706755 26.881712 -41.731108 -16.590087
-3.323971 151.506375 -54.706772 26.880944 -41.731301 -16.586509
-3.320139 151.506055 -54.706790 26.880175 -41.731495 -16.582933
-3.316304 151.505735 -54.706808 26.879405 -41.731689 -16.579359
-3.312466 151.505415 -54.706826 26.878636 -41.731882 -16.575789
-3.308627 151.505096 -54.706844 26.877866 -41.732076 -16.572221
-3.304784 151.504776 -54.706862 26.877097 -41.732270 -16.568657
-3.300940 151.504457 -54.706880 26.876326 -41.732464 -16.565095
-3.297092 151.504139 -54.706897 26.875556 -41.732658 -16.561536
-3.293243 151.503820 -54.706915 26.874785 -41.732852 -16.557981
-3.289391 151.503502 -54.706933 26.874014 -41.733046 -16.554428
-3.285536 151.503184 -54.706951 26.873243 -41.733240 -16.550878
-3.281678 151.502866 -54.706969 26.872471 -41.733434 -16.547330
-3.277819 151.502549 -54.706987 26.871699 -41.733628 -16.543786
-3.273958 151.502232 -54.707005 26.870927 -41.733823 -16.540244
-3.270094 151.501915 -54.707023 26.870155 -41.734017 -16.536706
-3.266227 151.501598 -54.707041 26.869382 -41.734212 -16.533170
-3.262358 151.501282 -54.707058 26.868609 -41.734406 -16.529637
-3.258487 151.500965 -54.707076 26.867835 -41.734601 -16.526106
-3.254613 151.500649 -54.707094 26.867062 -41.734796 -16.522579
-3.250737 151.500334 -54.707112 26.866289 -41.734990 -16.519056
-3.246859 151.500018 -54.707130 26.865514 -41.735185 -16.515533
-3.242977 151.499703 -54.707148 26.864741 -41.735380 -16.512015
-3.239094 151.499388 -54.707166 26.863966 -41.735575 -16.508500
-3.235209 151.499073 -54.707184 26.863191 -41.735770 -16.504986
-3.231320 151.498759 -54.707202 26.862416 -41.735965 -16.501476
-3.227430 151.498445 -54.707220 26.861640 -41.736160 -16.497969
-3.223537 151.498131 -54.707238 26.860864 -41.736355 -16.494464
-3.219642 151.497817 -54.707256 26.860088 -41.736550 -16.490963
-3.215745 151.497503 -54.707274 26.859312 -41.736746 -16.487464
-3.211845 151.497190 -54.707292 26.858536 -41.736941 -16.483969
-3.207943 151.496877 -54.707310 26.857759 -41.737136 -16.480475
-3.204039 151.496564 -54.707328 26.856982 -41.737332 -16.476986
-3.200131 151.496252 -54.707346 26.856205 -41.737527 -16.473499
-3.196222 151.495939 -54.707364 26.855428 -41.737723 -16.470014
-3.192310 151.495627 -54.707382 26.854649 -41.737919 -16.466533
-3.188397 151.495316 -54.707400 26.853872 -41.738114 -16.463055
-3.184480 151.495004 -54.707418 26.853094 -41.738310 -16.459578
-3.180562 151.494693 -54.707436 26.852315 -41.738506 -16.456106
-3.176641 151.494382 -54.707454 26.851537 -41.738701 -16.452636
-3.172717 151.494071 -54.707472 26.850757 -41.738898 -16.449169
-3.168792 151.493761 -54.707490 26.849978 -41.739093 -16.445706
-3.164864 151.493450 -54.707508 26.849199 -41.739289 -16.442243
-3.160935 151.493140 -54.707526 26.848419 -41.739486 -16.438785
-3.157001 151.492831 -54.707544 26.847639 -41.739682 -16.435330
-3.153067 151.492521 -54.707562 26.846858 -41.739878 -16.431876
-3.149130 151.492212 -54.707580 26.846078 -41.740074 -16.428427
-3.145190 151.491903 -54.707599 26.845297 -41.740270 -16.424980
-3.141249 151.491594 -54.707617 26.844516 -41.740467 -16.421536
-3.137305 151.491285 -54.707635 26.843735 -41.740663 -16.418095
-3.133359 151.490977 -54.707653 26.842954 -41.740860 -16.414657
-3.129410 151.490669 -54.707671 26.842172 -41.741056 -16.411221
-3.125459 151.490361 -54.707689 26.841389 -41.741253 -16.407788
-3.121506 151.490054 -54.707707 26.840607 -41.741450 -16.404358
-3.117551 151.489747 -54.707725 26.839825 -41.741646 -16.400932
-3.113593 151.489439 -54.707743 26.839042 -41.741843 -16.397508
-3.109633 151.489133 -54.707761 26.838260 -41.742040 -16.394088
-3.105671 151.488826 -54.707780 26.837476 -41.742237 -16.390669
-3.101706 151.488520 -54.707798 26.836693 -41.742433 -16.387253
-3.097739 151.488214 -54.707816 26.835909 -41.742630 -16.383842
-3.093770 151.487908 -54.707834 26.835125 -41.742827 -16.380432
-3.089799 151.487603 -54.707852 26.834342 -41.743024 -16.377025
-3.085826 151.487297 -54.707870 26.833557 -41.743222 -16.373622
-3.081850 151.486992 -54.707888 26.832772 -41.743419 -16.370220
-3.077872 151.486688 -54.707907 26.831988 -41.743616 -16.366823
-3.073892 151.486383 -54.707925 26.831203 -41.743813 -16.363427
-3.069909 151.486079 -54.707943 26.830417 -41.744011 -16.360035
-3.065925 151.485775 -54.707961 26.829632 -41.744208 -16.356645
-3.061938 151.485471 -54.707979 26.828846 -41.744405 -16.353259
-3.057948 151.485167 -54.707997 26.828061 -41.744603 -16.349876
-3.053957 151.484864 -54.708016 26.827274 -41.744800 -16.346496
-3.049963 151.484561 -54.708034 26.826488 -41.744998 -16.343117
-3.045967 151.484258 -54.708052 26.825701 -41.745196 -16.339742
-3.041970 151.483956 -54.708070 26.824914 -41.745393 -16.336370
-3.037969 151.483653 -54.708088 26.824127 -41.745591 -16.333001
-3.033967 151.483351 -54.708107 26.823341 -41.745788 -16.329636
-3.029961 151.483050 -54.708125 26.822553 -41.745986 -16.326272
-3.025955 151.482748 -54.708143 26.821764 -41.746184 -16.322911
-3.021946 151.482447 -54.708161 26.820977 -41.746382 -16.319554
-3.017934 151.482146 -54.708180 26.820189 -41.746580 -16.316199
-3.013921 151.481845 -54.708198 26.819400 -41.746778 -16.312847
-3.009905 151.481545 -54.708216 26.818611 -41.746976 -16.309498
-3.005887 151.481244 -54.708234 26.817823 -41.747174 -16.306151
-3.001867 151.480944 -54.708252 26.817034 -41.747372 -16.302808
-2.997845 151.480644 -54.708271 26.816245 -41.747571 -16.299468
-2.993820 151.480345 -54.708289 26.815456 -41.747769 -16.296131
-2.989794 151.480046 -54.708307 26.814666 -41.747967 -16.292797
-2.985765 151.479747 -54.708325 26.813876 -41.748165 -16.289464
-2.981734 151.479448 -54.708344 26.813086 -41.748364 -16.286135
-2.977701 151.479149 -54.708362 26.812295 -41.748562 -16.282810
-2.973666 151.478851 -54.708380 26.811505 -41.748761 -16.279487
-2.969628 151.478553 -54.708399 26.810715 -41.748959 -16.276167
-2.965589 151.478255 -54.708417 26.809924 -41.749158 -16.272850
-2.961547 151.477958 -54.708435 26.809134 -41.749356 -16.269536
-2.957502 151.477661 -54.708453 26.808342 -41.749555 -16.266225
-2.953457 151.477364 -54.708472 26.807551 -41.749753 -16.262916
-2.949408 151.477067 -54.708490 26.806759 -41.749952 -16.259611
-2.945358 151.476770 -54.708508 26.805966 -41.750151 -16.256307
-2.941305 151.476474 -54.708527 26.805175 -41.750350 -16.253008
-2.937251 151.476178 -54.708545 26.804382 -41.750549 -16.249711
-2.933195 151.475882 -54.708563 26.803591 -41.750747 -16.246417
-2.929136 151.475587 -54.708582 26.802798 -41.750946 -16.243126
-2.925075 151.475292 -54.708600 26.802005 -41.751145 -16.239838
-2.921012 151.474996 -54.708618 26.801211 -41.751345 -16.236551
-2.916946 151.474702 -54.708637 26.800418 -41.751544 -16.233269
-2.912879 151.474407 -54.708655 26.799626 -41.751742 -16.229991
-2.908810 151.474113 -54.708673 26.798832 -41.751942 -16.226714
-2.904737 151.473819 -54.708692 26.798038 -41.752141 -16.223440
-2.900664 151.473525 -54.708710 26.797244 -41.752340 -16.220168
-2.896588 151.473232 -54.708728 26.796449 -41.752539 -16.216901
-2.892510 151.472939 -54.708747 26.795655 -41.752739 -16.213636
-2.888430 151.472646 -54.708765 26.794861 -41.752938 -16.210374
-2.884348 151.472353 -54.708783 26.794066 -41.753137 -16.207114
-2.880264 151.472061 -54.708802 26.793272 -41.753337 -16.203859
-2.876178 151.471768 -54.708820 26.792477 -41.753536 -16.200605
-2.872090 151.471476 -54.708838 26.791681 -41.753736 -16.197354
-2.868000 151.471185 -54.708857 26.790886 -41.753935 -16.194107
-2.863907 151.470893 -54.708875 26.790090 -41.754135 -16.190862
-2.859813 151.470602 -54.708894 26.789294 -41.754335 -16.187619
-2.855716 151.470311 -54.708912 26.788498 -41.754534 -16.184382
-2.851617 151.470020 -54.708930 26.787702 -41.754734 -16.181145
-2.847516 151.469730 -54.708949 26.786906 -41.754933 -16.177912
-2.843413 151.469440 -54.708967 26.786110 -41.755133 -16.174682
-2.839308 151.469150 -54.708985 26.785313 -41.755333 -16.171454
-2.835201 151.468860 -54.709004 26.784516 -41.755533 -16.168231
-2.831092 151.468571 -54.709022 26.783720 -41.755733 -16.165009
-2.826982 151.468281 -54.709041 26.782922 -41.755933 -16.161790
-2.822868 151.467992 -54.709059 26.782125 -41.756132 -16.158574
-2.818753 151.467704 -54.709077 26.781327 -41.756333 -16.155362
-2.814636 151.467415 -54.709096 26.780529 -41.756533 -16.152151
-2.810517 151.467127 -54.709114 26.779731 -41.756733 -16.148945
-2.806396 151.466839 -54.709133 26.778933 -41.756933 -16.145741
-2.802272 151.466552 -54.709151 26.778135 -41.757133 -16.142539
-2.798147 151.466264 -54.709170 26.777337 -41.757333 -16.139342
-2.794020 151.465977 -54.709188 26.776539 -41.757533 -16.136146
-2.789891 151.465690 -54.709206 26.775740 -41.757733 -16.132954
-2.785759 151.465404 -54.709225 26.774941 -41.757934 -16.129764
-2.781625 151.465117 -54.709243 26.774143 -41.758134 -16.126578
-2.777491 151.464831 -54.709262 26.773343 -41.758334 -16.123394
-2.773353 151.464545 -54.709280 26.772544 -41.758534 -16.120214
-2.769214 151.464260 -54.709299 26.771745 -41.758735 -16.117035
-2.765072 151.463974 -54.709317 26.770944 -41.758935 -16.113860
-2.760929 151.463689 -54.709336 26.770145 -41.759136 -16.110689
-2.756784 151.463404 -54.709354 26.769346 -41.759336 -16.107519
-2.752637 151.463120 -54.709372 26.768545 -41.759537 -16.104353
-2.748488 151.462835 -54.709391 26.767744 -41.759737 -16.101189
-2.744335 151.462551 -54.709409 26.766944 -41.759938 -16.098029
-2.740182 151.462267 -54.709428 26.766144 -41.760138 -16.094872
-2.736028 151.461984 -54.709446 26.765343 -41.760339 -16.091716
-2.731870 151.461700 -54.709465 26.764542 -41.760540 -16.088565
-2.727711 151.461417 -54.709483 26.763741 -41.760741 -16.085417
-2.723549 151.461134 -54.709502 26.762941 -41.760941 -16.082272
-2.719386 151.460852 -54.709520 26.762139 -41.761142 -16.079128
-2.715222 151.460570 -54.709539 26.761338 -41.761343 -16.075988
-2.711055 151.460287 -54.709557 26.760536 -41.761544 -16.072851
-2.706886 151.460006 -54.709576 26.759734 -41.761744 -16.069717
-2.702715 151.459724 -54.709594 26.758932 -41.761945 -16.066586
-2.698541 151.459443 -54.709613 26.758131 -41.762146 -16.063458
-2.694366 151.459162 -54.709631 26.757329 -41.762347 -16.060332
-2.690190 151.458881 -54.709650 26.756527 -41.762548 -16.057210
-2.686011 151.458600 -54.709668 26.755723 -41.762749 -16.054090
-2.681831 151.458320 -54.709687 26.754922 -41.762950 -16.050974
-2.677648 151.458040 -54.709705 26.754118 -41.763151 -16.047860
-2.673463 151.457760 -54.709724 26.753316 -41.763352 -16.044749
-2.669277 151.457481 -54.709742 26.752513 -41.763553 -16.041641
-2.665089 151.457202 -54.709761 26.751710 -41.763754 -16.038536
-2.660898 151.456923 -54.709779 26.750907 -41.763956 -16.035434
-2.656706 151.456644 -54.709798 26.750103 -41.764157 -16.032335
-2.652511 151.456365 -54.709816 26.749300 -41.764358 -16.029239
-2.648316 151.456087 -54.709835 26.748496 -41.764559 -16.026146
-2.644118 151.455809 -54.709853 26.747692 -41.764760 -16.023056
-2.639918 151.455531 -54.709872 26.746889 -41.764962 -16.019969
-2.635716 151.455254 -54.709890 26.746085 -41.765163 -16.016884
-2.631512 151.454977 -54.709909 26.745280 -41.765364 -16.013802
-2.627307 151.454700 -54.709927 26.744477 -41.765566 -16.010724
-2.623100 151.454423 -54.709946 26.743672 -41.765767 -16.007648
-2.618891 151.454146 -54.709964 26.742868 -41.765968 -16.004575
-2.614679 151.453870 -54.709983 26.742063 -41.766170 -16.001505
-2.610466 151.453594 -54.710002 26.741258 -41.766371 -15.998438
-2.606251 151.453319 -54.710020 26.740454 -41.766573 -15.995374
-2.602034 151.453043 -54.710039 26.739648 -41.766774 -15.992312
-2.597816 151.452768 -54.710057 26.738843 -41.766976 -15.989254
-2.593595 151.452493 -54.710076 26.738038 -41.767177 -15.986199
-2.589373 151.452218 -54.710094 26.737233 -41.767379 -15.983147
-2.585148 151.451944 -54.710113 26.736427 -41.767580 -15.980098
-2.580922 151.451670 -54.710131 26.735623 -41.767782 -15.977052
-2.576694 151.451396 -54.710150 26.734817 -41.767983 -15.974008
-2.572465 151.451122 -54.710169 26.734011 -41.768185 -15.970967
-2.568233 151.450849 -54.710187 26.733205 -41.768387 -15.967929
-2.563999 151.450576 -54.710206 26.732399 -41.768588 -15.964895
-2.559763 151.450303 -54.710224 26.731593 -41.768790 -15.961863
-2.555526 151.450030 -54.710243 26.730786 -41.768992 -15.958834
-2.551288 151.449758 -54.710261 26.729980 -41.769194 -15.955808
-2.547046 151.449486 -54.710280 26.729174 -41.769395 -15.952785
-2.542804 151.449214 -54.710299 26.728367 -41.769597 -15.949765
-2.538559 151.448943 -54.710317 26.727561 -41.769799 -15.946748
-2.534312 151.448671 -54.710336 26.726754 -41.770001 -15.943734
-2.530064 151.448400 -54.710354 26.725946 -41.770203 -15.940722
-2.525814 151.448129 -54.710373 26.725141 -41.770404 -15.937715
-2.521562 151.447859 -54.710391 26.724333 -41.770606 -15.934709
-2.517309 151.447588 -54.710410 26.723526 -41.770808 -15.931706
-2.513053 151.447319 -54.710429 26.722719 -41.771010 -15.928707
-2.508796 151.447049 -54.710447 26.721912 -41.771212 -15.925711
-2.504538 151.446779 -54.710466 26.721104 -41.771414 -15.922717
-2.500276 151.446510 -54.710484 26.720296 -41.771616 -15.919725
-2.496013 151.446241 -54.710503 26.719489 -41.771818 -15.916738
-2.491749 151.445972 -54.710522 26.718681 -41.772020 -15.913754
-2.487483 151.445704 -54.710540 26.717873 -41.772222 -15.910771
-2.483215 151.445435 -54.710559 26.717066 -41.772424 -15.907792
-2.478945 151.445167 -54.710577 26.716257 -41.772626 -15.904817
-2.474673 151.444900 -54.710596 26.715450 -41.772828 -15.901844
-2.470400 151.444632 -54.710615 26.714641 -41.773030 -15.898873
-2.466125 151.444365 -54.710633 26.713833 -41.773232 -15.895906
-2.461848 151.444098 -54.710652 26.713024 -41.773435 -15.892942
-2.457570 151.443831 -54.710670 26.712216 -41.773637 -15.889980
-2.453289 151.443565 -54.710689 26.711408 -41.773839 -15.887022
-2.449007 151.443299 -54.710708 26.710598 -41.774041 -15.884066
-2.444723 151.443033 -54.710726 26.709790 -41.774243 -15.881114
-2.440437 151.442767 -54.710745 26.708981 -41.774445 -15.878165
-2.436150 151.442502 -54.710763 26.708173 -41.774647 -15.875218
-2.431861 151.442237 -54.710782 26.707364 -41.774850 -15.872274
-2.427570 151.441972 -54.710801 26.706554 -41.775052 -15.869334
-2.423278 151.441707 -54.710819 26.705746 -41.775254 -15.866396
-2.418982 151.441443 -54.710838 26.704937 -41.775456 -15.863461
-2.414687 151.441179 -54.710856 26.704127 -41.775659 -15.860529
-2.410389 151.440915 -54.710875 26.703318 -41.775861 -15.857601
-2.406089 151.440651 -54.710894 26.702509 -41.776063 -15.854674
-2.401788 151.440388 -54.710912 26.701699 -41.776266 -15.851751
-2.397485 151.440125 -54.710931 26.700890 -41.776468 -15.848831
-2.393181 151.439862 -54.710950 26.700080 -41.776670 -15.845914
-2.388874 151.439599 -54.710968 26.699270 -41.776872 -15.843000
-2.384566 151.439337 -54.710987 26.698460 -41.777075 -15.840088
-2.380256 151.439075 -54.711005 26.697650 -41.777277 -15.837180
-2.375944 151.438813 -54.711024 26.696840 -41.777480 -15.834274
-2.371631 151.438552 -54.711043 26.696030 -41.777682 -15.831373
-2.367316 151.438290 -54.711061 26.695220 -41.777884 -15.828473
-2.362999 151.438029 -54.711080 26.694410 -41.778087 -15.825576
-2.358681 151.437769 -54.711099 26.693601 -41.778289 -15.822683
-2.354360 151.437508 -54.711117 26.692791 -41.778491 -15.819792
-2.350039 151.437248 -54.711136 26.691981 -41.778694 -15.816905
-2.345715 151.436988 -54.711154 26.691169 -41.778896 -15.814020
-2.341390 151.436728 -54.711173 26.690359 -41.779099 -15.811138
-2.337064 151.436469 -54.711192 26.689549 -41.779301 -15.808260
-2.332736 151.436210 -54.711210 26.688738 -41.779503 -15.805383
-2.328405 151.435951 -54.711229 26.687928 -41.779706 -15.802510
-2.324074 151.435692 -54.711248 26.687117 -41.779908 -15.799640
-2.319739 151.435434 -54.711266 26.686307 -41.780111 -15.796774
-2.315405 151.435175 -54.711285 26.685496 -41.780313 -15.793910
-2.311068 151.434918 -54.711303 26.684684 -41.780516 -15.791048
-2.306729 151.434660 -54.711322 26.683874 -41.780718 -15.788190
-2.302390 151.434403 -54.711341 26.683063 -41.780921 -15.785335
-2.298048 151.434145 -54.711359 26.682252 -41.781123 -15.782482
-2.293704 151.433889 -54.711378 26.681442 -41.781326 -15.779634
-2.289360 151.433632 -54.711397 26.680630 -41.781528 -15.776787
-2.285013 151.433376 -54.711415 26.679819 -41.781731 -15.773943
-2.280665 151.433120 -54.711434 26.679008 -41.781933 -15.771104
-2.276315 151.432864 -54.711453 26.678196 -41.782136 -15.768266
-2.271963 151.432608 -54.711471 26.677385 -41.782338 -15.765432
-2.267610 151.432353 -54.711490 26.676574 -41.782541 -15.762600
-2.263255 151.432098 -54.711508 26.675762 -41.782743 -15.759771
-2.258899 151.431843 -54.711527 26.674951 -41.782946 -15.756946
-2.254541 151.431589 -54.711546 26.674140 -41.783149 -15.754123
-2.250182 151.431334 -54.711564 26.673328 -41.783351 -15.751304
-2.245820 151.431080 -54.711583 26.672517 -41.783554 -15.748487
-2.241457 151.430827 -54.711602 26.671706 -41.783756 -15.745673
-2.237092 151.430573 -54.711620 26.670894 -41.783959 -15.742863
-2.232726 151.430320 -54.711639 26.670082 -41.784161 -15.740054
-2.228359 151.430067 -54.711658 26.669270 -41.784364 -15.737250
-2.223989 151.429814 -54.711676 26.668459 -41.784566 -15.734447
-2.219619 151.429562 -54.711695 26.667647 -41.784769 -15.731648
-2.215247 151.429309 -54.711713 26.666835 -41.784972 -15.728852
-2.210872 151.429058 -54.711732 26.666023 -41.785174 -15.726059
-2.206497 151.428806 -54.711751 26.665212 -41.785377 -15.723269
-2.202119 151.428555 -54.711769 26.664401 -41.785579 -15.720483
-2.197741 151.428303 -54.711788 26.663588 -41.785782 -15.717698
-2.193361 151.428053 -54.711807 26.662776 -41.785984 -15.714918
-2.188979 151.427802 -54.711825 26.661964 -41.786187 -15.712138
-2.184595 151.427552 -54.711844 26.661152 -41.786389 -15.709363
-2.180210 151.427302 -54.711863 26.660341 -41.786592 -15.706592
-2.175824 151.427052 -54.711881 26.659528 -41.786795 -15.703822
-2.171436 151.426802 -54.711900 26.658717 -41.786997 -15.701055
-2.167046 151.426553 -54.711919 26.657904 -41.787200 -15.698292
-2.162655 151.426304 -54.711937 26.657093 -41.787402 -15.695532
-2.158262 151.426055 -54.711956 26.656280 -41.787605 -15.692774
-2.153868 151.425806 -54.711974 26.655468 -41.787807 -15.690020
-2.149472 151.425558 -54.711993 26.654656 -41.788010 -15.687268
-2.145075 151.425310 -54.712012 26.653844 -41.788212 -15.684520
-2.140676 151.425062 -54.712030 26.653031 -41.788415 -15.681774
-2.136276 151.424815 -54.712049 26.652220 -41.788617 -15.679032
-2.131874 151.424568 -54.712068 26.651407 -41.788820 -15.676292
-2.127470 151.424321 -54.712086 26.650594 -41.789023 -15.673555
-2.123065 151.424074 -54.712105 26.649783 -41.789225 -15.670822
-2.118659 151.423828 -54.712124 26.648970 -41.789428 -15.668090
-2.114251 151.423582 -54.712142 26.648159 -41.789630 -15.665364
-2.109841 151.423336 -54.712161 26.647346 -41.789833 -15.662638
-2.105431 151.423090 -54.712179 26.646534 -41.790035 -15.659917
-2.101018 151.422845 -54.712198 26.645721 -41.790238 -15.657197
-2.096604 151.422599 -54.712217 26.644909 -41.790440 -15.654482
-2.092188 151.422355 -54.712235 26.644097 -41.790643 -15.651769
-2.087771 151.422110 -54.712254 26.643284 -41.790845 -15.649059
-2.083353 151.421866 -54.712273 26.642473 -41.791048 -15.646352
-2.078933 151.421622 -54.712291 26.641660 -41.791250 -15.643649
-2.074511 151.421378 -54.712310 26.640847 -41.791453 -15.640947
-2.070088 151.421134 -54.712328 26.640035 -41.791655 -15.638249
-2.065664 151.420891 -54.712347 26.639223 -41.791858 -15.635555
-2.061238 151.420648 -54.712366 26.638411 -41.792060 -15.632863
-2.056810 151.420405 -54.712384 26.637598 -41.792263 -15.630173
-2.052382 151.420163 -54.712403 26.636787 -41.792465 -15.627487
-2.047951 151.419920 -54.712422 26.635974 -41.792667 -15.624804
-2.043520 151.419678 -54.712440 26.635161 -41.792870 -15.622124
-2.039087 151.419437 -54.712459 26.634349 -41.793072 -15.619447
-2.034652 151.419195 -54.712478 26.633536 -41.793275 -15.616772
-2.030216 151.418954 -54.712496 26.632725 -41.793477 -15.614101
-2.025779 151.418713 -54.712515 26.631912 -41.793680 -15.611432
-2.021339 151.418472 -54.712533 26.631100 -41.793882 -15.608768
-2.016899 151.418232 -54.712552 26.630287 -41.794084 -15.606106
-2.012457 151.417992 -54.712571 26.629476 -41.794286 -15.603447
-2.008014 151.417752 -54.712589 26.628663 -41.794489 -15.600790
-2.003569 151.417512 -54.712608 26.627851 -41.794691 -15.598137
-1.999123 151.417273 -54.712626 26.627040 -41.794893 -15.595487
-1.994675 151.417034 -54.712645 26.626227 -41.795096 -15.592839
-1.990226 151.416795 -54.712664 26.625415 -41.795298 -15.590195
-1.985776 151.416557 -54.712682 26.624602 -41.795501 -15.587554
-1.981324 151.416318 -54.712701 26.623790 -41.795703 -15.584915
-1.976870 151.416080 -54.712720 26.622979 -41.795905 -15.582280
-1.972415 151.415842 -54.712738 26.622166 -41.796107 -15.579647
-1.967959 151.415605 -54.712757 26.621354 -41.796310 -15.577018
-1.963502 151.415368 -54.712775 26.620542 -41.796512 -15.574392
-1.959043 151.415131 -54.712794 26.619729 -41.796714 -15.571767
-1.954583 151.414894 -54.712813 26.618918 -41.796916 -15.569147
-1.950121 151.414658 -54.712831 26.618106 -41.797118 -15.566530
-1.945658 151.414421 -54.712850 26.617294 -41.797321 -15.563916
-1.941194 151.414186 -54.712868 26.616483 -41.797523 -15.561304
-1.936728 151.413950 -54.712887 26.615670 -41.797725 -15.558695
-1.932261 151.413714 -54.712906 26.614858 -41.797927 -15.556089
-1.927792 151.413479 -54.712924 26.614046 -41.798129 -15.553487
-1.923322 151.413244 -54.712943 26.613234 -41.798331 -15.550887
-1.918850 151.413010 -54.712961 26.612423 -41.798533 -15.548291
-1.914378 151.412775 -54.712980 26.611611 -41.798736 -15.545697
-1.909904 151.412541 -54.712999 26.610799 -41.798938 -15.543107
-1.905429 151.412308 -54.713017 26.609987 -41.799140 -15.540519
-1.900952 151.412074 -54.713036 26.609176 -41.799342 -15.537935
-1.896473 151.411841 -54.713054 26.608364 -41.799544 -15.535353
-1.891994 151.411608 -54.713073 26.607553 -41.799746 -15.532775
-1.887513 151.411375 -54.713091 26.606742 -41.799948 -15.530200
-1.883030 151.411142 -54.713110 26.605930 -41.800150 -15.527627
-1.878548 151.410910 -54.713129 26.605118 -41.800352 -15.525056
-1.874062 151.410678 -54.713147 26.604307 -41.800553 -15.522490
-1.869576 151.410447 -54.713166 26.603496 -41.800755 -15.519927
-1.865089 151.410215 -54.713184 26.602684 -41.800957 -15.517366
-1.860600 151.409984 -54.713203 26.601873 -41.801159 -15.514809
-1.856110 151.409753 -54.713222 26.601062 -41.801361 -15.512254
-1.851618 151.409522 -54.713240 26.600251 -41.801563 -15.509702
-1.847125 151.409292 -54.713259 26.599439 -41.801765 -15.507153
-1.842631 151.409062 -54.713277 26.598629 -41.801967 -15.504608
-1.838135 151.408832 -54.713296 26.597817 -41.802169 -15.502065
-1.833639 151.408603 -54.713314 26.597006 -41.802370 -15.499526
-1.829140 151.408373 -54.713333 26.596196 -41.802572 -15.496989
-1.824641 151.408144 -54.713351 26.595384 -41.802774 -15.494455
-1.820140 151.407915 -54.713370 26.594573 -41.802975 -15.491924
-1.815638 151.407687 -54.713389 26.593763 -41.803177 -15.489396
-1.811135 151.407459 -54.713407 26.592952 -41.803379 -15.486872
-1.806630 151.407231 -54.713426 26.592141 -41.803580 -15.484351
-1.802125 151.407003 -54.713444 26.591331 -41.803782 -15.481831
-1.797618 151.406775 -54.713463 26.590520 -41.803984 -15.479316
-1.793108 151.406548 -54.713481 26.589710 -41.804185 -15.476803
-1.788599 151.406321 -54.713500 26.588899 -41.804387 -15.474293
