-49.977708 149.946260 13.430111 15.663154 180.039917 -0.000000
-49.977735 149.946327 13.425240 15.662070 180.039866 -0.000000
-49.977763 149.946393 13.420368 15.660987 180.039815 -0.000000
-49.977791 149.946460 13.415497 15.659904 180.039764 -0.000000
-49.977818 149.946527 13.410626 15.658822 180.039713 -0.000000
-49.977846 149.946594 13.405755 15.657740 180.039662 -0.000000
-49.977874 149.946661 13.400883 15.656659 180.039611 -0.000000
-49.977902 149.946728 13.396012 15.655578 180.039560 -0.000000
-49.977929 149.946795 13.391140 15.654497 180.039509 -0.000000
-49.977957 149.946862 13.386268 15.653417 180.039458 -0.000000
-49.977985 149.946930 13.381396 15.652337 180.039407 -0.000000
-49.978013 149.946997 13.376525 15.651257 180.039355 -0.000000
-49.978041 149.947064 13.371653 15.650178 180.039304 -0.000000
-49.978068 149.947131 13.366781 15.649099 180.039253 -0.000000
-49.978096 149.947199 13.361908 15.648021 180.039202 -0.000000
-49.978124 149.947266 13.357036 15.646943 180.039151 -0.000000
-49.978152 149.947333 13.352164 15.645866 180.039100 -0.000000
-49.978180 149.947401 13.347291 15.644789 180.039048 -0.000000
-49.978208 149.947468 13.342419 15.643712 180.038997 -0.000000
-49.978236 149.947536 13.337546 15.642636 180.038946 -0.000000
-49.978264 149.947603 13.332674 15.641560 180.038895 -0.000000
-49.978292 149.947671 13.327801 15.640484 180.038844 -0.000000
-49.978320 149.947738 13.322928 15.639409 180.038792 -0.000000
-49.978348 149.947806 13.318055 15.638335 180.038741 -0.000000
-49.978376 149.947873 13.313182 15.637260 180.038690 -0.000000
-49.978404 149.947941 13.308309 15.636186 180.038638 -0.000000
-49.978432 149.948009 13.303436 15.635113 180.038587 -0.000000
-49.978460 149.948077 13.298563 15.634040 180.038536 -0.000000
-49.978488 149.948144 13.293689 15.632967 180.038484 -0.000000
-49.978516 149.948212 13.288816 15.631895 180.038433 -0.000000
-49.978544 149.948280 13.283942 15.630823 180.038381 -0.000000
-49.978572 149.948348 13.279069 15.629752 180.038330 -0.000000
-49.978600 149.948416 13.274195 15.628681 180.038279 -0.000000
-49.978628 149.948484 13.269321 15.627610 180.038227 -0.000000
-49.978657 149.948552 13.264447 15.626540 180.038176 -0.000000
-49.978685 149.948620 13.259573 15.625470 180.038124 -0.000000
-49.978713 149.948688 13.254699 15.624400 180.038073 -0.000000
-49.978741 149.948756 13.249825 15.623331 180.038021 -0.000000
-49.978769 149.948824 13.244951 15.622263 180.037970 -0.000000
-49.978798 149.948892 13.240077 15.621194 180.037918 -0.000000
-49.978826 149.948961 13.235202 15.620126 180.037867 -0.000000
-49.978854 149.949029 13.230328 15.619059 180.037815 -0.000000
-49.978882 149.949097 13.225453 15.617992 180.037764 -0.000000
-49.978911 149.949165 13.220578 15.616925 180.037712 -0.000000
-49.978939 149.949234 13.215704 15.615859 180.037660 -0.000000
-49.978967 149.949302 13.210829 15.614793 180.037609 -0.000000
-49.978996 149.949371 13.205954 15.613728 180.037557 -0.000000
-49.979024 149.949439 13.201079 15.612663 180.037505 -0.000000
-49.979052 149.949508 13.196204 15.611598 180.037454 -0.000000
-49.979081 149.949576 13.191329 15.610534 180.037402 -0.000000
-49.979109 149.949645 13.186453 15.609470 180.037350 -0.000000
-49.979138 149.949713 13.181578 15.608406 180.037299 -0.000000
-49.979166 149.949782 13.176703 15.607343 180.037247 -0.000000
-49.979194 149.949851 13.171827 15.606281 180.037195 -0.000000
-49.979223 149.949919 13.166952 15.605218 180.037143 -0.000000
-49.979251 149.949988 13.162076 15.604157 180.037091 -0.000000
-49.979280 149.950057 13.157200 15.603095 180.037040 -0.000000
-49.979308 149.950126 13.152324 15.602034 180.036988 -0.000000
-49.979337 149.950194 13.147448 15.600973 180.036936 -0.000000
-49.979365 149.950263 13.142572 15.599913 180.036884 -0.000000
-49.979394 149.950332 13.137696 15.598853 180.036832 -0.000000
-49.979423 149.950401 13.132820 15.597794 180.036780 -0.000000
-49.979451 149.950470 13.127944 15.596735 180.036729 -0.000000
-49.979480 149.950539 13.123067 15.595676 180.036677 -0.000000
-49.979508 149.950608 13.118191 15.594618 180.036625 -0.000000
-49.979537 149.950677 13.113314 15.593560 180.036573 -0.000000
-49.979566 149.950746 13.108438 15.592502 180.036521 -0.000000
-49.979594 149.950815 13.103561 15.591445 180.036469 -0.000000
-49.979623 149.950885 13.098684 15.590389 180.036417 -0.000000
-49.979652 149.950954 13.093807 15.589332 180.036365 -0.000000
-49.979680 149.951023 13.088930 15.588276 180.036313 -0.000000
-49.979709 149.951092 13.084053 15.587221 180.036261 -0.000000
-49.979738 149.951162 13.079176 15.586166 180.036209 -0.000000
-49.979766 149.951231 13.074299 15.585111 180.036157 -0.000000
-49.979795 149.951300 13.069422 15.584057 180.036104 -0.000000
-49.979824 149.951370 13.064544 15.583003 180.036052 -0.000000
-49.979853 149.951439 13.059667 15.581950 180.036000 -0.000000
-49.979882 149.951509 13.054789 15.580897 180.035948 -0.000000
-49.979910 149.951578 13.049912 15.579844 180.035896 -0.000000
-49.979939 149.951648 13.045034 15.578792 180.035844 -0.000000
-49.979968 149.951717 13.040156 15.577740 180.035792 -0.000000
-49.979997 149.951787 13.035278 15.576688 180.035739 -0.000000
-49.980026 149.951857 13.030400 15.575637 180.035687 -0.000000
-49.980055 149.951926 13.025522 15.574586 180.035635 -0.000000
-49.980084 149.951996 13.020644 15.573536 180.035583 -0.000000
-49.980112 149.952066 13.015766 15.572486 180.035530 -0.000000
-49.980141 149.952135 13.010887 15.571437 180.035478 -0.000000
-49.980170 149.952205 13.006009 15.570388 180.035426 -0.000000
-49.980199 149.952275 13.001131 15.569339 180.035374 -0.000000
-49.980228 149.952345 12.996252 15.568291 180.035321 -0.000000
-49.980257 149.952415 12.991373 15.567243 180.035269 -0.000000
-49.980286 149.952485 12.986495 15.566195 180.035217 -0.000000
-49.980315 149.952555 12.981616 15.565148 180.035164 -0.000000
-49.980344 149.952625 12.976737 15.564101 180.035112 -0.000000
-49.980373 149.952695 12.971858 15.563055 180.035059 -0.000000
-49.980402 149.952765 12.966979 15.562009 180.035007 -0.000000
-49.980431 149.952835 12.962100 15.560964 180.034954 -0.000000
-49.980460 149.952905 12.957220 15.559918 180.034902 -0.000000
-49.980490 149.952975 12.952341 15.558874 180.034850 -0.000000
-49.980519 149.953046 12.947462 15.557829 180.034797 -0.000000
-49.980548 149.953116 12.942582 15.556785 180.034745 -0.000000
-49.980577 149.953186 12.937703 15.555742 180.034692 -0.000000
-49.980606 149.953256 12.932823 15.554699 180.034639 -0.000000
-49.980635 149.953327 12.927943 15.553656 180.034587 -0.000000
-49.980664 149.953397 12.923063 15.552614 180.034534 -0.000000
-49.980694 149.953468 12.918183 15.551572 180.034482 -0.000000
-49.980723 149.953538 12.913303 15.550530 180.034429 -0.000000
-49.980752 149.953608 12.908423 15.549489 180.034377 -0.000000
-49.980781 149.953679 12.903543 15.548448 180.034324 -0.000000
-49.980810 149.953749 12.898663 15.547408 180.034271 -0.000000
-49.980840 149.953820 12.893783 15.546368 180.034219 -0.000000
-49.980869 149.953891 12.888902 15.545328 180.034166 -0.000000
-49.980898 149.953961 12.884022 15.544289 180.034113 -0.000000
-49.980928 149.954032 12.879141 15.543250 180.034060 -0.000000
-49.980957 149.954103 12.874260 15.542212 180.034008 -0.000000
-49.980986 149.954173 12.869380 15.541174 180.033955 -0.000000
-49.981016 149.954244 12.864499 15.540136 180.033902 -0.000000
-49.981045 149.954315 12.859618 15.539099 180.033849 -0.000000
-49.981074 149.954386 12.854737 15.538062 180.033797 -0.000000
-49.981104 149.954457 12.849856 15.537026 180.033744 -0.000000
-49.981133 149.954528 12.844975 15.535990 180.033691 -0.000000
-49.981163 149.954598 12.840093 15.534955 180.033638 -0.000000
-49.981192 149.954669 12.835212 15.533919 180.033585 -0.000000
-49.981221 149.954740 12.830331 15.532884 180.033532 -0.000000
-49.981251 149.954811 12.825449 15.531850 180.033479 -0.000000
-49.981280 149.954882 12.820568 15.530816 180.033427 -0.000000
-49.981310 149.954954 12.815686 15.529782 180.033374 -0.000000
-49.981339 149.955025 12.810804 15.528749 180.033321 -0.000000
-49.981369 149.955096 12.805922 15.527716 180.033268 -0.000000
-49.981398 149.955167 12.801041 15.526684 180.033215 -0.000000
-49.981428 149.955238 12.796159 15.525652 180.033162 -0.000000
-49.981457 149.955309 12.791277 15.524620 180.033109 -0.000000
-49.981487 149.955381 12.786394 15.523589 180.033056 -0.000000
-49.981517 149.955452 12.781512 15.522558 180.033003 -0.000000
-49.981546 149.955523 12.776630 15.521528 180.032950 -0.000000
-49.981576 149.955595 12.771747 15.520498 180.032897 -0.000000
-49.981605 149.955666 12.766865 15.519468 180.032843 -0.000000
-49.981635 149.955738 12.761982 15.518439 180.032790 -0.000000
-49.981665 149.955809 12.757100 15.517410 180.032737 -0.000000
-49.981694 149.955881 12.752217 15.516381 180.032684 -0.000000
-49.981724 149.955952 12.747334 15.515353 180.032631 -0.000000
-49.981754 149.956024 12.742451 15.514326 180.032578 -0.000000
-49.981783 149.956095 12.737568 15.513298 180.032525 -0.000000
-49.981813 149.956167 12.732685 15.512271 180.032471 -0.000000
-49.981843 149.956239 12.727802 15.511245 180.032418 -0.000000
-49.981873 149.956310 12.722919 15.510219 180.032365 -0.000000
-49.981902 149.956382 12.718036 15.509193 180.032312 -0.000000
-49.981932 149.956454 12.713152 15.508168 180.032258 -0.000000
-49.981962 149.956525 12.708269 15.507143 180.032205 -0.000000
-49.981992 149.956597 12.703385 15.506118 180.032152 -0.000000
-49.982021 149.956669 12.698502 15.505094 180.032098 -0.000000
-49.982051 149.956741 12.693618 15.504070 180.032045 -0.000000
-49.982081 149.956813 12.688734 15.503047 180.031992 -0.000000
-49.982111 149.956885 12.683850 15.502024 180.031938 -0.000000
-49.982141 149.956957 12.678966 15.501002 180.031885 -0.000000
-49.982171 149.957029 12.674082 15.499979 180.031832 -0.000000
-49.982200 149.957101 12.669198 15.498958 180.031778 -0.000000
-49.982230 149.957173 12.664314 15.497936 180.031725 -0.000000
-49.982260 149.957245 12.659430 15.496915 180.031671 -0.000000
-49.982290 149.957317 12.654545 15.495895 180.031618 -0.000000
-49.982320 149.957389 12.649661 15.494875 180.031564 -0.000000
-49.982350 149.957461 12.644776 15.493855 180.031511 -0.000000
-49.982380 149.957534 12.639892 15.492835 180.031457 -0.000000
-49.982410 149.957606 12.635007 15.491816 180.031404 -0.000000
-49.982440 149.957678 12.630122 15.490798 180.031350 -0.000000
-49.982470 149.957750 12.625238 15.489780 180.031296 -0.000000
-49.982500 149.957823 12.620353 15.488762 180.031243 -0.000000
-49.982530 149.957895 12.615468 15.487744 180.031189 -0.000000
-49.982560 149.957968 12.610583 15.486727 180.031136 -0.000000
-49.982590 149.958040 12.605697 15.485711 180.031082 -0.000000
-49.982620 149.958112 12.600812 15.484694 180.031028 -0.000000
-49.982650 149.958185 12.595927 15.483679 180.030975 -0.000000
-49.982680 149.958257 12.591041 15.482663 180.030921 -0.000000
-49.982710 149.958330 12.586156 15.481648 180.030867 -0.000000
-49.982741 149.958403 12.581270 15.480633 180.030814 -0.000000
-49.982771 149.958475 12.576385 15.479619 180.030760 -0.000000
-49.982801 149.958548 12.571499 15.478605 180.030706 -0.000000
-49.982831 149.958621 12.566613 15.477592 180.030652 -0.000000
-49.982861 149.958693 12.561727 15.476579 180.030598 -0.000000
-49.982891 149.958766 12.556841 15.475566 180.030545 -0.000000
-49.982922 149.958839 12.551955 15.474554 180.030491 -0.000000
-49.982952 149.958912 12.547069 15.473542 180.030437 -0.000000
-49.982982 149.958984 12.542183 15.472530 180.030383 -0.000000
-49.983012 149.959057 12.537297 15.471519 180.030329 -0.000000
-49.983042 149.959130 12.532410 15.470508 180.030275 -0.000000
-49.983073 149.959203 12.527524 15.469498 180.030221 -0.000000
-49.983103 149.959276 12.522637 15.468488 180.030168 -0.000000
-49.983133 149.959349 12.517751 15.467478 180.030114 -0.000000
-49.983164 149.959422 12.512864 15.466469 180.030060 -0.000000
-49.983194 149.959495 12.507977 15.465461 180.030006 -0.000000
-49.983224 149.959568 12.503090 15.464452 180.029952 -0.000000
-49.983255 149.959641 12.498203 15.463444 180.029898 -0.000000
-49.983285 149.959714 12.493316 15.462437 180.029844 -0.000000
-49.983315 149.959787 12.488429 15.461429 180.029790 -0.000000
-49.983346 149.959861 12.483542 15.460423 180.029735 -0.000000
-49.983376 149.959934 12.478655 15.459416 180.029681 -0.000000
-49.983406 149.960007 12.473768 15.458410 180.029627 -0.000000
-49.983437 149.960080 12.468880 15.457404 180.029573 -0.000000
-49.983467 149.960154 12.463993 15.456399 180.029519 -0.000000
-49.983498 149.960227 12.459105 15.455394 180.029465 -0.000000
-49.983528 149.960300 12.454217 15.454390 180.029411 -0.000000
-49.983559 149.960374 12.449330 15.453386 180.029357 -0.000000
-49.983589 149.960447 12.444442 15.452382 180.029302 -0.000000
-49.983620 149.960521 12.439554 15.451379 180.029248 -0.000000
-49.983650 149.960594 12.434666 15.450376 180.029194 -0.000000
-49.983681 149.960667 12.429778 15.449374 180.029140 -0.000000
-49.983711 149.960741 12.424890 15.448371 180.029085 -0.000000
-49.983742 149.960815 12.420002 15.447370 180.029031 -0.000000
-49.983772 149.960888 12.415113 15.446368 180.028977 -0.000000
-49.983803 149.960962 12.410225 15.445367 180.028922 -0.000000
-49.983833 149.961035 12.405337 15.444367 180.028868 -0.000000
-49.983864 149.961109 12.400448 15.443367 180.028814 -0.000000
-49.983894 149.961183 12.395560 15.442367 180.028759 -0.000000
-49.983925 149.961257 12.390671 15.441368 180.028705 -0.000000
-49.983956 149.961330 12.385782 15.440369 180.028651 -0.000000
-49.983986 149.961404 12.380893 15.439370 180.028596 -0.000000
-49.984017 149.961478 12.376004 15.438372 180.028542 -0.000000
-49.984048 149.961552 12.371115 15.437374 180.028487 -0.000000
-49.984078 149.961626 12.366226 15.436377 180.028433 -0.000000
-49.984109 149.961700 12.361337 15.435380 180.028378 -0.000000
-49.984140 149.961774 12.356448 15.434383 180.028324 -0.000000
-49.984170 149.961848 12.351559 15.433387 180.028269 -0.000000
-49.984201 149.961922 12.346669 15.432391 180.028215 -0.000000
-49.984232 149.961996 12.341780 15.431396 180.028160 -0.000000
-49.984263 149.962070 12.336890 15.430401 180.028106 -0.000000
-49.984293 149.962144 12.332001 15.429406 180.028051 -0.000000
-49.984324 149.962218 12.327111 15.428412 180.027996 -0.000000
-49.984355 149.962292 12.322221 15.427418 180.027942 -0.000000
-49.984386 149.962366 12.317331 15.426424 180.027887 -0.000000
-49.984416 149.962440 12.312441 15.425431 180.027832 -0.000000
-49.984447 149.962515 12.307551 15.424438 180.027778 -0.000000
-49.984478 149.962589 12.302661 15.423446 180.027723 -0.000000
-49.984509 149.962663 12.297771 15.422454 180.027668 -0.000000
-49.984540 149.962737 12.292881 15.421463 180.027614 -0.000000
-49.984571 149.962812 12.287990 15.420472 180.027559 -0.000000
-49.984601 149.962886 12.283100 15.419481 180.027504 -0.000000
-49.984632 149.962961 12.278210 15.418490 180.027449 -0.000000
-49.984663 149.963035 12.273319 15.417500 180.027394 -0.000000
-49.984694 149.963109 12.268428 15.416511 180.027340 -0.000000
-49.984725 149.963184 12.263538 15.415522 180.027285 -0.000000
-49.984756 149.963258 12.258647 15.414533 180.027230 -0.000000
-49.984787 149.963333 12.253756 15.413544 180.027175 -0.000000
-49.984818 149.963408 12.248865 15.412556 180.027120 -0.000000
-49.984849 149.963482 12.243974 15.411569 180.027065 -0.000000
-49.984880 149.963557 12.239083 15.410582 180.027010 -0.000000
-49.984911 149.963631 12.234192 15.409595 180.026955 -0.000000
-49.984942 149.963706 12.229301 15.408608 180.026900 -0.000000
-49.984973 149.963781 12.224409 15.407622 180.026845 -0.000000
-49.985004 149.963856 12.219518 15.406636 180.026790 -0.000000
-49.985035 149.963930 12.214626 15.405651 180.026735 -0.000000
-49.985066 149.964005 12.209735 15.404666 180.026680 -0.000000
-49.985097 149.964080 12.204843 15.403682 180.026625 -0.000000
-49.985128 149.964155 12.199951 15.402698 180.026570 -0.000000
-49.985159 149.964230 12.195060 15.401714 180.026515 -0.000000
-49.985190 149.964305 12.190168 15.400731 180.026460 -0.000000
-49.985221 149.964380 12.185276 15.399748 180.026405 -0.000000
-49.985253 149.964454 12.180384 15.398765 180.026350 -0.000000
-49.985284 149.964529 12.175492 15.397783 180.026295 -0.000000
-49.985315 149.964604 12.170599 15.396801 180.026240 -0.000000
-49.985346 149.964680 12.165707 15.395820 180.026184 -0.000000
-49.985377 149.964755 12.160815 15.394839 180.026129 -0.000000
-49.985408 149.964830 12.155922 15.393858 180.026074 -0.000000
-49.985440 149.964905 12.151030 15.392878 180.026019 -0.000000
-49.985471 149.964980 12.146137 15.391898 180.025963 -0.000000
-49.985502 149.965055 12.141245 15.390919 180.025908 -0.000000
-49.985533 149.965130 12.136352 15.389939 180.025853 -0.000000
-49.985564 149.965206 12.131459 15.388961 180.025798 -0.000000
-49.985596 149.965281 12.126566 15.387983 180.025742 -0.000000
-49.985627 149.965356 12.121673 15.387005 180.025687 -0.000000
-49.985658 149.965431 12.116780 15.386027 180.025631 -0.000000
-49.985689 149.965507 12.111887 15.385050 180.025576 -0.000000
-49.985721 149.965582 12.106994 15.384073 180.025521 -0.000000
-49.985752 149.965658 12.102101 15.383097 180.025465 -0.000000
-49.985783 149.965733 12.097207 15.382121 180.025410 -0.000000
-49.985815 149.965808 12.092314 15.381145 180.025354 -0.000000
-49.985846 149.965884 12.087421 15.380170 180.025299 -0.000000
-49.985877 149.965959 12.082527 15.379195 180.025243 -0.000000
-49.985909 149.966035 12.077633 15.378221 180.025188 -0.000000
-49.985940 149.966110 12.072740 15.377247 180.025132 -0.000000
-49.985972 149.966186 12.067846 15.376273 180.025077 -0.000000
-49.986003 149.966262 12.062952 15.375300 180.025021 -0.000000
-49.986034 149.966337 12.058058 15.374327 180.024966 -0.000000
-49.986066 149.966413 12.053164 15.373355 180.024910 -0.000000
-49.986097 149.966489 12.048270 15.372383 180.024854 -0.000000
-49.986129 149.966564 12.043376 15.371411 180.024799 -0.000000
-49.986160 149.966640 12.038481 15.370440 180.024743 -0.000000
-49.986192 149.966716 12.033587 15.369469 180.024688 -0.000000
-49.986223 149.966792 12.028693 15.368498 180.024632 -0.000000
-49.986254 149.966868 12.023798 15.367528 180.024576 -0.000000
-49.986286 149.966943 12.018904 15.366559 180.024520 -0.000000
-49.986317 149.967019 12.014009 15.365589 180.024465 -0.000000
-49.986349 149.967095 12.009114 15.364620 180.024409 -0.000000
-49.986381 149.967171 12.004220 15.363652 180.024353 -0.000000
-49.986412 149.967247 11.999325 15.362683 180.024297 -0.000000
-49.986444 149.967323 11.994430 15.361716 180.024242 -0.000000
-49.986475 149.967399 11.989535 15.360748 180.024186 -0.000000
-49.986507 149.967475 11.984640 15.359781 180.024130 -0.000000
-49.986538 149.967551 11.979745 15.358815 180.024074 -0.000000
-49.986570 149.967627 11.974849 15.357848 180.024018 -0.000000
-49.986602 149.967703 11.969954 15.356882 180.023962 -0.000000
-49.986633 149.967780 11.965059 15.355917 180.023906 -0.000000
-49.986665 149.967856 11.960163 15.354952 180.023850 -0.000000
-49.986696 149.967932 11.955268 15.353987 180.023794 -0.000000
-49.986728 149.968008 11.950372 15.353023 180.023738 -0.000000
-49.986760 149.968084 11.945476 15.352059 180.023682 -0.000000
-49.986791 149.968161 11.940581 15.351095 180.023626 -0.000000
-49.986823 149.968237 11.935685 15.350132 180.023570 -0.000000
-49.986855 149.968313 11.930789 15.349169 180.023514 -0.000000
-49.986886 149.968390 11.925893 15.348207 180.023458 -0.000000
-49.986918 149.968466 11.920997 15.347245 180.023402 -0.000000
-49.986950 149.968542 11.916101 15.346283 180.023346 -0.000000
-49.986982 149.968619 11.911204 15.345322 180.023290 -0.000000
-49.987013 149.968695 11.906308 15.344361 180.023234 -0.000000
-49.987045 149.968772 11.901412 15.343401 180.023178 -0.000000
-49.987077 149.968848 11.896515 15.342441 180.023122 -0.000000
-49.987109 149.968925 11.891619 15.341481 180.023065 -0.000000
-49.987140 149.969001 11.886722 15.340522 180.023009 -0.000000
-49.987172 149.969078 11.881826 15.339563 180.022953 -0.000000
-49.987204 149.969155 11.876929 15.338605 180.022897 -0.000000
-49.987236 149.969231 11.872032 15.337646 180.022840 -0.000000
-49.987268 149.969308 11.867135 15.336689 180.022784 -0.000000
-49.987300 149.969385 11.862238 15.335731 180.022728 -0.000000
-49.987331 149.969461 11.857341 15.334774 180.022672 -0.000000
-49.987363 149.969538 11.852444 15.333818 180.022615 -0.000000
-49.987395 149.969615 11.847547 15.332862 180.022559 -0.000000
-49.987427 149.969692 11.842650 15.331906 180.022503 -0.000000
-49.987459 149.969768 11.837752 15.330950 180.022446 -0.000000
-49.987491 149.969845 11.832855 15.329995 180.022390 -0.000000
-49.987523 149.969922 11.827958 15.329041 180.022333 -0.000000
-49.987555 149.969999 11.823060 15.328086 180.022277 -0.000000
-49.987587 149.970076 11.818162 15.327132 180.022220 -0.000000
-49.987619 149.970153 11.813265 15.326179 180.022164 -0.000000
-49.987651 149.970230 11.808367 15.325226 180.022107 -0.000000
-49.987683 149.970307 11.803469 15.324273 180.022051 -0.000000
-49.987714 149.970384 11.798571 15.323321 180.021994 -0.000000
-49.987746 149.970461 11.793673 15.322369 180.021938 -0.000000
-49.987778 149.970538 11.788775 15.321417 180.021881 -0.000000
-49.987810 149.970615 11.783877 15.320466 180.021825 -0.000000
-49.987843 149.970692 11.778979 15.319515 180.021768 -0.000000
-49.987875 149.970769 11.774080 15.318565 180.021711 -0.000000
-49.987907 149.970846 11.769182 15.317615 180.021655 -0.000000
-49.987939 149.970924 11.764284 15.316665 180.021598 -0.000000
-49.987971 149.971001 11.759385 15.315716 180.021541 -0.000000
-49.988003 149.971078 11.754487 15.314767 180.021485 -0.000000
-49.988035 149.971155 11.749588 15.313819 180.021428 -0.000000
-49.988067 149.971233 11.744689 15.312870 180.021371 -0.000000
-49.988099 149.971310 11.739790 15.311923 180.021315 -0.000000
-49.988131 149.971387 11.734892 15.310975 180.021258 -0.000000
-49.988163 149.971465 11.729993 15.310028 180.021201 -0.000000
-49.988195 149.971542 11.725094 15.309082 180.021144 -0.000000
-49.988228 149.971619 11.720195 15.308136 180.021087 -0.000000
-49.988260 149.971697 11.715295 15.307190 180.021031 -0.000000
-49.988292 149.971774 11.710396 15.306244 180.020974 -0.000000
-49.988324 149.971852 11.705497 15.305299 180.020917 -0.000000
-49.988356 149.971929 11.700597 15.304355 180.020860 -0.000000
-49.988388 149.972007 11.695698 15.303411 180.020803 -0.000000
-49.988421 149.972084 11.690798 15.302467 180.020746 -0.000000
-49.988453 149.972162 11.685899 15.301523 180.020689 -0.000000
-49.988485 149.972239 11.680999 15.300580 180.020632 -0.000000
-49.988517 149.972317 11.676099 15.299637 180.020575 -0.000000
-49.988550 149.972395 11.671200 15.298695 180.020518 -0.000000
-49.988582 149.972472 11.666300 15.297753 180.020461 -0.000000
-49.988614 149.972550 11.661400 15.296812 180.020404 -0.000000
-49.988646 149.972628 11.656500 15.295870 180.020347 -0.000000
-49.988679 149.972706 11.651600 15.294930 180.020290 -0.000000
-49.988711 149.972783 11.646699 15.293989 180.020233 -0.000000
-49.988743 149.972861 11.641799 15.293049 180.020176 -0.000000
-49.988776 149.972939 11.636899 15.292109 180.020119 -0.000000
-49.988808 149.973017 11.631998 15.291170 180.020061 -0.000000
-49.988840 149.973095 11.627098 15.290231 180.020004 -0.000000
-49.988873 149.973173 11.622197 15.289293 180.019947 -0.000000
-49.988905 149.973251 11.617297 15.288355 180.019890 -0.000000
-49.988937 149.973328 11.612396 15.287417 180.019833 -0.000000
-49.988970 149.973406 11.607495 15.286480 180.019775 -0.000000
-49.989002 149.973484 11.602594 15.285543 180.019718 -0.000000
-49.989034 149.973562 11.597694 15.284606 180.019661 -0.000000
-49.989067 149.973640 11.592793 15.283670 180.019603 -0.000000
-49.989099 149.973719 11.587892 15.282734 180.019546 -0.000000
-49.989132 149.973797 11.582990 15.281799 180.019489 -0.000000
-49.989164 149.973875 11.578089 15.280864 180.019431 -0.000000
-49.989197 149.973953 11.573188 15.279929 180.019374 -0.000000
-49.989229 149.974031 11.568287 15.278995 180.019317 -0.000000
-49.989261 149.974109 11.563385 15.278061 180.019259 -0.000000
-49.989294 149.974187 11.558484 15.277127 180.019202 -0.000000
-49.989326 149.974266 11.553582 15.276194 180.019144 -0.000000
-49.989359 149.974344 11.548681 15.275261 180.019087 -0.000000
-49.989391 149.974422 11.543779 15.274329 180.019029 -0.000000
-49.989424 149.974500 11.538877 15.273397 180.018972 -0.000000
-49.989456 149.974579 11.533975 15.272465 180.018914 -0.000000
-49.989489 149.974657 11.529073 15.271534 180.018857 -0.000000
-49.989521 149.974735 11.524171 15.270603 180.018799 -0.000000
-49.989554 149.974814 11.519269 15.269673 180.018742 -0.000000
-49.989587 149.974892 11.514367 15.268743 180.018684 -0.000000
-49.989619 149.974971 11.509465 15.267813 180.018626 -0.000000
-49.989652 149.975049 11.504563 15.266884 180.018569 -0.000000
-49.989684 149.975128 11.499660 15.265955 180.018511 -0.000000
-49.989717 149.975206 11.494758 15.265026 180.018453 -0.000000
-49.989749 149.975285 11.489855 15.264098 180.018396 -0.000000
-49.989782 149.975363 11.484953 15.263171 180.018338 -0.000000
-49.989815 149.975442 11.480050 15.262243 180.018280 -0.000000
-49.989847 149.975520 11.475148 15.261316 180.018222 -0.000000
-49.989880 149.975599 11.470245 15.260390 180.018165 -0.000000
-49.989913 149.975678 11.465342 15.259463 180.018107 -0.000000
-49.989945 149.975756 11.460439 15.258537 180.018049 -0.000000
-49.989978 149.975835 11.455536 15.257612 180.017991 -0.000000
-49.990011 149.975914 11.450633 15.256687 180.017933 -0.000000
-49.990043 149.975992 11.445730 15.255762 180.017875 -0.000000
-49.990076 149.976071 11.440827 15.254838 180.017818 -0.000000
-49.990109 149.976150 11.435924 15.253914 180.017760 -0.000000
-49.990141 149.976229 11.431020 15.252990 180.017702 -0.000000
-49.990174 149.976308 11.426117 15.252067 180.017644 -0.000000
-49.990207 149.976386 11.421213 15.251144 180.017586 -0.000000
-49.990240 149.976465 11.416310 15.250222 180.017528 -0.000000
-49.990272 149.976544 11.411406 15.249300 180.017470 -0.000000
-49.990305 149.976623 11.406502 15.248378 180.017412 -0.000000
-49.990338 149.976702 11.401599 15.247457 180.017354 -0.000000
-49.990371 149.976781 11.396695 15.246536 180.017296 -0.000000
-49.990404 149.976860 11.391791 15.245615 180.017238 -0.000000
-49.990436 149.976939 11.386887 15.244695 180.017180 -0.000000
-49.990469 149.977018 11.381983 15.243776 180.017121 -0.000000
-49.990502 149.977097 11.377079 15.242856 180.017063 -0.000000
-49.990535 149.977176 11.372175 15.241937 180.017005 -0.000000
-49.990568 149.977255 11.367270 15.241019 180.016947 -0.000000
-49.990600 149.977334 11.362366 15.240100 180.016889 -0.000000
-49.990633 149.977413 11.357462 15.239183 180.016831 -0.000000
-49.990666 149.977492 11.352557 15.238265 180.016772 -0.000000
-49.990699 149.977572 11.347653 15.237348 180.016714 -0.000000
-49.990732 149.977651 11.342748 15.236431 180.016656 -0.000000
-49.990765 149.977730 11.337843 15.235515 180.016598 -0.000000
-49.990798 149.977809 11.332939 15.234599 180.016539 -0.000000
-49.990831 149.977889 11.328034 15.233683 180.016481 -0.000000
-49.990864 149.977968 11.323129 15.232768 180.016423 -0.000000
-49.990896 149.978047 11.318224 15.231853 180.016364 -0.000000
-49.990929 149.978126 11.313319 15.230939 180.016306 -0.000000
-49.990962 149.978206 11.308414 15.230025 180.016247 -0.000000
-49.990995 149.978285 11.303509 15.229111 180.016189 -0.000000
-49.991028 149.978365 11.298604 15.228198 180.016131 -0.000000
-49.991061 149.978444 11.293698 15.227285 180.016072 -0.000000
-49.991094 149.978523 11.288793 15.226373 180.016014 -0.000000
-49.991127 149.978603 11.283888 15.225460 180.015955 -0.000000
-49.991160 149.978682 11.278982 15.224549 180.015897 -0.000000
-49.991193 149.978762 11.274076 15.223637 180.015838 -0.000000
-49.991226 149.978841 11.269171 15.222726 180.015779 -0.000000
-49.991259 149.978921 11.264265 15.221816 180.015721 -0.000000
-49.991292 149.979001 11.259359 15.220905 180.015662 -0.000000
-49.991325 149.979080 11.254453 15.219996 180.015604 -0.000000
-49.991358 149.979160 11.249548 15.219086 180.015545 -0.000000
-49.991391 149.979239 11.244642 15.218177 180.015486 -0.000000
-49.991424 149.979319 11.239736 15.217268 180.015428 -0.000000
-49.991457 149.979399 11.234829 15.216360 180.015369 -0.000000
-49.991491 149.979478 11.229923 15.215452 180.015310 -0.000000
-49.991524 149.979558 11.225017 15.214544 180.015252 -0.000000
-49.991557 149.979638 11.220111 15.213637 180.015193 -0.000000
-49.991590 149.979718 11.215204 15.212730 180.015134 -0.000000
-49.991623 149.979797 11.210298 15.211824 180.015075 -0.000000
-49.991656 149.979877 11.205391 15.210918 180.015016 -0.000000
-49.991689 149.979957 11.200485 15.210012 180.014958 -0.000000
-49.991722 149.980037 11.195578 15.209107 180.014899 -0.000000
-49.991756 149.980117 11.190671 15.208202 180.014840 -0.000000
-49.991789 149.980197 11.185764 15.207297 180.014781 -0.000000
-49.991822 149.980276 11.180857 15.206393 180.014722 -0.000000
-49.991855 149.980356 11.175951 15.205490 180.014663 -0.000000
-49.991888 149.980436 11.171043 15.204586 180.014604 -0.000000
-49.991921 149.980516 11.166136 15.203683 180.014545 -0.000000
-49.991955 149.980596 11.161229 15.202780 180.014486 -0.000000
-49.991988 149.980676 11.156322 15.201878 180.014427 -0.000000
-49.992021 149.980756 11.151415 15.200976 180.014368 -0.000000
-49.992054 149.980836 11.146507 15.200075 180.014309 -0.000000
-49.992087 149.980916 11.141600 15.199174 180.014250 -0.000000
-49.992121 149.980997 11.136692 15.198273 180.014191 -0.000000
-49.992154 149.981077 11.131785 15.197372 180.014132 -0.000000
-49.992187 149.981157 11.126877 15.196472 180.014073 -0.000000
-49.992221 149.981237 11.121970 15.195573 180.014014 0.000000
-49.992254 149.981317 11.117062 15.194674 180.013955 0.000000
-49.992287 149.981397 11.112154 15.193775 180.013895 0.000000
-49.992320 149.981477 11.107246 15.192876 180.013836 0.000000
-49.992354 149.981558 11.102338 15.191978 180.013777 0.000000
-49.992387 149.981638 11.097430 15.191080 180.013718 0.000000
-49.992420 149.981718 11.092522 15.190183 180.013659 0.000000
-49.992454 149.981799 11.087614 15.189286 180.013599 0.000000
