-29.531820 149.244037 -48.504304 0.686675 245.468528 0.000000
-29.531174 149.243960 -48.504582 0.686547 245.473466 0.000000
-29.530527 149.243882 -48.504859 0.686420 245.478405 0.000000
-29.529880 149.243804 -48.505137 0.686292 245.483343 0.000000
-29.529234 149.243727 -48.505414 0.686165 245.488281 0.000000
-29.528587 149.243649 -48.505692 0.686038 245.493219 0.000000
-29.527941 149.243571 -48.505969 0.685910 245.498157 0.000000
-29.527294 149.243494 -48.506247 0.685783 245.503095 0.000000
-29.526647 149.243416 -48.506525 0.685655 245.508034 0.000000
-29.526001 149.243338 -48.506802 0.685528 245.512972 0.000000
-29.525354 149.243260 -48.507080 0.685400 245.517910 0.000000
-29.524707 149.243183 -48.507358 0.685272 245.522848 0.000000
-29.524061 149.243105 -48.507636 0.685145 245.527786 0.000000
-29.523414 149.243027 -48.507914 0.685017 245.532724 0.000000
-29.522767 149.242950 -48.508192 0.684890 245.537662 0.000000
-29.522120 149.242872 -48.508470 0.684762 245.542600 0.000000
-29.521474 149.242794 -48.508748 0.684634 245.547539 0.000000
-29.520827 149.242716 -48.509026 0.684507 245.552477 0.000000
-29.520180 149.242639 -48.509305 0.684379 245.557415 0.000000
-29.519533 149.242561 -48.509583 0.684251 245.562353 0.000000
-29.518886 149.242483 -48.509861 0.684123 245.567291 0.000000
-29.518240 149.242405 -48.510139 0.683996 245.572229 0.000000
-29.517593 149.242328 -48.510418 0.683868 245.577167 0.000000
-29.516946 149.242250 -48.510696 0.683740 245.582105 0.000000
-29.516299 149.242172 -48.510975 0.683612 245.587043 0.000000
-29.515652 149.242094 -48.511253 0.683484 245.591981 0.000000
-29.515005 149.242017 -48.511532 0.683356 245.596919 0.000000
-29.514358 149.241939 -48.511810 0.683228 245.601857 0.000000
-29.513711 149.241861 -48.512089 0.683100 245.606795 0.000000
-29.513064 149.241783 -48.512368 0.682973 245.611733 0.000000
-29.512417 149.241706 -48.512646 0.682845 245.616672 0.000000
-29.511770 149.241628 -48.512925 0.682717 245.621610 0.000000
-29.511123 149.241550 -48.513204 0.682589 245.626548 0.000000
-29.510476 149.241472 -48.513483 0.682461 245.631486 0.000000
-29.509829 149.241395 -48.513762 0.682332 245.636424 0.000000
-29.509182 149.241317 -48.514041 0.682204 245.641362 0.000000
-29.508535 149.241239 -48.514320 0.682076 245.646300 0.000000
-29.507888 149.241161 -48.514599 0.681948 245.651238 0.000000
-29.507241 149.241083 -48.514878 0.681820 245.656176 0.000000
-29.506594 149.241006 -48.515157 0.681692 245.661114 0.000000
-29.505947 149.240928 -48.515437 0.681564 245.666052 0.000000
-29.505299 149.240850 -48.515716 0.681435 245.670990 0.000000
-29.504652 149.240772 -48.515995 0.681307 245.675928 0.000000
-29.504005 149.240694 -48.516274 0.681179 245.680865 0.000000
-29.503358 149.240617 -48.516554 0.681051 245.685803 0.000000
-29.502711 149.240539 -48.516833 0.680922 245.690741 0.000000
-29.502063 149.240461 -48.517113 0.680794 245.695679 0.000000
-29.501416 149.240383 -48.517392 0.680666 245.700617 0.000000
-29.500769 149.240305 -48.517672 0.680537 245.705555 0.000000
-29.500121 149.240228 -48.517951 0.680409 245.710493 0.000000
-29.499474 149.240150 -48.518231 0.680281 245.715431 0.000000
-29.498827 149.240072 -48.518511 0.680152 245.720369 0.000000
-29.498179 149.239994 -48.518791 0.680024 245.725307 0.000000
-29.497532 149.239916 -48.519070 0.679895 245.730245 0.000000
-29.496885 149.239838 -48.519350 0.679767 245.735183 0.000000
-29.496237 149.239761 -48.519630 0.679638 245.740121 0.000000
-29.495590 149.239683 -48.519910 0.679510 245.745059 0.000000
-29.494942 149.239605 -48.520190 0.679381 245.749996 0.000000
-29.494295 149.239527 -48.520470 0.679253 245.754934 0.000000
-29.493648 149.239449 -48.520750 0.679124 245.759872 0.000000
-29.493000 149.239371 -48.521030 0.678996 245.764810 0.000000
-29.492353 149.239293 -48.521310 0.678867 245.769748 0.000000
-29.491705 149.239216 -48.521591 0.678738 245.774686 0.000000
-29.491058 149.239138 -48.521871 0.678610 245.779624 0.000000
-29.490410 149.239060 -48.522151 0.678481 245.784561 0.000000
-29.489762 149.238982 -48.522432 0.678352 245.789499 0.000000
-29.489115 149.238904 -48.522712 0.678223 245.794437 0.000000
-29.488467 149.238826 -48.522992 0.678095 245.799375 0.000000
-29.487820 149.238748 -48.523273 0.677966 245.804313 0.000000
-29.487172 149.238671 -48.523553 0.677837 245.809251 0.000000
-29.486524 149.238593 -48.523834 0.677708 245.814188 0.000000
-29.485877 149.238515 -48.524115 0.677580 245.819126 0.000000
-29.485229 149.238437 -48.524395 0.677451 245.824064 0.000000
-29.484581 149.238359 -48.524676 0.677322 245.829002 0.000000
-29.483933 149.238281 -48.524957 0.677193 245.833940 0.000000
-29.483286 149.238203 -48.525238 0.677064 245.838877 0.000000
-29.482638 149.238125 -48.525518 0.676935 245.843815 0.000000
-29.481990 149.238047 -48.525799 0.676806 245.848753 0.000000
-29.481342 149.237970 -48.526080 0.676677 245.853691 0.000000
-29.480694 149.237892 -48.526361 0.676548 245.858629 0.000000
-29.480047 149.237814 -48.526642 0.676419 245.863566 0.000000
-29.479399 149.237736 -48.526923 0.676290 245.868504 0.000000
-29.478751 149.237658 -48.527204 0.676161 245.873442 0.000000
-29.478103 149.237580 -48.527486 0.676032 245.878380 0.000000
-29.477455 149.237502 -48.527767 0.675903 245.883317 0.000000
-29.476807 149.237424 -48.528048 0.675774 245.888255 0.000000
-29.476159 149.237346 -48.528329 0.675645 245.893193 0.000000
-29.475511 149.237268 -48.528611 0.675515 245.898131 0.000000
-29.474863 149.237190 -48.528892 0.675386 245.903068 0.000000
-29.474215 149.237113 -48.529173 0.675257 245.908006 0.000000
-29.473567 149.237035 -48.529455 0.675128 245.912944 0.000000
-29.472919 149.236957 -48.529736 0.674999 245.917881 0.000000
-29.472271 149.236879 -48.530018 0.674869 245.922819 0.000000
-29.471623 149.236801 -48.530300 0.674740 245.927757 0.000000
-29.470975 149.236723 -48.530581 0.674611 245.932694 0.000000
-29.470327 149.236645 -48.530863 0.674481 245.937632 0.000000
-29.469679 149.236567 -48.531145 0.674352 245.942570 0.000000
-29.469030 149.236489 -48.531427 0.674223 245.947507 0.000000
-29.468382 149.236411 -48.531708 0.674093 245.952445 0.000000
-29.467734 149.236333 -48.531990 0.673964 245.957383 0.000000
-29.467086 149.236255 -48.532272 0.673834 245.962320 0.000000
-29.466438 149.236177 -48.532554 0.673705 245.967258 0.000000
-29.465789 149.236099 -48.532836 0.673575 245.972196 0.000000
-29.465141 149.236021 -48.533118 0.673446 245.977133 0.000000
-29.464493 149.235943 -48.533400 0.673316 245.982071 0.000000
-29.463844 149.235865 -48.533682 0.673187 245.987009 0.000000
-29.463196 149.235787 -48.533965 0.673057 245.991946 0.000000
-29.462548 149.235710 -48.534247 0.672928 245.996884 0.000000
-29.461899 149.235632 -48.534529 0.672798 246.001821 0.000000
-29.461251 149.235554 -48.534811 0.672669 246.006759 0.000000
-29.460602 149.235476 -48.535094 0.672539 246.011697 0.000000
-29.459954 149.235398 -48.535376 0.672409 246.016634 0.000000
-29.459306 149.235320 -48.535659 0.672280 246.021572 0.000000
-29.458657 149.235242 -48.535941 0.672150 246.026509 0.000000
-29.458009 149.235164 -48.536224 0.672020 246.031447 0.000000
-29.457360 149.235086 -48.536506 0.671890 246.036385 0.000000
-29.456711 149.235008 -48.536789 0.671761 246.041322 0.000000
-29.456063 149.234930 -48.537072 0.671631 246.046260 0.000000
-29.455414 149.234852 -48.537354 0.671501 246.051197 0.000000
-29.454766 149.234774 -48.537637 0.671371 246.056135 0.000000
-29.454117 149.234696 -48.537920 0.671242 246.061072 0.000000
-29.453468 149.234618 -48.538203 0.671112 246.066010 0.000000
-29.452820 149.234540 -48.538486 0.670982 246.070947 0.000000
-29.452171 149.234462 -48.538769 0.670852 246.075885 0.000000
-29.451522 149.234384 -48.539052 0.670722 246.080822 0.000000
-29.450874 149.234306 -48.539335 0.670592 246.085760 0.000000
-29.450225 149.234228 -48.539618 0.670462 246.090697 0.000000
-29.449576 149.234150 -48.539901 0.670332 246.095635 0.000000
-29.448927 149.234072 -48.540184 0.670202 246.100572 0.000000
-29.448279 149.233994 -48.540467 0.670072 246.105510 0.000000
-29.447630 149.233916 -48.540750 0.669942 246.110447 0.000000
-29.446981 149.233838 -48.541034 0.669812 246.115385 0.000000
-29.446332 149.233760 -48.541317 0.669682 246.120322 0.000000
-29.445683 149.233682 -48.541600 0.669552 246.125260 0.000000
-29.445034 149.233604 -48.541884 0.669422 246.130197 0.000000
-29.444385 149.233526 -48.542167 0.669291 246.135135 0.000000
-29.443736 149.233448 -48.542451 0.669161 246.140072 0.000000
-29.443087 149.233370 -48.542734 0.669031 246.145009 0.000000
-29.442438 149.233291 -48.543018 0.668901 246.149947 0.000000
-29.441789 149.233213 -48.543302 0.668771 246.154884 0.000000
-29.441140 149.233135 -48.543585 0.668640 246.159822 0.000000
-29.440491 149.233057 -48.543869 0.668510 246.164759 0.000000
-29.439842 149.232979 -48.544153 0.668380 246.169697 0.000000
-29.439193 149.232901 -48.544437 0.668250 246.174634 0.000000
-29.438544 149.232823 -48.544721 0.668119 246.179571 0.000000
-29.437895 149.232745 -48.545005 0.667989 246.184509 0.000000
-29.437246 149.232667 -48.545288 0.667859 246.189446 0.000000
-29.436596 149.232589 -48.545572 0.667728 246.194384 0.000000
-29.435947 149.232511 -48.545857 0.667598 246.199321 0.000000
-29.435298 149.232433 -48.546141 0.667467 246.204258 0.000000
-29.434649 149.232355 -48.546425 0.667337 246.209196 0.000000
-29.433999 149.232277 -48.546709 0.667206 246.214133 0.000000
-29.433350 149.232199 -48.546993 0.667076 246.219070 0.000000
-29.432701 149.232121 -48.547277 0.666946 246.224008 0.000000
-29.432052 149.232043 -48.547562 0.666815 246.228945 0.000000
-29.431402 149.231965 -48.547846 0.666684 246.233882 0.000000
-29.430753 149.231887 -48.548130 0.666554 246.238820 0.000000
-29.430103 149.231808 -48.548415 0.666423 246.243757 0.000000
-29.429454 149.231730 -48.548699 0.666293 246.248694 0.000000
-29.428804 149.231652 -48.548984 0.666162 246.253632 0.000000
-29.428155 149.231574 -48.549268 0.666031 246.258569 0.000000
-29.427506 149.231496 -48.549553 0.665901 246.263506 0.000000
-29.426856 149.231418 -48.549838 0.665770 246.268443 0.000000
-29.426206 149.231340 -48.550122 0.665639 246.273381 0.000000
-29.425557 149.231262 -48.550407 0.665509 246.278318 0.000000
-29.424907 149.231184 -48.550692 0.665378 246.283255 0.000000
-29.424258 149.231106 -48.550977 0.665247 246.288193 0.000000
-29.423608 149.231028 -48.551262 0.665116 246.293130 0.000000
-29.422958 149.230950 -48.551546 0.664986 246.298067 0.000000
-29.422309 149.230872 -48.551831 0.664855 246.303004 0.000000
-29.421659 149.230793 -48.552116 0.664724 246.307942 0.000000
-29.421009 149.230715 -48.552401 0.664593 246.312879 0.000000
-29.420360 149.230637 -48.552687 0.664462 246.317816 0.000000
-29.419710 149.230559 -48.552972 0.664331 246.322753 0.000000
-29.419060 149.230481 -48.553257 0.664200 246.327690 0.000000
-29.418410 149.230403 -48.553542 0.664069 246.332628 0.000000
-29.417760 149.230325 -48.553827 0.663938 246.337565 0.000000
-29.417110 149.230247 -48.554113 0.663807 246.342502 0.000000
-29.416461 149.230169 -48.554398 0.663676 246.347439 0.000000
-29.415811 149.230090 -48.554683 0.663545 246.352376 0.000000
-29.415161 149.230012 -48.554969 0.663414 246.357314 0.000000
-29.414511 149.229934 -48.555254 0.663283 246.362251 0.000000
-29.413861 149.229856 -48.555540 0.663152 246.367188 0.000000
-29.413211 149.229778 -48.555825 0.663021 246.372125 0.000000
-29.412561 149.229700 -48.556111 0.662890 246.377062 0.000000
-29.411911 149.229622 -48.556397 0.662759 246.381999 0.000000
-29.411261 149.229544 -48.556682 0.662628 246.386937 0.000000
-29.410611 149.229466 -48.556968 0.662497 246.391874 0.000000
-29.409960 149.229387 -48.557254 0.662365 246.396811 0.000000
-29.409310 149.229309 -48.557540 0.662234 246.401748 0.000000
-29.408660 149.229231 -48.557825 0.662103 246.406685 0.000000
-29.408010 149.229153 -48.558111 0.661972 246.411622 0.000000
-29.407360 149.229075 -48.558397 0.661840 246.416559 0.000000
-29.406709 149.228997 -48.558683 0.661709 246.421496 0.000000
-29.406059 149.228919 -48.558969 0.661578 246.426434 0.000000
-29.405409 149.228841 -48.559255 0.661446 246.431371 0.000000
-29.404759 149.228762 -48.559541 0.661315 246.436308 0.000000
-29.404108 149.228684 -48.559828 0.661184 246.441245 0.000000
-29.403458 149.228606 -48.560114 0.661052 246.446182 0.000000
-29.402808 149.228528 -48.560400 0.660921 246.451119 0.000000
-29.402157 149.228450 -48.560686 0.660789 246.456056 0.000000
-29.401507 149.228372 -48.560973 0.660658 246.460993 0.000000
-29.400856 149.228294 -48.561259 0.660527 246.465930 0.000000
-29.400206 149.228215 -48.561545 0.660395 246.470867 0.000000
-29.399555 149.228137 -48.561832 0.660264 246.475804 0.000000
-29.398905 149.228059 -48.562118 0.660132 246.480741 0.000000
-29.398254 149.227981 -48.562405 0.660000 246.485678 0.000000
-29.397604 149.227903 -48.562692 0.659869 246.490615 0.000000
-29.396953 149.227825 -48.562978 0.659737 246.495552 0.000000
-29.396302 149.227746 -48.563265 0.659606 246.500489 0.000000
-29.395652 149.227668 -48.563551 0.659474 246.505426 0.000000
-29.395001 149.227590 -48.563838 0.659342 246.510363 0.000000
-29.394350 149.227512 -48.564125 0.659211 246.515300 0.000000
-29.393700 149.227434 -48.564412 0.659079 246.520237 0.000000
-29.393049 149.227356 -48.564699 0.658947 246.525174 0.000000
-29.392398 149.227277 -48.564986 0.658816 246.530111 0.000000
-29.391747 149.227199 -48.565273 0.658684 246.535048 0.000000
-29.391096 149.227121 -48.565560 0.658552 246.539985 0.000000
-29.390446 149.227043 -48.565847 0.658420 246.544922 0.000000
-29.389795 149.226965 -48.566134 0.658289 246.549859 0.000000
-29.389144 149.226887 -48.566421 0.658157 246.554796 0.000000
-29.388493 149.226808 -48.566708 0.658025 246.559733 0.000000
-29.387842 149.226730 -48.566995 0.657893 246.564670 0.000000
-29.387191 149.226652 -48.567283 0.657761 246.569607 0.000000
-29.386540 149.226574 -48.567570 0.657629 246.574543 0.000000
-29.385889 149.226496 -48.567857 0.657497 246.579480 0.000000
-29.385238 149.226418 -48.568145 0.657365 246.584417 0.000000
-29.384587 149.226339 -48.568432 0.657233 246.589354 0.000000
-29.383936 149.226261 -48.568719 0.657101 246.594291 0.000000
-29.383285 149.226183 -48.569007 0.656969 246.599228 0.000000
-29.382633 149.226105 -48.569295 0.656837 246.604165 0.000000
-29.381982 149.226027 -48.569582 0.656705 246.609102 0.000000
-29.381331 149.225948 -48.569870 0.656573 246.614038 0.000000
-29.380680 149.225870 -48.570157 0.656441 246.618975 0.000000
-29.380029 149.225792 -48.570445 0.656309 246.623912 0.000000
-29.379377 149.225714 -48.570733 0.656177 246.628849 0.000000
-29.378726 149.225636 -48.571021 0.656045 246.633786 0.000000
-29.378075 149.225557 -48.571309 0.655913 246.638723 0.000000
-29.377423 149.225479 -48.571596 0.655781 246.643659 0.000000
-29.376772 149.225401 -48.571884 0.655648 246.648596 0.000000
-29.376120 149.225323 -48.572172 0.655516 246.653533 0.000000
-29.375469 149.225245 -48.572460 0.655384 246.658470 0.000000
-29.374817 149.225166 -48.572748 0.655252 246.663407 0.000000
-29.374166 149.225088 -48.573037 0.655119 246.668343 0.000000
-29.373514 149.225010 -48.573325 0.654987 246.673280 0.000000
-29.372863 149.224932 -48.573613 0.654855 246.678217 0.000000
-29.372211 149.224854 -48.573901 0.654723 246.683154 0.000000
-29.371560 149.224775 -48.574189 0.654590 246.688091 0.000000
-29.370908 149.224697 -48.574478 0.654458 246.693027 0.000000
-29.370256 149.224619 -48.574766 0.654325 246.697964 0.000000
-29.369605 149.224541 -48.575054 0.654193 246.702901 0.000000
-29.368953 149.224463 -48.575343 0.654061 246.707837 0.000000
-29.368301 149.224384 -48.575631 0.653928 246.712774 0.000000
-29.367650 149.224306 -48.575920 0.653796 246.717711 0.000000
-29.366998 149.224228 -48.576208 0.653663 246.722648 0.000000
-29.366346 149.224150 -48.576497 0.653531 246.727584 0.000000
-29.365694 149.224072 -48.576786 0.653398 246.732521 0.000000
-29.365042 149.223993 -48.577074 0.653266 246.737458 0.000000
-29.364390 149.223915 -48.577363 0.653133 246.742394 0.000000
-29.363738 149.223837 -48.577652 0.653001 246.747331 0.000000
-29.363087 149.223759 -48.577941 0.652868 246.752268 0.000000
-29.362435 149.223680 -48.578229 0.652735 246.757204 0.000000
-29.361783 149.223602 -48.578518 0.652603 246.762141 0.000000
-29.361131 149.223524 -48.578807 0.652470 246.767078 0.000000
-29.360478 149.223446 -48.579096 0.652337 246.772014 0.000000
-29.359826 149.223368 -48.579385 0.652205 246.776951 0.000000
-29.359174 149.223289 -48.579674 0.652072 246.781888 0.000000
-29.358522 149.223211 -48.579963 0.651939 246.786824 0.000000
-29.357870 149.223133 -48.580252 0.651807 246.791761 0.000000
-29.357218 149.223055 -48.580542 0.651674 246.796698 0.000000
-29.356566 149.222976 -48.580831 0.651541 246.801634 0.000000
-29.355913 149.222898 -48.581120 0.651408 246.806571 0.000000
-29.355261 149.222820 -48.581409 0.651275 246.811507 0.000000
-29.354609 149.222742 -48.581699 0.651143 246.816444 0.000000
-29.353956 149.222663 -48.581988 0.651010 246.821381 0.000000
-29.353304 149.222585 -48.582278 0.650877 246.826317 0.000000
-29.352652 149.222507 -48.582567 0.650744 246.831254 0.000000
-29.351999 149.222429 -48.582857 0.650611 246.836190 0.000000
-29.351347 149.222350 -48.583146 0.650478 246.841127 0.000000
-29.350694 149.222272 -48.583436 0.650345 246.846063 0.000000
-29.350042 149.222194 -48.583725 0.650212 246.851000 0.000000
-29.349389 149.222116 -48.584015 0.650079 246.855936 0.000000
-29.348737 149.222037 -48.584305 0.649946 246.860873 0.000000
-29.348084 149.221959 -48.584594 0.649813 246.865810 0.000000
-29.347431 149.221881 -48.584884 0.649680 246.870746 0.000000
-29.346779 149.221803 -48.585174 0.649547 246.875683 0.000000
-29.346126 149.221725 -48.585464 0.649414 246.880619 0.000000
-29.345473 149.221646 -48.585754 0.649281 246.885556 0.000000
-29.344821 149.221568 -48.586044 0.649148 246.890492 0.000000
-29.344168 149.221490 -48.586334 0.649015 246.895429 0.000000
-29.343515 149.221412 -48.586624 0.648882 246.900365 0.000000
-29.342862 149.221333 -48.586914 0.648748 246.905301 0.000000
-29.342210 149.221255 -48.587204 0.648615 246.910238 0.000000
-29.341557 149.221177 -48.587494 0.648482 246.915174 0.000000
-29.340904 149.221099 -48.587784 0.648349 246.920111 0.000000
-29.340251 149.221020 -48.588075 0.648215 246.925047 0.000000
-29.339598 149.220942 -48.588365 0.648082 246.929984 0.000000
-29.338945 149.220864 -48.588655 0.647949 246.934920 0.000000
-29.338292 149.220785 -48.588946 0.647816 246.939857 0.000000
-29.337639 149.220707 -48.589236 0.647682 246.944793 -0.000000
-29.336986 149.220629 -48.589526 0.647549 246.949729 -0.000000
-29.336333 149.220551 -48.589817 0.647416 246.954666 -0.000000
-29.335680 149.220472 -48.590107 0.647282 246.959602 -0.000000
-29.335026 149.220394 -48.590398 0.647149 246.964539 -0.000000
-29.334373 149.220316 -48.590689 0.647015 246.969475 -0.000000
-29.333720 149.220238 -48.590979 0.646882 246.974411 -0.000000
-29.333067 149.220159 -48.591270 0.646749 246.979348 -0.000000
-29.332413 149.220081 -48.591561 0.646615 246.984284 -0.000000
-29.331760 149.220003 -48.591851 0.646482 246.989220 -0.000000
-29.331107 149.219925 -48.592142 0.646348 246.994157 -0.000000
-29.330453 149.219846 -48.592433 0.646215 246.999093 -0.000000
-29.329800 149.219768 -48.592724 0.646081 247.004029 -0.000000
-29.329147 149.219690 -48.593015 0.645947 247.008966 -0.000000
-29.328493 149.219612 -48.593306 0.645814 247.013902 -0.000000
-29.327840 149.219533 -48.593597 0.645680 247.018838 -0.000000
-29.327186 149.219455 -48.593888 0.645547 247.023775 -0.000000
-29.326533 149.219377 -48.594179 0.645413 247.028711 -0.000000
-29.325879 149.219298 -48.594470 0.645279 247.033647 -0.000000
-29.325225 149.219220 -48.594761 0.645146 247.038584 -0.000000
-29.324572 149.219142 -48.595052 0.645012 247.043520 -0.000000
-29.323918 149.219064 -48.595344 0.644878 247.048456 -0.000000
-29.323264 149.218985 -48.595635 0.644745 247.053392 -0.000000
-29.322611 149.218907 -48.595926 0.644611 247.058329 -0.000000
-29.321957 149.218829 -48.596218 0.644477 247.063265 -0.000000
-29.321303 149.218751 -48.596509 0.644343 247.068201 -0.000000
-29.320649 149.218672 -48.596801 0.644209 247.073137 -0.000000
-29.319995 149.218594 -48.597092 0.644076 247.078074 -0.000000
-29.319342 149.218516 -48.597384 0.643942 247.083010 -0.000000
-29.318688 149.218437 -48.597675 0.643808 247.087946 -0.000000
-29.318034 149.218359 -48.597967 0.643674 247.092882 -0.000000
-29.317380 149.218281 -48.598258 0.643540 247.097819 -0.000000
-29.316726 149.218203 -48.598550 0.643406 247.102755 -0.000000
-29.316072 149.218124 -48.598842 0.643272 247.107691 -0.000000
-29.315418 149.218046 -48.599134 0.643138 247.112627 -0.000000
-29.314764 149.217968 -48.599425 0.643004 247.117563 -0.000000
-29.314109 149.217890 -48.599717 0.642870 247.122499 -0.000000
-29.313455 149.217811 -48.600009 0.642736 247.127436 -0.000000
-29.312801 149.217733 -48.600301 0.642602 247.132372 -0.000000
-29.312147 149.217655 -48.600593 0.642468 247.137308 -0.000000
-29.311493 149.217576 -48.600885 0.642334 247.142244 -0.000000
-29.310838 149.217498 -48.601177 0.642200 247.147180 -0.000000
-29.310184 149.217420 -48.601469 0.642066 247.152116 -0.000000
-29.309530 149.217342 -48.601761 0.641932 247.157052 -0.000000
-29.308875 149.217263 -48.602053 0.641798 247.161989 -0.000000
-29.308221 149.217185 -48.602346 0.641664 247.166925 -0.000000
-29.307566 149.217107 -48.602638 0.641529 247.171861 -0.000000
-29.306912 149.217028 -48.602930 0.641395 247.176797 -0.000000
-29.306258 149.216950 -48.603222 0.641261 247.181733 -0.000000
-29.305603 149.216872 -48.603515 0.641127 247.186669 -0.000000
-29.304948 149.216794 -48.603807 0.640993 247.191605 -0.000000
-29.304294 149.216715 -48.604100 0.640858 247.196541 -0.000000
-29.303639 149.216637 -48.604392 0.640724 247.201477 -0.000000
-29.302985 149.216559 -48.604685 0.640590 247.206413 -0.000000
-29.302330 149.216480 -48.604977 0.640455 247.211349 -0.000000
-29.301675 149.216402 -48.605270 0.640321 247.216285 -0.000000
-29.301020 149.216324 -48.605562 0.640187 247.221221 -0.000000
-29.300366 149.216246 -48.605855 0.640052 247.226157 -0.000000
-29.299711 149.216167 -48.606148 0.639918 247.231093 -0.000000
-29.299056 149.216089 -48.606441 0.639784 247.236029 -0.000000
-29.298401 149.216011 -48.606733 0.639649 247.240965 -0.000000
-29.297746 149.215932 -48.607026 0.639515 247.245901 -0.000000
-29.297091 149.215854 -48.607319 0.639380 247.250837 -0.000000
-29.296436 149.215776 -48.607612 0.639246 247.255773 -0.000000
-29.295781 149.215698 -48.607905 0.639111 247.260709 -0.000000
-29.295126 149.215619 -48.608198 0.638977 247.265645 -0.000000
-29.294471 149.215541 -48.608491 0.638842 247.270581 -0.000000
-29.293816 149.215463 -48.608784 0.638708 247.275517 -0.000000
-29.293161 149.215384 -48.609077 0.638573 247.280453 -0.000000
-29.292506 149.215306 -48.609370 0.638439 247.285389 -0.000000
-29.291851 149.215228 -48.609664 0.638304 247.290325 -0.000000
-29.291195 149.215150 -48.609957 0.638169 247.295261 -0.000000
-29.290540 149.215071 -48.610250 0.638035 247.300197 -0.000000
-29.289885 149.214993 -48.610543 0.637900 247.305133 -0.000000
-29.289229 149.214915 -48.610837 0.637765 247.310069 -0.000000
-29.288574 149.214836 -48.611130 0.637631 247.315005 -0.000000
-29.287919 149.214758 -48.611424 0.637496 247.319940 -0.000000
-29.287263 149.214680 -48.611717 0.637361 247.324876 -0.000000
-29.286608 149.214601 -48.612010 0.637227 247.329812 -0.000000
-29.285952 149.214523 -48.612304 0.637092 247.334748 -0.000000
-29.285297 149.214445 -48.612598 0.636957 247.339684 -0.000000
-29.284641 149.214367 -48.612891 0.636822 247.344620 -0.000000
-29.283986 149.214288 -48.613185 0.636687 247.349556 -0.000000
-29.283330 149.214210 -48.613479 0.636553 247.354491 -0.000000
-29.282674 149.214132 -48.613772 0.636418 247.359427 -0.000000
-29.282019 149.214053 -48.614066 0.636283 247.364363 -0.000000
-29.281363 149.213975 -48.614360 0.636148 247.369299 -0.000000
-29.280707 149.213897 -48.614654 0.636013 247.374235 -0.000000
-29.280051 149.213819 -48.614948 0.635878 247.379171 -0.000000
-29.279395 149.213740 -48.615242 0.635743 247.384106 -0.000000
-29.278740 149.213662 -48.615536 0.635608 247.389042 -0.000000
-29.278084 149.213584 -48.615830 0.635473 247.393978 -0.000000
-29.277428 149.213505 -48.616124 0.635338 247.398914 -0.000000
-29.276772 149.213427 -48.616418 0.635203 247.403849 -0.000000
-29.276116 149.213349 -48.616712 0.635068 247.408785 -0.000000
-29.275460 149.213271 -48.617006 0.634933 247.413721 -0.000000
-29.274804 149.213192 -48.617300 0.634798 247.418657 -0.000000
-29.274148 149.213114 -48.617594 0.634663 247.423592 -0.000000
-29.273491 149.213036 -48.617889 0.634528 247.428528 -0.000000
-29.272835 149.212957 -48.618183 0.634393 247.433464 -0.000000
-29.272179 149.212879 -48.618477 0.634258 247.438400 -0.000000
-29.271523 149.212801 -48.618772 0.634122 247.443335 -0.000000
-29.270867 149.212722 -48.619066 0.633987 247.448271 -0.000000
-29.270210 149.212644 -48.619361 0.633852 247.453207 -0.000000
-29.269554 149.212566 -48.619655 0.633717 247.458142 -0.000000
-29.268898 149.212488 -48.619950 0.633582 247.463078 -0.000000
-29.268241 149.212409 -48.620244 0.633446 247.468014 -0.000000
-29.267585 149.212331 -48.620539 0.633311 247.472949 -0.000000
-29.266928 149.212253 -48.620834 0.633176 247.477885 -0.000000
-29.266272 149.212174 -48.621128 0.633041 247.482821 -0.000000
-29.265615 149.212096 -48.621423 0.632905 247.487756 -0.000000
-29.264959 149.212018 -48.621718 0.632770 247.492692 -0.000000
-29.264302 149.211940 -48.622013 0.632635 247.497628 -0.000000
-29.263645 149.211861 -48.622307 0.632499 247.502563 -0.000000
-29.262989 149.211783 -48.622602 0.632364 247.507499 -0.000000
-29.262332 149.211705 -48.622897 0.632228 247.512434 -0.000000
-29.261675 149.211626 -48.623192 0.632093 247.517370 -0.000000
-29.261018 149.211548 -48.623487 0.631958 247.522306 -0.000000
-29.260361 149.211470 -48.623782 0.631822 247.527241 -0.000000
-29.259705 149.211392 -48.624077 0.631687 247.532177 -0.000000
-29.259048 149.211313 -48.624372 0.631551 247.537112 -0.000000
-29.258391 149.211235 -48.624668 0.631416 247.542048 -0.000000
-29.257734 149.211157 -48.624963 0.631280 247.546983 -0.000000
-29.257077 149.211078 -48.625258 0.631145 247.551919 -0.000000
-29.256420 149.211000 -48.625553 0.631009 247.556855 -0.000000
-29.255763 149.210922 -48.625849 0.630873 247.561790 -0.000000
-29.255106 149.210844 -48.626144 0.630738 247.566726 -0.000000
-29.254448 149.210765 -48.626439 0.630602 247.571661 -0.000000
-29.253791 149.210687 -48.626735 0.630467 247.576597 -0.000000
-29.253134 149.210609 -48.627030 0.630331 247.581532 -0.000000
-29.252477 149.210530 -48.627326 0.630195 247.586468 -0.000000
-29.251820 149.210452 -48.627621 0.630060 247.591403 -0.000000
-29.251162 149.210374 -48.627917 0.629924 247.596339 -0.000000
-29.250505 149.210296 -48.628212 0.629788 247.601274 -0.000000
-29.249847 149.210217 -48.628508 0.629652 247.606210 -0.000000
-29.249190 149.210139 -48.628804 0.629517 247.611145 -0.000000
-29.248533 149.210061 -48.629099 0.629381 247.616080 -0.000000
-29.247875 149.209982 -48.629395 0.629245 247.621016 -0.000000
-29.247218 149.209904 -48.629691 0.629109 247.625951 -0.000000
-29.246560 149.209826 -48.629987 0.628974 247.630887 -0.000000
-29.245902 149.209748 -48.630283 0.628838 247.635822 -0.000000
-29.245245 149.209669 -48.630579 0.628702 247.640758 -0.000000
-29.244587 149.209591 -48.630875 0.628566 247.645693 -0.000000
-29.243929 149.209513 -48.631170 0.628430 247.650628 -0.000000
-29.243272 149.209434 -48.631467 0.628294 247.655564 -0.000000
-29.242614 149.209356 -48.631763 0.628158 247.660499 -0.000000
-29.241956 149.209278 -48.632059 0.628022 247.665434 -0.000000
-29.241298 149.209200 -48.632355 0.627886 247.670370 -0.000000
-29.240640 149.209121 -48.632651 0.627750 247.675305 -0.000000
-29.239982 149.209043 -48.632947 0.627614 247.680241 -0.000000
-29.239324 149.208965 -48.633243 0.627478 247.685176 -0.000000
-29.238666 149.208886 -48.633540 0.627342 247.690111 -0.000000
-29.238008 149.208808 -48.633836 0.627206 247.695047 -0.000000
-29.237350 149.208730 -48.634132 0.627070 247.699982 -0.000000
-29.236692 149.208652 -48.634429 0.626934 247.704917 -0.000000
-29.236034 149.208573 -48.634725 0.626798 247.709852 -0.000000
-29.235376 149.208495 -48.635022 0.626662 247.714788 -0.000000
-29.234717 149.208417 -48.635318 0.626526 247.719723 -0.000000
-29.234059 149.208339 -48.635615 0.626390 247.724658 -0.000000
-29.233401 149.208260 -48.635911 0.626254 247.729594 -0.000000
-29.232743 149.208182 -48.636208 0.626117 247.734529 -0.000000
-29.232084 149.208104 -48.636505 0.625981 247.739464 -0.000000
-29.231426 149.208025 -48.636801 0.625845 247.744399 -0.000000
-29.230767 149.207947 -48.637098 0.625709 247.749335 -0.000000
-29.230109 149.207869 -48.637395 0.625573 247.754270 -0.000000
-29.229450 149.207791 -48.637692 0.625436 247.759205 -0.000000
-29.228792 149.207712 -48.637988 0.625300 247.764140 -0.000000
-29.228133 149.207634 -48.638285 0.625164 247.769076 -0.000000
-29.227474 149.207556 -48.638582 0.625027 247.774011 -0.000000
-29.226816 149.207478 -48.638879 0.624891 247.778946 -0.000000
-29.226157 149.207399 -48.639176 0.624755 247.783881 -0.000000
-29.225498 149.207321 -48.639473 0.624618 247.788816 -0.000000
-29.224840 149.207243 -48.639770 0.624482 247.793751 -0.000000
-29.224181 149.207165 -48.640067 0.624346 247.798687 -0.000000
-29.223522 149.207086 -48.640364 0.624209 247.803622 -0.000000
-29.222863 149.207008 -48.640662 0.624073 247.808557 -0.000000
-29.222204 149.206930 -48.640959 0.623936 247.813492 -0.000000
-29.221545 149.206852 -48.641256 0.623800 247.818427 -0.000000
-29.220886 149.206773 -48.641553 0.623663 247.823362 -0.000000
-29.220227 149.206695 -48.641851 0.623527 247.828297 -0.000000
-29.219568 149.206617 -48.642148 0.623390 247.833233 -0.000000
