38.061722 150.023705 50.342317 20.001364 0.025718 -2.944279
38.056772 150.023672 50.341712 20.001362 0.025658 -2.944448
38.051821 150.023638 50.341106 20.001359 0.025597 -2.944616
38.046871 150.023605 50.340501 20.001357 0.025537 -2.944784
38.041921 150.023572 50.339896 20.001354 0.025477 -2.944952
38.036970 150.023538 50.339291 20.001352 0.025416 -2.945120
38.032020 150.023505 50.338686 20.001350 0.025356 -2.945287
38.027070 150.023471 50.338081 20.001347 0.025296 -2.945454
38.022119 150.023438 50.337476 20.001345 0.025236 -2.945621
38.017169 150.023404 50.336871 20.001342 0.025176 -2.945788
38.012218 150.023371 50.336266 20.001340 0.025116 -2.945954
38.007268 150.023338 50.335661 20.001337 0.025056 -2.946120
38.002317 150.023304 50.335056 20.001335 0.024996 -2.946286
37.997367 150.023271 50.334451 20.001333 0.024936 -2.946452
37.992416 150.023237 50.333847 20.001330 0.024876 -2.946618
37.987466 150.023203 50.333242 20.001328 0.024816 -2.946783
37.982515 150.023170 50.332638 20.001325 0.024756 -2.946948
37.977565 150.023136 50.332033 20.001323 0.024697 -2.947113
37.972614 150.023103 50.331429 20.001321 0.024637 -2.947278
37.967664 150.023069 50.330825 20.001318 0.024577 -2.947442
37.962713 150.023035 50.330220 20.001316 0.024518 -2.947606
37.957762 150.023002 50.329616 20.001313 0.024458 -2.947770
37.952812 150.022968 50.329012 20.001311 0.024399 -2.947934
37.947861 150.022934 50.328408 20.001309 0.024339 -2.948097
37.942910 150.022901 50.327804 20.001306 0.024280 -2.948261
37.937960 150.022867 50.327200 20.001304 0.024220 -2.948424
37.933009 150.022833 50.326596 20.001301 0.024161 -2.948586
37.928058 150.022799 50.325992 20.001299 0.024102 -2.948749
37.923108 150.022766 50.325389 20.001297 0.024042 -2.948911
37.918157 150.022732 50.324785 20.001294 0.023983 -2.949073
37.913206 150.022698 50.324182 20.001292 0.023924 -2.949235
37.908255 150.022664 50.323578 20.001289 0.023865 -2.949397
37.903304 150.022630 50.322975 20.001287 0.023806 -2.949558
37.898354 150.022597 50.322371 20.001285 0.023747 -2.949719
37.893403 150.022563 50.321768 20.001282 0.023688 -2.949880
37.888452 150.022529 50.321165 20.001280 0.023629 -2.950041
37.883501 150.022495 50.320562 20.001277 0.023570 -2.950202
37.878550 150.022461 50.319959 20.001275 0.023511 -2.950362
37.873599 150.022427 50.319356 20.001272 0.023452 -2.950522
37.868648 150.022393 50.318753 20.001270 0.023393 -2.950682
37.863697 150.022359 50.318150 20.001268 0.023335 -2.950841
37.858746 150.022325 50.317547 20.001265 0.023276 -2.951000
37.853795 150.022291 50.316944 20.001263 0.023217 -2.951159
37.848844 150.022257 50.316342 20.001260 0.023159 -2.951318
37.843893 150.022223 50.315739 20.001258 0.023100 -2.951477
37.838942 150.022189 50.315137 20.001256 0.023042 -2.951635
37.833991 150.022155 50.314534 20.001253 0.022983 -2.951793
37.829040 150.022120 50.313932 20.001251 0.022925 -2.951951
37.824089 150.022086 50.313330 20.001248 0.022867 -2.952109
37.819138 150.022052 50.312728 20.001246 0.022808 -2.952266
37.814186 150.022018 50.312126 20.001244 0.022750 -2.952423
37.809235 150.021984 50.311524 20.001241 0.022692 -2.952580
37.804284 150.021950 50.310922 20.001239 0.022634 -2.952737
37.799333 150.021915 50.310320 20.001236 0.022576 -2.952894
37.794382 150.021881 50.309718 20.001234 0.022518 -2.953050
37.789430 150.021847 50.309116 20.001232 0.022460 -2.953206
37.784479 150.021812 50.308515 20.001229 0.022402 -2.953362
37.779528 150.021778 50.307913 20.001227 0.022344 -2.953517
37.774576 150.021744 50.307312 20.001225 0.022286 -2.953672
37.769625 150.021710 50.306711 20.001222 0.022228 -2.953828
37.764674 150.021675 50.306109 20.001220 0.022170 -2.953982
37.759722 150.021641 50.305508 20.001217 0.022112 -2.954137
37.754771 150.021606 50.304907 20.001215 0.022055 -2.954291
37.749819 150.021572 50.304306 20.001213 0.021997 -2.954445
37.744868 150.021538 50.303705 20.001210 0.021939 -2.954599
37.739917 150.021503 50.303105 20.001208 0.021882 -2.954753
37.734965 150.021469 50.302504 20.001205 0.021824 -2.954906
37.730014 150.021434 50.301903 20.001203 0.021767 -2.955060
37.725062 150.021400 50.301303 20.001201 0.021710 -2.955213
37.720110 150.021365 50.300702 20.001198 0.021652 -2.955365
37.715159 150.021331 50.300102 20.001196 0.021595 -2.955518
37.710207 150.021296 50.299502 20.001193 0.021538 -2.955670
37.705256 150.021262 50.298902 20.001191 0.021480 -2.955822
37.700304 150.021227 50.298302 20.001189 0.021423 -2.955974
37.695352 150.021192 50.297702 20.001186 0.021366 -2.956125
37.690401 150.021158 50.297102 20.001184 0.021309 -2.956277
37.685449 150.021123 50.296502 20.001181 0.021252 -2.956428
37.680497 150.021088 50.295902 20.001179 0.021195 -2.956579
37.675546 150.021054 50.295303 20.001177 0.021138 -2.956729
37.670594 150.021019 50.294703 20.001174 0.021081 -2.956880
37.665642 150.020984 50.294104 20.001172 0.021025 -2.957030
37.660690 150.020950 50.293504 20.001169 0.020968 -2.957180
37.655738 150.020915 50.292905 20.001167 0.020911 -2.957329
37.650787 150.020880 50.292306 20.001165 0.020854 -2.957479
37.645835 150.020845 50.291707 20.001162 0.020798 -2.957628
37.640883 150.020811 50.291108 20.001160 0.020741 -2.957777
37.635931 150.020776 50.290509 20.001158 0.020685 -2.957925
37.630979 150.020741 50.289911 20.001155 0.020628 -2.958074
37.626027 150.020706 50.289312 20.001153 0.020572 -2.958222
37.621075 150.020671 50.288714 20.001150 0.020516 -2.958370
37.616123 150.020636 50.288115 20.001148 0.020459 -2.958518
37.611171 150.020601 50.287517 20.001146 0.020403 -2.958665
37.606219 150.020567 50.286919 20.001143 0.020347 -2.958812
37.601267 150.020532 50.286321 20.001141 0.020291 -2.958959
37.596315 150.020497 50.285723 20.001138 0.020234 -2.959106
37.591363 150.020462 50.285125 20.001136 0.020178 -2.959253
37.586411 150.020427 50.284527 20.001134 0.020122 -2.959399
37.581458 150.020392 50.283929 20.001131 0.020066 -2.959545
37.576506 150.020357 50.283332 20.001129 0.020010 -2.959691
37.571554 150.020322 50.282734 20.001127 0.019955 -2.959837
37.566602 150.020287 50.282137 20.001124 0.019899 -2.959982
37.561650 150.020251 50.281540 20.001122 0.019843 -2.960127
37.556697 150.020216 50.280943 20.001119 0.019787 -2.960272
37.551745 150.020181 50.280346 20.001117 0.019732 -2.960417
37.546793 150.020146 50.279749 20.001115 0.019676 -2.960561
37.541840 150.020111 50.279152 20.001112 0.019621 -2.960705
37.536888 150.020076 50.278555 20.001110 0.019565 -2.960849
37.531936 150.020041 50.277959 20.001108 0.019510 -2.960993
37.526983 150.020005 50.277362 20.001105 0.019454 -2.961136
37.522031 150.019970 50.276766 20.001103 0.019399 -2.961279
37.517078 150.019935 50.276170 20.001100 0.019344 -2.961422
37.512126 150.019900 50.275574 20.001098 0.019288 -2.961565
37.507173 150.019864 50.274978 20.001096 0.019233 -2.961708
37.502221 150.019829 50.274382 20.001093 0.019178 -2.961850
37.497268 150.019794 50.273786 20.001091 0.019123 -2.961992
37.492316 150.019759 50.273190 20.001089 0.019068 -2.962134
37.487363 150.019723 50.272595 20.001086 0.019013 -2.962275
37.482410 150.019688 50.271999 20.001084 0.018958 -2.962416
37.477458 150.019653 50.271404 20.001081 0.018903 -2.962557
37.472505 150.019617 50.270809 20.001079 0.018848 -2.962698
37.467552 150.019582 50.270214 20.001077 0.018794 -2.962839
37.462600 150.019546 50.269619 20.001074 0.018739 -2.962979
37.457647 150.019511 50.269024 20.001072 0.018684 -2.963119
37.452694 150.019475 50.268429 20.001070 0.018630 -2.963259
37.447741 150.019440 50.267835 20.001067 0.018575 -2.963398
37.442788 150.019404 50.267240 20.001065 0.018521 -2.963538
37.437836 150.019369 50.266646 20.001062 0.018466 -2.963677
37.432883 150.019333 50.266052 20.001060 0.018412 -2.963816
37.427930 150.019298 50.265457 20.001058 0.018357 -2.963954
37.422977 150.019262 50.264863 20.001055 0.018303 -2.964093
37.418024 150.019227 50.264270 20.001053 0.018249 -2.964231
37.413071 150.019191 50.263676 20.001051 0.018195 -2.964369
37.408118 150.019156 50.263082 20.001048 0.018141 -2.964506
37.403165 150.019120 50.262489 20.001046 0.018086 -2.964644
37.398212 150.019084 50.261895 20.001044 0.018032 -2.964781
37.393259 150.019049 50.261302 20.001041 0.017979 -2.964918
37.388306 150.019013 50.260709 20.001039 0.017925 -2.965055
37.383353 150.018977 50.260116 20.001036 0.017871 -2.965191
37.378399 150.018942 50.259523 20.001034 0.017817 -2.965327
37.373446 150.018906 50.258931 20.001032 0.017763 -2.965463
37.368493 150.018870 50.258338 20.001029 0.017710 -2.965599
37.363540 150.018834 50.257745 20.001027 0.017656 -2.965734
37.358587 150.018798 50.257153 20.001025 0.017602 -2.965870
37.353633 150.018763 50.256561 20.001022 0.017549 -2.966005
37.348680 150.018727 50.255969 20.001020 0.017495 -2.966139
37.343727 150.018691 50.255377 20.001018 0.017442 -2.966274
37.338773 150.018655 50.254785 20.001015 0.017389 -2.966408
37.333820 150.018619 50.254193 20.001013 0.017335 -2.966542
37.328867 150.018583 50.253602 20.001011 0.017282 -2.966676
37.323913 150.018548 50.253011 20.001008 0.017229 -2.966809
37.318960 150.018512 50.252419 20.001006 0.017176 -2.966943
37.314006 150.018476 50.251828 20.001003 0.017123 -2.967076
37.309053 150.018440 50.251237 20.001001 0.017070 -2.967209
37.304099 150.018404 50.250646 20.000999 0.017017 -2.967341
37.299146 150.018368 50.250056 20.000996 0.016964 -2.967473
37.294192 150.018332 50.249465 20.000994 0.016911 -2.967605
37.289238 150.018296 50.248875 20.000992 0.016858 -2.967737
37.284285 150.018260 50.248284 20.000989 0.016805 -2.967869
37.279331 150.018224 50.247694 20.000987 0.016753 -2.968000
37.274377 150.018188 50.247104 20.000985 0.016700 -2.968131
37.269424 150.018152 50.246514 20.000982 0.016648 -2.968262
37.264470 150.018115 50.245924 20.000980 0.016595 -2.968393
37.259516 150.018079 50.245335 20.000978 0.016543 -2.968523
37.254562 150.018043 50.244745 20.000975 0.016490 -2.968653
37.249609 150.018007 50.244156 20.000973 0.016438 -2.968783
37.244655 150.017971 50.243567 20.000971 0.016386 -2.968913
37.239701 150.017935 50.242978 20.000968 0.016333 -2.969042
37.234747 150.017898 50.242389 20.000966 0.016281 -2.969171
37.229793 150.017862 50.241800 20.000963 0.016229 -2.969300
37.224839 150.017826 50.241212 20.000961 0.016177 -2.969429
37.219885 150.017790 50.240623 20.000959 0.016125 -2.969557
37.214931 150.017753 50.240035 20.000956 0.016073 -2.969685
37.209977 150.017717 50.239447 20.000954 0.016021 -2.969813
37.205023 150.017681 50.238859 20.000952 0.015969 -2.969941
37.200069 150.017645 50.238271 20.000949 0.015918 -2.970068
37.195115 150.017608 50.237683 20.000947 0.015866 -2.970195
37.190160 150.017572 50.237095 20.000945 0.015814 -2.970322
37.185206 150.017535 50.236508 20.000942 0.015763 -2.970449
37.180252 150.017499 50.235921 20.000940 0.015711 -2.970575
37.175298 150.017463 50.235334 20.000938 0.015660 -2.970701
37.170344 150.017426 50.234747 20.000935 0.015608 -2.970827
37.165389 150.017390 50.234160 20.000933 0.015557 -2.970953
37.160435 150.017353 50.233573 20.000931 0.015506 -2.971078
37.155481 150.017317 50.232987 20.000928 0.015454 -2.971203
37.150526 150.017280 50.232400 20.000926 0.015403 -2.971328
37.145572 150.017244 50.231814 20.000924 0.015352 -2.971453
37.140617 150.017207 50.231228 20.000921 0.015301 -2.971577
37.135663 150.017171 50.230642 20.000919 0.015250 -2.971701
37.130708 150.017134 50.230056 20.000917 0.015199 -2.971825
37.125754 150.017098 50.229471 20.000914 0.015148 -2.971949
37.120799 150.017061 50.228885 20.000912 0.015097 -2.972072
37.115845 150.017024 50.228300 20.000910 0.015047 -2.972196
37.110890 150.016988 50.227715 20.000907 0.014996 -2.972319
37.105936 150.016951 50.227130 20.000905 0.014945 -2.972441
37.100981 150.016914 50.226545 20.000903 0.014895 -2.972564
37.096026 150.016878 50.225961 20.000900 0.014844 -2.972686
37.091072 150.016841 50.225376 20.000898 0.014794 -2.972808
37.086117 150.016804 50.224792 20.000896 0.014743 -2.972929
37.081162 150.016768 50.224208 20.000893 0.014693 -2.973051
37.076207 150.016731 50.223624 20.000891 0.014643 -2.973172
37.071253 150.016694 50.223040 20.000889 0.014592 -2.973293
37.066298 150.016657 50.222456 20.000886 0.014542 -2.973414
37.061343 150.016621 50.221873 20.000884 0.014492 -2.973534
37.056388 150.016584 50.221289 20.000882 0.014442 -2.973654
37.051433 150.016547 50.220706 20.000879 0.014392 -2.973774
37.046478 150.016510 50.220123 20.000877 0.014342 -2.973894
37.041523 150.016473 50.219540 20.000875 0.014292 -2.974013
37.036568 150.016436 50.218958 20.000872 0.014243 -2.974132
37.031613 150.016400 50.218375 20.000870 0.014193 -2.974251
37.026658 150.016363 50.217793 20.000868 0.014143 -2.974370
37.021703 150.016326 50.217211 20.000866 0.014094 -2.974488
37.016748 150.016289 50.216629 20.000863 0.014044 -2.974606
37.011793 150.016252 50.216047 20.000861 0.013995 -2.974724
37.006837 150.016215 50.215465 20.000859 0.013945 -2.974842
37.001882 150.016178 50.214884 20.000856 0.013896 -2.974959
36.996927 150.016141 50.214303 20.000854 0.013846 -2.975076
36.991972 150.016104 50.213721 20.000852 0.013797 -2.975193
36.987016 150.016067 50.213140 20.000849 0.013748 -2.975310
36.982061 150.016030 50.212560 20.000847 0.013699 -2.975426
36.977106 150.015993 50.211979 20.000845 0.013650 -2.975542
36.972150 150.015956 50.211398 20.000842 0.013601 -2.975658
36.967195 150.015918 50.210818 20.000840 0.013552 -2.975774
36.962240 150.015881 50.210238 20.000838 0.013503 -2.975889
36.957284 150.015844 50.209658 20.000835 0.013454 -2.976004
36.952329 150.015807 50.209078 20.000833 0.013406 -2.976119
36.947373 150.015770 50.208499 20.000831 0.013357 -2.976234
36.942418 150.015733 50.207919 20.000829 0.013308 -2.976348
36.937462 150.015695 50.207340 20.000826 0.013260 -2.976462
36.932506 150.015658 50.206761 20.000824 0.013211 -2.976576
36.927551 150.015621 50.206182 20.000822 0.013163 -2.976689
36.922595 150.015584 50.205604 20.000819 0.013114 -2.976803
36.917640 150.015546 50.205025 20.000817 0.013066 -2.976916
36.912684 150.015509 50.204447 20.000815 0.013018 -2.977028
36.907728 150.015472 50.203869 20.000812 0.012970 -2.977141
36.902772 150.015435 50.203291 20.000810 0.012922 -2.977253
36.897817 150.015397 50.202713 20.000808 0.012874 -2.977365
36.892861 150.015360 50.202135 20.000805 0.012826 -2.977477
36.887905 150.015322 50.201558 20.000803 0.012778 -2.977589
36.882949 150.015285 50.200981 20.000801 0.012730 -2.977700
36.877993 150.015248 50.200404 20.000799 0.012682 -2.977811
36.873037 150.015210 50.199827 20.000796 0.012634 -2.977922
36.868081 150.015173 50.199250 20.000794 0.012587 -2.978032
36.863125 150.015135 50.198673 20.000792 0.012539 -2.978142
36.858169 150.015098 50.198097 20.000789 0.012492 -2.978252
36.853213 150.015060 50.197521 20.000787 0.012444 -2.978362
36.848257 150.015023 50.196945 20.000785 0.012397 -2.978471
36.843301 150.014985 50.196369 20.000782 0.012349 -2.978581
36.838345 150.014948 50.195794 20.000780 0.012302 -2.978690
36.833389 150.014910 50.195218 20.000778 0.012255 -2.978798
36.828432 150.014873 50.194643 20.000776 0.012208 -2.978907
36.823476 150.014835 50.194068 20.000773 0.012161 -2.979015
36.818520 150.014798 50.193493 20.000771 0.012114 -2.979123
36.813564 150.014760 50.192919 20.000769 0.012067 -2.979230
36.808607 150.014722 50.192344 20.000766 0.012020 -2.979338
36.803651 150.014685 50.191770 20.000764 0.011973 -2.979445
36.798695 150.014647 50.191196 20.000762 0.011926 -2.979552
36.793738 150.014609 50.190622 20.000760 0.011880 -2.979658
36.788782 150.014572 50.190049 20.000757 0.011833 -2.979765
36.783825 150.014534 50.189475 20.000755 0.011786 -2.979871
36.778869 150.014496 50.188902 20.000753 0.011740 -2.979976
36.773912 150.014459 50.188329 20.000750 0.011693 -2.980082
36.768956 150.014421 50.187756 20.000748 0.011647 -2.980187
36.763999 150.014383 50.187183 20.000746 0.011601 -2.980292
36.759043 150.014345 50.186611 20.000744 0.011555 -2.980397
36.754086 150.014307 50.186039 20.000741 0.011508 -2.980502
36.749129 150.014270 50.185467 20.000739 0.011462 -2.980606
36.744173 150.014232 50.184895 20.000737 0.011416 -2.980710
36.739216 150.014194 50.184323 20.000734 0.011370 -2.980814
36.734259 150.014156 50.183752 20.000732 0.011325 -2.980917
36.729302 150.014118 50.183180 20.000730 0.011279 -2.981020
36.724346 150.014080 50.182609 20.000728 0.011233 -2.981123
36.719389 150.014042 50.182038 20.000725 0.011187 -2.981226
36.714432 150.014004 50.181468 20.000723 0.011142 -2.981328
36.709475 150.013966 50.180897 20.000721 0.011096 -2.981431
36.704518 150.013928 50.180327 20.000719 0.011051 -2.981532
36.699561 150.013890 50.179757 20.000716 0.011005 -2.981634
36.694604 150.013852 50.179187 20.000714 0.010960 -2.981735
36.689647 150.013814 50.178617 20.000712 0.010915 -2.981837
36.684690 150.013776 50.178048 20.000709 0.010869 -2.981937
36.679733 150.013738 50.177479 20.000707 0.010824 -2.982038
36.674776 150.013700 50.176910 20.000705 0.010779 -2.982138
36.669819 150.013662 50.176341 20.000703 0.010734 -2.982238
36.664862 150.013624 50.175772 20.000700 0.010689 -2.982338
36.659905 150.013586 50.175204 20.000698 0.010644 -2.982438
36.654947 150.013548 50.174636 20.000696 0.010600 -2.982537
36.649990 150.013510 50.174068 20.000694 0.010555 -2.982636
36.645033 150.013472 50.173500 20.000691 0.010510 -2.982735
36.640076 150.013433 50.172932 20.000689 0.010466 -2.982833
36.635118 150.013395 50.172365 20.000687 0.010421 -2.982931
36.630161 150.013357 50.171798 20.000685 0.010377 -2.983029
36.625203 150.013319 50.171231 20.000682 0.010332 -2.983127
36.620246 150.013281 50.170664 20.000680 0.010288 -2.983224
36.615289 150.013242 50.170098 20.000678 0.010244 -2.983321
36.610331 150.013204 50.169531 20.000676 0.010200 -2.983418
36.605374 150.013166 50.168965 20.000673 0.010155 -2.983515
36.600416 150.013127 50.168399 20.000671 0.010111 -2.983611
36.595458 150.013089 50.167834 20.000669 0.010067 -2.983707
36.590501 150.013051 50.167268 20.000667 0.010024 -2.983803
36.585543 150.013012 50.166703 20.000664 0.009980 -2.983899
36.580586 150.012974 50.166138 20.000662 0.009936 -2.983994
36.575628 150.012936 50.165573 20.000660 0.009892 -2.984089
36.570670 150.012897 50.165009 20.000658 0.009849 -2.984184
36.565712 150.012859 50.164445 20.000655 0.009805 -2.984278
36.560755 150.012820 50.163880 20.000653 0.009762 -2.984372
36.555797 150.012782 50.163317 20.000651 0.009718 -2.984466
36.550839 150.012744 50.162753 20.000649 0.009675 -2.984560
36.545881 150.012705 50.162189 20.000646 0.009632 -2.984653
36.540923 150.012667 50.161626 20.000644 0.009588 -2.984746
36.535965 150.012628 50.161063 20.000642 0.009545 -2.984839
36.531007 150.012589 50.160500 20.000640 0.009502 -2.984932
36.526049 150.012551 50.159938 20.000637 0.009459 -2.985024
36.521091 150.012512 50.159376 20.000635 0.009416 -2.985116
36.516133 150.012474 50.158813 20.000633 0.009373 -2.985208
36.511175 150.012435 50.158252 20.000631 0.009331 -2.985300
36.506217 150.012397 50.157690 20.000628 0.009288 -2.985391
36.501259 150.012358 50.157128 20.000626 0.009245 -2.985482
36.496301 150.012319 50.156567 20.000624 0.009203 -2.985573
36.491343 150.012281 50.156006 20.000622 0.009160 -2.985663
36.486384 150.012242 50.155446 20.000619 0.009118 -2.985753
36.481426 150.012203 50.154885 20.000617 0.009076 -2.985843
36.476468 150.012165 50.154325 20.000615 0.009033 -2.985933
36.471509 150.012126 50.153765 20.000613 0.008991 -2.986022
36.466551 150.012087 50.153205 20.000610 0.008949 -2.986111
36.461593 150.012048 50.152645 20.000608 0.008907 -2.986200
36.456634 150.012010 50.152086 20.000606 0.008865 -2.986289
36.451676 150.011971 50.151527 20.000604 0.008823 -2.986377
36.446717 150.011932 50.150968 20.000602 0.008781 -2.986465
36.441759 150.011893 50.150409 20.000599 0.008739 -2.986553
36.436800 150.011855 50.149851 20.000597 0.008698 -2.986640
36.431842 150.011816 50.149292 20.000595 0.008656 -2.986727
36.426883 150.011777 50.148734 20.000593 0.008615 -2.986814
36.421925 150.011738 50.148177 20.000590 0.008573 -2.986901
36.416966 150.011699 50.147619 20.000588 0.008532 -2.986987
36.412007 150.011660 50.147062 20.000586 0.008490 -2.987074
36.407049 150.011621 50.146505 20.000584 0.008449 -2.987159
36.402090 150.011582 50.145948 20.000582 0.008408 -2.987245
36.397131 150.011543 50.145392 20.000579 0.008367 -2.987330
36.392172 150.011504 50.144835 20.000577 0.008326 -2.987415
36.387213 150.011465 50.144279 20.000575 0.008285 -2.987500
36.382255 150.011426 50.143723 20.000573 0.008244 -2.987584
36.377296 150.011387 50.143168 20.000571 0.008203 -2.987669
36.372337 150.011348 50.142612 20.000568 0.008162 -2.987753
36.367378 150.011309 50.142057 20.000566 0.008122 -2.987836
36.362419 150.011270 50.141502 20.000564 0.008081 -2.987920
36.357460 150.011231 50.140948 20.000562 0.008041 -2.988003
36.352501 150.011192 50.140393 20.000559 0.008000 -2.988086
36.347542 150.011153 50.139839 20.000557 0.007960 -2.988168
36.342582 150.011114 50.139285 20.000555 0.007920 -2.988251
36.337623 150.011075 50.138732 20.000553 0.007879 -2.988333
36.332664 150.011036 50.138178 20.000551 0.007839 -2.988414
36.327705 150.010996 50.137625 20.000548 0.007799 -2.988496
36.322746 150.010957 50.137072 20.000546 0.007759 -2.988577
36.317786 150.010918 50.136520 20.000544 0.007719 -2.988658
36.312827 150.010879 50.135967 20.000542 0.007679 -2.988738
36.307868 150.010840 50.135415 20.000540 0.007640 -2.988819
36.302908 150.010800 50.134863 20.000537 0.007600 -2.988899
36.297949 150.010761 50.134311 20.000535 0.007560 -2.988979
36.292990 150.010722 50.133760 20.000533 0.007521 -2.989058
36.288030 150.010683 50.133209 20.000531 0.007481 -2.989138
36.283071 150.010643 50.132658 20.000529 0.007442 -2.989217
36.278111 150.010604 50.132107 20.000526 0.007403 -2.989295
36.273152 150.010565 50.131557 20.000524 0.007363 -2.989374
36.268192 150.010525 50.131007 20.000522 0.007324 -2.989452
36.263232 150.010486 50.130457 20.000520 0.007285 -2.989530
36.258273 150.010447 50.129907 20.000518 0.007246 -2.989607
36.253313 150.010407 50.129358 20.000515 0.007207 -2.989685
36.248353 150.010368 50.128809 20.000513 0.007168 -2.989762
36.243394 150.010328 50.128260 20.000511 0.007130 -2.989839
36.238434 150.010289 50.127711 20.000509 0.007091 -2.989915
36.233474 150.010249 50.127163 20.000507 0.007052 -2.989991
36.228514 150.010210 50.126615 20.000505 0.007014 -2.990067
36.223554 150.010170 50.126067 20.000502 0.006975 -2.990143
36.218594 150.010131 50.125519 20.000500 0.006937 -2.990218
36.213635 150.010091 50.124972 20.000498 0.006898 -2.990293
36.208675 150.010052 50.124425 20.000496 0.006860 -2.990368
36.203715 150.010012 50.123878 20.000494 0.006822 -2.990443
36.198755 150.009973 50.123331 20.000491 0.006784 -2.990517
36.193795 150.009933 50.122785 20.000489 0.006746 -2.990591
36.188834 150.009894 50.122239 20.000487 0.006708 -2.990665
36.183874 150.009854 50.121693 20.000485 0.006670 -2.990738
36.178914 150.009814 50.121148 20.000483 0.006632 -2.990811
36.173954 150.009775 50.120602 20.000481 0.006595 -2.990884
36.168994 150.009735 50.120057 20.000478 0.006557 -2.990957
36.164034 150.009695 50.119513 20.000476 0.006519 -2.991029
36.159073 150.009656 50.118968 20.000474 0.006482 -2.991101
36.154113 150.009616 50.118424 20.000472 0.006445 -2.991173
36.149153 150.009576 50.117880 20.000470 0.006407 -2.991244
36.144192 150.009537 50.117336 20.000468 0.006370 -2.991316
36.139232 150.009497 50.116793 20.000465 0.006333 -2.991387
36.134271 150.009457 50.116250 20.000463 0.006296 -2.991457
36.129311 150.009417 50.115707 20.000461 0.006259 -2.991528
36.124350 150.009377 50.115164 20.000459 0.006222 -2.991598
36.119390 150.009338 50.114622 20.000457 0.006185 -2.991667
36.114429 150.009298 50.114080 20.000455 0.006148 -2.991737
36.109469 150.009258 50.113538 20.000452 0.006112 -2.991806
36.104508 150.009218 50.112997 20.000450 0.006075 -2.991875
36.099548 150.009178 50.112455 20.000448 0.006038 -2.991944
36.094587 150.009138 50.111914 20.000446 0.006002 -2.992012
36.089626 150.009098 50.111374 20.000444 0.005966 -2.992080
36.084665 150.009059 50.110833 20.000442 0.005929 -2.992148
36.079705 150.009019 50.110293 20.000440 0.005893 -2.992216
36.074744 150.008979 50.109753 20.000437 0.005857 -2.992283
36.069783 150.008939 50.109214 20.000435 0.005821 -2.992350
36.064822 150.008899 50.108674 20.000433 0.005785 -2.992417
36.059861 150.008859 50.108135 20.000431 0.005749 -2.992483
36.054900 150.008819 50.107596 20.000429 0.005713 -2.992549
36.049939 150.008779 50.107058 20.000427 0.005678 -2.992615
36.044978 150.008739 50.106520 20.000424 0.005642 -2.992681
36.040017 150.008699 50.105982 20.000422 0.005606 -2.992746
36.035056 150.008659 50.105444 20.000420 0.005571 -2.992811
36.030095 150.008619 50.104907 20.000418 0.005536 -2.992876
36.025134 150.008578 50.104370 20.000416 0.005500 -2.992940
36.020173 150.008538 50.103833 20.000414 0.005465 -2.993004
36.015211 150.008498 50.103296 20.000412 0.005430 -2.993068
36.010250 150.008458 50.102760 20.000409 0.005395 -2.993132
36.005289 150.008418 50.102224 20.000407 0.005360 -2.993195
36.000328 150.008378 50.101688 20.000405 0.005325 -2.993258
35.995366 150.008338 50.101153 20.000403 0.005290 -2.993321
35.990405 150.008297 50.100618 20.000401 0.005255 -2.993383
35.985444 150.008257 50.100083 20.000399 0.005220 -2.993445
35.980482 150.008217 50.099548 20.000397 0.005186 -2.993507
35.975521 150.008177 50.099014 20.000395 0.005151 -2.993569
35.970559 150.008136 50.098480 20.000392 0.005117 -2.993630
35.965598 150.008096 50.097946 20.000390 0.005083 -2.993691
35.960636 150.008056 50.097413 20.000388 0.005048 -2.993752
35.955675 150.008016 50.096880 20.000386 0.005014 -2.993812
35.950713 150.007975 50.096347 20.000384 0.004980 -2.993872
35.945751 150.007935 50.095814 20.000382 0.004946 -2.993932
35.940790 150.007895 50.095282 20.000380 0.004912 -2.993992
35.935828 150.007854 50.094750 20.000378 0.004878 -2.994051
35.930866 150.007814 50.094218 20.000375 0.004844 -2.994110
35.925904 150.007773 50.093687 20.000373 0.004811 -2.994169
35.920943 150.007733 50.093156 20.000371 0.004777 -2.994227
35.915981 150.007693 50.092625 20.000369 0.004744 -2.994285
35.911019 150.007652 50.092094 20.000367 0.004710 -2.994343
35.906057 150.007612 50.091564 20.000365 0.004677 -2.994401
35.901095 150.007571 50.091034 20.000363 0.004643 -2.994458
35.896133 150.007531 50.090505 20.000361 0.004610 -2.994515
35.891171 150.007490 50.089975 20.000359 0.004577 -2.994571
35.886209 150.007450 50.089446 20.000356 0.004544 -2.994628
35.881247 150.007409 50.088918 20.000354 0.004511 -2.994684
35.876285 150.007369 50.088389 20.000352 0.004478 -2.994740
35.871323 150.007328 50.087861 20.000350 0.004446 -2.994795
35.866360 150.007288 50.087333 20.000348 0.004413 -2.994851
35.861398 150.007247 50.086805 20.000346 0.004380 -2.994906
35.856436 150.007206 50.086278 20.000344 0.004348 -2.994960
35.851474 150.007166 50.085751 20.000342 0.004315 -2.995015
35.846511 150.007125 50.085225 20.000340 0.004283 -2.995069
35.841549 150.007084 50.084698 20.000338 0.004251 -2.995123
35.836587 150.007044 50.084172 20.000335 0.004218 -2.995176
35.831624 150.007003 50.083646 20.000333 0.004186 -2.995229
35.826662 150.006962 50.083121 20.000331 0.004154 -2.995282
35.821699 150.006922 50.082596 20.000329 0.004122 -2.995335
35.816737 150.006881 50.082071 20.000327 0.004090 -2.995387
35.811774 150.006840 50.081546 20.000325 0.004059 -2.995439
35.806812 150.006800 50.081022 20.000323 0.004027 -2.995491
35.801849 150.006759 50.080498 20.000321 0.003995 -2.995542
35.796886 150.006718 50.079974 20.000319 0.003964 -2.995594
35.791924 150.006677 50.079451 20.000317 0.003932 -2.995645
35.786961 150.006636 50.078928 20.000315 0.003901 -2.995695
35.781998 150.006596 50.078405 20.000312 0.003870 -2.995745
35.777035 150.006555 50.077883 20.000310 0.003839 -2.995795
35.772073 150.006514 50.077361 20.000308 0.003808 -2.995845
35.767110 150.006473 50.076839 20.000306 0.003777 -2.995895
35.762147 150.006432 50.076318 20.000304 0.003746 -2.995944
35.757184 150.006391 50.075796 20.000302 0.003715 -2.995993
35.752221 150.006350 50.075276 20.000300 0.003684 -2.996041
35.747258 150.006309 50.074755 20.000298 0.003653 -2.996089
35.742295 150.006269 50.074235 20.000296 0.003623 -2.996137
35.737332 150.006228 50.073715 20.000294 0.003592 -2.996185
35.732369 150.006187 50.073195 20.000292 0.003562 -2.996232
35.727406 150.006146 50.072676 20.000290 0.003532 -2.996280
35.722443 150.006105 50.072157 20.000288 0.003501 -2.996326
35.717480 150.006064 50.071638 20.000285 0.003471 -2.996373
35.712516 150.006023 50.071120 20.000283 0.003441 -2.996419
35.707553 150.005982 50.070602 20.000281 0.003411 -2.996465
35.702590 150.005940 50.070084 20.000279 0.003381 -2.996511
35.697626 150.005899 50.069567 20.000277 0.003352 -2.996556
35.692663 150.005858 50.069050 20.000275 0.003322 -2.996601
35.687700 150.005817 50.068533 20.000273 0.003292 -2.996646
