0.346455 150.000000 -50.000000 19.828716 -0.000000 -4.546071
0.346631 150.000000 -50.000000 19.828706 -0.000000 -4.551059
0.346806 150.000000 -50.000000 19.828696 -0.000000 -4.556047
0.346981 150.000000 -50.000000 19.828687 -0.000000 -4.561035
0.347156 150.000000 -50.000000 19.828677 -0.000000 -4.566023
0.347331 150.000000 -50.000000 19.828667 -0.000000 -4.571011
0.347506 150.000000 -50.000000 19.828657 -0.000000 -4.575999
0.347681 150.000000 -50.000000 19.828648 -0.000000 -4.580987
0.347856 150.000000 -50.000000 19.828638 -0.000000 -4.585974
0.348031 150.000000 -50.000000 19.828628 -0.000000 -4.590962
0.348205 150.000000 -50.000000 19.828618 -0.000000 -4.595950
0.348380 150.000000 -50.000000 19.828609 -0.000000 -4.600938
0.348555 150.000000 -50.000000 19.828599 -0.000000 -4.605926
0.348730 150.000000 -50.000000 19.828589 -0.000000 -4.610914
0.348905 150.000000 -50.000000 19.828580 -0.000000 -4.615902
0.349079 150.000000 -50.000000 19.828570 -0.000000 -4.620890
0.349254 150.000000 -50.000000 19.828560 -0.000000 -4.625878
0.349429 150.000000 -50.000000 19.828551 -0.000000 -4.630866
0.349603 150.000000 -50.000000 19.828541 -0.000000 -4.635854
0.349778 150.000000 -50.000000 19.828532 -0.000000 -4.640842
0.349953 150.000000 -50.000000 19.828522 -0.000000 -4.645830
0.350127 150.000000 -50.000000 19.828512 -0.000000 -4.650818
0.350302 150.000000 -50.000000 19.828503 -0.000000 -4.655806
0.350476 150.000000 -50.000000 19.828493 -0.000000 -4.660794
0.350651 150.000000 -50.000000 19.828484 -0.000000 -4.665781
0.350825 150.000000 -50.000000 19.828474 -0.000000 -4.670769
0.351000 150.000000 -50.000000 19.828465 -0.000000 -4.675757
0.351174 150.000000 -50.000000 19.828455 -0.000000 -4.680745
0.351348 150.000000 -50.000000 19.828446 -0.000000 -4.685733
0.351523 150.000000 -50.000000 19.828436 -0.000000 -4.690721
0.351697 150.000000 -50.000000 19.828427 -0.000000 -4.695709
0.351871 150.000000 -50.000000 19.828417 -0.000000 -4.700697
0.352046 150.000000 -50.000000 19.828408 -0.000000 -4.705685
0.352220 150.000000 -50.000000 19.828398 -0.000000 -4.710673
0.352394 150.000000 -50.000000 19.828389 -0.000000 -4.715661
0.352568 150.000000 -50.000000 19.828379 -0.000000 -4.720648
0.352742 150.000000 -50.000000 19.828370 -0.000000 -4.725636
0.352916 150.000000 -50.000000 19.828360 -0.000000 -4.730624
0.353090 150.000000 -50.000000 19.828351 -0.000000 -4.735612
0.353265 150.000000 -50.000000 19.828342 -0.000000 -4.740600
0.353439 150.000000 -50.000000 19.828332 -0.000000 -4.745588
0.353613 150.000000 -50.000000 19.828323 -0.000000 -4.750576
0.353786 150.000000 -50.000000 19.828314 -0.000000 -4.755564
0.353960 150.000000 -50.000000 19.828304 -0.000000 -4.760552
0.354134 150.000000 -50.000000 19.828295 -0.000000 -4.765539
0.354308 150.000000 -50.000000 19.828285 -0.000000 -4.770527
0.354482 150.000000 -50.000000 19.828276 -0.000000 -4.775515
0.354656 150.000000 -50.000000 19.828267 -0.000000 -4.780503
0.354830 150.000000 -50.000000 19.828258 -0.000000 -4.785491
0.355003 150.000000 -50.000000 19.828248 -0.000000 -4.790479
0.355177 150.000000 -50.000000 19.828239 -0.000000 -4.795467
0.355351 150.000000 -50.000000 19.828230 -0.000000 -4.800455
0.355525 150.000000 -50.000000 19.828220 -0.000000 -4.805442
0.355698 150.000000 -50.000000 19.828211 -0.000000 -4.810430
0.355872 150.000000 -50.000000 19.828202 -0.000000 -4.815418
0.356045 150.000000 -50.000000 19.828193 -0.000000 -4.820406
0.356219 150.000000 -50.000000 19.828184 -0.000000 -4.825394
0.356392 150.000000 -50.000000 19.828174 -0.000000 -4.830382
0.356566 150.000000 -50.000000 19.828165 -0.000000 -4.835370
0.356739 150.000000 -50.000000 19.828156 -0.000000 -4.840357
0.356913 150.000000 -50.000000 19.828147 -0.000000 -4.845345
0.357086 150.000000 -50.000000 19.828138 -0.000000 -4.850333
0.357260 150.000000 -50.000000 19.828128 -0.000000 -4.855321
0.357433 150.000000 -50.000000 19.828119 -0.000000 -4.860309
0.357606 150.000000 -50.000000 19.828110 -0.000000 -4.865297
0.357780 150.000000 -50.000000 19.828101 -0.000000 -4.870284
0.357953 150.000000 -50.000000 19.828092 -0.000000 -4.875272
0.358126 150.000000 -50.000000 19.828083 -0.000000 -4.880260
0.358299 150.000000 -50.000000 19.828074 -0.000000 -4.885248
0.358472 150.000000 -50.000000 19.828065 -0.000000 -4.890236
0.358646 150.000000 -50.000000 19.828056 -0.000000 -4.895223
0.358819 150.000000 -50.000000 19.828047 -0.000000 -4.900211
0.358992 150.000000 -50.000000 19.828038 -0.000000 -4.905199
0.359165 150.000000 -50.000000 19.828029 -0.000000 -4.910187
0.359338 150.000000 -50.000000 19.828020 -0.000000 -4.915175
0.359511 150.000000 -50.000000 19.828011 -0.000000 -4.920162
0.359684 150.000000 -50.000000 19.828002 -0.000000 -4.925150
0.359857 150.000000 -50.000000 19.827993 -0.000000 -4.930138
0.360030 150.000000 -50.000000 19.827984 -0.000000 -4.935126
0.360203 150.000000 -50.000000 19.827975 -0.000000 -4.940114
0.360375 150.000000 -50.000000 19.827966 -0.000000 -4.945101
0.360548 150.000000 -50.000000 19.827957 -0.000000 -4.950089
0.360721 150.000000 -50.000000 19.827948 -0.000000 -4.955077
0.360894 150.000000 -50.000000 19.827939 -0.000000 -4.960065
0.361066 150.000000 -50.000000 19.827930 -0.000000 -4.965053
0.361239 150.000000 -50.000000 19.827921 -0.000000 -4.970040
0.361412 150.000000 -50.000000 19.827912 -0.000000 -4.975028
0.361584 150.000000 -50.000000 19.827903 -0.000000 -4.980016
0.361757 150.000000 -50.000000 19.827894 -0.000000 -4.985004
0.361930 150.000000 -50.000000 19.827886 -0.000000 -4.989991
0.362102 150.000000 -50.000000 19.827877 -0.000000 -4.994979
0.362275 150.000000 -50.000000 19.827868 -0.000000 -4.999967
0.362447 150.000000 -50.000000 19.827859 -0.000000 -5.004955
0.362619 150.000000 -50.000000 19.827850 -0.000000 -5.009942
0.362792 150.000000 -50.000000 19.827841 -0.000000 -5.014930
0.362964 150.000000 -50.000000 19.827833 -0.000000 -5.019918
0.363137 150.000000 -50.000000 19.827824 -0.000000 -5.024906
0.363309 150.000000 -50.000000 19.827815 -0.000000 -5.029893
0.363481 150.000000 -50.000000 19.827806 -0.000000 -5.034881
0.363653 150.000000 -50.000000 19.827798 -0.000000 -5.039869
0.363826 150.000000 -50.000000 19.827789 -0.000000 -5.044856
0.363998 150.000000 -50.000000 19.827780 -0.000000 -5.049844
0.364170 150.000000 -50.000000 19.827771 -0.000000 -5.054832
0.364342 150.000000 -50.000000 19.827763 -0.000000 -5.059820
0.364514 150.000000 -50.000000 19.827754 -0.000000 -5.064807
0.364686 150.000000 -50.000000 19.827745 -0.000000 -5.069795
0.364858 150.000000 -50.000000 19.827737 -0.000000 -5.074783
0.365030 150.000000 -50.000000 19.827728 -0.000000 -5.079770
0.365202 150.000000 -50.000000 19.827719 -0.000000 -5.084758
0.365374 150.000000 -50.000000 19.827711 -0.000000 -5.089746
0.365546 150.000000 -50.000000 19.827702 -0.000000 -5.094734
0.365718 150.000000 -50.000000 19.827694 -0.000000 -5.099721
0.365890 150.000000 -50.000000 19.827685 -0.000000 -5.104709
0.366062 150.000000 -50.000000 19.827676 -0.000000 -5.109697
0.366233 150.000000 -50.000000 19.827668 -0.000000 -5.114684
0.366405 150.000000 -50.000000 19.827659 -0.000000 -5.119672
0.366577 150.000000 -50.000000 19.827651 -0.000000 -5.124660
0.366749 150.000000 -50.000000 19.827642 -0.000000 -5.129647
0.366920 150.000000 -50.000000 19.827634 -0.000000 -5.134635
0.367092 150.000000 -50.000000 19.827625 -0.000000 -5.139623
0.367264 150.000000 -50.000000 19.827617 -0.000000 -5.144610
0.367435 150.000000 -50.000000 19.827608 -0.000000 -5.149598
0.367607 150.000000 -50.000000 19.827600 -0.000000 -5.154585
0.367778 150.000000 -50.000000 19.827591 -0.000000 -5.159573
0.367950 150.000000 -50.000000 19.827583 -0.000000 -5.164561
0.368121 150.000000 -50.000000 19.827574 -0.000000 -5.169548
0.368292 150.000000 -50.000000 19.827566 -0.000000 -5.174536
0.368464 150.000000 -50.000000 19.827557 -0.000000 -5.179524
0.368635 150.000000 -50.000000 19.827549 -0.000000 -5.184511
0.368806 150.000000 -50.000000 19.827541 -0.000000 -5.189499
0.368978 150.000000 -50.000000 19.827532 -0.000000 -5.194486
0.369149 150.000000 -50.000000 19.827524 -0.000000 -5.199474
0.369320 150.000000 -50.000000 19.827515 -0.000000 -5.204462
0.369491 150.000000 -50.000000 19.827507 -0.000000 -5.209449
0.369662 150.000000 -50.000000 19.827499 -0.000000 -5.214437
0.369833 150.000000 -50.000000 19.827490 -0.000000 -5.219424
0.370005 150.000000 -50.000000 19.827482 -0.000000 -5.224412
0.370176 150.000000 -50.000000 19.827474 -0.000000 -5.229400
0.370347 150.000000 -50.000000 19.827465 -0.000000 -5.234387
0.370518 150.000000 -50.000000 19.827457 -0.000000 -5.239375
0.370689 150.000000 -50.000000 19.827449 -0.000000 -5.244362
0.370859 150.000000 -50.000000 19.827440 -0.000000 -5.249350
0.371030 150.000000 -50.000000 19.827432 -0.000000 -5.254337
0.371201 150.000000 -50.000000 19.827424 -0.000000 -5.259325
0.371372 150.000000 -50.000000 19.827416 -0.000000 -5.264313
0.371543 150.000000 -50.000000 19.827408 -0.000000 -5.269300
0.371714 150.000000 -50.000000 19.827399 -0.000000 -5.274288
0.371884 150.000000 -50.000000 19.827391 -0.000000 -5.279275
0.372055 150.000000 -50.000000 19.827383 -0.000000 -5.284263
0.372226 150.000000 -50.000000 19.827375 -0.000000 -5.289250
0.372396 150.000000 -50.000000 19.827367 -0.000000 -5.294238
0.372567 150.000000 -50.000000 19.827358 -0.000000 -5.299225
0.372737 150.000000 -50.000000 19.827350 -0.000000 -5.304213
0.372908 150.000000 -50.000000 19.827342 -0.000000 -5.309200
0.373078 150.000000 -50.000000 19.827334 -0.000000 -5.314188
0.373249 150.000000 -50.000000 19.827326 -0.000000 -5.319175
0.373419 150.000000 -50.000000 19.827318 -0.000000 -5.324163
0.373590 150.000000 -50.000000 19.827310 -0.000000 -5.329150
0.373760 150.000000 -50.000000 19.827302 -0.000000 -5.334138
0.373930 150.000000 -50.000000 19.827294 -0.000000 -5.339125
0.374100 150.000000 -50.000000 19.827285 -0.000000 -5.344113
0.374271 150.000000 -50.000000 19.827277 -0.000000 -5.349100
0.374441 150.000000 -50.000000 19.827269 -0.000000 -5.354088
0.374611 150.000000 -50.000000 19.827261 -0.000000 -5.359075
0.374781 150.000000 -50.000000 19.827253 -0.000000 -5.364063
0.374951 150.000000 -50.000000 19.827245 -0.000000 -5.369050
0.375121 150.000000 -50.000000 19.827237 -0.000000 -5.374038
0.375291 150.000000 -50.000000 19.827229 -0.000000 -5.379025
0.375462 150.000000 -50.000000 19.827221 -0.000000 -5.384013
0.375631 150.000000 -50.000000 19.827213 -0.000000 -5.389000
0.375801 150.000000 -50.000000 19.827206 -0.000000 -5.393987
0.375971 150.000000 -50.000000 19.827198 -0.000000 -5.398975
0.376141 150.000000 -50.000000 19.827190 -0.000000 -5.403962
0.376311 150.000000 -50.000000 19.827182 -0.000000 -5.408950
0.376481 150.000000 -50.000000 19.827174 -0.000000 -5.413937
0.376651 150.000000 -50.000000 19.827166 -0.000000 -5.418925
0.376820 150.000000 -50.000000 19.827158 -0.000000 -5.423912
0.376990 150.000000 -50.000000 19.827150 -0.000000 -5.428899
0.377160 150.000000 -50.000000 19.827142 -0.000000 -5.433887
0.377329 150.000000 -50.000000 19.827135 -0.000000 -5.438874
0.377499 150.000000 -50.000000 19.827127 -0.000000 -5.443862
0.377669 150.000000 -50.000000 19.827119 -0.000000 -5.448849
0.377838 150.000000 -50.000000 19.827111 -0.000000 -5.453836
0.378008 150.000000 -50.000000 19.827103 -0.000000 -5.458824
0.378177 150.000000 -50.000000 19.827096 -0.000000 -5.463811
0.378347 150.000000 -50.000000 19.827088 -0.000000 -5.468798
0.378516 150.000000 -50.000000 19.827080 -0.000000 -5.473786
0.378685 150.000000 -50.000000 19.827072 -0.000000 -5.478773
0.378855 150.000000 -50.000000 19.827065 -0.000000 -5.483760
0.379024 150.000000 -50.000000 19.827057 -0.000000 -5.488748
0.379193 150.000000 -50.000000 19.827049 -0.000000 -5.493735
0.379362 150.000000 -50.000000 19.827041 -0.000000 -5.498722
0.379532 150.000000 -50.000000 19.827034 -0.000000 -5.503710
0.379701 150.000000 -50.000000 19.827026 -0.000000 -5.508697
0.379870 150.000000 -50.000000 19.827018 -0.000000 -5.513684
0.380039 150.000000 -50.000000 19.827011 -0.000000 -5.518672
0.380208 150.000000 -50.000000 19.827003 -0.000000 -5.523659
0.380377 150.000000 -50.000000 19.826995 -0.000000 -5.528646
0.380546 150.000000 -50.000000 19.826988 -0.000000 -5.533634
0.380715 150.000000 -50.000000 19.826980 -0.000000 -5.538621
0.380884 150.000000 -50.000000 19.826973 -0.000000 -5.543608
0.381053 150.000000 -50.000000 19.826965 -0.000000 -5.548596
0.381222 150.000000 -50.000000 19.826957 -0.000000 -5.553583
0.381390 150.000000 -50.000000 19.826950 -0.000000 -5.558570
0.381559 150.000000 -50.000000 19.826942 -0.000000 -5.563557
0.381728 150.000000 -50.000000 19.826935 -0.000000 -5.568545
0.381897 150.000000 -50.000000 19.826927 -0.000000 -5.573532
0.382065 150.000000 -50.000000 19.826920 -0.000000 -5.578519
0.382234 150.000000 -50.000000 19.826912 -0.000000 -5.583506
0.382402 150.000000 -50.000000 19.826905 -0.000000 -5.588494
0.382571 150.000000 -50.000000 19.826897 -0.000000 -5.593481
0.382740 150.000000 -50.000000 19.826890 -0.000000 -5.598468
0.382908 150.000000 -50.000000 19.826882 -0.000000 -5.603455
0.383076 150.000000 -50.000000 19.826875 -0.000000 -5.608442
0.383245 150.000000 -50.000000 19.826868 -0.000000 -5.613430
0.383413 150.000000 -50.000000 19.826860 -0.000000 -5.618417
0.383582 150.000000 -50.000000 19.826853 -0.000000 -5.623404
0.383750 150.000000 -50.000000 19.826845 -0.000000 -5.628391
0.383918 150.000000 -50.000000 19.826838 -0.000000 -5.633378
0.384086 150.000000 -50.000000 19.826831 -0.000000 -5.638366
0.384255 150.000000 -50.000000 19.826823 -0.000000 -5.643353
0.384423 150.000000 -50.000000 19.826816 -0.000000 -5.648340
0.384591 150.000000 -50.000000 19.826809 -0.000000 -5.653327
0.384759 150.000000 -50.000000 19.826801 -0.000000 -5.658314
0.384927 150.000000 -50.000000 19.826794 -0.000000 -5.663301
0.385095 150.000000 -50.000000 19.826787 -0.000000 -5.668289
0.385263 150.000000 -50.000000 19.826779 -0.000000 -5.673276
0.385431 150.000000 -50.000000 19.826772 -0.000000 -5.678263
0.385599 150.000000 -50.000000 19.826765 -0.000000 -5.683250
0.385767 150.000000 -50.000000 19.826758 -0.000000 -5.688237
0.385935 150.000000 -50.000000 19.826750 -0.000000 -5.693224
0.386102 150.000000 -50.000000 19.826743 -0.000000 -5.698211
0.386270 150.000000 -50.000000 19.826736 -0.000000 -5.703198
0.386438 150.000000 -50.000000 19.826729 -0.000000 -5.708186
0.386606 150.000000 -50.000000 19.826721 -0.000000 -5.713173
0.386773 150.000000 -50.000000 19.826714 -0.000000 -5.718160
0.386941 150.000000 -50.000000 19.826707 -0.000000 -5.723147
0.387109 150.000000 -50.000000 19.826700 -0.000000 -5.728134
0.387276 150.000000 -50.000000 19.826693 -0.000000 -5.733121
0.387444 150.000000 -50.000000 19.826686 -0.000000 -5.738108
0.387611 150.000000 -50.000000 19.826679 -0.000000 -5.743095
0.387779 150.000000 -50.000000 19.826671 -0.000000 -5.748082
0.387946 150.000000 -50.000000 19.826664 -0.000000 -5.753069
0.388113 150.000000 -50.000000 19.826657 -0.000000 -5.758056
0.388281 150.000000 -50.000000 19.826650 -0.000000 -5.763043
0.388448 150.000000 -50.000000 19.826643 -0.000000 -5.768030
0.388615 150.000000 -50.000000 19.826636 -0.000000 -5.773017
0.388782 150.000000 -50.000000 19.826629 -0.000000 -5.778004
0.388950 150.000000 -50.000000 19.826622 -0.000000 -5.782991
0.389117 150.000000 -50.000000 19.826615 -0.000000 -5.787978
0.389284 150.000000 -50.000000 19.826608 -0.000000 -5.792965
0.389451 150.000000 -50.000000 19.826601 -0.000000 -5.797952
0.389618 150.000000 -50.000000 19.826594 -0.000000 -5.802939
0.389785 150.000000 -50.000000 19.826587 -0.000000 -5.807926
0.389952 150.000000 -50.000000 19.826580 -0.000000 -5.812913
0.390119 150.000000 -50.000000 19.826573 -0.000000 -5.817900
0.390286 150.000000 -50.000000 19.826566 -0.000000 -5.822887
0.390453 150.000000 -50.000000 19.826559 -0.000000 -5.827874
0.390619 150.000000 -50.000000 19.826553 -0.000000 -5.832861
0.390786 150.000000 -50.000000 19.826546 -0.000000 -5.837848
0.390953 150.000000 -50.000000 19.826539 -0.000000 -5.842835
0.391120 150.000000 -50.000000 19.826532 -0.000000 -5.847822
0.391286 150.000000 -50.000000 19.826525 -0.000000 -5.852809
0.391453 150.000000 -50.000000 19.826518 -0.000000 -5.857796
0.391620 150.000000 -50.000000 19.826511 -0.000000 -5.862782
0.391786 150.000000 -50.000000 19.826505 -0.000000 -5.867769
0.391953 150.000000 -50.000000 19.826498 -0.000000 -5.872756
0.392119 150.000000 -50.000000 19.826491 -0.000000 -5.877743
0.392286 150.000000 -50.000000 19.826484 -0.000000 -5.882730
0.392452 150.000000 -50.000000 19.826477 -0.000000 -5.887717
0.392618 150.000000 -50.000000 19.826471 -0.000000 -5.892704
0.392785 150.000000 -50.000000 19.826464 -0.000000 -5.897691
0.392951 150.000000 -50.000000 19.826457 -0.000000 -5.902677
0.393117 150.000000 -50.000000 19.826450 -0.000000 -5.907664
0.393283 150.000000 -50.000000 19.826444 -0.000000 -5.912651
0.393450 150.000000 -50.000000 19.826437 -0.000000 -5.917638
0.393616 150.000000 -50.000000 19.826430 -0.000000 -5.922625
0.393782 150.000000 -50.000000 19.826424 -0.000000 -5.927612
0.393948 150.000000 -50.000000 19.826417 -0.000000 -5.932598
0.394114 150.000000 -50.000000 19.826410 -0.000000 -5.937585
0.394280 150.000000 -50.000000 19.826404 -0.000000 -5.942572
0.394446 150.000000 -50.000000 19.826397 -0.000000 -5.947559
0.394612 150.000000 -50.000000 19.826391 -0.000000 -5.952546
0.394778 150.000000 -50.000000 19.826384 -0.000000 -5.957532
0.394943 150.000000 -50.000000 19.826377 -0.000000 -5.962519
0.395109 150.000000 -50.000000 19.826371 -0.000000 -5.967506
0.395275 150.000000 -50.000000 19.826364 -0.000000 -5.972493
0.395441 150.000000 -50.000000 19.826358 -0.000000 -5.977479
0.395606 150.000000 -50.000000 19.826351 -0.000000 -5.982466
0.395772 150.000000 -50.000000 19.826345 -0.000000 -5.987453
0.395938 150.000000 -50.000000 19.826338 -0.000000 -5.992440
0.396103 150.000000 -50.000000 19.826332 -0.000000 -5.997426
0.396269 150.000000 -50.000000 19.826325 -0.000000 -6.002413
0.396434 150.000000 -50.000000 19.826319 -0.000000 -6.007400
0.396600 150.000000 -50.000000 19.826312 -0.000000 -6.012386
0.396765 150.000000 -50.000000 19.826306 -0.000000 -6.017373
0.396931 150.000000 -50.000000 19.826299 -0.000000 -6.022360
0.397096 150.000000 -50.000000 19.826293 -0.000000 -6.027346
0.397261 150.000000 -50.000000 19.826286 -0.000000 -6.032333
0.397426 150.000000 -50.000000 19.826280 -0.000000 -6.037320
0.397592 150.000000 -50.000000 19.826274 -0.000000 -6.042306
0.397757 150.000000 -50.000000 19.826267 -0.000000 -6.047293
0.397922 150.000000 -50.000000 19.826261 -0.000000 -6.052280
0.398087 150.000000 -50.000000 19.826255 -0.000000 -6.057266
0.398252 150.000000 -50.000000 19.826248 -0.000000 -6.062253
0.398417 150.000000 -50.000000 19.826242 -0.000000 -6.067240
0.398582 150.000000 -50.000000 19.826236 -0.000000 -6.072226
0.398747 150.000000 -50.000000 19.826229 -0.000000 -6.077213
0.398912 150.000000 -50.000000 19.826223 -0.000000 -6.082199
0.399077 150.000000 -50.000000 19.826217 -0.000000 -6.087186
0.399242 150.000000 -50.000000 19.826210 -0.000000 -6.092173
0.399406 150.000000 -50.000000 19.826204 -0.000000 -6.097159
0.399571 150.000000 -50.000000 19.826198 -0.000000 -6.102146
0.399736 150.000000 -50.000000 19.826192 -0.000000 -6.107132
0.399901 150.000000 -50.000000 19.826186 -0.000000 -6.112119
0.400065 150.000000 -50.000000 19.826179 -0.000000 -6.117105
0.400230 150.000000 -50.000000 19.826173 -0.000000 -6.122092
0.400394 150.000000 -50.000000 19.826167 -0.000000 -6.127078
0.400559 150.000000 -50.000000 19.826161 -0.000000 -6.132065
0.400723 150.000000 -50.000000 19.826155 -0.000000 -6.137051
0.400888 150.000000 -50.000000 19.826149 -0.000000 -6.142038
0.401052 150.000000 -50.000000 19.826142 -0.000000 -6.147024
0.401217 150.000000 -50.000000 19.826136 -0.000000 -6.152011
0.401381 150.000000 -50.000000 19.826130 -0.000000 -6.156997
0.401545 150.000000 -50.000000 19.826124 -0.000000 -6.161984
0.401709 150.000000 -50.000000 19.826118 -0.000000 -6.166970
0.401874 150.000000 -50.000000 19.826112 -0.000000 -6.171957
0.402038 150.000000 -50.000000 19.826106 -0.000000 -6.176943
0.402202 150.000000 -50.000000 19.826100 -0.000000 -6.181930
0.402366 150.000000 -50.000000 19.826094 -0.000000 -6.186916
0.402530 150.000000 -50.000000 19.826088 -0.000000 -6.191903
0.402694 150.000000 -50.000000 19.826082 -0.000000 -6.196889
0.402858 150.000000 -50.000000 19.826076 -0.000000 -6.201875
0.403022 150.000000 -50.000000 19.826070 -0.000000 -6.206862
0.403186 150.000000 -50.000000 19.826064 -0.000000 -6.211848
0.403349 150.000000 -50.000000 19.826058 -0.000000 -6.216835
0.403513 150.000000 -50.000000 19.826052 -0.000000 -6.221821
0.403677 150.000000 -50.000000 19.826046 -0.000000 -6.226807
0.403841 150.000000 -50.000000 19.826040 -0.000000 -6.231794
0.404004 150.000000 -50.000000 19.826034 -0.000000 -6.236780
0.404168 150.000000 -50.000000 19.826028 -0.000000 -6.241766
0.404332 150.000000 -50.000000 19.826022 -0.000000 -6.246753
0.404495 150.000000 -50.000000 19.826017 -0.000000 -6.251739
0.404659 150.000000 -50.000000 19.826011 -0.000000 -6.256725
0.404822 150.000000 -50.000000 19.826005 -0.000000 -6.261712
0.404986 150.000000 -50.000000 19.825999 -0.000000 -6.266698
0.405149 150.000000 -50.000000 19.825993 -0.000000 -6.271684
0.405312 150.000000 -50.000000 19.825988 -0.000000 -6.276671
0.405476 150.000000 -50.000000 19.825982 -0.000000 -6.281657
0.405639 150.000000 -50.000000 19.825976 -0.000000 -6.286643
0.405802 150.000000 -50.000000 19.825970 -0.000000 -6.291629
0.405965 150.000000 -50.000000 19.825964 -0.000000 -6.296616
0.406128 150.000000 -50.000000 19.825959 -0.000000 -6.301602
0.406292 150.000000 -50.000000 19.825953 -0.000000 -6.306588
0.406455 150.000000 -50.000000 19.825947 -0.000000 -6.311574
0.406618 150.000000 -50.000000 19.825942 -0.000000 -6.316561
0.406781 150.000000 -50.000000 19.825936 -0.000000 -6.321547
0.406944 150.000000 -50.000000 19.825930 -0.000000 -6.326533
0.407107 150.000000 -50.000000 19.825925 -0.000000 -6.331519
0.407269 150.000000 -50.000000 19.825919 -0.000000 -6.336505
0.407432 150.000000 -50.000000 19.825913 -0.000000 -6.341492
0.407595 150.000000 -50.000000 19.825908 -0.000000 -6.346478
0.407758 150.000000 -50.000000 19.825902 -0.000000 -6.351464
0.407920 150.000000 -50.000000 19.825896 -0.000000 -6.356450
0.408083 150.000000 -50.000000 19.825891 -0.000000 -6.361436
0.408246 150.000000 -50.000000 19.825885 -0.000000 -6.366422
0.408408 150.000000 -50.000000 19.825880 -0.000000 -6.371408
0.408571 150.000000 -50.000000 19.825874 -0.000000 -6.376395
0.408733 150.000000 -50.000000 19.825869 -0.000000 -6.381381
0.408896 150.000000 -50.000000 19.825863 -0.000000 -6.386367
0.409058 150.000000 -50.000000 19.825858 -0.000000 -6.391353
0.409220 150.000000 -50.000000 19.825852 -0.000000 -6.396339
0.409383 150.000000 -50.000000 19.825847 -0.000000 -6.401325
0.409545 150.000000 -50.000000 19.825841 -0.000000 -6.406311
0.409707 150.000000 -50.000000 19.825836 -0.000000 -6.411297
0.409870 150.000000 -50.000000 19.825830 -0.000000 -6.416283
0.410032 150.000000 -50.000000 19.825825 -0.000000 -6.421269
0.410194 150.000000 -50.000000 19.825819 -0.000000 -6.426255
0.410356 150.000000 -50.000000 19.825814 -0.000000 -6.431241
0.410518 150.000000 -50.000000 19.825809 -0.000000 -6.436227
0.410680 150.000000 -50.000000 19.825803 -0.000000 -6.441213
0.410842 150.000000 -50.000000 19.825798 -0.000000 -6.446199
0.411004 150.000000 -50.000000 19.825793 -0.000000 -6.451185
0.411166 150.000000 -50.000000 19.825787 -0.000000 -6.456171
0.411327 150.000000 -50.000000 19.825782 -0.000000 -6.461157
0.411489 150.000000 -50.000000 19.825777 -0.000000 -6.466143
0.411651 150.000000 -50.000000 19.825771 -0.000000 -6.471129
0.411813 150.000000 -50.000000 19.825766 -0.000000 -6.476115
0.411974 150.000000 -50.000000 19.825761 -0.000000 -6.481101
0.412136 150.000000 -50.000000 19.825756 -0.000000 -6.486087
0.412297 150.000000 -50.000000 19.825750 -0.000000 -6.491073
0.412459 150.000000 -50.000000 19.825745 -0.000000 -6.496059
0.412620 150.000000 -50.000000 19.825740 -0.000000 -6.501045
0.412782 150.000000 -50.000000 19.825735 -0.000000 -6.506031
0.412943 150.000000 -50.000000 19.825729 -0.000000 -6.511016
0.413105 150.000000 -50.000000 19.825724 -0.000000 -6.516002
0.413266 150.000000 -50.000000 19.825719 -0.000000 -6.520988
0.413427 150.000000 -50.000000 19.825714 -0.000000 -6.525974
0.413588 150.000000 -50.000000 19.825709 -0.000000 -6.530960
0.413750 150.000000 -50.000000 19.825704 -0.000000 -6.535946
0.413911 150.000000 -50.000000 19.825699 -0.000000 -6.540932
0.414072 150.000000 -50.000000 19.825693 -0.000000 -6.545917
0.414233 150.000000 -50.000000 19.825688 -0.000000 -6.550903
0.414394 150.000000 -50.000000 19.825683 -0.000000 -6.555889
0.414555 150.000000 -50.000000 19.825678 -0.000000 -6.560875
0.414716 150.000000 -50.000000 19.825673 -0.000000 -6.565861
0.414877 150.000000 -50.000000 19.825668 -0.000000 -6.570846
0.415038 150.000000 -50.000000 19.825663 -0.000000 -6.575832
0.415198 150.000000 -50.000000 19.825658 -0.000000 -6.580818
0.415359 150.000000 -50.000000 19.825653 -0.000000 -6.585804
0.415520 150.000000 -50.000000 19.825648 -0.000000 -6.590789
0.415681 150.000000 -50.000000 19.825643 -0.000000 -6.595775
0.415841 150.000000 -50.000000 19.825638 -0.000000 -6.600761
0.416002 150.000000 -50.000000 19.825633 -0.000000 -6.605746
0.416162 150.000000 -50.000000 19.825628 -0.000000 -6.610732
0.416323 150.000000 -50.000000 19.825623 -0.000000 -6.615718
0.416483 150.000000 -50.000000 19.825618 -0.000000 -6.620704
0.416644 150.000000 -50.000000 19.825614 -0.000000 -6.625689
0.416804 150.000000 -50.000000 19.825609 -0.000000 -6.630675
0.416964 150.000000 -50.000000 19.825604 -0.000000 -6.635660
0.417125 150.000000 -50.000000 19.825599 -0.000000 -6.640646
0.417285 150.000000 -50.000000 19.825594 -0.000000 -6.645632
0.417445 150.000000 -50.000000 19.825589 -0.000000 -6.650617
0.417605 150.000000 -50.000000 19.825584 -0.000000 -6.655603
0.417765 150.000000 -50.000000 19.825580 -0.000000 -6.660589
0.417925 150.000000 -50.000000 19.825575 -0.000000 -6.665574
0.418085 150.000000 -50.000000 19.825570 -0.000000 -6.670560
0.418245 150.000000 -50.000000 19.825565 -0.000000 -6.675545
0.418405 150.000000 -50.000000 19.825561 -0.000000 -6.680531
0.418565 150.000000 -50.000000 19.825556 -0.000000 -6.685516
0.418725 150.000000 -50.000000 19.825551 -0.000000 -6.690502
0.418885 150.000000 -50.000000 19.825546 -0.000000 -6.695487
0.419045 150.000000 -50.000000 19.825542 -0.000000 -6.700473
0.419204 150.000000 -50.000000 19.825537 -0.000000 -6.705458
0.419364 150.000000 -50.000000 19.825532 -0.000000 -6.710444
0.419524 150.000000 -50.000000 19.825528 -0.000000 -6.715429
0.419683 150.000000 -50.000000 19.825523 -0.000000 -6.720415
0.419843 150.000000 -50.000000 19.825518 -0.000000 -6.725400
0.420002 150.000000 -50.000000 19.825514 -0.000000 -6.730386
0.420162 150.000000 -50.000000 19.825509 -0.000000 -6.735371
0.420321 150.000000 -50.000000 19.825505 -0.000000 -6.740357
0.420480 150.000000 -50.000000 19.825500 -0.000000 -6.745342
0.420640 150.000000 -50.000000 19.825496 -0.000000 -6.750328
0.420799 150.000000 -50.000000 19.825491 -0.000000 -6.755313
0.420958 150.000000 -50.000000 19.825486 -0.000000 -6.760298
0.421117 150.000000 -50.000000 19.825482 -0.000000 -6.765284
0.421277 150.000000 -50.000000 19.825477 -0.000000 -6.770269
0.421436 150.000000 -50.000000 19.825473 -0.000000 -6.775255
0.421595 150.000000 -50.000000 19.825468 -0.000000 -6.780240
0.421754 150.000000 -50.000000 19.825464 -0.000000 -6.785225
0.421913 150.000000 -50.000000 19.825460 0.000000 -6.790211
0.422072 150.000000 -50.000000 19.825455 0.000000 -6.795196
0.422230 150.000000 -50.000000 19.825451 0.000000 -6.800181
0.422389 150.000000 -50.000000 19.825446 0.000000 -6.805167
0.422548 150.000000 -50.000000 19.825442 0.000000 -6.810152
0.422707 150.000000 -50.000000 19.825437 0.000000 -6.815137
0.422866 150.000000 -50.000000 19.825433 0.000000 -6.820122
0.423024 150.000000 -50.000000 19.825429 0.000000 -6.825108
0.423183 150.000000 -50.000000 19.825424 0.000000 -6.830093
0.423341 150.000000 -50.000000 19.825420 0.000000 -6.835078
0.423500 150.000000 -50.000000 19.825416 0.000000 -6.840063
0.423658 150.000000 -50.000000 19.825411 0.000000 -6.845049
0.423817 150.000000 -50.000000 19.825407 0.000000 -6.850034
0.423975 150.000000 -50.000000 19.825403 0.000000 -6.855019
0.424133 150.000000 -50.000000 19.825399 0.000000 -6.860004
0.424292 150.000000 -50.000000 19.825394 0.000000 -6.864990
0.424450 150.000000 -50.000000 19.825390 0.000000 -6.869975
0.424608 150.000000 -50.000000 19.825386 0.000000 -6.874960
0.424766 150.000000 -50.000000 19.825382 0.000000 -6.879945
0.424924 150.000000 -50.000000 19.825377 0.000000 -6.884930
0.425083 150.000000 -50.000000 19.825373 0.000000 -6.889915
0.425241 150.000000 -50.000000 19.825369 0.000000 -6.894900
0.425399 150.000000 -50.000000 19.825365 0.000000 -6.899886
0.425557 150.000000 -50.000000 19.825361 0.000000 -6.904871
0.425714 150.000000 -50.000000 19.825357 0.000000 -6.909856
0.425872 150.000000 -50.000000 19.825352 0.000000 -6.914841
0.426030 150.000000 -50.000000 19.825348 0.000000 -6.919826
0.426188 150.000000 -50.000000 19.825344 0.000000 -6.924811
0.426346 150.000000 -50.000000 19.825340 0.000000 -6.929796
0.426503 150.000000 -50.000000 19.825336 0.000000 -6.934781
