44.044369 150.002035 -49.913978 35.514584 -0.277292 0.000365
44.048734 150.002026 -49.914377 35.512522 -0.276003 0.000367
44.053098 150.002016 -49.914777 35.510458 -0.274713 0.000369
44.057461 150.002007 -49.915177 35.508391 -0.273424 0.000371
44.061823 150.001997 -49.915576 35.506322 -0.272136 0.000373
44.066184 150.001988 -49.915976 35.504252 -0.270848 0.000375
44.070544 150.001978 -49.916375 35.502179 -0.269560 0.000376
44.074903 150.001969 -49.916774 35.500103 -0.268272 0.000378
44.079260 150.001959 -49.917173 35.498026 -0.266985 0.000380
44.083617 150.001950 -49.917572 35.495947 -0.265699 0.000382
44.087973 150.001940 -49.917971 35.493865 -0.264412 0.000384
44.092328 150.001931 -49.918370 35.491781 -0.263126 0.000385
44.096682 150.001921 -49.918769 35.489695 -0.261841 0.000387
44.101034 150.001912 -49.919167 35.487607 -0.260556 0.000389
44.105386 150.001903 -49.919566 35.485517 -0.259271 0.000390
44.109737 150.001893 -49.919964 35.483425 -0.257986 0.000392
44.114087 150.001884 -49.920362 35.481330 -0.256702 0.000394
44.118435 150.001874 -49.920760 35.479234 -0.255418 0.000395
44.122783 150.001865 -49.921158 35.477135 -0.254135 0.000397
44.127130 150.001855 -49.921556 35.475034 -0.252852 0.000398
44.131475 150.001846 -49.921954 35.472931 -0.251570 0.000400
44.135820 150.001837 -49.922351 35.470826 -0.250287 0.000401
44.140163 150.001827 -49.922749 35.468719 -0.249006 0.000403
44.144506 150.001818 -49.923146 35.466609 -0.247724 0.000404
44.148848 150.001808 -49.923543 35.464498 -0.246443 0.000406
44.153188 150.001799 -49.923940 35.462384 -0.245162 0.000407
44.157528 150.001790 -49.924337 35.460268 -0.243882 0.000409
44.161866 150.001780 -49.924734 35.458150 -0.242602 0.000410
44.166204 150.001771 -49.925131 35.456030 -0.241323 0.000411
44.170540 150.001761 -49.925528 35.453908 -0.240044 0.000413
44.174876 150.001752 -49.925924 35.451784 -0.238765 0.000414
44.179210 150.001743 -49.926320 35.449657 -0.237487 0.000415
44.183544 150.001733 -49.926717 35.447529 -0.236209 0.000417
44.187876 150.001724 -49.927113 35.445398 -0.234931 0.000418
44.192207 150.001714 -49.927509 35.443265 -0.233654 0.000419
44.196538 150.001705 -49.927905 35.441130 -0.232378 0.000420
44.200867 150.001696 -49.928300 35.438993 -0.231101 0.000421
44.205196 150.001686 -49.928696 35.436854 -0.229825 0.000423
44.209523 150.001677 -49.929092 35.434713 -0.228550 0.000424
44.213849 150.001668 -49.929487 35.432570 -0.227275 0.000425
44.218175 150.001658 -49.929882 35.430424 -0.226000 0.000426
44.222499 150.001649 -49.930277 35.428277 -0.224726 0.000427
44.226822 150.001640 -49.930672 35.426127 -0.223452 0.000428
44.231145 150.001630 -49.931067 35.423975 -0.222179 0.000429
44.235466 150.001621 -49.931462 35.421822 -0.220906 0.000430
44.239786 150.001612 -49.931857 35.419666 -0.219633 0.000431
44.244106 150.001602 -49.932251 35.417508 -0.218361 0.000432
44.248424 150.001593 -49.932645 35.415347 -0.217089 0.000433
44.252741 150.001583 -49.933040 35.413185 -0.215818 0.000434
44.257058 150.001574 -49.933434 35.411021 -0.214547 0.000435
44.261373 150.001565 -49.933828 35.408855 -0.213276 0.000436
44.265687 150.001555 -49.934221 35.406686 -0.212006 0.000437
44.270000 150.001546 -49.934615 35.404515 -0.210736 0.000438
44.274313 150.001537 -49.935009 35.402343 -0.209467 0.000439
44.278624 150.001528 -49.935402 35.400168 -0.208198 0.000439
44.282934 150.001518 -49.935795 35.397991 -0.206930 0.000440
44.287243 150.001509 -49.936189 35.395812 -0.205662 0.000441
44.291552 150.001500 -49.936582 35.393631 -0.204394 0.000442
44.295859 150.001490 -49.936975 35.391448 -0.203127 0.000443
44.300165 150.001481 -49.937367 35.389263 -0.201861 0.000443
44.304470 150.001472 -49.937760 35.387076 -0.200594 0.000444
44.308775 150.001462 -49.938153 35.384887 -0.199328 0.000445
44.313078 150.001453 -49.938545 35.382695 -0.198063 0.000445
44.317380 150.001444 -49.938937 35.380502 -0.196798 0.000446
44.321681 150.001435 -49.939329 35.378306 -0.195534 0.000447
44.325982 150.001425 -49.939721 35.376109 -0.194270 0.000447
44.330281 150.001416 -49.940113 35.373909 -0.193006 0.000448
44.334579 150.001407 -49.940505 35.371707 -0.191743 0.000448
44.338876 150.001397 -49.940896 35.369504 -0.190480 0.000449
44.343173 150.001388 -49.941288 35.367298 -0.189218 0.000450
44.347468 150.001379 -49.941679 35.365090 -0.187956 0.000450
44.351762 150.001370 -49.942070 35.362880 -0.186694 0.000451
44.356055 150.001360 -49.942461 35.360668 -0.185433 0.000451
44.360348 150.001351 -49.942852 35.358454 -0.184173 0.000452
44.364639 150.001342 -49.943243 35.356238 -0.182913 0.000452
44.368929 150.001333 -49.943633 35.354020 -0.181653 0.000452
44.373218 150.001323 -49.944024 35.351799 -0.180394 0.000453
44.377506 150.001314 -49.944414 35.349577 -0.179135 0.000453
44.381794 150.001305 -49.944804 35.347353 -0.177877 0.000454
44.386080 150.001296 -49.945194 35.345127 -0.176619 0.000454
44.390365 150.001286 -49.945584 35.342898 -0.175362 0.000454
44.394650 150.001277 -49.945974 35.340668 -0.174105 0.000455
44.398933 150.001268 -49.946363 35.338435 -0.172849 0.000455
44.403215 150.001259 -49.946753 35.336201 -0.171593 0.000455
44.407496 150.001249 -49.947142 35.333964 -0.170337 0.000456
44.411777 150.001240 -49.947531 35.331726 -0.169082 0.000456
44.416056 150.001231 -49.947920 35.329485 -0.167828 0.000456
44.420334 150.001222 -49.948309 35.327242 -0.166574 0.000456
44.424612 150.001213 -49.948698 35.324998 -0.165320 0.000457
44.428888 150.001203 -49.949086 35.322751 -0.164067 0.000457
44.433163 150.001194 -49.949475 35.320502 -0.162814 0.000457
44.437438 150.001185 -49.949863 35.318251 -0.161562 0.000457
44.441711 150.001176 -49.950251 35.315998 -0.160310 0.000457
44.445983 150.001167 -49.950639 35.313744 -0.159059 0.000457
44.450255 150.001157 -49.951027 35.311487 -0.157808 0.000457
44.454525 150.001148 -49.951415 35.309228 -0.156558 0.000458
44.458794 150.001139 -49.951802 35.306967 -0.155308 0.000458
44.463063 150.001130 -49.952190 35.304704 -0.154059 0.000458
44.467330 150.001121 -49.952577 35.302439 -0.152810 0.000458
44.471597 150.001112 -49.952964 35.300172 -0.151561 0.000458
44.475862 150.001102 -49.953351 35.297903 -0.150314 0.000458
44.480127 150.001093 -49.953738 35.295632 -0.149066 0.000458
44.484390 150.001084 -49.954124 35.293359 -0.147819 0.000458
44.488653 150.001075 -49.954511 35.291084 -0.146573 0.000458
44.492914 150.001066 -49.954897 35.288807 -0.145327 0.000458
44.497174 150.001057 -49.955284 35.286528 -0.144081 0.000457
44.501434 150.001047 -49.955670 35.284247 -0.142836 0.000457
44.505693 150.001038 -49.956055 35.281964 -0.141592 0.000457
44.509950 150.001029 -49.956441 35.279679 -0.140348 0.000457
44.514207 150.001020 -49.956827 35.277392 -0.139104 0.000457
44.518462 150.001011 -49.957212 35.275103 -0.137861 0.000457
44.522717 150.001002 -49.957597 35.272812 -0.136619 0.000457
44.526970 150.000993 -49.957983 35.270519 -0.135377 0.000456
44.531223 150.000984 -49.958368 35.268224 -0.134135 0.000456
44.535475 150.000974 -49.958752 35.265927 -0.132894 0.000456
44.539725 150.000965 -49.959137 35.263628 -0.131654 0.000456
44.543975 150.000956 -49.959522 35.261327 -0.130414 0.000456
44.548224 150.000947 -49.959906 35.259024 -0.129175 0.000455
44.552471 150.000938 -49.960290 35.256719 -0.127936 0.000455
44.556718 150.000929 -49.960674 35.254412 -0.126697 0.000455
44.560964 150.000920 -49.961058 35.252103 -0.125459 0.000454
44.565209 150.000911 -49.961442 35.249792 -0.124222 0.000454
44.569453 150.000902 -49.961825 35.247480 -0.122985 0.000454
44.573695 150.000893 -49.962209 35.245165 -0.121748 0.000453
44.577937 150.000884 -49.962592 35.242848 -0.120512 0.000453
44.582178 150.000874 -49.962975 35.240529 -0.119277 0.000453
44.586418 150.000865 -49.963358 35.238208 -0.118042 0.000452
44.590657 150.000856 -49.963741 35.235885 -0.116808 0.000452
44.594895 150.000847 -49.964123 35.233561 -0.115574 0.000451
44.599132 150.000838 -49.964506 35.231234 -0.114341 0.000451
44.603368 150.000829 -49.964888 35.228905 -0.113108 0.000451
44.607603 150.000820 -49.965270 35.226575 -0.111876 0.000450
44.611837 150.000811 -49.965652 35.224242 -0.110644 0.000450
44.616070 150.000802 -49.966034 35.221908 -0.109413 0.000449
44.620302 150.000793 -49.966415 35.219571 -0.108182 0.000449
44.624533 150.000784 -49.966797 35.217233 -0.106952 0.000448
44.628763 150.000775 -49.967178 35.214892 -0.105722 0.000447
44.632992 150.000766 -49.967559 35.212550 -0.104493 0.000447
44.637220 150.000757 -49.967940 35.210205 -0.103265 0.000446
44.641447 150.000748 -49.968321 35.207859 -0.102037 0.000446
44.645674 150.000739 -49.968702 35.205511 -0.100809 0.000445
44.649899 150.000730 -49.969082 35.203161 -0.099582 0.000444
44.654123 150.000721 -49.969462 35.200808 -0.098356 0.000444
44.658346 150.000712 -49.969843 35.198454 -0.097130 0.000443
44.662569 150.000703 -49.970223 35.196098 -0.095904 0.000443
44.666790 150.000694 -49.970602 35.193740 -0.094680 0.000442
44.671011 150.000685 -49.970982 35.191380 -0.093455 0.000441
44.675230 150.000676 -49.971361 35.189018 -0.092232 0.000441
44.679448 150.000667 -49.971741 35.186654 -0.091008 0.000440
44.683666 150.000658 -49.972120 35.184289 -0.089786 0.000439
44.687882 150.000649 -49.972499 35.181921 -0.088564 0.000438
44.692098 150.000640 -49.972878 35.179551 -0.087342 0.000438
44.696312 150.000631 -49.973256 35.177180 -0.086121 0.000437
44.700526 150.000622 -49.973635 35.174806 -0.084901 0.000436
44.704739 150.000613 -49.974013 35.172431 -0.083681 0.000435
44.708950 150.000604 -49.974391 35.170053 -0.082462 0.000434
44.713161 150.000595 -49.974769 35.167674 -0.081243 0.000434
44.717371 150.000586 -49.975147 35.165293 -0.080025 0.000433
44.721580 150.000577 -49.975524 35.162910 -0.078807 0.000432
44.725787 150.000568 -49.975902 35.160525 -0.077590 0.000431
44.729994 150.000559 -49.976279 35.158138 -0.076373 0.000430
44.734200 150.000550 -49.976656 35.155749 -0.075157 0.000429
44.738405 150.000542 -49.977033 35.153358 -0.073942 0.000428
44.742609 150.000533 -49.977410 35.150965 -0.072727 0.000428
44.746812 150.000524 -49.977786 35.148570 -0.071513 0.000427
44.751014 150.000515 -49.978163 35.146174 -0.070299 0.000426
44.755215 150.000506 -49.978539 35.143775 -0.069086 0.000425
44.759415 150.000497 -49.978915 35.141375 -0.067874 0.000424
44.763614 150.000488 -49.979291 35.138973 -0.066662 0.000423
44.767812 150.000479 -49.979666 35.136568 -0.065450 0.000422
44.772009 150.000470 -49.980042 35.134162 -0.064239 0.000421
44.776206 150.000461 -49.980417 35.131754 -0.063029 0.000420
44.780401 150.000453 -49.980792 35.129344 -0.061819 0.000419
44.784595 150.000444 -49.981167 35.126932 -0.060610 0.000418
44.788789 150.000435 -49.981542 35.124519 -0.059402 0.000417
44.792981 150.000426 -49.981917 35.122103 -0.058194 0.000416
44.797172 150.000417 -49.982291 35.119685 -0.056986 0.000415
44.801363 150.000408 -49.982665 35.117266 -0.055779 0.000414
44.805552 150.000399 -49.983040 35.114845 -0.054573 0.000413
44.809741 150.000390 -49.983413 35.112421 -0.053368 0.000411
44.813928 150.000382 -49.983787 35.109996 -0.052163 0.000410
44.818115 150.000373 -49.984161 35.107569 -0.050958 0.000409
44.822301 150.000364 -49.984534 35.105140 -0.049754 0.000408
44.826485 150.000355 -49.984907 35.102710 -0.048551 0.000407
44.830669 150.000346 -49.985280 35.100277 -0.047348 0.000406
44.834852 150.000337 -49.985653 35.097842 -0.046146 0.000405
44.839034 150.000329 -49.986025 35.095406 -0.044945 0.000403
44.843215 150.000320 -49.986398 35.092968 -0.043744 0.000402
44.847395 150.000311 -49.986770 35.090527 -0.042543 0.000401
44.851574 150.000302 -49.987142 35.088085 -0.041344 0.000400
44.855752 150.000293 -49.987514 35.085641 -0.040145 0.000399
44.859929 150.000285 -49.987886 35.083196 -0.038946 0.000397
44.864105 150.000276 -49.988257 35.080748 -0.037748 0.000396
44.868280 150.000267 -49.988629 35.078298 -0.036551 0.000395
44.872454 150.000258 -49.989000 35.075847 -0.035354 0.000394
44.876627 150.000249 -49.989371 35.073393 -0.034158 0.000392
44.880800 150.000241 -49.989741 35.070938 -0.032963 0.000391
44.884971 150.000232 -49.990112 35.068481 -0.031768 0.000390
44.889141 150.000223 -49.990482 35.066022 -0.030573 0.000389
44.893311 150.000214 -49.990852 35.063562 -0.029380 0.000387
44.897479 150.000206 -49.991222 35.061099 -0.028187 0.000386
44.901647 150.000197 -49.991592 35.058634 -0.026994 0.000385
44.905813 150.000188 -49.991962 35.056168 -0.025802 0.000383
44.909979 150.000179 -49.992331 35.053700 -0.024611 0.000382
44.914144 150.000171 -49.992701 35.051230 -0.023420 0.000381
44.918308 150.000162 -49.993070 35.048758 -0.022231 0.000379
44.922470 150.000153 -49.993439 35.046284 -0.021041 0.000378
44.926632 150.000144 -49.993807 35.043808 -0.019852 0.000376
44.930793 150.000136 -49.994176 35.041331 -0.018664 0.000375
44.934953 150.000127 -49.994544 35.038852 -0.017477 0.000374
44.939112 150.000118 -49.994912 35.036370 -0.016290 0.000372
44.943270 150.000110 -49.995280 35.033887 -0.015104 0.000371
44.947427 150.000101 -49.995648 35.031403 -0.013918 0.000369
44.951583 150.000092 -49.996015 35.028916 -0.012733 0.000368
44.955738 150.000083 -49.996382 35.026427 -0.011549 0.000366
44.959893 150.000075 -49.996750 35.023937 -0.010365 0.000365
44.964046 150.000066 -49.997116 35.021445 -0.009182 0.000363
44.968198 150.000057 -49.997483 35.018951 -0.007999 0.000362
44.972350 150.000049 -49.997850 35.016455 -0.006818 0.000360
44.976500 150.000040 -49.998216 35.013957 -0.005636 0.000359
44.980650 150.000031 -49.998582 35.011458 -0.004456 0.000357
44.984798 150.000023 -49.998948 35.008956 -0.003276 0.000356
44.988946 150.000014 -49.999314 35.006453 -0.002097 0.000354
44.993093 150.000005 -49.999679 35.003948 -0.000918 0.000353
44.997239 149.999997 -50.000045 35.001441 0.000260 0.000351
45.001383 149.999988 -50.000410 34.998933 0.001437 0.000350
45.005527 149.999979 -50.000775 34.996422 0.002614 0.000348
45.009670 149.999971 -50.001140 34.993910 0.003790 0.000347
45.013812 149.999962 -50.001504 34.991396 0.004966 0.000345
45.017953 149.999954 -50.001869 34.988880 0.006140 0.000343
45.022093 149.999945 -50.002233 34.986362 0.007314 0.000342
45.026233 149.999936 -50.002597 34.983842 0.008488 0.000340
45.030371 149.999928 -50.002960 34.981321 0.009661 0.000339
45.034508 149.999919 -50.003324 34.978798 0.010833 0.000337
45.038644 149.999910 -50.003687 34.976273 0.012004 0.000335
45.042780 149.999902 -50.004050 34.973746 0.013175 0.000334
45.046914 149.999893 -50.004413 34.971217 0.014345 0.000332
45.051048 149.999885 -50.004776 34.968687 0.015515 0.000331
45.055181 149.999876 -50.005139 34.966155 0.016684 0.000329
45.059312 149.999868 -50.005501 34.963621 0.017852 0.000327
45.063443 149.999859 -50.005863 34.961085 0.019020 0.000326
45.067573 149.999850 -50.006225 34.958547 0.020187 0.000324
45.071702 149.999842 -50.006587 34.956008 0.021353 0.000322
45.075830 149.999833 -50.006948 34.953467 0.022518 0.000320
45.079957 149.999825 -50.007310 34.950924 0.023683 0.000319
45.084083 149.999816 -50.007671 34.948379 0.024847 0.000317
45.088208 149.999808 -50.008032 34.945832 0.026011 0.000315
45.092332 149.999799 -50.008392 34.943284 0.027174 0.000314
45.096455 149.999791 -50.008753 34.940734 0.028336 0.000312
45.100577 149.999782 -50.009113 34.938182 0.029498 0.000310
45.104699 149.999774 -50.009473 34.935628 0.030658 0.000308
45.108819 149.999765 -50.009833 34.933072 0.031819 0.000307
45.112939 149.999757 -50.010193 34.930515 0.032978 0.000305
45.117057 149.999748 -50.010552 34.927956 0.034137 0.000303
45.121175 149.999740 -50.010911 34.925395 0.035295 0.000301
45.125292 149.999731 -50.011270 34.922832 0.036453 0.000300
45.129408 149.999723 -50.011629 34.920268 0.037609 0.000298
45.133522 149.999714 -50.011988 34.917702 0.038765 0.000296
45.137636 149.999706 -50.012346 34.915134 0.039921 0.000294
45.141749 149.999697 -50.012704 34.912564 0.041075 0.000292
45.145861 149.999689 -50.013062 34.909993 0.042230 0.000291
45.149973 149.999680 -50.013420 34.907419 0.043383 0.000289
45.154083 149.999672 -50.013777 34.904844 0.044536 0.000287
45.158192 149.999663 -50.014135 34.902267 0.045687 0.000285
45.162300 149.999655 -50.014492 34.899689 0.046839 0.000283
45.166408 149.999646 -50.014849 34.897109 0.047989 0.000282
45.170514 149.999638 -50.015205 34.894526 0.049139 0.000280
45.174620 149.999629 -50.015562 34.891943 0.050288 0.000278
45.178725 149.999621 -50.015918 34.889357 0.051437 0.000276
45.182828 149.999613 -50.016274 34.886770 0.052585 0.000274
45.186931 149.999604 -50.016630 34.884181 0.053732 0.000272
45.191033 149.999596 -50.016986 34.881590 0.054878 0.000270
45.195134 149.999587 -50.017341 34.878997 0.056024 0.000268
45.199234 149.999579 -50.017696 34.876403 0.057169 0.000267
45.203333 149.999571 -50.018051 34.873807 0.058313 0.000265
45.207431 149.999562 -50.018406 34.871209 0.059456 0.000263
45.211529 149.999554 -50.018760 34.868609 0.060599 0.000261
45.215625 149.999545 -50.019115 34.866008 0.061741 0.000259
45.219720 149.999537 -50.019469 34.863405 0.062883 0.000257
45.223815 149.999529 -50.019822 34.860800 0.064024 0.000255
45.227908 149.999520 -50.020176 34.858193 0.065164 0.000253
45.232001 149.999512 -50.020530 34.855585 0.066303 0.000251
45.236093 149.999504 -50.020883 34.852975 0.067441 0.000249
45.240184 149.999495 -50.021236 34.850363 0.068579 0.000247
45.244273 149.999487 -50.021588 34.847750 0.069716 0.000246
45.248362 149.999479 -50.021941 34.845134 0.070853 0.000244
45.252450 149.999470 -50.022293 34.842517 0.071989 0.000242
45.256538 149.999462 -50.022645 34.839899 0.073123 0.000240
45.260624 149.999454 -50.022997 34.837278 0.074258 0.000238
45.264709 149.999445 -50.023349 34.834656 0.075391 0.000236
45.268793 149.999437 -50.023700 34.832032 0.076524 0.000234
45.272877 149.999429 -50.024051 34.829406 0.077656 0.000232
45.276959 149.999420 -50.024402 34.826779 0.078787 0.000230
45.281041 149.999412 -50.024753 34.824150 0.079918 0.000228
45.285122 149.999404 -50.025104 34.821519 0.081048 0.000226
45.289201 149.999395 -50.025454 34.818887 0.082177 0.000224
45.293280 149.999387 -50.025804 34.816253 0.083305 0.000222
45.297358 149.999379 -50.026154 34.813617 0.084433 0.000220
45.301435 149.999371 -50.026503 34.810979 0.085560 0.000218
45.305511 149.999362 -50.026853 34.808340 0.086686 0.000216
45.309587 149.999354 -50.027202 34.805699 0.087812 0.000214
45.313661 149.999346 -50.027551 34.803056 0.088936 0.000212
45.317734 149.999338 -50.027899 34.800412 0.090060 0.000210
45.321807 149.999329 -50.028248 34.797765 0.091184 0.000208
45.325878 149.999321 -50.028596 34.795118 0.092306 0.000206
45.329949 149.999313 -50.028944 34.792468 0.093428 0.000204
45.334019 149.999305 -50.029292 34.789817 0.094549 0.000202
45.338087 149.999296 -50.029640 34.787164 0.095669 0.000200
45.342155 149.999288 -50.029987 34.784509 0.096789 0.000198
45.346222 149.999280 -50.030334 34.781853 0.097907 0.000196
45.350288 149.999272 -50.030681 34.779195 0.099025 0.000194
45.354354 149.999264 -50.031027 34.776535 0.100142 0.000192
45.358418 149.999255 -50.031374 34.773874 0.101259 0.000190
45.362481 149.999247 -50.031720 34.771211 0.102375 0.000188
45.366544 149.999239 -50.032066 34.768546 0.103490 0.000186
45.370605 149.999231 -50.032411 34.765879 0.104604 0.000183
45.374666 149.999223 -50.032757 34.763211 0.105717 0.000181
45.378725 149.999214 -50.033102 34.760541 0.106830 0.000179
45.382784 149.999206 -50.033447 34.757870 0.107942 0.000177
45.386842 149.999198 -50.033792 34.755197 0.109053 0.000175
45.390899 149.999190 -50.034136 34.752522 0.110163 0.000173
45.394955 149.999182 -50.034481 34.749845 0.111273 0.000171
45.399010 149.999174 -50.034825 34.747167 0.112382 0.000169
45.403065 149.999166 -50.035169 34.744487 0.113490 0.000167
45.407118 149.999158 -50.035512 34.741805 0.114597 0.000165
45.411170 149.999149 -50.035855 34.739122 0.115704 0.000163
45.415222 149.999141 -50.036198 34.736437 0.116810 0.000161
45.419273 149.999133 -50.036541 34.733751 0.117915 0.000159
45.423322 149.999125 -50.036884 34.731062 0.119019 0.000157
45.427371 149.999117 -50.037226 34.728373 0.120122 0.000155
45.431419 149.999109 -50.037568 34.725681 0.121225 0.000152
45.435466 149.999101 -50.037910 34.722988 0.122327 0.000150
45.439512 149.999093 -50.038252 34.720293 0.123428 0.000148
45.443557 149.999085 -50.038593 34.717596 0.124529 0.000146
45.447602 149.999077 -50.038935 34.714898 0.125628 0.000144
45.451645 149.999069 -50.039275 34.712198 0.126727 0.000142
45.455688 149.999060 -50.039616 34.709497 0.127825 0.000140
45.459729 149.999052 -50.039957 34.706794 0.128922 0.000138
45.463770 149.999044 -50.040297 34.704089 0.130018 0.000136
45.467810 149.999036 -50.040637 34.701382 0.131114 0.000134
45.471849 149.999028 -50.040976 34.698674 0.132209 0.000132
45.475887 149.999020 -50.041316 34.695964 0.133303 0.000129
45.479924 149.999012 -50.041655 34.693253 0.134396 0.000127
45.483960 149.999004 -50.041994 34.690540 0.135489 0.000125
45.487995 149.998996 -50.042333 34.687825 0.136580 0.000123
45.492030 149.998988 -50.042671 34.685109 0.137671 0.000121
45.496063 149.998980 -50.043010 34.682391 0.138761 0.000119
45.500096 149.998972 -50.043348 34.679671 0.139850 0.000117
45.504128 149.998964 -50.043685 34.676950 0.140939 0.000115
45.508159 149.998956 -50.044023 34.674227 0.142027 0.000113
45.512188 149.998948 -50.044360 34.671503 0.143113 0.000111
45.516217 149.998940 -50.044697 34.668777 0.144200 0.000108
45.520246 149.998932 -50.045034 34.666049 0.145285 0.000106
45.524273 149.998924 -50.045370 34.663319 0.146369 0.000104
45.528299 149.998916 -50.045707 34.660588 0.147453 0.000102
45.532325 149.998909 -50.046043 34.657856 0.148536 0.000100
45.536349 149.998901 -50.046379 34.655121 0.149618 0.000098
45.540373 149.998893 -50.046714 34.652386 0.150699 0.000096
45.544396 149.998885 -50.047049 34.649648 0.151779 0.000094
45.548418 149.998877 -50.047384 34.646909 0.152859 0.000092
45.552439 149.998869 -50.047719 34.644168 0.153938 0.000089
45.556459 149.998861 -50.048054 34.641426 0.155016 0.000087
45.560478 149.998853 -50.048388 34.638682 0.156093 0.000085
45.564496 149.998845 -50.048722 34.635936 0.157169 0.000083
45.568514 149.998837 -50.049056 34.633189 0.158244 0.000081
45.572530 149.998829 -50.049389 34.630440 0.159319 0.000079
45.576546 149.998822 -50.049722 34.627690 0.160393 0.000077
45.580560 149.998814 -50.050055 34.624938 0.161466 0.000075
45.584574 149.998806 -50.050388 34.622184 0.162538 0.000073
45.588587 149.998798 -50.050721 34.619429 0.163610 0.000071
45.592599 149.998790 -50.051053 34.616672 0.164680 0.000068
45.596611 149.998782 -50.051385 34.613914 0.165750 0.000066
45.600621 149.998774 -50.051717 34.611154 0.166819 0.000064
45.604630 149.998767 -50.052048 34.608392 0.167887 0.000062
45.608639 149.998759 -50.052379 34.605629 0.168954 0.000060
45.612646 149.998751 -50.052710 34.602864 0.170020 0.000058
45.616653 149.998743 -50.053041 34.600098 0.171086 0.000056
45.620659 149.998735 -50.053371 34.597330 0.172150 0.000054
45.624664 149.998728 -50.053701 34.594560 0.173214 0.000052
45.628668 149.998720 -50.054031 34.591789 0.174277 0.000050
45.632671 149.998712 -50.054361 34.589016 0.175339 0.000047
45.636674 149.998704 -50.054690 34.586242 0.176401 0.000045
45.640675 149.998696 -50.055020 34.583466 0.177461 0.000043
45.644676 149.998689 -50.055348 34.580689 0.178521 0.000041
45.648675 149.998681 -50.055677 34.577909 0.179580 0.000039
45.652674 149.998673 -50.056005 34.575129 0.180638 0.000037
45.656672 149.998665 -50.056333 34.572347 0.181695 0.000035
45.660669 149.998658 -50.056661 34.569563 0.182751 0.000033
45.664665 149.998650 -50.056989 34.566777 0.183806 0.000031
45.668660 149.998642 -50.057316 34.563990 0.184861 0.000029
45.672655 149.998634 -50.057643 34.561202 0.185915 0.000027
45.676648 149.998627 -50.057970 34.558412 0.186967 0.000025
45.680641 149.998619 -50.058297 34.555620 0.188019 0.000023
45.684633 149.998611 -50.058623 34.552827 0.189071 0.000020
45.688623 149.998604 -50.058949 34.550032 0.190121 0.000018
45.692613 149.998596 -50.059275 34.547236 0.191170 0.000016
45.696602 149.998588 -50.059600 34.544438 0.192219 0.000014
45.700591 149.998580 -50.059925 34.541638 0.193266 0.000012
45.704578 149.998573 -50.060250 34.538837 0.194313 0.000010
45.708564 149.998565 -50.060575 34.536035 0.195359 0.000008
45.712550 149.998557 -50.060899 34.533230 0.196404 0.000006
45.716535 149.998550 -50.061223 34.530425 0.197448 0.000004
45.720519 149.998542 -50.061547 34.527618 0.198492 0.000002
45.724501 149.998535 -50.061871 34.524809 0.199534 0.000000
45.728484 149.998527 -50.062194 34.521998 0.200576 -0.000002
45.732465 149.998519 -50.062517 34.519186 0.201617 -0.000004
45.736445 149.998512 -50.062840 34.516373 0.202656 -0.000006
45.740424 149.998504 -50.063162 34.513558 0.203695 -0.000008
45.744403 149.998496 -50.063485 34.510741 0.204733 -0.000010
45.748381 149.998489 -50.063807 34.507923 0.205771 -0.000012
45.752358 149.998481 -50.064128 34.505104 0.206807 -0.000014
45.756333 149.998474 -50.064450 34.502283 0.207842 -0.000016
45.760309 149.998466 -50.064771 34.499460 0.208877 -0.000018
45.764283 149.998458 -50.065092 34.496636 0.209911 -0.000020
45.768256 149.998451 -50.065412 34.493810 0.210944 -0.000022
45.772229 149.998443 -50.065733 34.490983 0.211975 -0.000024
45.776200 149.998436 -50.066053 34.488154 0.213007 -0.000026
45.780171 149.998428 -50.066373 34.485323 0.214037 -0.000028
45.784141 149.998421 -50.066692 34.482491 0.215066 -0.000030
45.788110 149.998413 -50.067011 34.479658 0.216094 -0.000032
45.792078 149.998406 -50.067330 34.476823 0.217122 -0.000034
45.796045 149.998398 -50.067649 34.473987 0.218148 -0.000036
45.800011 149.998391 -50.067968 34.471149 0.219174 -0.000038
45.803977 149.998383 -50.068286 34.468309 0.220199 -0.000040
45.807941 149.998376 -50.068604 34.465468 0.221223 -0.000042
45.811905 149.998368 -50.068921 34.462625 0.222246 -0.000044
45.815868 149.998361 -50.069239 34.459781 0.223268 -0.000046
45.819830 149.998353 -50.069556 34.456936 0.224289 -0.000048
45.823791 149.998346 -50.069872 34.454089 0.225309 -0.000050
45.827751 149.998338 -50.070189 34.451240 0.226329 -0.000052
45.831711 149.998331 -50.070505 34.448390 0.227347 -0.000054
45.835669 149.998323 -50.070821 34.445538 0.228365 -0.000056
45.839627 149.998316 -50.071137 34.442685 0.229381 -0.000057
45.843584 149.998308 -50.071452 34.439831 0.230397 -0.000059
45.847540 149.998301 -50.071767 34.436975 0.231412 -0.000061
45.851495 149.998293 -50.072082 34.434117 0.232426 -0.000063
45.855449 149.998286 -50.072396 34.431258 0.233439 -0.000065
45.859402 149.998279 -50.072711 34.428397 0.234451 -0.000067
45.863355 149.998271 -50.073025 34.425535 0.235462 -0.000069
45.867306 149.998264 -50.073338 34.422671 0.236472 -0.000071
45.871257 149.998256 -50.073652 34.419806 0.237482 -0.000073
45.875207 149.998249 -50.073965 34.416940 0.238490 -0.000075
45.879156 149.998242 -50.074278 34.414071 0.239498 -0.000076
45.883104 149.998234 -50.074590 34.411202 0.240504 -0.000078
45.887051 149.998227 -50.074902 34.408331 0.241510 -0.000080
45.890998 149.998220 -50.075214 34.405458 0.242515 -0.000082
45.894943 149.998212 -50.075526 34.402584 0.243518 -0.000084
45.898888 149.998205 -50.075838 34.399709 0.244521 -0.000086
45.902832 149.998197 -50.076149 34.396832 0.245523 -0.000087
45.906775 149.998190 -50.076460 34.393953 0.246524 -0.000089
45.910717 149.998183 -50.076770 34.391073 0.247524 -0.000091
45.914658 149.998175 -50.077080 34.388192 0.248524 -0.000093
45.918599 149.998168 -50.077390 34.385309 0.249522 -0.000095
45.922538 149.998161 -50.077700 34.382424 0.250519 -0.000097
45.926477 149.998154 -50.078009 34.379538 0.251515 -0.000098
45.930415 149.998146 -50.078319 34.376651 0.252511 -0.000100
45.934352 149.998139 -50.078627 34.373762 0.253505 -0.000102
45.938288 149.998132 -50.078936 34.370872 0.254499 -0.000104
45.942223 149.998124 -50.079244 34.367980 0.255491 -0.000106
45.946158 149.998117 -50.079552 34.365087 0.256483 -0.000107
45.950091 149.998110 -50.079860 34.362192 0.257474 -0.000109
45.954024 149.998103 -50.080167 34.359296 0.258464 -0.000111
45.957956 149.998095 -50.080474 34.356398 0.259452 -0.000113
45.961887 149.998088 -50.080781 34.353499 0.260440 -0.000114
45.965817 149.998081 -50.081088 34.350599 0.261427 -0.000116
45.969746 149.998074 -50.081394 34.347697 0.262413 -0.000118
45.973675 149.998067 -50.081700 34.344793 0.263398 -0.000119
45.977602 149.998059 -50.082005 34.341888 0.264382 -0.000121
45.981529 149.998052 -50.082311 34.338982 0.265365 -0.000123
45.985455 149.998045 -50.082616 34.336074 0.266348 -0.000125
45.989380 149.998038 -50.082921 34.333165 0.267329 -0.000126
45.993304 149.998031 -50.083225 34.330254 0.268309 -0.000128
45.997227 149.998023 -50.083529 34.327342 0.269288 -0.000130
46.001150 149.998016 -50.083833 34.324429 0.270267 -0.000131
46.005071 149.998009 -50.084137 34.321514 0.271244 -0.000133
46.008992 149.998002 -50.084440 34.318597 0.272221 -0.000135
46.012912 149.997995 -50.084743 34.315679 0.273196 -0.000136
46.016831 149.997988 -50.085046 34.312760 0.274170 -0.000138
46.020749 149.997980 -50.085348 34.309839 0.275144 -0.000140
46.024667 149.997973 -50.085650 34.306917 0.276117 -0.000141
