-17.096428 149.403926 -50.322440 -0.148032 291.451935 -0.000000
-17.094663 149.404051 -50.322410 -0.148018 291.456600 -0.000000
-17.092898 149.404176 -50.322379 -0.148004 291.461266 -0.000000
-17.091133 149.404301 -50.322349 -0.147990 291.465932 0.000000
-17.089368 149.404426 -50.322318 -0.147976 291.470598 0.000000
-17.087603 149.404551 -50.322288 -0.147962 291.475264 0.000000
-17.085839 149.404676 -50.322257 -0.147948 291.479931 0.000000
-17.084074 149.404801 -50.322227 -0.147934 291.484597 0.000000
-17.082310 149.404927 -50.322196 -0.147920 291.489263 0.000000
-17.080545 149.405052 -50.322165 -0.147906 291.493929 0.000000
-17.078781 149.405177 -50.322135 -0.147892 291.498595 0.000000
-17.077017 149.405302 -50.322104 -0.147878 291.503262 0.000000
-17.075253 149.405427 -50.322073 -0.147864 291.507928 0.000000
-17.073489 149.405552 -50.322042 -0.147850 291.512594 0.000000
-17.071725 149.405677 -50.322012 -0.147836 291.517261 0.000000
-17.069961 149.405802 -50.321981 -0.147822 291.521927 0.000000
-17.068198 149.405928 -50.321950 -0.147807 291.526593 0.000000
-17.066434 149.406053 -50.321919 -0.147793 291.531260 0.000000
-17.064671 149.406178 -50.321888 -0.147779 291.535926 0.000000
-17.062907 149.406303 -50.321857 -0.147765 291.540593 0.000000
-17.061144 149.406428 -50.321827 -0.147751 291.545260 0.000000
-17.059381 149.406553 -50.321796 -0.147736 291.549926 0.000000
-17.057618 149.406678 -50.321765 -0.147722 291.554593 0.000000
-17.055855 149.406804 -50.321734 -0.147708 291.559260 0.000000
-17.054092 149.406929 -50.321703 -0.147694 291.563926 0.000000
-17.052329 149.407054 -50.321671 -0.147679 291.568593 0.000000
-17.050566 149.407179 -50.321640 -0.147665 291.573260 0.000000
-17.048804 149.407304 -50.321609 -0.147651 291.577927 0.000000
-17.047041 149.407429 -50.321578 -0.147637 291.582594 0.000000
-17.045279 149.407555 -50.321547 -0.147622 291.587261 0.000000
-17.043516 149.407680 -50.321516 -0.147608 291.591928 0.000000
-17.041754 149.407805 -50.321485 -0.147594 291.596595 0.000000
-17.039992 149.407930 -50.321453 -0.147579 291.601262 0.000000
-17.038230 149.408055 -50.321422 -0.147565 291.605929 0.000000
-17.036468 149.408181 -50.321391 -0.147551 291.610596 0.000000
-17.034706 149.408306 -50.321359 -0.147536 291.615263 0.000000
-17.032945 149.408431 -50.321328 -0.147522 291.619930 0.000000
-17.031183 149.408556 -50.321297 -0.147507 291.624597 0.000000
-17.029421 149.408681 -50.321265 -0.147493 291.629265 0.000000
-17.027660 149.408807 -50.321234 -0.147479 291.633932 0.000000
-17.025899 149.408932 -50.321202 -0.147464 291.638599 0.000000
-17.024137 149.409057 -50.321171 -0.147450 291.643267 0.000000
-17.022376 149.409182 -50.321139 -0.147435 291.647934 0.000000
-17.020615 149.409307 -50.321108 -0.147421 291.652602 0.000000
-17.018854 149.409433 -50.321076 -0.147406 291.657269 0.000000
-17.017093 149.409558 -50.321045 -0.147392 291.661937 0.000000
-17.015333 149.409683 -50.321013 -0.147377 291.666604 0.000000
-17.013572 149.409808 -50.320982 -0.147363 291.671272 0.000000
-17.011811 149.409934 -50.320950 -0.147348 291.675939 0.000000
-17.010051 149.410059 -50.320918 -0.147334 291.680607 0.000000
-17.008291 149.410184 -50.320887 -0.147319 291.685275 0.000000
-17.006530 149.410309 -50.320855 -0.147305 291.689942 0.000000
-17.004770 149.410435 -50.320823 -0.147290 291.694610 0.000000
-17.003010 149.410560 -50.320791 -0.147275 291.699278 0.000000
-17.001250 149.410685 -50.320760 -0.147261 291.703946 0.000000
-16.999490 149.410810 -50.320728 -0.147246 291.708614 0.000000
-16.997731 149.410936 -50.320696 -0.147232 291.713282 0.000000
-16.995971 149.411061 -50.320664 -0.147217 291.717950 0.000000
-16.994211 149.411186 -50.320632 -0.147202 291.722618 0.000000
-16.992452 149.411311 -50.320600 -0.147188 291.727286 0.000000
-16.990693 149.411437 -50.320568 -0.147173 291.731954 0.000000
-16.988933 149.411562 -50.320536 -0.147158 291.736622 0.000000
-16.987174 149.411687 -50.320504 -0.147144 291.741290 0.000000
-16.985415 149.411813 -50.320472 -0.147129 291.745958 0.000000
-16.983656 149.411938 -50.320440 -0.147114 291.750626 0.000000
-16.981897 149.412063 -50.320408 -0.147099 291.755295 0.000000
-16.980138 149.412188 -50.320376 -0.147085 291.759963 0.000000
-16.978380 149.412314 -50.320344 -0.147070 291.764631 0.000000
-16.976621 149.412439 -50.320312 -0.147055 291.769300 0.000000
-16.974863 149.412564 -50.320279 -0.147040 291.773968 0.000000
-16.973104 149.412690 -50.320247 -0.147026 291.778637 0.000000
-16.971346 149.412815 -50.320215 -0.147011 291.783305 0.000000
-16.969588 149.412940 -50.320183 -0.146996 291.787974 0.000000
-16.967830 149.413066 -50.320150 -0.146981 291.792642 0.000000
-16.966072 149.413191 -50.320118 -0.146966 291.797311 0.000000
-16.964314 149.413316 -50.320086 -0.146952 291.801979 0.000000
-16.962556 149.413442 -50.320053 -0.146937 291.806648 0.000000
-16.960799 149.413567 -50.320021 -0.146922 291.811317 0.000000
-16.959041 149.413692 -50.319989 -0.146907 291.815985 0.000000
-16.957284 149.413818 -50.319956 -0.146892 291.820654 0.000000
-16.955526 149.413943 -50.319924 -0.146877 291.825323 0.000000
-16.953769 149.414068 -50.319891 -0.146862 291.829992 0.000000
-16.952012 149.414194 -50.319859 -0.146847 291.834661 0.000000
-16.950255 149.414319 -50.319826 -0.146832 291.839330 0.000000
-16.948498 149.414444 -50.319794 -0.146817 291.843999 0.000000
-16.946741 149.414570 -50.319761 -0.146802 291.848668 0.000000
-16.944984 149.414695 -50.319728 -0.146787 291.853337 0.000000
-16.943228 149.414820 -50.319696 -0.146772 291.858006 0.000000
-16.941471 149.414946 -50.319663 -0.146757 291.862675 0.000000
-16.939715 149.415071 -50.319630 -0.146742 291.867344 0.000000
-16.937958 149.415196 -50.319598 -0.146727 291.872013 0.000000
-16.936202 149.415322 -50.319565 -0.146712 291.876683 0.000000
-16.934446 149.415447 -50.319532 -0.146697 291.881352 0.000000
-16.932690 149.415572 -50.319499 -0.146682 291.886021 0.000000
-16.930934 149.415698 -50.319467 -0.146667 291.890691 0.000000
-16.929178 149.415823 -50.319434 -0.146652 291.895360 0.000000
-16.927422 149.415949 -50.319401 -0.146637 291.900029 0.000000
-16.925667 149.416074 -50.319368 -0.146622 291.904699 0.000000
-16.923911 149.416199 -50.319335 -0.146607 291.909368 0.000000
-16.922156 149.416325 -50.319302 -0.146592 291.914038 0.000000
-16.920400 149.416450 -50.319269 -0.146577 291.918707 0.000000
-16.918645 149.416576 -50.319236 -0.146561 291.923377 0.000000
-16.916890 149.416701 -50.319203 -0.146546 291.928047 0.000000
-16.915135 149.416826 -50.319170 -0.146531 291.932716 0.000000
-16.913380 149.416952 -50.319137 -0.146516 291.937386 0.000000
-16.911625 149.417077 -50.319104 -0.146501 291.942056 0.000000
-16.909870 149.417203 -50.319071 -0.146486 291.946726 0.000000
-16.908116 149.417328 -50.319038 -0.146470 291.951396 0.000000
-16.906361 149.417453 -50.319005 -0.146455 291.956066 0.000000
-16.904607 149.417579 -50.318971 -0.146440 291.960735 0.000000
-16.902852 149.417704 -50.318938 -0.146425 291.965405 0.000000
-16.901098 149.417830 -50.318905 -0.146409 291.970075 0.000000
-16.899344 149.417955 -50.318872 -0.146394 291.974745 0.000000
-16.897590 149.418080 -50.318838 -0.146379 291.979416 0.000000
-16.895836 149.418206 -50.318805 -0.146364 291.984086 0.000000
-16.894082 149.418331 -50.318772 -0.146348 291.988756 0.000000
-16.892329 149.418457 -50.318738 -0.146333 291.993426 0.000000
-16.890575 149.418582 -50.318705 -0.146318 291.998096 0.000000
-16.888822 149.418708 -50.318672 -0.146302 292.002766 0.000000
-16.887068 149.418833 -50.318638 -0.146287 292.007437 0.000000
-16.885315 149.418959 -50.318605 -0.146272 292.012107 0.000000
-16.883562 149.419084 -50.318571 -0.146256 292.016777 0.000000
-16.881809 149.419209 -50.318538 -0.146241 292.021448 0.000000
-16.880056 149.419335 -50.318504 -0.146225 292.026118 0.000000
-16.878303 149.419460 -50.318471 -0.146210 292.030789 0.000000
-16.876550 149.419586 -50.318437 -0.146195 292.035459 0.000000
-16.874797 149.419711 -50.318403 -0.146179 292.040130 0.000000
-16.873045 149.419837 -50.318370 -0.146164 292.044801 0.000000
-16.871292 149.419962 -50.318336 -0.146148 292.049471 0.000000
-16.869540 149.420088 -50.318302 -0.146133 292.054142 0.000000
-16.867788 149.420213 -50.318269 -0.146117 292.058813 0.000000
-16.866036 149.420339 -50.318235 -0.146102 292.063483 0.000000
-16.864283 149.420464 -50.318201 -0.146086 292.068154 0.000000
-16.862532 149.420590 -50.318167 -0.146071 292.072825 0.000000
-16.860780 149.420715 -50.318134 -0.146055 292.077496 0.000000
-16.859028 149.420841 -50.318100 -0.146040 292.082167 0.000000
-16.857276 149.420966 -50.318066 -0.146024 292.086838 0.000000
-16.855525 149.421091 -50.318032 -0.146009 292.091509 0.000000
-16.853773 149.421217 -50.317998 -0.145993 292.096180 0.000000
-16.852022 149.421342 -50.317964 -0.145977 292.100851 0.000000
-16.850271 149.421468 -50.317930 -0.145962 292.105522 0.000000
-16.848520 149.421593 -50.317896 -0.145946 292.110193 0.000000
-16.846769 149.421719 -50.317862 -0.145931 292.114864 0.000000
-16.845018 149.421844 -50.317828 -0.145915 292.119536 0.000000
-16.843267 149.421970 -50.317794 -0.145899 292.124207 0.000000
-16.841516 149.422095 -50.317760 -0.145884 292.128878 0.000000
-16.839766 149.422221 -50.317726 -0.145868 292.133550 0.000000
-16.838015 149.422346 -50.317692 -0.145852 292.138221 0.000000
-16.836265 149.422472 -50.317658 -0.145837 292.142892 0.000000
-16.834515 149.422598 -50.317623 -0.145821 292.147564 0.000000
-16.832764 149.422723 -50.317589 -0.145805 292.152235 0.000000
-16.831014 149.422849 -50.317555 -0.145790 292.156907 0.000000
-16.829264 149.422974 -50.317521 -0.145774 292.161579 0.000000
-16.827514 149.423100 -50.317487 -0.145758 292.166250 0.000000
-16.825765 149.423225 -50.317452 -0.145742 292.170922 0.000000
-16.824015 149.423351 -50.317418 -0.145727 292.175594 0.000000
-16.822266 149.423476 -50.317384 -0.145711 292.180265 0.000000
-16.820516 149.423602 -50.317349 -0.145695 292.184937 0.000000
-16.818767 149.423727 -50.317315 -0.145679 292.189609 0.000000
-16.817018 149.423853 -50.317280 -0.145664 292.194281 0.000000
-16.815268 149.423978 -50.317246 -0.145648 292.198953 0.000000
-16.813519 149.424104 -50.317211 -0.145632 292.203625 0.000000
-16.811770 149.424229 -50.317177 -0.145616 292.208297 0.000000
-16.810022 149.424355 -50.317142 -0.145600 292.212969 0.000000
-16.808273 149.424481 -50.317108 -0.145584 292.217641 0.000000
-16.806524 149.424606 -50.317073 -0.145568 292.222313 0.000000
-16.804776 149.424732 -50.317039 -0.145553 292.226985 0.000000
-16.803028 149.424857 -50.317004 -0.145537 292.231657 0.000000
-16.801279 149.424983 -50.316969 -0.145521 292.236329 0.000000
-16.799531 149.425108 -50.316935 -0.145505 292.241001 0.000000
-16.797783 149.425234 -50.316900 -0.145489 292.245674 0.000000
-16.796035 149.425359 -50.316865 -0.145473 292.250346 0.000000
-16.794287 149.425485 -50.316831 -0.145457 292.255018 0.000000
-16.792539 149.425611 -50.316796 -0.145441 292.259691 0.000000
-16.790792 149.425736 -50.316761 -0.145425 292.264363 0.000000
-16.789044 149.425862 -50.316726 -0.145409 292.269036 0.000000
-16.787297 149.425987 -50.316691 -0.145393 292.273708 0.000000
-16.785550 149.426113 -50.316657 -0.145377 292.278381 0.000000
-16.783802 149.426239 -50.316622 -0.145361 292.283054 0.000000
-16.782055 149.426364 -50.316587 -0.145345 292.287726 0.000000
-16.780308 149.426490 -50.316552 -0.145329 292.292399 0.000000
-16.778561 149.426615 -50.316517 -0.145313 292.297072 0.000000
-16.776815 149.426741 -50.316482 -0.145297 292.301744 0.000000
-16.775068 149.426866 -50.316447 -0.145281 292.306417 0.000000
-16.773321 149.426992 -50.316412 -0.145265 292.311090 0.000000
-16.771575 149.427118 -50.316377 -0.145249 292.315763 0.000000
-16.769828 149.427243 -50.316342 -0.145233 292.320436 0.000000
-16.768082 149.427369 -50.316307 -0.145217 292.325109 0.000000
-16.766336 149.427494 -50.316272 -0.145200 292.329782 0.000000
-16.764590 149.427620 -50.316236 -0.145184 292.334455 0.000000
-16.762844 149.427746 -50.316201 -0.145168 292.339128 0.000000
-16.761098 149.427871 -50.316166 -0.145152 292.343801 0.000000
-16.759353 149.427997 -50.316131 -0.145136 292.348474 0.000000
-16.757607 149.428123 -50.316096 -0.145120 292.353147 0.000000
-16.755861 149.428248 -50.316060 -0.145103 292.357821 0.000000
-16.754116 149.428374 -50.316025 -0.145087 292.362494 0.000000
-16.752371 149.428499 -50.315990 -0.145071 292.367167 0.000000
-16.750626 149.428625 -50.315954 -0.145055 292.371841 0.000000
-16.748881 149.428751 -50.315919 -0.145039 292.376514 0.000000
-16.747136 149.428876 -50.315884 -0.145022 292.381187 0.000000
-16.745391 149.429002 -50.315848 -0.145006 292.385861 0.000000
-16.743646 149.429128 -50.315813 -0.144990 292.390534 0.000000
-16.741901 149.429253 -50.315777 -0.144973 292.395208 0.000000
-16.740157 149.429379 -50.315742 -0.144957 292.399882 0.000000
-16.738412 149.429504 -50.315706 -0.144941 292.404555 0.000000
-16.736668 149.429630 -50.315671 -0.144925 292.409229 0.000000
-16.734924 149.429756 -50.315635 -0.144908 292.413903 0.000000
-16.733180 149.429881 -50.315600 -0.144892 292.418576 0.000000
-16.731436 149.430007 -50.315564 -0.144876 292.423250 0.000000
-16.729692 149.430133 -50.315528 -0.144859 292.427924 0.000000
-16.727948 149.430258 -50.315493 -0.144843 292.432598 0.000000
-16.726204 149.430384 -50.315457 -0.144826 292.437272 0.000000
-16.724461 149.430510 -50.315421 -0.144810 292.441946 0.000000
-16.722717 149.430635 -50.315386 -0.144794 292.446620 0.000000
-16.720974 149.430761 -50.315350 -0.144777 292.451294 0.000000
-16.719231 149.430887 -50.315314 -0.144761 292.455968 0.000000
-16.717488 149.431012 -50.315278 -0.144744 292.460642 0.000000
-16.715745 149.431138 -50.315243 -0.144728 292.465316 0.000000
-16.714002 149.431264 -50.315207 -0.144712 292.469990 0.000000
-16.712259 149.431389 -50.315171 -0.144695 292.474665 0.000000
-16.710516 149.431515 -50.315135 -0.144679 292.479339 0.000000
-16.708774 149.431641 -50.315099 -0.144662 292.484013 0.000000
-16.707031 149.431766 -50.315063 -0.144646 292.488688 0.000000
-16.705289 149.431892 -50.315027 -0.144629 292.493362 0.000000
-16.703547 149.432018 -50.314991 -0.144613 292.498037 0.000000
-16.701805 149.432143 -50.314955 -0.144596 292.502711 0.000000
-16.700063 149.432269 -50.314919 -0.144580 292.507386 0.000000
-16.698321 149.432395 -50.314883 -0.144563 292.512060 0.000000
-16.696579 149.432520 -50.314847 -0.144546 292.516735 0.000000
-16.694837 149.432646 -50.314811 -0.144530 292.521409 0.000000
-16.693096 149.432772 -50.314775 -0.144513 292.526084 0.000000
-16.691354 149.432897 -50.314739 -0.144497 292.530759 0.000000
-16.689613 149.433023 -50.314702 -0.144480 292.535434 0.000000
-16.687872 149.433149 -50.314666 -0.144463 292.540108 0.000000
-16.686130 149.433274 -50.314630 -0.144447 292.544783 0.000000
-16.684389 149.433400 -50.314594 -0.144430 292.549458 0.000000
-16.682648 149.433526 -50.314558 -0.144413 292.554133 0.000000
-16.680908 149.433652 -50.314521 -0.144397 292.558808 0.000000
-16.679167 149.433777 -50.314485 -0.144380 292.563483 0.000000
-16.677426 149.433903 -50.314449 -0.144363 292.568158 0.000000
-16.675686 149.434029 -50.314412 -0.144347 292.572833 0.000000
-16.673945 149.434154 -50.314376 -0.144330 292.577508 0.000000
-16.672205 149.434280 -50.314339 -0.144313 292.582184 0.000000
-16.670465 149.434406 -50.314303 -0.144297 292.586859 0.000000
-16.668725 149.434531 -50.314267 -0.144280 292.591534 0.000000
-16.666985 149.434657 -50.314230 -0.144263 292.596209 0.000000
-16.665245 149.434783 -50.314194 -0.144246 292.600885 0.000000
-16.663505 149.434909 -50.314157 -0.144230 292.605560 0.000000
-16.661766 149.435034 -50.314121 -0.144213 292.610236 0.000000
-16.660026 149.435160 -50.314084 -0.144196 292.614911 0.000000
-16.658287 149.435286 -50.314047 -0.144179 292.619587 0.000000
-16.656548 149.435412 -50.314011 -0.144162 292.624262 0.000000
-16.654809 149.435537 -50.313974 -0.144146 292.628938 0.000000
-16.653070 149.435663 -50.313937 -0.144129 292.633613 0.000000
-16.651331 149.435789 -50.313901 -0.144112 292.638289 0.000000
-16.649592 149.435914 -50.313864 -0.144095 292.642965 0.000000
-16.647853 149.436040 -50.313827 -0.144078 292.647640 0.000000
-16.646114 149.436166 -50.313791 -0.144061 292.652316 0.000000
-16.644376 149.436292 -50.313754 -0.144044 292.656992 0.000000
-16.642638 149.436417 -50.313717 -0.144028 292.661668 0.000000
-16.640899 149.436543 -50.313680 -0.144011 292.666344 0.000000
-16.639161 149.436669 -50.313643 -0.143994 292.671020 0.000000
-16.637423 149.436795 -50.313606 -0.143977 292.675696 0.000000
-16.635685 149.436920 -50.313569 -0.143960 292.680372 0.000000
-16.633947 149.437046 -50.313533 -0.143943 292.685048 0.000000
-16.632210 149.437172 -50.313496 -0.143926 292.689724 0.000000
-16.630472 149.437298 -50.313459 -0.143909 292.694400 0.000000
-16.628735 149.437423 -50.313422 -0.143892 292.699076 0.000000
-16.626997 149.437549 -50.313385 -0.143875 292.703753 0.000000
-16.625260 149.437675 -50.313348 -0.143858 292.708429 0.000000
-16.623523 149.437801 -50.313311 -0.143841 292.713105 0.000000
-16.621786 149.437926 -50.313273 -0.143824 292.717782 0.000000
-16.620049 149.438052 -50.313236 -0.143807 292.722458 0.000000
-16.618312 149.438178 -50.313199 -0.143790 292.727135 0.000000
-16.616575 149.438304 -50.313162 -0.143773 292.731811 0.000000
-16.614839 149.438429 -50.313125 -0.143756 292.736488 0.000000
-16.613102 149.438555 -50.313088 -0.143739 292.741164 0.000000
-16.611366 149.438681 -50.313050 -0.143722 292.745841 0.000000
-16.609630 149.438807 -50.313013 -0.143704 292.750517 0.000000
-16.607894 149.438932 -50.312976 -0.143687 292.755194 0.000000
-16.606157 149.439058 -50.312939 -0.143670 292.759871 0.000000
-16.604422 149.439184 -50.312901 -0.143653 292.764548 0.000000
-16.602686 149.439310 -50.312864 -0.143636 292.769225 0.000000
-16.600950 149.439435 -50.312827 -0.143619 292.773901 0.000000
-16.599215 149.439561 -50.312789 -0.143602 292.778578 0.000000
-16.597479 149.439687 -50.312752 -0.143584 292.783255 0.000000
-16.595744 149.439813 -50.312714 -0.143567 292.787932 0.000000
-16.594008 149.439939 -50.312677 -0.143550 292.792609 0.000000
-16.592273 149.440064 -50.312639 -0.143533 292.797286 0.000000
-16.590538 149.440190 -50.312602 -0.143516 292.801964 0.000000
-16.588803 149.440316 -50.312564 -0.143498 292.806641 0.000000
-16.587069 149.440442 -50.312527 -0.143481 292.811318 0.000000
-16.585334 149.440568 -50.312489 -0.143464 292.815995 0.000000
-16.583599 149.440693 -50.312452 -0.143447 292.820672 0.000000
-16.581865 149.440819 -50.312414 -0.143429 292.825350 0.000000
-16.580131 149.440945 -50.312376 -0.143412 292.830027 0.000000
-16.578397 149.441071 -50.312339 -0.143395 292.834705 0.000000
-16.576662 149.441196 -50.312301 -0.143378 292.839382 0.000000
-16.574928 149.441322 -50.312263 -0.143360 292.844059 0.000000
-16.573195 149.441448 -50.312226 -0.143343 292.848737 0.000000
-16.571461 149.441574 -50.312188 -0.143326 292.853415 0.000000
-16.569727 149.441700 -50.312150 -0.143308 292.858092 0.000000
-16.567994 149.441825 -50.312112 -0.143291 292.862770 0.000000
-16.566260 149.441951 -50.312075 -0.143274 292.867448 0.000000
-16.564527 149.442077 -50.312037 -0.143256 292.872125 0.000000
-16.562794 149.442203 -50.311999 -0.143239 292.876803 0.000000
-16.561061 149.442329 -50.311961 -0.143221 292.881481 0.000000
-16.559328 149.442454 -50.311923 -0.143204 292.886159 0.000000
-16.557595 149.442580 -50.311885 -0.143187 292.890837 0.000000
-16.555862 149.442706 -50.311847 -0.143169 292.895515 0.000000
-16.554130 149.442832 -50.311809 -0.143152 292.900193 0.000000
-16.552397 149.442958 -50.311771 -0.143134 292.904871 0.000000
-16.550665 149.443084 -50.311733 -0.143117 292.909549 0.000000
-16.548932 149.443209 -50.311695 -0.143099 292.914227 0.000000
-16.547200 149.443335 -50.311657 -0.143082 292.918905 0.000000
-16.545468 149.443461 -50.311619 -0.143064 292.923583 0.000000
-16.543736 149.443587 -50.311581 -0.143047 292.928262 0.000000
-16.542004 149.443713 -50.311543 -0.143029 292.932940 0.000000
-16.540273 149.443838 -50.311504 -0.143012 292.937618 0.000000
-16.538541 149.443964 -50.311466 -0.142994 292.942297 0.000000
-16.536810 149.444090 -50.311428 -0.142977 292.946975 0.000000
-16.535078 149.444216 -50.311390 -0.142959 292.951654 0.000000
-16.533347 149.444342 -50.311352 -0.142942 292.956332 0.000000
-16.531616 149.444468 -50.311313 -0.142924 292.961011 0.000000
-16.529885 149.444593 -50.311275 -0.142906 292.965689 0.000000
-16.528154 149.444719 -50.311237 -0.142889 292.970368 0.000000
-16.526423 149.444845 -50.311198 -0.142871 292.975047 0.000000
-16.524693 149.444971 -50.311160 -0.142854 292.979725 0.000000
-16.522962 149.445097 -50.311122 -0.142836 292.984404 0.000000
-16.521232 149.445222 -50.311083 -0.142818 292.989083 0.000000
-16.519501 149.445348 -50.311045 -0.142801 292.993762 0.000000
-16.517771 149.445474 -50.311006 -0.142783 292.998441 0.000000
-16.516041 149.445600 -50.310968 -0.142765 293.003120 0.000000
-16.514311 149.445726 -50.310929 -0.142748 293.007799 0.000000
-16.512581 149.445852 -50.310891 -0.142730 293.012478 0.000000
-16.510852 149.445978 -50.310852 -0.142712 293.017157 0.000000
-16.509122 149.446103 -50.310814 -0.142695 293.021836 0.000000
-16.507393 149.446229 -50.310775 -0.142677 293.026515 0.000000
-16.505663 149.446355 -50.310736 -0.142659 293.031194 0.000000
-16.503934 149.446481 -50.310698 -0.142641 293.035873 0.000000
-16.502205 149.446607 -50.310659 -0.142624 293.040553 0.000000
-16.500476 149.446733 -50.310620 -0.142606 293.045232 0.000000
-16.498747 149.446858 -50.310582 -0.142588 293.049911 0.000000
-16.497018 149.446984 -50.310543 -0.142570 293.054591 0.000000
-16.495289 149.447110 -50.310504 -0.142553 293.059270 0.000000
-16.493561 149.447236 -50.310465 -0.142535 293.063950 0.000000
-16.491832 149.447362 -50.310427 -0.142517 293.068629 0.000000
-16.490104 149.447488 -50.310388 -0.142499 293.073309 0.000000
-16.488376 149.447613 -50.310349 -0.142481 293.077988 0.000000
-16.486648 149.447739 -50.310310 -0.142464 293.082668 0.000000
-16.484920 149.447865 -50.310271 -0.142446 293.087348 0.000000
-16.483192 149.447991 -50.310232 -0.142428 293.092027 0.000000
-16.481464 149.448117 -50.310193 -0.142410 293.096707 0.000000
-16.479737 149.448243 -50.310154 -0.142392 293.101387 0.000000
-16.478009 149.448369 -50.310116 -0.142374 293.106067 0.000000
-16.476282 149.448494 -50.310077 -0.142356 293.110747 0.000000
-16.474554 149.448620 -50.310038 -0.142338 293.115427 0.000000
-16.472827 149.448746 -50.309998 -0.142320 293.120107 0.000000
-16.471100 149.448872 -50.309959 -0.142302 293.124787 0.000000
-16.469373 149.448998 -50.309920 -0.142285 293.129467 0.000000
-16.467646 149.449124 -50.309881 -0.142267 293.134147 0.000000
-16.465920 149.449250 -50.309842 -0.142249 293.138827 0.000000
-16.464193 149.449376 -50.309803 -0.142231 293.143508 0.000000
-16.462467 149.449501 -50.309764 -0.142213 293.148188 0.000000
-16.460740 149.449627 -50.309725 -0.142195 293.152868 0.000000
-16.459014 149.449753 -50.309685 -0.142177 293.157549 0.000000
-16.457288 149.449879 -50.309646 -0.142159 293.162229 0.000000
-16.455562 149.450005 -50.309607 -0.142141 293.166909 0.000000
-16.453836 149.450131 -50.309568 -0.142123 293.171590 0.000000
-16.452111 149.450257 -50.309528 -0.142105 293.176270 0.000000
-16.450385 149.450382 -50.309489 -0.142086 293.180951 0.000000
-16.448659 149.450508 -50.309450 -0.142068 293.185632 0.000000
-16.446934 149.450634 -50.309410 -0.142050 293.190312 0.000000
-16.445209 149.450760 -50.309371 -0.142032 293.194993 0.000000
-16.443484 149.450886 -50.309331 -0.142014 293.199674 0.000000
-16.441759 149.451012 -50.309292 -0.141996 293.204354 0.000000
-16.440034 149.451138 -50.309252 -0.141978 293.209035 0.000000
-16.438309 149.451264 -50.309213 -0.141960 293.213716 0.000000
-16.436584 149.451389 -50.309173 -0.141942 293.218397 0.000000
-16.434860 149.451515 -50.309134 -0.141924 293.223078 0.000000
-16.433135 149.451641 -50.309094 -0.141905 293.227759 0.000000
-16.431411 149.451767 -50.309055 -0.141887 293.232440 0.000000
-16.429687 149.451893 -50.309015 -0.141869 293.237121 0.000000
-16.427963 149.452019 -50.308976 -0.141851 293.241802 0.000000
-16.426239 149.452145 -50.308936 -0.141833 293.246483 0.000000
-16.424515 149.452271 -50.308896 -0.141814 293.251165 0.000000
-16.422791 149.452396 -50.308857 -0.141796 293.255846 0.000000
-16.421068 149.452522 -50.308817 -0.141778 293.260527 0.000000
-16.419344 149.452648 -50.308777 -0.141760 293.265209 0.000000
-16.417621 149.452774 -50.308737 -0.141741 293.269890 0.000000
-16.415897 149.452900 -50.308698 -0.141723 293.274571 0.000000
-16.414174 149.453026 -50.308658 -0.141705 293.279253 0.000000
-16.412451 149.453152 -50.308618 -0.141687 293.283935 0.000000
-16.410728 149.453278 -50.308578 -0.141668 293.288616 0.000000
-16.409006 149.453404 -50.308538 -0.141650 293.293298 0.000000
-16.407283 149.453529 -50.308498 -0.141632 293.297979 0.000000
-16.405561 149.453655 -50.308459 -0.141613 293.302661 0.000000
-16.403838 149.453781 -50.308419 -0.141595 293.307343 0.000000
-16.402116 149.453907 -50.308379 -0.141577 293.312025 0.000000
-16.400394 149.454033 -50.308339 -0.141558 293.316706 0.000000
-16.398672 149.454159 -50.308299 -0.141540 293.321388 0.000000
-16.396950 149.454285 -50.308259 -0.141522 293.326070 0.000000
-16.395228 149.454411 -50.308219 -0.141503 293.330752 0.000000
-16.393506 149.454537 -50.308179 -0.141485 293.335434 0.000000
-16.391785 149.454662 -50.308139 -0.141467 293.340116 0.000000
-16.390063 149.454788 -50.308098 -0.141448 293.344798 0.000000
-16.388342 149.454914 -50.308058 -0.141430 293.349481 0.000000
-16.386621 149.455040 -50.308018 -0.141411 293.354163 0.000000
-16.384900 149.455166 -50.307978 -0.141393 293.358845 0.000000
-16.383179 149.455292 -50.307938 -0.141374 293.363527 0.000000
-16.381458 149.455418 -50.307898 -0.141356 293.368210 0.000000
-16.379737 149.455544 -50.307857 -0.141337 293.372892 0.000000
-16.378017 149.455670 -50.307817 -0.141319 293.377574 0.000000
-16.376296 149.455796 -50.307777 -0.141300 293.382257 0.000000
-16.374576 149.455921 -50.307737 -0.141282 293.386939 0.000000
-16.372855 149.456047 -50.307696 -0.141263 293.391622 0.000000
-16.371135 149.456173 -50.307656 -0.141245 293.396304 0.000000
-16.369415 149.456299 -50.307616 -0.141226 293.400987 0.000000
-16.367695 149.456425 -50.307575 -0.141208 293.405670 0.000000
-16.365976 149.456551 -50.307535 -0.141189 293.410352 0.000000
-16.364256 149.456677 -50.307494 -0.141171 293.415035 0.000000
-16.362537 149.456803 -50.307454 -0.141152 293.419718 0.000000
-16.360817 149.456929 -50.307413 -0.141134 293.424401 0.000000
-16.359098 149.457055 -50.307373 -0.141115 293.429084 0.000000
-16.357379 149.457180 -50.307332 -0.141096 293.433767 0.000000
-16.355660 149.457306 -50.307292 -0.141078 293.438450 0.000000
-16.353941 149.457432 -50.307251 -0.141059 293.443133 0.000000
-16.352222 149.457558 -50.307211 -0.141041 293.447816 0.000000
-16.350503 149.457684 -50.307170 -0.141022 293.452499 0.000000
-16.348785 149.457810 -50.307130 -0.141003 293.457182 0.000000
-16.347067 149.457936 -50.307089 -0.140985 293.461865 0.000000
-16.345348 149.458062 -50.307048 -0.140966 293.466549 0.000000
-16.343630 149.458188 -50.307008 -0.140947 293.471232 0.000000
-16.341912 149.458314 -50.306967 -0.140929 293.475915 0.000000
-16.340194 149.458440 -50.306926 -0.140910 293.480599 0.000000
-16.338476 149.458565 -50.306885 -0.140891 293.485282 0.000000
-16.336759 149.458691 -50.306845 -0.140873 293.489965 0.000000
-16.335041 149.458817 -50.306804 -0.140854 293.494649 0.000000
-16.333324 149.458943 -50.306763 -0.140835 293.499333 0.000000
-16.331606 149.459069 -50.306722 -0.140816 293.504016 0.000000
-16.329889 149.459195 -50.306681 -0.140798 293.508700 0.000000
-16.328172 149.459321 -50.306641 -0.140779 293.513384 0.000000
-16.326455 149.459447 -50.306600 -0.140760 293.518067 0.000000
-16.324738 149.459573 -50.306559 -0.140741 293.522751 0.000000
-16.323022 149.459699 -50.306518 -0.140722 293.527435 0.000000
-16.321305 149.459825 -50.306477 -0.140704 293.532119 0.000000
-16.319589 149.459950 -50.306436 -0.140685 293.536803 0.000000
-16.317872 149.460076 -50.306395 -0.140666 293.541487 0.000000
-16.316156 149.460202 -50.306354 -0.140647 293.546171 0.000000
-16.314440 149.460328 -50.306313 -0.140628 293.550855 0.000000
-16.312724 149.460454 -50.306272 -0.140609 293.555539 0.000000
-16.311008 149.460580 -50.306231 -0.140591 293.560223 0.000000
-16.309292 149.460706 -50.306189 -0.140572 293.564907 0.000000
-16.307577 149.460832 -50.306148 -0.140553 293.569591 0.000000
-16.305861 149.460958 -50.306107 -0.140534 293.574276 0.000000
-16.304146 149.461084 -50.306066 -0.140515 293.578960 0.000000
-16.302431 149.461210 -50.306025 -0.140496 293.583644 0.000000
-16.300716 149.461336 -50.305984 -0.140477 293.588329 0.000000
-16.299001 149.461461 -50.305942 -0.140458 293.593013 0.000000
-16.297286 149.461587 -50.305901 -0.140439 293.597698 0.000000
-16.295571 149.461713 -50.305860 -0.140420 293.602382 0.000000
-16.293857 149.461839 -50.305819 -0.140401 293.607067 0.000000
-16.292142 149.461965 -50.305777 -0.140382 293.611752 0.000000
-16.290428 149.462091 -50.305736 -0.140363 293.616436 0.000000
-16.288714 149.462217 -50.305694 -0.140344 293.621121 0.000000
-16.286999 149.462343 -50.305653 -0.140325 293.625806 0.000000
-16.285285 149.462469 -50.305612 -0.140306 293.630491 0.000000
-16.283572 149.462595 -50.305570 -0.140287 293.635176 0.000000
-16.281858 149.462721 -50.305529 -0.140268 293.639860 0.000000
-16.280144 149.462847 -50.305487 -0.140249 293.644545 0.000000
-16.278431 149.462972 -50.305446 -0.140230 293.649230 0.000000
-16.276717 149.463098 -50.305404 -0.140211 293.653915 0.000000
-16.275004 149.463224 -50.305363 -0.140192 293.658601 0.000000
-16.273291 149.463350 -50.305321 -0.140173 293.663286 0.000000
-16.271578 149.463476 -50.305280 -0.140154 293.667971 0.000000
-16.269865 149.463602 -50.305238 -0.140135 293.672656 0.000000
-16.268153 149.463728 -50.305196 -0.140116 293.677341 0.000000
-16.266440 149.463854 -50.305155 -0.140097 293.682027 0.000000
-16.264727 149.463980 -50.305113 -0.140078 293.686712 0.000000
-16.263015 149.464106 -50.305071 -0.140058 293.691398 0.000000
