-0.310135 150.000000 -50.000000 19.925184 -0.000000 14.591637
-0.310054 150.000000 -50.000000 19.925142 -0.000000 14.586690
-0.309972 150.000000 -50.000000 19.925101 -0.000000 14.581742
-0.309890 150.000000 -50.000000 19.925059 -0.000000 14.576795
-0.309808 150.000000 -50.000000 19.925017 -0.000000 14.571849
-0.309726 150.000000 -50.000000 19.924976 -0.000000 14.566902
-0.309644 150.000000 -50.000000 19.924934 -0.000000 14.561956
-0.309562 150.000000 -50.000000 19.924892 -0.000000 14.557011
-0.309480 150.000000 -50.000000 19.924851 -0.000000 14.552066
-0.309398 150.000000 -50.000000 19.924809 -0.000000 14.547121
-0.309316 150.000000 -50.000000 19.924768 -0.000000 14.542176
-0.309234 150.000000 -50.000000 19.924726 -0.000000 14.537232
-0.309152 150.000000 -50.000000 19.924684 -0.000000 14.532289
-0.309069 150.000000 -50.000000 19.924643 -0.000000 14.527345
-0.308987 150.000000 -50.000000 19.924601 -0.000000 14.522402
-0.308904 150.000000 -50.000000 19.924560 -0.000000 14.517459
-0.308822 150.000000 -50.000000 19.924518 -0.000000 14.512517
-0.308739 150.000000 -50.000000 19.924477 -0.000000 14.507575
-0.308657 150.000000 -50.000000 19.924435 -0.000000 14.502633
-0.308574 150.000000 -50.000000 19.924394 -0.000000 14.497692
-0.308491 150.000000 -50.000000 19.924352 -0.000000 14.492750
-0.308408 150.000000 -50.000000 19.924311 -0.000000 14.487810
-0.308325 150.000000 -50.000000 19.924270 -0.000000 14.482869
-0.308242 150.000000 -50.000000 19.924228 -0.000000 14.477929
-0.308159 150.000000 -50.000000 19.924187 -0.000000 14.472989
-0.308076 150.000000 -50.000000 19.924145 -0.000000 14.468050
-0.307993 150.000000 -50.000000 19.924104 -0.000000 14.463110
-0.307910 150.000000 -50.000000 19.924063 -0.000000 14.458171
-0.307827 150.000000 -50.000000 19.924021 -0.000000 14.453233
-0.307744 150.000000 -50.000000 19.923980 -0.000000 14.448294
-0.307660 150.000000 -50.000000 19.923938 -0.000000 14.443356
-0.307577 150.000000 -50.000000 19.923897 -0.000000 14.438419
-0.307493 150.000000 -50.000000 19.923856 -0.000000 14.433481
-0.307410 150.000000 -50.000000 19.923814 -0.000000 14.428544
-0.307326 150.000000 -50.000000 19.923773 -0.000000 14.423607
-0.307242 150.000000 -50.000000 19.923732 -0.000000 14.418670
-0.307158 150.000000 -50.000000 19.923691 -0.000000 14.413734
-0.307075 150.000000 -50.000000 19.923649 -0.000000 14.408798
-0.306991 150.000000 -50.000000 19.923608 -0.000000 14.403862
-0.306907 150.000000 -50.000000 19.923567 -0.000000 14.398926
-0.306823 150.000000 -50.000000 19.923526 -0.000000 14.393991
-0.306738 150.000000 -50.000000 19.923485 -0.000000 14.389056
-0.306654 150.000000 -50.000000 19.923443 -0.000000 14.384121
-0.306570 150.000000 -50.000000 19.923402 -0.000000 14.379187
-0.306486 150.000000 -50.000000 19.923361 -0.000000 14.374253
-0.306401 150.000000 -50.000000 19.923320 -0.000000 14.369319
-0.306317 150.000000 -50.000000 19.923279 -0.000000 14.364385
-0.306232 150.000000 -50.000000 19.923238 -0.000000 14.359451
-0.306147 150.000000 -50.000000 19.923196 -0.000000 14.354518
-0.306063 150.000000 -50.000000 19.923155 -0.000000 14.349585
-0.305978 150.000000 -50.000000 19.923114 -0.000000 14.344652
-0.305893 150.000000 -50.000000 19.923073 -0.000000 14.339719
-0.305808 150.000000 -50.000000 19.923032 -0.000000 14.334787
-0.305723 150.000000 -50.000000 19.922991 -0.000000 14.329855
-0.305638 150.000000 -50.000000 19.922950 -0.000000 14.324923
-0.305553 150.000000 -50.000000 19.922909 -0.000000 14.319991
-0.305468 150.000000 -50.000000 19.922868 -0.000000 14.315060
-0.305382 150.000000 -50.000000 19.922827 -0.000000 14.310128
-0.305297 150.000000 -50.000000 19.922786 -0.000000 14.305197
-0.305211 150.000000 -50.000000 19.922745 -0.000000 14.300266
-0.305126 150.000000 -50.000000 19.922704 -0.000000 14.295336
-0.305040 150.000000 -50.000000 19.922663 -0.000000 14.290405
-0.304954 150.000000 -50.000000 19.922622 -0.000000 14.285475
-0.304869 150.000000 -50.000000 19.922581 -0.000000 14.280545
-0.304783 150.000000 -50.000000 19.922540 -0.000000 14.275615
-0.304697 150.000000 -50.000000 19.922499 -0.000000 14.270685
-0.304611 150.000000 -50.000000 19.922458 -0.000000 14.265756
-0.304524 150.000000 -50.000000 19.922418 -0.000000 14.260827
-0.304438 150.000000 -50.000000 19.922377 -0.000000 14.255897
-0.304352 150.000000 -50.000000 19.922336 -0.000000 14.250969
-0.304266 150.000000 -50.000000 19.922295 -0.000000 14.246040
-0.304179 150.000000 -50.000000 19.922254 -0.000000 14.241111
-0.304092 150.000000 -50.000000 19.922213 -0.000000 14.236183
-0.304006 150.000000 -50.000000 19.922173 -0.000000 14.231254
-0.303919 150.000000 -50.000000 19.922132 -0.000000 14.226326
-0.303832 150.000000 -50.000000 19.922091 -0.000000 14.221398
-0.303745 150.000000 -50.000000 19.922050 -0.000000 14.216470
-0.303658 150.000000 -50.000000 19.922009 -0.000000 14.211543
-0.303571 150.000000 -50.000000 19.921969 -0.000000 14.206615
-0.303484 150.000000 -50.000000 19.921928 -0.000000 14.201688
-0.303397 150.000000 -50.000000 19.921887 -0.000000 14.196761
-0.303309 150.000000 -50.000000 19.921846 -0.000000 14.191834
-0.303222 150.000000 -50.000000 19.921806 -0.000000 14.186907
-0.303135 150.000000 -50.000000 19.921765 -0.000000 14.181980
-0.303047 150.000000 -50.000000 19.921724 -0.000000 14.177053
-0.302959 150.000000 -50.000000 19.921684 -0.000000 14.172127
-0.302871 150.000000 -50.000000 19.921643 -0.000000 14.167200
-0.302783 150.000000 -50.000000 19.921602 -0.000000 14.162274
-0.302695 150.000000 -50.000000 19.921562 -0.000000 14.157348
-0.302607 150.000000 -50.000000 19.921521 -0.000000 14.152422
-0.302519 150.000000 -50.000000 19.921481 -0.000000 14.147496
-0.302431 150.000000 -50.000000 19.921440 -0.000000 14.142570
-0.302343 150.000000 -50.000000 19.921399 -0.000000 14.137644
-0.302254 150.000000 -50.000000 19.921359 -0.000000 14.132719
-0.302165 150.000000 -50.000000 19.921318 -0.000000 14.127793
-0.302077 150.000000 -50.000000 19.921278 -0.000000 14.122868
-0.301988 150.000000 -50.000000 19.921237 -0.000000 14.117943
-0.301899 150.000000 -50.000000 19.921197 -0.000000 14.113017
-0.301810 150.000000 -50.000000 19.921156 -0.000000 14.108092
-0.301721 150.000000 -50.000000 19.921116 -0.000000 14.103167
-0.301632 150.000000 -50.000000 19.921075 -0.000000 14.098242
-0.301543 150.000000 -50.000000 19.921035 -0.000000 14.093317
-0.301453 150.000000 -50.000000 19.920994 -0.000000 14.088393
-0.301364 150.000000 -50.000000 19.920954 -0.000000 14.083468
-0.301274 150.000000 -50.000000 19.920914 -0.000000 14.078543
-0.301185 150.000000 -50.000000 19.920873 -0.000000 14.073619
-0.301095 150.000000 -50.000000 19.920833 -0.000000 14.068694
-0.301005 150.000000 -50.000000 19.920792 -0.000000 14.063770
-0.300915 150.000000 -50.000000 19.920752 -0.000000 14.058845
-0.300825 150.000000 -50.000000 19.920712 -0.000000 14.053921
-0.300735 150.000000 -50.000000 19.920671 -0.000000 14.048997
-0.300645 150.000000 -50.000000 19.920631 -0.000000 14.044073
-0.300554 150.000000 -50.000000 19.920591 -0.000000 14.039149
-0.300464 150.000000 -50.000000 19.920550 -0.000000 14.034224
-0.300373 150.000000 -50.000000 19.920510 -0.000000 14.029300
-0.300283 150.000000 -50.000000 19.920470 -0.000000 14.024376
-0.300192 150.000000 -50.000000 19.920429 -0.000000 14.019452
-0.300101 150.000000 -50.000000 19.920389 -0.000000 14.014528
-0.300010 150.000000 -50.000000 19.920349 -0.000000 14.009605
-0.299919 150.000000 -50.000000 19.920309 -0.000000 14.004681
-0.299827 150.000000 -50.000000 19.920268 -0.000000 13.999757
-0.299736 150.000000 -50.000000 19.920228 -0.000000 13.994833
-0.299645 150.000000 -50.000000 19.920188 -0.000000 13.989909
-0.299553 150.000000 -50.000000 19.920148 -0.000000 13.984985
-0.299461 150.000000 -50.000000 19.920108 -0.000000 13.980062
-0.299370 150.000000 -50.000000 19.920067 -0.000000 13.975138
-0.299278 150.000000 -50.000000 19.920027 -0.000000 13.970214
-0.299186 150.000000 -50.000000 19.919987 -0.000000 13.965290
-0.299094 150.000000 -50.000000 19.919947 -0.000000 13.960367
-0.299001 150.000000 -50.000000 19.919907 -0.000000 13.955443
-0.298909 150.000000 -50.000000 19.919867 -0.000000 13.950519
-0.298817 150.000000 -50.000000 19.919827 -0.000000 13.945595
-0.298724 150.000000 -50.000000 19.919787 -0.000000 13.940672
-0.298631 150.000000 -50.000000 19.919747 -0.000000 13.935748
-0.298538 150.000000 -50.000000 19.919706 -0.000000 13.930824
-0.298446 150.000000 -50.000000 19.919666 -0.000000 13.925900
-0.298353 150.000000 -50.000000 19.919626 -0.000000 13.920976
-0.298259 150.000000 -50.000000 19.919586 -0.000000 13.916052
-0.298166 150.000000 -50.000000 19.919546 -0.000000 13.911129
-0.298073 150.000000 -50.000000 19.919506 -0.000000 13.906205
-0.297979 150.000000 -50.000000 19.919466 -0.000000 13.901281
-0.297886 150.000000 -50.000000 19.919426 -0.000000 13.896357
-0.297792 150.000000 -50.000000 19.919386 -0.000000 13.891433
-0.297698 150.000000 -50.000000 19.919346 -0.000000 13.886509
-0.297604 150.000000 -50.000000 19.919307 -0.000000 13.881584
-0.297510 150.000000 -50.000000 19.919267 -0.000000 13.876660
-0.297416 150.000000 -50.000000 19.919227 -0.000000 13.871736
-0.297321 150.000000 -50.000000 19.919187 -0.000000 13.866812
-0.297227 150.000000 -50.000000 19.919147 -0.000000 13.861888
-0.297132 150.000000 -50.000000 19.919107 -0.000000 13.856963
-0.297037 150.000000 -50.000000 19.919067 -0.000000 13.852039
-0.296943 150.000000 -50.000000 19.919027 -0.000000 13.847114
-0.296848 150.000000 -50.000000 19.918987 -0.000000 13.842190
-0.296753 150.000000 -50.000000 19.918948 -0.000000 13.837265
-0.296657 150.000000 -50.000000 19.918908 -0.000000 13.832340
-0.296562 150.000000 -50.000000 19.918868 -0.000000 13.827416
-0.296467 150.000000 -50.000000 19.918828 -0.000000 13.822491
-0.296371 150.000000 -50.000000 19.918788 -0.000000 13.817566
-0.296275 150.000000 -50.000000 19.918749 -0.000000 13.812641
-0.296179 150.000000 -50.000000 19.918709 -0.000000 13.807715
-0.296083 150.000000 -50.000000 19.918669 -0.000000 13.802790
-0.295987 150.000000 -50.000000 19.918630 -0.000000 13.797865
-0.295891 150.000000 -50.000000 19.918590 -0.000000 13.792940
-0.295795 150.000000 -50.000000 19.918550 -0.000000 13.788014
-0.295698 150.000000 -50.000000 19.918510 -0.000000 13.783088
-0.295602 150.000000 -50.000000 19.918471 -0.000000 13.778163
-0.295505 150.000000 -50.000000 19.918431 -0.000000 13.773237
-0.295408 150.000000 -50.000000 19.918391 -0.000000 13.768311
-0.295311 150.000000 -50.000000 19.918352 -0.000000 13.763385
-0.295214 150.000000 -50.000000 19.918312 -0.000000 13.758459
-0.295117 150.000000 -50.000000 19.918272 -0.000000 13.753532
-0.295019 150.000000 -50.000000 19.918233 -0.000000 13.748606
-0.294922 150.000000 -50.000000 19.918193 -0.000000 13.743679
-0.294824 150.000000 -50.000000 19.918154 -0.000000 13.738753
-0.294726 150.000000 -50.000000 19.918114 -0.000000 13.733826
-0.294628 150.000000 -50.000000 19.918075 -0.000000 13.728899
-0.294530 150.000000 -50.000000 19.918035 -0.000000 13.723972
-0.294432 150.000000 -50.000000 19.917996 -0.000000 13.719045
-0.294333 150.000000 -50.000000 19.917956 -0.000000 13.714117
-0.294235 150.000000 -50.000000 19.917916 -0.000000 13.709190
-0.294136 150.000000 -50.000000 19.917877 -0.000000 13.704262
-0.294038 150.000000 -50.000000 19.917837 -0.000000 13.699334
-0.293939 150.000000 -50.000000 19.917798 -0.000000 13.694406
-0.293840 150.000000 -50.000000 19.917759 -0.000000 13.689478
-0.293740 150.000000 -50.000000 19.917719 -0.000000 13.684550
-0.293641 150.000000 -50.000000 19.917680 -0.000000 13.679621
-0.293542 150.000000 -50.000000 19.917640 -0.000000 13.674693
-0.293442 150.000000 -50.000000 19.917601 -0.000000 13.669764
-0.293342 150.000000 -50.000000 19.917561 -0.000000 13.664835
-0.293242 150.000000 -50.000000 19.917522 -0.000000 13.659906
-0.293142 150.000000 -50.000000 19.917483 -0.000000 13.654976
-0.293042 150.000000 -50.000000 19.917443 -0.000000 13.650047
-0.292942 150.000000 -50.000000 19.917404 -0.000000 13.645117
-0.292841 150.000000 -50.000000 19.917365 -0.000000 13.640187
-0.292741 150.000000 -50.000000 19.917325 -0.000000 13.635257
-0.292640 150.000000 -50.000000 19.917286 -0.000000 13.630327
-0.292539 150.000000 -50.000000 19.917247 -0.000000 13.625396
-0.292438 150.000000 -50.000000 19.917207 -0.000000 13.620465
-0.292337 150.000000 -50.000000 19.917168 -0.000000 13.615535
-0.292235 150.000000 -50.000000 19.917129 -0.000000 13.610603
-0.292134 150.000000 -50.000000 19.917090 -0.000000 13.605672
-0.292032 150.000000 -50.000000 19.917050 -0.000000 13.600741
-0.291931 150.000000 -50.000000 19.917011 -0.000000 13.595809
-0.291829 150.000000 -50.000000 19.916972 -0.000000 13.590877
-0.291727 150.000000 -50.000000 19.916933 -0.000000 13.585945
-0.291624 150.000000 -50.000000 19.916894 -0.000000 13.581012
-0.291522 150.000000 -50.000000 19.916854 -0.000000 13.576080
-0.291419 150.000000 -50.000000 19.916815 -0.000000 13.571147
-0.291317 150.000000 -50.000000 19.916776 -0.000000 13.566214
-0.291214 150.000000 -50.000000 19.916737 -0.000000 13.561280
-0.291111 150.000000 -50.000000 19.916698 -0.000000 13.556347
-0.291008 150.000000 -50.000000 19.916659 -0.000000 13.551413
-0.290904 150.000000 -50.000000 19.916619 -0.000000 13.546479
-0.290801 150.000000 -50.000000 19.916580 -0.000000 13.541545
-0.290697 150.000000 -50.000000 19.916541 -0.000000 13.536610
-0.290594 150.000000 -50.000000 19.916502 -0.000000 13.531675
-0.290490 150.000000 -50.000000 19.916463 -0.000000 13.526740
-0.290386 150.000000 -50.000000 19.916424 -0.000000 13.521805
-0.290281 150.000000 -50.000000 19.916385 -0.000000 13.516869
-0.290177 150.000000 -50.000000 19.916346 -0.000000 13.511933
-0.290073 150.000000 -50.000000 19.916307 -0.000000 13.506997
-0.289968 150.000000 -50.000000 19.916268 -0.000000 13.502061
-0.289863 150.000000 -50.000000 19.916229 -0.000000 13.497124
-0.289758 150.000000 -50.000000 19.916190 -0.000000 13.492187
-0.289653 150.000000 -50.000000 19.916151 -0.000000 13.487250
-0.289547 150.000000 -50.000000 19.916112 -0.000000 13.482312
-0.289442 150.000000 -50.000000 19.916073 -0.000000 13.477374
-0.289336 150.000000 -50.000000 19.916034 -0.000000 13.472436
-0.289231 150.000000 -50.000000 19.915995 0.000000 13.467498
-0.289125 150.000000 -50.000000 19.915957 0.000000 13.462559
-0.289018 150.000000 -50.000000 19.915918 0.000000 13.457620
-0.288912 150.000000 -50.000000 19.915879 0.000000 13.452681
-0.288806 150.000000 -50.000000 19.915840 0.000000 13.447741
-0.288699 150.000000 -50.000000 19.915801 0.000000 13.442802
-0.288592 150.000000 -50.000000 19.915762 0.000000 13.437861
-0.288485 150.000000 -50.000000 19.915723 0.000000 13.432921
-0.288378 150.000000 -50.000000 19.915685 0.000000 13.427980
-0.288271 150.000000 -50.000000 19.915646 0.000000 13.423039
-0.288164 150.000000 -50.000000 19.915607 0.000000 13.418098
-0.288056 150.000000 -50.000000 19.915568 0.000000 13.413156
-0.287948 150.000000 -50.000000 19.915529 0.000000 13.408215
-0.287841 150.000000 -50.000000 19.915491 0.000000 13.403272
-0.287733 150.000000 -50.000000 19.915452 0.000000 13.398330
-0.287624 150.000000 -50.000000 19.915413 0.000000 13.393387
-0.287516 150.000000 -50.000000 19.915374 0.000000 13.388444
-0.287407 150.000000 -50.000000 19.915336 0.000000 13.383501
-0.287299 150.000000 -50.000000 19.915297 0.000000 13.378557
-0.287190 150.000000 -50.000000 19.915258 0.000000 13.373614
-0.287081 150.000000 -50.000000 19.915220 0.000000 13.368669
-0.286972 150.000000 -50.000000 19.915181 0.000000 13.363725
-0.286863 150.000000 -50.000000 19.915142 0.000000 13.358780
-0.286753 150.000000 -50.000000 19.915104 0.000000 13.353835
-0.286644 150.000000 -50.000000 19.915065 0.000000 13.348890
-0.286534 150.000000 -50.000000 19.915026 0.000000 13.343945
-0.286424 150.000000 -50.000000 19.914988 0.000000 13.338999
-0.286314 150.000000 -50.000000 19.914949 0.000000 13.334053
-0.286204 150.000000 -50.000000 19.914911 0.000000 13.329106
-0.286093 150.000000 -50.000000 19.914872 0.000000 13.324160
-0.285983 150.000000 -50.000000 19.914834 0.000000 13.319213
-0.285872 150.000000 -50.000000 19.914795 0.000000 13.314266
-0.285761 150.000000 -50.000000 19.914757 0.000000 13.309318
-0.285650 150.000000 -50.000000 19.914718 0.000000 13.304370
-0.285539 150.000000 -50.000000 19.914679 0.000000 13.299422
-0.285428 150.000000 -50.000000 19.914641 0.000000 13.294474
-0.285316 150.000000 -50.000000 19.914603 0.000000 13.289526
-0.285205 150.000000 -50.000000 19.914564 0.000000 13.284577
-0.285093 150.000000 -50.000000 19.914526 0.000000 13.279628
-0.284981 150.000000 -50.000000 19.914487 0.000000 13.274678
-0.284869 150.000000 -50.000000 19.914449 0.000000 13.269729
-0.284757 150.000000 -50.000000 19.914410 0.000000 13.264779
-0.284644 150.000000 -50.000000 19.914372 0.000000 13.259829
-0.284532 150.000000 -50.000000 19.914333 0.000000 13.254878
-0.284419 150.000000 -50.000000 19.914295 0.000000 13.249928
-0.284306 150.000000 -50.000000 19.914257 0.000000 13.244977
-0.284194 150.000000 -50.000000 19.914218 0.000000 13.240026
-0.284080 150.000000 -50.000000 19.914180 0.000000 13.235074
-0.283967 150.000000 -50.000000 19.914142 0.000000 13.230122
-0.283854 150.000000 -50.000000 19.914103 0.000000 13.225170
-0.283740 150.000000 -50.000000 19.914065 0.000000 13.220218
-0.283626 150.000000 -50.000000 19.914027 0.000000 13.215266
-0.283513 150.000000 -50.000000 19.913988 0.000000 13.210313
-0.283399 150.000000 -50.000000 19.913950 0.000000 13.205360
-0.283284 150.000000 -50.000000 19.913912 0.000000 13.200406
-0.283170 150.000000 -50.000000 19.913874 0.000000 13.195453
-0.283056 150.000000 -50.000000 19.913835 0.000000 13.190499
-0.282941 150.000000 -50.000000 19.913797 0.000000 13.185545
-0.282826 150.000000 -50.000000 19.913759 0.000000 13.180591
-0.282711 150.000000 -50.000000 19.913721 0.000000 13.175636
-0.282596 150.000000 -50.000000 19.913682 0.000000 13.170681
-0.282481 150.000000 -50.000000 19.913644 0.000000 13.165726
-0.282366 150.000000 -50.000000 19.913606 0.000000 13.160771
-0.282250 150.000000 -50.000000 19.913568 0.000000 13.155815
-0.282135 150.000000 -50.000000 19.913530 0.000000 13.150859
-0.282019 150.000000 -50.000000 19.913492 0.000000 13.145903
-0.281903 150.000000 -50.000000 19.913453 0.000000 13.140947
-0.281787 150.000000 -50.000000 19.913415 0.000000 13.135990
-0.281671 150.000000 -50.000000 19.913377 0.000000 13.131033
-0.281554 150.000000 -50.000000 19.913339 0.000000 13.126076
-0.281438 150.000000 -50.000000 19.913301 0.000000 13.121119
-0.281321 150.000000 -50.000000 19.913263 0.000000 13.116161
-0.281204 150.000000 -50.000000 19.913225 0.000000 13.111203
-0.281088 150.000000 -50.000000 19.913187 0.000000 13.106245
-0.280970 150.000000 -50.000000 19.913149 0.000000 13.101287
-0.280853 150.000000 -50.000000 19.913111 0.000000 13.096328
-0.280736 150.000000 -50.000000 19.913073 0.000000 13.091370
-0.280618 150.000000 -50.000000 19.913035 0.000000 13.086410
-0.280501 150.000000 -50.000000 19.912997 0.000000 13.081451
-0.280383 150.000000 -50.000000 19.912959 0.000000 13.076492
-0.280265 150.000000 -50.000000 19.912921 0.000000 13.071532
-0.280147 150.000000 -50.000000 19.912883 0.000000 13.066572
-0.280029 150.000000 -50.000000 19.912845 0.000000 13.061611
-0.279910 150.000000 -50.000000 19.912807 0.000000 13.056651
-0.279792 150.000000 -50.000000 19.912769 0.000000 13.051690
-0.279673 150.000000 -50.000000 19.912731 0.000000 13.046729
-0.279554 150.000000 -50.000000 19.912693 0.000000 13.041768
-0.279435 150.000000 -50.000000 19.912655 0.000000 13.036806
-0.279316 150.000000 -50.000000 19.912617 0.000000 13.031845
-0.279197 150.000000 -50.000000 19.912580 0.000000 13.026883
-0.279078 150.000000 -50.000000 19.912542 0.000000 13.021920
-0.278958 150.000000 -50.000000 19.912504 0.000000 13.016958
-0.278839 150.000000 -50.000000 19.912466 0.000000 13.011995
-0.278719 150.000000 -50.000000 19.912428 0.000000 13.007032
-0.278599 150.000000 -50.000000 19.912390 0.000000 13.002069
-0.278479 150.000000 -50.000000 19.912353 0.000000 12.997106
-0.278359 150.000000 -50.000000 19.912315 0.000000 12.992142
-0.278238 150.000000 -50.000000 19.912277 0.000000 12.987178
-0.278118 150.000000 -50.000000 19.912239 0.000000 12.982214
-0.277997 150.000000 -50.000000 19.912202 0.000000 12.977250
-0.277876 150.000000 -50.000000 19.912164 0.000000 12.972285
-0.277756 150.000000 -50.000000 19.912126 0.000000 12.967321
-0.277635 150.000000 -50.000000 19.912088 0.000000 12.962356
-0.277513 150.000000 -50.000000 19.912051 0.000000 12.957390
-0.277392 150.000000 -50.000000 19.912013 0.000000 12.952425
-0.277271 150.000000 -50.000000 19.911975 0.000000 12.947459
-0.277149 150.000000 -50.000000 19.911938 0.000000 12.942493
-0.277027 150.000000 -50.000000 19.911900 0.000000 12.937527
-0.276906 150.000000 -50.000000 19.911862 0.000000 12.932561
-0.276784 150.000000 -50.000000 19.911825 0.000000 12.927594
-0.276661 150.000000 -50.000000 19.911787 0.000000 12.922627
-0.276539 150.000000 -50.000000 19.911749 0.000000 12.917660
-0.276417 150.000000 -50.000000 19.911712 0.000000 12.912693
-0.276294 150.000000 -50.000000 19.911674 0.000000 12.907726
-0.276172 150.000000 -50.000000 19.911637 0.000000 12.902758
-0.276049 150.000000 -50.000000 19.911599 0.000000 12.897790
-0.275926 150.000000 -50.000000 19.911562 0.000000 12.892822
-0.275803 150.000000 -50.000000 19.911524 0.000000 12.887854
-0.275680 150.000000 -50.000000 19.911486 0.000000 12.882885
-0.275556 150.000000 -50.000000 19.911449 0.000000 12.877916
-0.275433 150.000000 -50.000000 19.911411 0.000000 12.872947
-0.275309 150.000000 -50.000000 19.911374 0.000000 12.867978
-0.275185 150.000000 -50.000000 19.911336 0.000000 12.863008
-0.275062 150.000000 -50.000000 19.911299 0.000000 12.858039
-0.274938 150.000000 -50.000000 19.911261 0.000000 12.853069
-0.274813 150.000000 -50.000000 19.911224 0.000000 12.848099
-0.274689 150.000000 -50.000000 19.911187 0.000000 12.843129
-0.274565 150.000000 -50.000000 19.911149 0.000000 12.838158
-0.274440 150.000000 -50.000000 19.911112 0.000000 12.833187
-0.274316 150.000000 -50.000000 19.911074 0.000000 12.828216
-0.274191 150.000000 -50.000000 19.911037 0.000000 12.823245
-0.274066 150.000000 -50.000000 19.910999 0.000000 12.818274
-0.273941 150.000000 -50.000000 19.910962 0.000000 12.813302
-0.273816 150.000000 -50.000000 19.910925 0.000000 12.808330
-0.273690 150.000000 -50.000000 19.910887 0.000000 12.803358
-0.273565 150.000000 -50.000000 19.910850 0.000000 12.798386
-0.273439 150.000000 -50.000000 19.910813 0.000000 12.793414
-0.273314 150.000000 -50.000000 19.910775 0.000000 12.788441
-0.273188 150.000000 -50.000000 19.910738 0.000000 12.783468
-0.273062 150.000000 -50.000000 19.910701 0.000000 12.778495
-0.272936 150.000000 -50.000000 19.910663 0.000000 12.773522
-0.272809 150.000000 -50.000000 19.910626 0.000000 12.768549
-0.272683 150.000000 -50.000000 19.910589 0.000000 12.763575
-0.272557 150.000000 -50.000000 19.910552 0.000000 12.758601
-0.272430 150.000000 -50.000000 19.910514 0.000000 12.753627
-0.272303 150.000000 -50.000000 19.910477 0.000000 12.748653
-0.272176 150.000000 -50.000000 19.910440 0.000000 12.743678
-0.272049 150.000000 -50.000000 19.910403 0.000000 12.738704
-0.271922 150.000000 -50.000000 19.910366 0.000000 12.733729
-0.271795 150.000000 -50.000000 19.910328 0.000000 12.728754
-0.271668 150.000000 -50.000000 19.910291 0.000000 12.723779
-0.271540 150.000000 -50.000000 19.910254 0.000000 12.718803
-0.271412 150.000000 -50.000000 19.910217 0.000000 12.713827
-0.271285 150.000000 -50.000000 19.910180 0.000000 12.708852
-0.271157 150.000000 -50.000000 19.910143 0.000000 12.703876
-0.271029 150.000000 -50.000000 19.910105 0.000000 12.698899
-0.270901 150.000000 -50.000000 19.910068 0.000000 12.693923
-0.270772 150.000000 -50.000000 19.910031 0.000000 12.688946
-0.270644 150.000000 -50.000000 19.909994 0.000000 12.683969
-0.270516 150.000000 -50.000000 19.909957 0.000000 12.678992
-0.270387 150.000000 -50.000000 19.909920 0.000000 12.674015
-0.270258 150.000000 -50.000000 19.909883 0.000000 12.669038
-0.270129 150.000000 -50.000000 19.909846 0.000000 12.664060
-0.270000 150.000000 -50.000000 19.909809 0.000000 12.659082
-0.269871 150.000000 -50.000000 19.909772 0.000000 12.654104
-0.269742 150.000000 -50.000000 19.909735 0.000000 12.649126
-0.269613 150.000000 -50.000000 19.909698 0.000000 12.644148
-0.269483 150.000000 -50.000000 19.909661 0.000000 12.639169
-0.269353 150.000000 -50.000000 19.909624 0.000000 12.634191
-0.269224 150.000000 -50.000000 19.909587 0.000000 12.629212
-0.269094 150.000000 -50.000000 19.909550 0.000000 12.624233
-0.268964 150.000000 -50.000000 19.909513 0.000000 12.619253
-0.268834 150.000000 -50.000000 19.909476 0.000000 12.614274
-0.268703 150.000000 -50.000000 19.909439 0.000000 12.609294
-0.268573 150.000000 -50.000000 19.909402 0.000000 12.604314
-0.268443 150.000000 -50.000000 19.909365 0.000000 12.599334
-0.268312 150.000000 -50.000000 19.909328 0.000000 12.594354
-0.268181 150.000000 -50.000000 19.909291 0.000000 12.589374
-0.268050 150.000000 -50.000000 19.909254 0.000000 12.584393
-0.267919 150.000000 -50.000000 19.909218 0.000000 12.579413
-0.267788 150.000000 -50.000000 19.909181 0.000000 12.574432
-0.267657 150.000000 -50.000000 19.909144 0.000000 12.569451
-0.267526 150.000000 -50.000000 19.909107 0.000000 12.564469
-0.267394 150.000000 -50.000000 19.909070 0.000000 12.559488
-0.267263 150.000000 -50.000000 19.909033 0.000000 12.554506
-0.267131 150.000000 -50.000000 19.908997 0.000000 12.549524
-0.266999 150.000000 -50.000000 19.908960 0.000000 12.544542
-0.266867 150.000000 -50.000000 19.908923 0.000000 12.539560
-0.266735 150.000000 -50.000000 19.908886 0.000000 12.534578
-0.266603 150.000000 -50.000000 19.908850 0.000000 12.529595
-0.266471 150.000000 -50.000000 19.908813 0.000000 12.524613
-0.266339 150.000000 -50.000000 19.908776 0.000000 12.519630
-0.266206 150.000000 -50.000000 19.908739 0.000000 12.514647
-0.266073 150.000000 -50.000000 19.908703 0.000000 12.509664
-0.265941 150.000000 -50.000000 19.908666 0.000000 12.504680
-0.265808 150.000000 -50.000000 19.908629 0.000000 12.499697
-0.265675 150.000000 -50.000000 19.908593 0.000000 12.494713
-0.265542 150.000000 -50.000000 19.908556 0.000000 12.489729
-0.265409 150.000000 -50.000000 19.908519 0.000000 12.484745
-0.265275 150.000000 -50.000000 19.908483 0.000000 12.479761
-0.265142 150.000000 -50.000000 19.908446 0.000000 12.474776
-0.265008 150.000000 -50.000000 19.908409 0.000000 12.469792
-0.264875 150.000000 -50.000000 19.908373 0.000000 12.464807
-0.264741 150.000000 -50.000000 19.908336 0.000000 12.459822
-0.264607 150.000000 -50.000000 19.908299 0.000000 12.454837
-0.264473 150.000000 -50.000000 19.908263 0.000000 12.449852
-0.264339 150.000000 -50.000000 19.908226 0.000000 12.444867
-0.264205 150.000000 -50.000000 19.908190 0.000000 12.439881
-0.264070 150.000000 -50.000000 19.908153 0.000000 12.434895
-0.263936 150.000000 -50.000000 19.908117 0.000000 12.429909
-0.263801 150.000000 -50.000000 19.908080 0.000000 12.424923
-0.263666 150.000000 -50.000000 19.908044 0.000000 12.419937
-0.263532 150.000000 -50.000000 19.908007 0.000000 12.414951
-0.263397 150.000000 -50.000000 19.907971 0.000000 12.409964
-0.263262 150.000000 -50.000000 19.907934 0.000000 12.404978
-0.263127 150.000000 -50.000000 19.907898 0.000000 12.399991
-0.262991 150.000000 -50.000000 19.907861 0.000000 12.395004
-0.262856 150.000000 -50.000000 19.907825 0.000000 12.390017
-0.262720 150.000000 -50.000000 19.907788 0.000000 12.385029
-0.262585 150.000000 -50.000000 19.907752 0.000000 12.380042
-0.262449 150.000000 -50.000000 19.907715 0.000000 12.375054
-0.262313 150.000000 -50.000000 19.907679 0.000000 12.370067
-0.262177 150.000000 -50.000000 19.907642 0.000000 12.365079
-0.262041 150.000000 -50.000000 19.907606 0.000000 12.360091
-0.261905 150.000000 -50.000000 19.907570 0.000000 12.355102
-0.261769 150.000000 -50.000000 19.907533 0.000000 12.350114
-0.261633 150.000000 -50.000000 19.907497 0.000000 12.345126
-0.261496 150.000000 -50.000000 19.907461 0.000000 12.340137
-0.261359 150.000000 -50.000000 19.907424 0.000000 12.335148
-0.261223 150.000000 -50.000000 19.907388 0.000000 12.330159
-0.261086 150.000000 -50.000000 19.907352 0.000000 12.325170
-0.260949 150.000000 -50.000000 19.907315 0.000000 12.320181
-0.260812 150.000000 -50.000000 19.907279 0.000000 12.315191
-0.260675 150.000000 -50.000000 19.907243 0.000000 12.310202
-0.260538 150.000000 -50.000000 19.907206 0.000000 12.305212
-0.260400 150.000000 -50.000000 19.907170 0.000000 12.300222
-0.260263 150.000000 -50.000000 19.907134 0.000000 12.295232
-0.260125 150.000000 -50.000000 19.907098 0.000000 12.290242
-0.259988 150.000000 -50.000000 19.907061 0.000000 12.285252
-0.259850 150.000000 -50.000000 19.907025 0.000000 12.280261
-0.259712 150.000000 -50.000000 19.906989 0.000000 12.275271
-0.259574 150.000000 -50.000000 19.906953 0.000000 12.270280
-0.259436 150.000000 -50.000000 19.906916 0.000000 12.265289
-0.259298 150.000000 -50.000000 19.906880 0.000000 12.260298
-0.259159 150.000000 -50.000000 19.906844 0.000000 12.255307
-0.259021 150.000000 -50.000000 19.906808 0.000000 12.250316
-0.258882 150.000000 -50.000000 19.906772 0.000000 12.245324
-0.258744 150.000000 -50.000000 19.906736 0.000000 12.240333
-0.258605 150.000000 -50.000000 19.906699 0.000000 12.235341
-0.258466 150.000000 -50.000000 19.906663 0.000000 12.230349
-0.258327 150.000000 -50.000000 19.906627 0.000000 12.225357
-0.258188 150.000000 -50.000000 19.906591 0.000000 12.220365
