-50.774453 148.373109 -35.707701 6.180961 178.604990 -0.000000
-50.775138 148.372661 -35.716971 6.177274 178.603755 -0.000000
-50.775824 148.372212 -35.726241 6.173586 178.602520 -0.000000
-50.776508 148.371764 -35.735511 6.169898 178.601287 -0.000000
-50.777193 148.371315 -35.744781 6.166209 178.600054 -0.000000
-50.777877 148.370867 -35.754050 6.162520 178.598821 -0.000000
-50.778561 148.370419 -35.763320 6.158830 178.597590 -0.000000
-50.779245 148.369972 -35.772589 6.155140 178.596358 -0.000000
-50.779928 148.369524 -35.781859 6.151450 178.595128 -0.000000
-50.780610 148.369077 -35.791128 6.147759 178.593898 -0.000000
-50.781293 148.368629 -35.800397 6.144067 178.592669 -0.000000
-50.781975 148.368182 -35.809666 6.140375 178.591440 -0.000000
-50.782657 148.367735 -35.818935 6.136683 178.590213 -0.000000
-50.783338 148.367289 -35.828204 6.132990 178.588985 -0.000000
-50.784019 148.366842 -35.837472 6.129297 178.587759 -0.000000
-50.784700 148.366396 -35.846741 6.125603 178.586533 -0.000000
-50.785380 148.365949 -35.856009 6.121909 178.585307 -0.000000
-50.786060 148.365503 -35.865278 6.118214 178.584083 -0.000000
-50.786739 148.365057 -35.874546 6.114519 178.582859 -0.000000
-50.787419 148.364612 -35.883814 6.110823 178.581635 -0.000000
-50.788097 148.364166 -35.893082 6.107127 178.580413 -0.000000
-50.788776 148.363721 -35.902350 6.103431 178.579191 -0.000000
-50.789454 148.363275 -35.911618 6.099734 178.577969 -0.000000
-50.790132 148.362830 -35.920886 6.096037 178.576749 -0.000000
-50.790809 148.362385 -35.930153 6.092339 178.575528 -0.000000
-50.791486 148.361940 -35.939421 6.088640 178.574309 -0.000000
-50.792163 148.361496 -35.948688 6.084942 178.573090 -0.000000
-50.792839 148.361051 -35.957955 6.081242 178.571872 -0.000000
-50.793515 148.360607 -35.967222 6.077543 178.570655 -0.000000
-50.794190 148.360163 -35.976489 6.073843 178.569438 -0.000000
-50.794865 148.359719 -35.985756 6.070142 178.568222 -0.000000
-50.795540 148.359275 -35.995023 6.066441 178.567007 -0.000000
-50.796215 148.358831 -36.004290 6.062740 178.565792 -0.000000
-50.796889 148.358388 -36.013556 6.059038 178.564578 -0.000000
-50.797562 148.357945 -36.022823 6.055336 178.563365 -0.000000
-50.798235 148.357501 -36.032089 6.051633 178.562152 -0.000000
-50.798908 148.357058 -36.041355 6.047930 178.560940 -0.000000
-50.799581 148.356616 -36.050621 6.044226 178.559729 -0.000000
-50.800253 148.356173 -36.059887 6.040522 178.558518 -0.000000
-50.800925 148.355730 -36.069153 6.036817 178.557308 -0.000000
-50.801596 148.355288 -36.078419 6.033112 178.556099 -0.000000
-50.802267 148.354846 -36.087685 6.029407 178.554891 -0.000000
-50.802937 148.354404 -36.096950 6.025701 178.553683 -0.000000
-50.803608 148.353962 -36.106216 6.021994 178.552476 -0.000000
-50.804277 148.353520 -36.115481 6.018288 178.551269 -0.000000
-50.804947 148.353079 -36.124746 6.014580 178.550063 -0.000000
-50.805616 148.352638 -36.134011 6.010873 178.548858 -0.000000
-50.806285 148.352196 -36.143276 6.007165 178.547654 -0.000000
-50.806953 148.351755 -36.152541 6.003456 178.546450 -0.000000
-50.807621 148.351315 -36.161806 5.999747 178.545247 -0.000000
-50.808288 148.350874 -36.171071 5.996037 178.544045 -0.000000
-50.808955 148.350433 -36.180335 5.992328 178.542844 -0.000000
-50.809622 148.349993 -36.189599 5.988617 178.541643 -0.000000
-50.810288 148.349553 -36.198864 5.984906 178.540443 -0.000000
-50.810954 148.349113 -36.208128 5.981195 178.539243 -0.000000
-50.811620 148.348673 -36.217392 5.977483 178.538044 -0.000000
-50.812285 148.348233 -36.226656 5.973771 178.536846 -0.000000
-50.812949 148.347794 -36.235920 5.970059 178.535649 -0.000000
-50.813614 148.347354 -36.245183 5.966346 178.534453 -0.000000
-50.814278 148.346915 -36.254447 5.962632 178.533257 -0.000000
-50.814941 148.346476 -36.263710 5.958918 178.532062 -0.000000
-50.815604 148.346037 -36.272974 5.955204 178.530867 -0.000000
-50.816267 148.345599 -36.282237 5.951489 178.529674 -0.000000
-50.816929 148.345160 -36.291500 5.947774 178.528481 -0.000000
-50.817591 148.344722 -36.300763 5.944058 178.527288 -0.000000
-50.818253 148.344284 -36.310026 5.940342 178.526097 -0.000000
-50.818914 148.343846 -36.319288 5.936626 178.524906 -0.000000
-50.819574 148.343408 -36.328551 5.932909 178.523716 -0.000000
-50.820235 148.342970 -36.337813 5.929191 178.522527 -0.000000
-50.820895 148.342532 -36.347076 5.925474 178.521338 -0.000000
-50.821554 148.342095 -36.356338 5.921755 178.520150 -0.000000
-50.822213 148.341658 -36.365600 5.918037 178.518963 -0.000000
-50.822872 148.341221 -36.374862 5.914317 178.517777 -0.000000
-50.823530 148.340784 -36.384124 5.910598 178.516591 -0.000000
-50.824188 148.340347 -36.393386 5.906878 178.515406 -0.000000
-50.824845 148.339911 -36.402647 5.903157 178.514222 -0.000000
-50.825502 148.339474 -36.411909 5.899436 178.513039 -0.000000
-50.826159 148.339038 -36.421170 5.895715 178.511856 -0.000000
-50.826815 148.338602 -36.430432 5.891993 178.510674 -0.000000
-50.827471 148.338166 -36.439693 5.888271 178.509493 -0.000000
-50.828126 148.337731 -36.448954 5.884549 178.508313 -0.000000
-50.828781 148.337295 -36.458215 5.880825 178.507133 -0.000000
-50.829435 148.336860 -36.467475 5.877102 178.505954 -0.000000
-50.830089 148.336425 -36.476736 5.873378 178.504776 -0.000000
-50.830743 148.335990 -36.485997 5.869654 178.503599 -0.000000
-50.831396 148.335555 -36.495257 5.865929 178.502422 -0.000000
-50.832049 148.335120 -36.504517 5.862204 178.501246 -0.000000
-50.832702 148.334685 -36.513777 5.858478 178.500071 -0.000000
-50.833354 148.334251 -36.523037 5.854752 178.498897 -0.000000
-50.834005 148.333817 -36.532297 5.851025 178.497723 -0.000000
-50.834656 148.333383 -36.541557 5.847298 178.496551 -0.000000
-50.835307 148.332949 -36.550817 5.843571 178.495379 -0.000000
-50.835957 148.332515 -36.560076 5.839843 178.494207 -0.000000
-50.836607 148.332082 -36.569336 5.836115 178.493037 -0.000000
-50.837256 148.331649 -36.578595 5.832386 178.491867 -0.000000
-50.837905 148.331215 -36.587854 5.828657 178.490698 -0.000000
-50.838554 148.330782 -36.597113 5.824928 178.489530 -0.000000
-50.839202 148.330349 -36.606372 5.821198 178.488363 -0.000000
-50.839850 148.329917 -36.615631 5.817467 178.487196 -0.000000
-50.840497 148.329484 -36.624889 5.813736 178.486030 -0.000000
-50.841144 148.329052 -36.634148 5.810005 178.484865 -0.000000
-50.841790 148.328620 -36.643406 5.806273 178.483701 -0.000000
-50.842436 148.328188 -36.652664 5.802541 178.482538 -0.000000
-50.843081 148.327756 -36.661922 5.798809 178.481375 -0.000000
-50.843726 148.327324 -36.671180 5.795076 178.480213 -0.000000
-50.844371 148.326893 -36.680438 5.791342 178.479052 -0.000000
-50.845015 148.326461 -36.689696 5.787609 178.477892 -0.000000
-50.845659 148.326030 -36.698954 5.783874 178.476732 -0.000000
-50.846302 148.325599 -36.708211 5.780140 178.475573 -0.000000
-50.846945 148.325169 -36.717468 5.776405 178.474415 -0.000000
-50.847587 148.324738 -36.726726 5.772669 178.473258 -0.000000
-50.848229 148.324307 -36.735983 5.768933 178.472102 -0.000000
-50.848871 148.323877 -36.745240 5.765197 178.470947 -0.000000
-50.849512 148.323447 -36.754496 5.761460 178.469792 -0.000000
-50.850153 148.323017 -36.763753 5.757723 178.468638 -0.000000
-50.850793 148.322587 -36.773010 5.753985 178.467485 -0.000000
-50.851432 148.322158 -36.782266 5.750247 178.466333 -0.000000
-50.852072 148.321728 -36.791522 5.746509 178.465181 -0.000000
-50.852711 148.321299 -36.800779 5.742770 178.464030 -0.000000
-50.853349 148.320870 -36.810035 5.739030 178.462881 -0.000000
-50.853987 148.320441 -36.819290 5.735291 178.461732 -0.000000
-50.854624 148.320012 -36.828546 5.731550 178.460583 -0.000000
-50.855261 148.319583 -36.837802 5.727810 178.459436 -0.000000
-50.855898 148.319155 -36.847057 5.724069 178.458289 -0.000000
-50.856534 148.318727 -36.856313 5.720327 178.457144 -0.000000
-50.857170 148.318298 -36.865568 5.716585 178.455999 -0.000000
-50.857805 148.317871 -36.874823 5.712843 178.454855 -0.000000
-50.858440 148.317443 -36.884078 5.709101 178.453711 -0.000000
-50.859074 148.317015 -36.893333 5.705357 178.452569 -0.000000
-50.859708 148.316588 -36.902587 5.701614 178.451427 -0.000000
-50.860341 148.316160 -36.911842 5.697870 178.450286 -0.000000
-50.860974 148.315733 -36.921096 5.694126 178.449146 -0.000000
-50.861606 148.315306 -36.930351 5.690381 178.448007 -0.000000
-50.862238 148.314880 -36.939605 5.686636 178.446869 -0.000000
-50.862870 148.314453 -36.948859 5.682890 178.445731 -0.000000
-50.863501 148.314027 -36.958113 5.679144 178.444595 -0.000000
-50.864131 148.313601 -36.967366 5.675397 178.443459 -0.000000
-50.864761 148.313174 -36.976620 5.671651 178.442324 -0.000000
-50.865391 148.312749 -36.985873 5.667903 178.441190 -0.000000
-50.866020 148.312323 -36.995127 5.664156 178.440057 -0.000000
-50.866649 148.311897 -37.004380 5.660407 178.438924 -0.000000
-50.867277 148.311472 -37.013633 5.656659 178.437793 -0.000000
-50.867905 148.311047 -37.022886 5.652910 178.436662 -0.000000
-50.868532 148.310622 -37.032139 5.649161 178.435532 -0.000000
-50.869159 148.310197 -37.041391 5.645411 178.434403 -0.000000
-50.869785 148.309772 -37.050644 5.641661 178.433275 -0.000000
-50.870411 148.309348 -37.059896 5.637910 178.432148 -0.000000
-50.871036 148.308923 -37.069148 5.634159 178.431021 -0.000000
-50.871661 148.308499 -37.078400 5.630407 178.429896 -0.000000
-50.872286 148.308075 -37.087652 5.626656 178.428771 -0.000000
-50.872910 148.307651 -37.096904 5.622903 178.427647 -0.000000
-50.873533 148.307228 -37.106156 5.619151 178.426524 -0.000000
-50.874156 148.306804 -37.115407 5.615398 178.425402 -0.000000
-50.874778 148.306381 -37.124659 5.611644 178.424281 -0.000000
-50.875400 148.305958 -37.133910 5.607890 178.423160 -0.000000
-50.876022 148.305535 -37.143161 5.604136 178.422041 -0.000000
-50.876643 148.305112 -37.152412 5.600381 178.420922 -0.000000
-50.877264 148.304689 -37.161663 5.596626 178.419804 -0.000000
-50.877884 148.304267 -37.170913 5.592870 178.418688 -0.000000
-50.878503 148.303844 -37.180164 5.589114 178.417572 -0.000000
-50.879122 148.303422 -37.189414 5.585358 178.416456 -0.000000
-50.879741 148.303000 -37.198665 5.581601 178.415342 -0.000000
-50.880359 148.302579 -37.207915 5.577844 178.414229 -0.000000
-50.880977 148.302157 -37.217165 5.574087 178.413116 -0.000000
-50.881594 148.301736 -37.226415 5.570329 178.412005 -0.000000
-50.882210 148.301314 -37.235664 5.566570 178.410894 -0.000000
-50.882827 148.300893 -37.244914 5.562811 178.409784 -0.000000
-50.883442 148.300472 -37.254163 5.559052 178.408675 -0.000000
-50.884057 148.300052 -37.263412 5.555292 178.407567 -0.000000
-50.884672 148.299631 -37.272661 5.551532 178.406460 -0.000000
-50.885286 148.299211 -37.281910 5.547772 178.405353 -0.000000
-50.885900 148.298790 -37.291159 5.544011 178.404248 -0.000000
-50.886513 148.298370 -37.300408 5.540250 178.403144 -0.000000
-50.887126 148.297950 -37.309656 5.536488 178.402040 -0.000000
-50.887738 148.297531 -37.318905 5.532726 178.400937 -0.000000
-50.888350 148.297111 -37.328153 5.528964 178.399836 -0.000000
-50.888961 148.296692 -37.337401 5.525201 178.398735 -0.000000
-50.889571 148.296273 -37.346649 5.521437 178.397635 -0.000000
-50.890182 148.295854 -37.355897 5.517674 178.396536 -0.000000
-50.890791 148.295435 -37.365145 5.513910 178.395437 -0.000000
-50.891400 148.295016 -37.374392 5.510145 178.394340 -0.000000
-50.892009 148.294598 -37.383639 5.506380 178.393244 -0.000000
-50.892617 148.294179 -37.392887 5.502615 178.392148 -0.000000
-50.893225 148.293761 -37.402134 5.498849 178.391054 -0.000000
-50.893832 148.293343 -37.411381 5.495083 178.389960 -0.000000
-50.894439 148.292926 -37.420627 5.491317 178.388868 -0.000000
-50.895045 148.292508 -37.429874 5.487550 178.387776 -0.000000
-50.895650 148.292090 -37.439120 5.483782 178.386685 -0.000000
-50.896255 148.291673 -37.448367 5.480015 178.385595 -0.000000
-50.896860 148.291256 -37.457613 5.476247 178.384506 -0.000000
-50.897464 148.290839 -37.466859 5.472478 178.383418 -0.000000
-50.898068 148.290422 -37.476105 5.468709 178.382331 -0.000000
-50.898671 148.290006 -37.485351 5.464940 178.381245 -0.000000
-50.899273 148.289589 -37.494596 5.461170 178.380159 -0.000000
-50.899875 148.289173 -37.503842 5.457400 178.379075 -0.000000
-50.900477 148.288757 -37.513087 5.453629 178.377991 -0.000000
-50.901078 148.288341 -37.522332 5.449859 178.376909 -0.000000
-50.901678 148.287926 -37.531577 5.446087 178.375827 -0.000000
-50.902278 148.287510 -37.540822 5.442316 178.374747 -0.000000
-50.902877 148.287095 -37.550066 5.438543 178.373667 -0.000000
-50.903476 148.286679 -37.559311 5.434771 178.372588 -0.000000
-50.904075 148.286264 -37.568555 5.430998 178.371511 -0.000000
-50.904672 148.285850 -37.577800 5.427225 178.370434 -0.000000
-50.905270 148.285435 -37.587044 5.423451 178.369358 -0.000000
-50.905866 148.285020 -37.596288 5.419677 178.368283 -0.000000
-50.906463 148.284606 -37.605531 5.415903 178.367209 -0.000000
-50.907058 148.284192 -37.614775 5.412128 178.366136 -0.000000
-50.907654 148.283778 -37.624018 5.408352 178.365064 -0.000000
-50.908248 148.283364 -37.633262 5.404577 178.363993 -0.000000
-50.908842 148.282951 -37.642505 5.400801 178.362922 -0.000000
-50.909436 148.282537 -37.651748 5.397024 178.361853 -0.000000
-50.910029 148.282124 -37.660991 5.393247 178.360785 -0.000000
-50.910622 148.281711 -37.670233 5.389470 178.359717 -0.000000
-50.911214 148.281298 -37.679476 5.385693 178.358651 -0.000000
-50.911805 148.280885 -37.688718 5.381915 178.357586 -0.000000
-50.912396 148.280473 -37.697961 5.378136 178.356521 -0.000000
-50.912986 148.280060 -37.707203 5.374357 178.355458 -0.000000
-50.913576 148.279648 -37.716445 5.370578 178.354395 -0.000000
-50.914166 148.279236 -37.725686 5.366799 178.353334 -0.000000
-50.914754 148.278824 -37.734928 5.363019 178.352273 -0.000000
-50.915343 148.278413 -37.744169 5.359238 178.351214 -0.000000
-50.915930 148.278001 -37.753411 5.355457 178.350155 -0.000000
-50.916517 148.277590 -37.762652 5.351676 178.349097 -0.000000
-50.917104 148.277179 -37.771893 5.347895 178.348041 -0.000000
-50.917690 148.276768 -37.781134 5.344113 178.346985 -0.000000
-50.918276 148.276357 -37.790374 5.340330 178.345930 -0.000000
-50.918861 148.275946 -37.799615 5.336548 178.344877 -0.000000
-50.919445 148.275536 -37.808855 5.332765 178.343824 -0.000000
-50.920029 148.275126 -37.818095 5.328981 178.342772 -0.000000
-50.920612 148.274715 -37.827335 5.325197 178.341721 -0.000000
-50.921195 148.274306 -37.836575 5.321413 178.340672 -0.000000
-50.921777 148.273896 -37.845815 5.317628 178.339623 -0.000000
-50.922359 148.273486 -37.855055 5.313843 178.338575 -0.000000
-50.922940 148.273077 -37.864294 5.310058 178.337528 -0.000000
-50.923521 148.272668 -37.873533 5.306272 178.336482 -0.000000
-50.924101 148.272259 -37.882772 5.302486 178.335438 -0.000000
-50.924680 148.271850 -37.892011 5.298699 178.334394 -0.000000
-50.925259 148.271441 -37.901250 5.294912 178.333351 -0.000000
-50.925837 148.271033 -37.910489 5.291125 178.332309 -0.000000
-50.926415 148.270624 -37.919727 5.287337 178.331268 -0.000000
-50.926992 148.270216 -37.928966 5.283549 178.330229 -0.000000
-50.927569 148.269808 -37.938204 5.279761 178.329190 -0.000000
-50.928145 148.269400 -37.947442 5.275972 178.328152 -0.000000
-50.928721 148.268993 -37.956679 5.272183 178.327115 -0.000000
-50.929296 148.268585 -37.965917 5.268393 178.326079 -0.000000
-50.929870 148.268178 -37.975155 5.264603 178.325045 -0.000000
-50.930444 148.267771 -37.984392 5.260812 178.324011 -0.000000
-50.931017 148.267364 -37.993629 5.257022 178.322978 -0.000000
-50.931590 148.266957 -38.002866 5.253230 178.321946 -0.000000
-50.932162 148.266551 -38.012103 5.249439 178.320916 -0.000000
-50.932734 148.266144 -38.021340 5.245647 178.319886 -0.000000
-50.933305 148.265738 -38.030576 5.241855 178.318857 -0.000000
-50.933875 148.265332 -38.039812 5.238062 178.317830 -0.000000
-50.934445 148.264926 -38.049049 5.234269 178.316803 -0.000000
-50.935015 148.264521 -38.058285 5.230475 178.315778 -0.000000
-50.935584 148.264115 -38.067521 5.226681 178.314753 -0.000000
-50.936152 148.263710 -38.076756 5.222887 178.313730 -0.000000
-50.936719 148.263305 -38.085992 5.219093 178.312707 -0.000000
-50.937286 148.262900 -38.095227 5.215298 178.311686 -0.000000
-50.937853 148.262495 -38.104462 5.211502 178.310665 -0.000000
-50.938419 148.262090 -38.113697 5.207706 178.309646 -0.000000
-50.938984 148.261686 -38.122932 5.203910 178.308627 -0.000000
-50.939549 148.261282 -38.132167 5.200114 178.307610 -0.000000
-50.940113 148.260878 -38.141402 5.196317 178.306594 -0.000000
-50.940677 148.260474 -38.150636 5.192520 178.305579 -0.000000
-50.941240 148.260070 -38.159870 5.188722 178.304564 -0.000000
-50.941802 148.259667 -38.169104 5.184924 178.303551 -0.000000
-50.942364 148.259263 -38.178338 5.181126 178.302539 -0.000000
-50.942925 148.258860 -38.187572 5.177327 178.301528 -0.000000
-50.943486 148.258457 -38.196805 5.173528 178.300518 -0.000000
-50.944046 148.258054 -38.206039 5.169728 178.299509 -0.000000
-50.944605 148.257652 -38.215272 5.165928 178.298501 -0.000000
-50.945164 148.257249 -38.224505 5.162128 178.297494 -0.000000
-50.945723 148.256847 -38.233738 5.158327 178.296489 -0.000000
-50.946281 148.256445 -38.242971 5.154526 178.295484 -0.000000
-50.946838 148.256043 -38.252203 5.150725 178.294480 -0.000000
-50.947394 148.255641 -38.261436 5.146923 178.293478 -0.000000
-50.947950 148.255240 -38.270668 5.143121 178.292476 -0.000000
-50.948506 148.254838 -38.279900 5.139319 178.291476 -0.000000
-50.949060 148.254437 -38.289132 5.135516 178.290476 -0.000000
-50.949615 148.254036 -38.298363 5.131713 178.289478 -0.000000
-50.950168 148.253635 -38.307595 5.127909 178.288481 -0.000000
-50.950721 148.253235 -38.316826 5.124105 178.287484 -0.000000
-50.951274 148.252834 -38.326057 5.120301 178.286489 -0.000000
-50.951826 148.252434 -38.335288 5.116496 178.285495 -0.000000
-50.952377 148.252034 -38.344519 5.112691 178.284502 -0.000000
-50.952927 148.251634 -38.353750 5.108885 178.283510 -0.000000
-50.953477 148.251234 -38.362980 5.105079 178.282520 -0.000000
-50.954027 148.250834 -38.372211 5.101273 178.281530 -0.000000
-50.954576 148.250435 -38.381441 5.097467 178.280541 -0.000000
-50.955124 148.250036 -38.390671 5.093660 178.279554 -0.000000
-50.955672 148.249637 -38.399901 5.089852 178.278567 -0.000000
-50.956219 148.249238 -38.409130 5.086045 178.277582 -0.000000
-50.956765 148.248839 -38.418360 5.082237 178.276597 -0.000000
-50.957311 148.248441 -38.427589 5.078428 178.275614 -0.000000
-50.957856 148.248042 -38.436818 5.074619 178.274632 -0.000000
-50.958401 148.247644 -38.446047 5.070810 178.273651 -0.000000
-50.958945 148.247246 -38.455276 5.067001 178.272671 -0.000000
-50.959488 148.246849 -38.464505 5.063191 178.271692 -0.000000
-50.960031 148.246451 -38.473733 5.059381 178.270714 -0.000000
-50.960573 148.246054 -38.482961 5.055570 178.269738 -0.000000
-50.961115 148.245656 -38.492189 5.051759 178.268762 -0.000000
-50.961656 148.245259 -38.501417 5.047948 178.267788 -0.000000
-50.962196 148.244862 -38.510645 5.044136 178.266814 -0.000000
-50.962736 148.244466 -38.519873 5.040324 178.265842 -0.000000
-50.963275 148.244069 -38.529100 5.036511 178.264871 -0.000000
-50.963813 148.243673 -38.538327 5.032699 178.263901 -0.000000
-50.964351 148.243277 -38.547554 5.028885 178.262932 -0.000000
-50.964888 148.242881 -38.556781 5.025072 178.261964 -0.000000
-50.965425 148.242485 -38.566008 5.021258 178.260997 -0.000000
-50.965961 148.242089 -38.575234 5.017444 178.260032 -0.000000
-50.966496 148.241694 -38.584461 5.013629 178.259067 -0.000000
-50.967031 148.241299 -38.593687 5.009814 178.258104 -0.000000
-50.967565 148.240904 -38.602913 5.005999 178.257142 -0.000000
-50.968099 148.240509 -38.612139 5.002183 178.256181 -0.000000
-50.968632 148.240114 -38.621364 4.998367 178.255221 -0.000000
-50.969164 148.239720 -38.630590 4.994550 178.254262 -0.000000
-50.969696 148.239325 -38.639815 4.990734 178.253304 -0.000000
-50.970227 148.238931 -38.649040 4.986916 178.252347 -0.000000
-50.970757 148.238537 -38.658265 4.983099 178.251392 -0.000000
-50.971287 148.238143 -38.667490 4.979281 178.250438 -0.000000
-50.971816 148.237750 -38.676714 4.975463 178.249484 -0.000000
-50.972345 148.237356 -38.685939 4.971644 178.248532 -0.000000
-50.972872 148.236963 -38.695163 4.967825 178.247581 -0.000000
-50.973400 148.236570 -38.704387 4.964006 178.246632 -0.000000
-50.973926 148.236177 -38.713611 4.960186 178.245683 -0.000000
-50.974452 148.235785 -38.722834 4.956366 178.244735 -0.000000
-50.974978 148.235392 -38.732058 4.952546 178.243789 -0.000000
-50.975502 148.235000 -38.741281 4.948725 178.242844 -0.000000
-50.976026 148.234608 -38.750504 4.944904 178.241900 -0.000000
-50.976550 148.234216 -38.759727 4.941083 178.240957 -0.000000
-50.977073 148.233824 -38.768950 4.937261 178.240015 -0.000000
-50.977595 148.233432 -38.778173 4.933439 178.239074 -0.000000
-50.978116 148.233041 -38.787395 4.929616 178.238135 -0.000000
-50.978637 148.232650 -38.796617 4.925793 178.237196 -0.000000
-50.979158 148.232259 -38.805839 4.921970 178.236259 -0.000000
-50.979677 148.231868 -38.815061 4.918146 178.235323 -0.000000
-50.980196 148.231477 -38.824283 4.914322 178.234388 -0.000000
-50.980714 148.231087 -38.833504 4.910498 178.233454 -0.000000
-50.981232 148.230696 -38.842725 4.906673 178.232522 -0.000000
-50.981749 148.230306 -38.851947 4.902848 178.231590 -0.000000
-50.982266 148.229916 -38.861167 4.899023 178.230660 -0.000000
-50.982781 148.229526 -38.870388 4.895197 178.229731 -0.000000
-50.983296 148.229137 -38.879609 4.891371 178.228803 -0.000000
-50.983811 148.228747 -38.888829 4.887545 178.227876 -0.000000
-50.984325 148.228358 -38.898049 4.883718 178.226951 -0.000000
-50.984838 148.227969 -38.907269 4.879891 178.226026 -0.000000
-50.985350 148.227580 -38.916489 4.876063 178.225103 -0.000000
-50.985862 148.227192 -38.925709 4.872236 178.224181 -0.000000
-50.986373 148.226803 -38.934928 4.868407 178.223260 -0.000000
-50.986884 148.226415 -38.944148 4.864579 178.222341 -0.000000
-50.987394 148.226027 -38.953367 4.860750 178.221422 -0.000000
-50.987903 148.225639 -38.962586 4.856921 178.220505 -0.000000
-50.988411 148.225251 -38.971804 4.853091 178.219589 -0.000000
-50.988919 148.224864 -38.981023 4.849261 178.218674 -0.000000
-50.989427 148.224476 -38.990241 4.845431 178.217760 -0.000000
-50.989933 148.224089 -38.999459 4.841600 178.216847 -0.000000
-50.990439 148.223702 -39.008677 4.837770 178.215936 -0.000000
-50.990944 148.223315 -39.017895 4.833938 178.215026 -0.000000
-50.991449 148.222929 -39.027113 4.830107 178.214116 -0.000000
-50.991953 148.222542 -39.036330 4.826275 178.213209 -0.000000
-50.992456 148.222156 -39.045547 4.822442 178.212302 -0.000000
-50.992959 148.221770 -39.054764 4.818609 178.211397 -0.000000
-50.993461 148.221384 -39.063981 4.814776 178.210492 -0.000000
-50.993962 148.220998 -39.073198 4.810943 178.209589 -0.000000
-50.994463 148.220613 -39.082414 4.807109 178.208687 -0.000000
-50.994963 148.220227 -39.091630 4.803275 178.207787 -0.000000
-50.995462 148.219842 -39.100847 4.799441 178.206887 -0.000000
-50.995960 148.219457 -39.110062 4.795606 178.205989 -0.000000
-50.996458 148.219072 -39.119278 4.791771 178.205092 -0.000000
-50.996956 148.218688 -39.128494 4.787935 178.204196 -0.000000
-50.997452 148.218303 -39.137709 4.784100 178.203302 -0.000000
-50.997948 148.217919 -39.146924 4.780263 178.202408 -0.000000
-50.998443 148.217535 -39.156139 4.776427 178.201516 -0.000000
-50.998938 148.217151 -39.165354 4.772590 178.200625 -0.000000
-50.999432 148.216768 -39.174568 4.768753 178.199735 -0.000000
-50.999925 148.216384 -39.183783 4.764915 178.198847 -0.000000
-51.000417 148.216001 -39.192997 4.761077 178.197960 -0.000000
-51.000909 148.215618 -39.202211 4.757239 178.197073 -0.000000
-51.001400 148.215235 -39.211425 4.753401 178.196189 -0.000000
-51.001891 148.214852 -39.220638 4.749562 178.195305 -0.000000
-51.002381 148.214469 -39.229852 4.745723 178.194423 -0.000000
-51.002870 148.214087 -39.239065 4.741883 178.193541 -0.000000
-51.003358 148.213705 -39.248278 4.738043 178.192661 -0.000000
-51.003846 148.213323 -39.257491 4.734203 178.191783 -0.000000
-51.004333 148.212941 -39.266703 4.730362 178.190905 -0.000000
-51.004820 148.212559 -39.275916 4.726521 178.190029 -0.000000
-51.005305 148.212178 -39.285128 4.722680 178.189154 -0.000000
-51.005790 148.211797 -39.294340 4.718838 178.188280 -0.000000
-51.006275 148.211416 -39.303552 4.714997 178.187408 -0.000000
-51.006758 148.211035 -39.312764 4.711154 178.186536 -0.000000
-51.007241 148.210654 -39.321975 4.707312 178.185666 -0.000000
-51.007723 148.210274 -39.331186 4.703469 178.184797 -0.000000
-51.008205 148.209893 -39.340398 4.699625 178.183930 -0.000000
-51.008686 148.209513 -39.349608 4.695782 178.183064 -0.000000
-51.009166 148.209133 -39.358819 4.691938 178.182199 -0.000000
-51.009646 148.208753 -39.368030 4.688093 178.181335 -0.000000
-51.010124 148.208374 -39.377240 4.684249 178.180472 -0.000000
-51.010602 148.207994 -39.386450 4.680404 178.179611 -0.000000
-51.011080 148.207615 -39.395660 4.676559 178.178751 -0.000000
-51.011556 148.207236 -39.404870 4.672713 178.177892 -0.000000
-51.012032 148.206857 -39.414079 4.668867 178.177034 -0.000000
-51.012508 148.206479 -39.423288 4.665021 178.176178 -0.000000
-51.012982 148.206100 -39.432498 4.661174 178.175323 -0.000000
-51.013456 148.205722 -39.441706 4.657327 178.174469 -0.000000
-51.013929 148.205344 -39.450915 4.653480 178.173617 -0.000000
-51.014402 148.204966 -39.460124 4.649632 178.172766 -0.000000
-51.014874 148.204588 -39.469332 4.645784 178.171916 -0.000000
-51.015345 148.204211 -39.478540 4.641936 178.171067 -0.000000
-51.015815 148.203833 -39.487748 4.638087 178.170220 -0.000000
-51.016285 148.203456 -39.496956 4.634238 178.169373 -0.000000
-51.016754 148.203079 -39.506163 4.630389 178.168529 -0.000000
-51.017222 148.202703 -39.515371 4.626539 178.167685 -0.000000
-51.017690 148.202326 -39.524578 4.622689 178.166843 -0.000000
-51.018156 148.201950 -39.533785 4.618839 178.166002 -0.000000
-51.018622 148.201573 -39.542991 4.614988 178.165162 -0.000000
-51.019088 148.201197 -39.552198 4.611137 178.164323 -0.000000
-51.019553 148.200822 -39.561404 4.607286 178.163486 -0.000000
-51.020017 148.200446 -39.570610 4.603434 178.162650 -0.000000
-51.020480 148.200070 -39.579816 4.599582 178.161816 -0.000000
-51.020942 148.199695 -39.589022 4.595730 178.160982 -0.000000
-51.021404 148.199320 -39.598227 4.591877 178.160150 -0.000000
-51.021865 148.198945 -39.607433 4.588025 178.159320 -0.000000
-51.022326 148.198570 -39.616638 4.584171 178.158490 -0.000000
-51.022785 148.198196 -39.625843 4.580318 178.157662 -0.000000
-51.023244 148.197822 -39.635048 4.576464 178.156835 -0.000000
-51.023703 148.197448 -39.644252 4.572610 178.156010 -0.000000
-51.024160 148.197074 -39.653456 4.568755 178.155185 -0.000000
-51.024617 148.196700 -39.662660 4.564900 178.154362 -0.000000
-51.025073 148.196326 -39.671864 4.561045 178.153541 -0.000000
-51.025528 148.195953 -39.681068 4.557189 178.152720 -0.000000
-51.025983 148.195580 -39.690272 4.553333 178.151901 -0.000000
-51.026437 148.195207 -39.699475 4.549477 178.151083 -0.000000
-51.026890 148.194834 -39.708678 4.545621 178.150267 -0.000000
-51.027342 148.194461 -39.717881 4.541764 178.149452 -0.000000
-51.027794 148.194089 -39.727083 4.537907 178.148638 -0.000000
-51.028245 148.193717 -39.736286 4.534049 178.147826 -0.000000
-51.028695 148.193344 -39.745488 4.530191 178.147014 -0.000000
-51.029145 148.192973 -39.754690 4.526333 178.146205 -0.000000
-51.029593 148.192601 -39.763892 4.522475 178.145396 -0.000000
-51.030042 148.192229 -39.773094 4.518616 178.144589 -0.000000
-51.030489 148.191858 -39.782295 4.514757 178.143783 -0.000000
-51.030935 148.191487 -39.791496 4.510897 178.142978 -0.000000
-51.031381 148.191116 -39.800697 4.507038 178.142175 -0.000000
-51.031826 148.190745 -39.809898 4.503178 178.141373 -0.000000
-51.032271 148.190375 -39.819099 4.499317 178.140572 -0.000000
-51.032714 148.190004 -39.828299 4.495457 178.139773 -0.000000
-51.033157 148.189634 -39.837499 4.491596 178.138975 -0.000000
-51.033599 148.189264 -39.846699 4.487734 178.138179 -0.000000
-51.034041 148.188895 -39.855899 4.483873 178.137383 -0.000000
-51.034481 148.188525 -39.865099 4.480011 178.136589 -0.000000
-51.034921 148.188156 -39.874298 4.476148 178.135797 -0.000000
-51.035361 148.187786 -39.883497 4.472286 178.135005 -0.000000
-51.035799 148.187417 -39.892696 4.468423 178.134216 -0.000000
-51.036237 148.187049 -39.901895 4.464559 178.133427 -0.000000
-51.036674 148.186680 -39.911093 4.460696 178.132640 -0.000000
-51.037110 148.186311 -39.920292 4.456832 178.131854 -0.000000
-51.037545 148.185943 -39.929490 4.452968 178.131069 -0.000000
-51.037980 148.185575 -39.938688 4.449103 178.130286 -0.000000
-51.038414 148.185207 -39.947885 4.445238 178.129504 -0.000000
-51.038847 148.184840 -39.957083 4.441373 178.128724 -0.000000
-51.039280 148.184472 -39.966280 4.437508 178.127945 -0.000000
-51.039711 148.184105 -39.975477 4.433642 178.127167 -0.000000
-51.040142 148.183738 -39.984674 4.429776 178.126390 -0.000000
-51.040572 148.183371 -39.993871 4.425909 178.125615 -0.000000
-51.041002 148.183004 -40.003067 4.422043 178.124842 -0.000000
-51.041430 148.182637 -40.012263 4.418175 178.124069 -0.000000
-51.041858 148.182271 -40.021459 4.414308 178.123298 -0.000000
-51.042285 148.181905 -40.030655 4.410440 178.122529 -0.000000
-51.042712 148.181539 -40.039851 4.406572 178.121760 -0.000000
-51.043138 148.181173 -40.049046 4.402704 178.120993 -0.000000
-51.043562 148.180808 -40.058241 4.398835 178.120228 -0.000000
-51.043986 148.180442 -40.067436 4.394967 178.119464 -0.000000
-51.044410 148.180077 -40.076631 4.391097 178.118701 -0.000000
-51.044832 148.179712 -40.085825 4.387228 178.117939 -0.000000
-51.045254 148.179347 -40.095019 4.383358 178.117179 -0.000000
-51.045675 148.178982 -40.104214 4.379488 178.116421 0.000000
-51.046096 148.178618 -40.113407 4.375617 178.115664 0.000000
-51.046515 148.178254 -40.122601 4.371746 178.114908 0.000000
-51.046934 148.177890 -40.131794 4.367875 178.114153 0.000000
