26.311053 149.999974 -50.001110 20.426940 0.003571 -0.362055
26.320218 149.999974 -50.001121 20.430240 0.003606 -0.364504
26.329382 149.999973 -50.001132 20.433544 0.003640 -0.366952
26.338544 149.999973 -50.001142 20.436852 0.003675 -0.369398
26.347706 149.999973 -50.001153 20.440165 0.003710 -0.371843
26.356867 149.999973 -50.001164 20.443482 0.003744 -0.374287
26.366026 149.999972 -50.001175 20.446803 0.003779 -0.376728
26.375184 149.999972 -50.001185 20.450129 0.003813 -0.379169
26.384341 149.999972 -50.001196 20.453460 0.003848 -0.381607
26.393497 149.999972 -50.001207 20.456795 0.003882 -0.384044
26.402651 149.999971 -50.001217 20.460134 0.003917 -0.386480
26.411805 149.999971 -50.001228 20.463478 0.003951 -0.388914
26.420957 149.999971 -50.001239 20.466826 0.003985 -0.391346
26.430108 149.999971 -50.001249 20.470179 0.004020 -0.393777
26.439258 149.999970 -50.001260 20.473536 0.004054 -0.396206
26.448407 149.999970 -50.001271 20.476898 0.004088 -0.398634
26.457554 149.999970 -50.001281 20.480265 0.004123 -0.401060
26.466701 149.999970 -50.001292 20.483635 0.004157 -0.403484
26.475846 149.999969 -50.001303 20.487011 0.004191 -0.405907
26.484990 149.999969 -50.001313 20.490391 0.004225 -0.408328
26.494132 149.999969 -50.001324 20.493775 0.004259 -0.410748
26.503274 149.999969 -50.001334 20.497164 0.004293 -0.413166
26.512414 149.999968 -50.001345 20.500558 0.004327 -0.415582
26.521553 149.999968 -50.001356 20.503956 0.004361 -0.417997
26.530691 149.999968 -50.001366 20.507358 0.004395 -0.420410
26.539828 149.999968 -50.001377 20.510766 0.004429 -0.422821
26.548963 149.999967 -50.001387 20.514177 0.004462 -0.425231
26.558097 149.999967 -50.001398 20.517594 0.004496 -0.427640
26.567230 149.999967 -50.001408 20.521015 0.004530 -0.430046
26.576362 149.999967 -50.001418 20.524440 0.004563 -0.432451
26.585493 149.999966 -50.001429 20.527870 0.004597 -0.434854
26.594622 149.999966 -50.001439 20.531305 0.004630 -0.437256
26.603750 149.999966 -50.001450 20.534744 0.004664 -0.439656
26.612877 149.999966 -50.001460 20.538188 0.004697 -0.442055
26.622003 149.999965 -50.001470 20.541637 0.004730 -0.444451
26.631127 149.999965 -50.001481 20.545090 0.004764 -0.446846
26.640250 149.999965 -50.001491 20.548548 0.004797 -0.449240
26.649372 149.999965 -50.001501 20.552011 0.004830 -0.451632
26.658493 149.999964 -50.001512 20.555478 0.004863 -0.454022
26.667612 149.999964 -50.001522 20.558950 0.004896 -0.456410
26.676731 149.999964 -50.001532 20.562426 0.004929 -0.458797
26.685848 149.999964 -50.001542 20.565907 0.004961 -0.461182
26.694963 149.999963 -50.001552 20.569393 0.004994 -0.463565
26.704078 149.999963 -50.001562 20.572884 0.005027 -0.465947
26.713191 149.999963 -50.001573 20.576379 0.005059 -0.468327
26.722303 149.999963 -50.001583 20.579879 0.005092 -0.470706
26.731413 149.999963 -50.001593 20.583383 0.005124 -0.473082
26.740523 149.999962 -50.001603 20.586893 0.005156 -0.475457
26.749631 149.999962 -50.001613 20.590407 0.005189 -0.477830
26.758738 149.999962 -50.001623 20.593926 0.005221 -0.480202
26.767844 149.999962 -50.001633 20.597449 0.005253 -0.482572
26.776948 149.999961 -50.001643 20.600977 0.005285 -0.484940
26.786051 149.999961 -50.001652 20.604510 0.005316 -0.487306
26.795153 149.999961 -50.001662 20.608048 0.005348 -0.489671
26.804253 149.999961 -50.001672 20.611590 0.005380 -0.492034
26.813353 149.999960 -50.001682 20.615138 0.005411 -0.494395
26.822450 149.999960 -50.001692 20.618690 0.005443 -0.496754
26.831547 149.999960 -50.001701 20.622247 0.005474 -0.499112
26.840643 149.999960 -50.001711 20.625808 0.005505 -0.501468
26.849737 149.999960 -50.001721 20.629375 0.005536 -0.503822
26.858829 149.999959 -50.001730 20.632946 0.005567 -0.506175
26.867921 149.999959 -50.001740 20.636522 0.005598 -0.508526
26.877011 149.999959 -50.001750 20.640103 0.005629 -0.510875
26.886100 149.999959 -50.001759 20.643688 0.005659 -0.513222
26.895188 149.999958 -50.001769 20.647279 0.005690 -0.515568
26.904274 149.999958 -50.001778 20.650874 0.005720 -0.517911
26.913359 149.999958 -50.001788 20.654474 0.005751 -0.520253
26.922443 149.999958 -50.001797 20.658079 0.005781 -0.522594
26.931525 149.999957 -50.001806 20.661689 0.005811 -0.524932
26.940606 149.999957 -50.001816 20.665303 0.005841 -0.527269
26.949686 149.999957 -50.001825 20.668923 0.005871 -0.529604
26.958764 149.999957 -50.001834 20.672547 0.005900 -0.531937
26.967842 149.999957 -50.001843 20.676176 0.005930 -0.534268
26.976917 149.999956 -50.001852 20.679811 0.005959 -0.536597
26.985992 149.999956 -50.001862 20.683450 0.005989 -0.538925
26.995065 149.999956 -50.001871 20.687094 0.006018 -0.541251
27.004137 149.999956 -50.001880 20.690742 0.006047 -0.543575
27.013207 149.999956 -50.001889 20.694396 0.006076 -0.545898
27.022277 149.999955 -50.001898 20.698055 0.006105 -0.548218
27.031344 149.999955 -50.001906 20.701718 0.006133 -0.550537
27.040411 149.999955 -50.001915 20.705387 0.006162 -0.552854
27.049476 149.999955 -50.001924 20.709060 0.006190 -0.555169
27.058540 149.999955 -50.001933 20.712739 0.006218 -0.557482
27.067602 149.999954 -50.001942 20.716422 0.006246 -0.559794
27.076664 149.999954 -50.001950 20.720110 0.006274 -0.562103
27.085723 149.999954 -50.001959 20.723804 0.006302 -0.564411
27.094782 149.999954 -50.001967 20.727502 0.006330 -0.566717
27.103839 149.999953 -50.001976 20.731205 0.006357 -0.569021
27.112895 149.999953 -50.001985 20.734913 0.006384 -0.571323
27.121949 149.999953 -50.001993 20.738626 0.006412 -0.573624
27.131002 149.999953 -50.002001 20.742345 0.006439 -0.575922
27.140054 149.999953 -50.002010 20.746068 0.006465 -0.578219
27.149104 149.999953 -50.002018 20.749796 0.006492 -0.580514
27.158153 149.999952 -50.002026 20.753529 0.006519 -0.582807
27.167201 149.999952 -50.002034 20.757267 0.006545 -0.585098
27.176247 149.999952 -50.002043 20.761010 0.006571 -0.587387
27.185292 149.999952 -50.002051 20.764759 0.006597 -0.589675
27.194335 149.999952 -50.002059 20.768512 0.006623 -0.591960
27.203377 149.999951 -50.002067 20.772270 0.006649 -0.594244
27.212418 149.999951 -50.002075 20.776034 0.006674 -0.596526
27.221457 149.999951 -50.002082 20.779802 0.006700 -0.598806
27.230495 149.999951 -50.002090 20.783576 0.006725 -0.601084
27.239532 149.999951 -50.002098 20.787354 0.006750 -0.603360
27.248567 149.999950 -50.002106 20.791138 0.006775 -0.605634
27.257601 149.999950 -50.002113 20.794927 0.006799 -0.607906
27.266633 149.999950 -50.002121 20.798721 0.006824 -0.610177
27.275664 149.999950 -50.002129 20.802520 0.006848 -0.612445
27.284694 149.999950 -50.002136 20.806324 0.006872 -0.614712
27.293722 149.999950 -50.002144 20.810133 0.006896 -0.616977
27.302749 149.999949 -50.002151 20.813947 0.006920 -0.619239
27.311774 149.999949 -50.002158 20.817767 0.006943 -0.621500
27.320798 149.999949 -50.002165 20.821591 0.006967 -0.623759
27.329821 149.999949 -50.002173 20.825421 0.006990 -0.626016
27.338842 149.999949 -50.002180 20.829256 0.007013 -0.628271
27.347862 149.999949 -50.002187 20.833096 0.007036 -0.630525
27.356880 149.999948 -50.002194 20.836941 0.007058 -0.632776
27.365897 149.999948 -50.002201 20.840791 0.007081 -0.635025
27.374912 149.999948 -50.002208 20.844647 0.007103 -0.637272
27.383927 149.999948 -50.002215 20.848508 0.007125 -0.639518
27.392939 149.999948 -50.002221 20.852374 0.007146 -0.641761
27.401951 149.999948 -50.002228 20.856245 0.007168 -0.644003
27.410960 149.999947 -50.002235 20.860121 0.007189 -0.646242
27.419969 149.999947 -50.002241 20.864002 0.007210 -0.648480
27.428976 149.999947 -50.002248 20.867889 0.007231 -0.650715
27.437981 149.999947 -50.002254 20.871781 0.007252 -0.652949
27.446985 149.999947 -50.002261 20.875678 0.007273 -0.655181
27.455988 149.999947 -50.002267 20.879580 0.007293 -0.657411
27.464989 149.999947 -50.002273 20.883488 0.007313 -0.659638
27.473989 149.999946 -50.002279 20.887401 0.007333 -0.661864
27.482987 149.999946 -50.002285 20.891319 0.007353 -0.664088
27.491984 149.999946 -50.002291 20.895242 0.007372 -0.666310
27.500980 149.999946 -50.002297 20.899171 0.007391 -0.668529
27.509973 149.999946 -50.002303 20.903105 0.007410 -0.670747
27.518966 149.999946 -50.002309 20.907044 0.007429 -0.672963
27.527957 149.999946 -50.002315 20.910989 0.007448 -0.675177
27.536947 149.999945 -50.002321 20.914938 0.007466 -0.677388
27.545935 149.999945 -50.002326 20.918893 0.007484 -0.679598
27.554921 149.999945 -50.002332 20.922854 0.007502 -0.681806
27.563907 149.999945 -50.002337 20.926819 0.007519 -0.684012
27.572890 149.999945 -50.002343 20.930790 0.007537 -0.686216
27.581873 149.999945 -50.002348 20.934767 0.007554 -0.688417
27.590854 149.999945 -50.002353 20.938748 0.007571 -0.690617
27.599833 149.999944 -50.002358 20.942735 0.007587 -0.692815
27.608811 149.999944 -50.002364 20.946728 0.007604 -0.695010
27.617787 149.999944 -50.002369 20.950725 0.007620 -0.697204
27.626762 149.999944 -50.002373 20.954728 0.007636 -0.699395
27.635735 149.999944 -50.002378 20.958737 0.007652 -0.701585
27.644707 149.999944 -50.002383 20.962750 0.007667 -0.703772
27.653678 149.999944 -50.002388 20.966770 0.007682 -0.705958
27.662647 149.999944 -50.002393 20.970794 0.007697 -0.708141
27.671614 149.999944 -50.002397 20.974824 0.007712 -0.710322
27.680580 149.999943 -50.002402 20.978859 0.007726 -0.712502
27.689545 149.999943 -50.002406 20.982900 0.007740 -0.714679
27.698507 149.999943 -50.002410 20.986946 0.007754 -0.716854
27.707469 149.999943 -50.002415 20.990998 0.007768 -0.719027
27.716429 149.999943 -50.002419 20.995055 0.007781 -0.721198
27.725387 149.999943 -50.002423 20.999117 0.007795 -0.723367
27.734344 149.999943 -50.002427 21.003185 0.007807 -0.725534
27.743300 149.999943 -50.002431 21.007258 0.007820 -0.727698
27.752254 149.999943 -50.002435 21.011337 0.007832 -0.729861
27.761206 149.999943 -50.002438 21.015421 0.007844 -0.732021
27.770157 149.999943 -50.002442 21.019511 0.007856 -0.734180
27.779106 149.999942 -50.002446 21.023606 0.007868 -0.736336
27.788054 149.999942 -50.002449 21.027706 0.007879 -0.738490
27.797000 149.999942 -50.002452 21.031813 0.007890 -0.740643
27.805945 149.999942 -50.002456 21.035924 0.007901 -0.742793
27.814888 149.999942 -50.002459 21.040041 0.007911 -0.744940
27.823830 149.999942 -50.002462 21.044164 0.007921 -0.747086
27.832770 149.999942 -50.002465 21.048292 0.007931 -0.749230
27.841709 149.999942 -50.002468 21.052425 0.007941 -0.751371
27.850646 149.999942 -50.002471 21.056565 0.007950 -0.753511
27.859582 149.999942 -50.002474 21.060709 0.007959 -0.755648
27.868516 149.999942 -50.002477 21.064859 0.007968 -0.757783
27.877448 149.999942 -50.002479 21.069015 0.007976 -0.759916
27.886379 149.999942 -50.002482 21.073176 0.007984 -0.762047
27.895309 149.999942 -50.002484 21.077343 0.007992 -0.764176
27.904237 149.999941 -50.002487 21.081516 0.008000 -0.766303
27.913163 149.999941 -50.002489 21.085693 0.008007 -0.768427
27.922088 149.999941 -50.002491 21.089877 0.008014 -0.770549
27.931011 149.999941 -50.002493 21.094066 0.008021 -0.772669
27.939933 149.999941 -50.002495 21.098261 0.008027 -0.774787
27.948853 149.999941 -50.002497 21.102461 0.008033 -0.776903
27.957771 149.999941 -50.002499 21.106667 0.008039 -0.779017
27.966688 149.999941 -50.002500 21.110878 0.008044 -0.781128
27.975603 149.999941 -50.002502 21.115096 0.008049 -0.783238
27.984517 149.999941 -50.002503 21.119318 0.008054 -0.785345
27.993429 149.999941 -50.002505 21.123547 0.008059 -0.787450
28.002340 149.999941 -50.002506 21.127781 0.008063 -0.789552
28.011249 149.999941 -50.002507 21.132020 0.008067 -0.791653
28.020157 149.999941 -50.002509 21.136266 0.008070 -0.793751
28.029063 149.999941 -50.002510 21.140517 0.008074 -0.795847
28.037967 149.999941 -50.002510 21.144773 0.008077 -0.797941
28.046870 149.999941 -50.002511 21.149035 0.008079 -0.800033
28.055771 149.999941 -50.002512 21.153303 0.008082 -0.802123
28.064670 149.999941 -50.002513 21.157577 0.008084 -0.804210
28.073568 149.999941 -50.002513 21.161856 0.008085 -0.806295
28.082465 149.999941 -50.002514 21.166141 0.008087 -0.808378
28.091360 149.999941 -50.002514 21.170432 0.008088 -0.810459
28.100253 149.999941 -50.002514 21.174728 0.008088 -0.812537
28.109144 149.999941 -50.002514 21.179031 0.008089 -0.814613
28.118034 149.999941 -50.002514 21.183338 0.008089 -0.816687
28.126923 149.999941 -50.002514 21.187652 0.008088 -0.818759
28.135809 149.999941 -50.002514 21.191971 0.008088 -0.820829
28.144695 149.999941 -50.002514 21.196296 0.008087 -0.822896
28.153578 149.999941 -50.002513 21.200627 0.008085 -0.824961
28.162460 149.999941 -50.002513 21.204964 0.008084 -0.827024
28.171340 149.999941 -50.002512 21.209306 0.008081 -0.829084
28.180219 149.999941 -50.002511 21.213654 0.008079 -0.831143
28.189096 149.999941 -50.002510 21.218008 0.008076 -0.833199
28.197972 149.999941 -50.002509 21.222367 0.008073 -0.835253
28.206845 149.999941 -50.002508 21.226733 0.008070 -0.837304
28.215718 149.999941 -50.002507 21.231104 0.008066 -0.839353
28.224588 149.999941 -50.002506 21.235481 0.008062 -0.841400
28.233457 149.999941 -50.002505 21.239864 0.008058 -0.843445
28.242324 149.999941 -50.002503 21.244253 0.008053 -0.845487
28.251190 149.999941 -50.002501 21.248647 0.008048 -0.847528
28.260054 149.999941 -50.002500 21.253047 0.008042 -0.849565
28.268916 149.999941 -50.002498 21.257453 0.008036 -0.851601
28.277777 149.999941 -50.002496 21.261865 0.008030 -0.853634
28.286636 149.999941 -50.002494 21.266283 0.008023 -0.855665
28.295493 149.999941 -50.002492 21.270707 0.008016 -0.857694
28.304349 149.999941 -50.002489 21.275136 0.008009 -0.859720
28.313203 149.999941 -50.002487 21.279571 0.008001 -0.861744
28.322056 149.999942 -50.002485 21.284013 0.007993 -0.863766
28.330907 149.999942 -50.002482 21.288460 0.007985 -0.865785
28.339756 149.999942 -50.002479 21.292913 0.007976 -0.867802
28.348603 149.999942 -50.002476 21.297372 0.007967 -0.869817
28.357449 149.999942 -50.002473 21.301836 0.007957 -0.871830
28.366293 149.999942 -50.002470 21.306307 0.007947 -0.873840
28.375136 149.999942 -50.002467 21.310784 0.007937 -0.875848
28.383977 149.999942 -50.002464 21.315266 0.007926 -0.877853
28.392816 149.999942 -50.002460 21.319755 0.007915 -0.879856
28.401653 149.999942 -50.002457 21.324249 0.007903 -0.881857
28.410489 149.999942 -50.002453 21.328749 0.007892 -0.883855
28.419323 149.999942 -50.002449 21.333256 0.007879 -0.885852
28.428155 149.999942 -50.002445 21.337768 0.007867 -0.887845
28.436986 149.999943 -50.002441 21.342286 0.007854 -0.889837
28.445815 149.999943 -50.002437 21.346810 0.007840 -0.891826
28.454643 149.999943 -50.002433 21.351340 0.007826 -0.893812
28.463468 149.999943 -50.002428 21.355876 0.007812 -0.895797
28.472292 149.999943 -50.002424 21.360418 0.007797 -0.897779
28.481114 149.999943 -50.002419 21.364966 0.007782 -0.899758
28.489935 149.999943 -50.002414 21.369520 0.007767 -0.901735
28.498754 149.999943 -50.002409 21.374080 0.007751 -0.903710
28.507571 149.999943 -50.002404 21.378646 0.007735 -0.905683
28.516387 149.999944 -50.002399 21.383219 0.007718 -0.907653
28.525200 149.999944 -50.002394 21.387797 0.007701 -0.909620
28.534012 149.999944 -50.002388 21.392381 0.007684 -0.911585
28.542823 149.999944 -50.002383 21.396971 0.007666 -0.913548
28.551631 149.999944 -50.002377 21.401567 0.007648 -0.915509
28.560438 149.999944 -50.002371 21.406169 0.007629 -0.917467
28.569243 149.999944 -50.002365 21.410778 0.007610 -0.919422
28.578047 149.999944 -50.002359 21.415392 0.007590 -0.921376
28.586849 149.999945 -50.002353 21.420013 0.007571 -0.923326
28.595649 149.999945 -50.002347 21.424639 0.007550 -0.925275
28.604447 149.999945 -50.002340 21.429272 0.007529 -0.927221
28.613244 149.999945 -50.002334 21.433910 0.007508 -0.929164
28.622038 149.999945 -50.002327 21.438555 0.007487 -0.931105
28.630831 149.999945 -50.002320 21.443206 0.007465 -0.933044
28.639623 149.999946 -50.002313 21.447863 0.007442 -0.934980
28.648412 149.999946 -50.002306 21.452526 0.007419 -0.936914
28.657200 149.999946 -50.002299 21.457195 0.007396 -0.938845
28.665986 149.999946 -50.002291 21.461871 0.007372 -0.940774
28.674771 149.999946 -50.002284 21.466552 0.007348 -0.942701
28.683554 149.999946 -50.002276 21.471240 0.007323 -0.944625
28.692334 149.999947 -50.002269 21.475934 0.007298 -0.946546
28.701114 149.999947 -50.002261 21.480634 0.007273 -0.948465
28.709891 149.999947 -50.002253 21.485340 0.007247 -0.950382
28.718667 149.999947 -50.002244 21.490052 0.007220 -0.952296
28.727440 149.999947 -50.002236 21.494770 0.007194 -0.954208
28.736213 149.999948 -50.002227 21.499495 0.007166 -0.956117
28.744983 149.999948 -50.002219 21.504226 0.007139 -0.958024
28.753752 149.999948 -50.002210 21.508963 0.007110 -0.959928
28.762518 149.999948 -50.002201 21.513706 0.007082 -0.961830
28.771283 149.999948 -50.002192 21.518455 0.007053 -0.963729
28.780047 149.999949 -50.002183 21.523211 0.007023 -0.965626
28.788808 149.999949 -50.002174 21.527973 0.006993 -0.967520
28.797568 149.999949 -50.002164 21.532741 0.006963 -0.969412
28.806326 149.999949 -50.002155 21.537515 0.006932 -0.971301
28.815082 149.999950 -50.002145 21.542296 0.006900 -0.973188
28.823836 149.999950 -50.002135 21.547083 0.006869 -0.975072
28.832589 149.999950 -50.002125 21.551876 0.006836 -0.976954
28.841340 149.999950 -50.002115 21.556675 0.006804 -0.978834
28.850089 149.999950 -50.002104 21.561481 0.006770 -0.980710
28.858836 149.999951 -50.002094 21.566293 0.006737 -0.982584
28.867582 149.999951 -50.002083 21.571111 0.006703 -0.984456
28.876325 149.999951 -50.002073 21.575935 0.006668 -0.986325
28.885067 149.999951 -50.002062 21.580766 0.006633 -0.988192
28.893807 149.999952 -50.002051 21.585603 0.006597 -0.990056
28.902545 149.999952 -50.002039 21.590446 0.006561 -0.991918
28.911282 149.999952 -50.002028 21.595296 0.006525 -0.993777
28.920016 149.999953 -50.002017 21.600152 0.006488 -0.995633
28.928749 149.999953 -50.002005 21.605014 0.006450 -0.997487
28.937480 149.999953 -50.001993 21.609883 0.006412 -0.999338
28.946209 149.999953 -50.001981 21.614758 0.006374 -1.001187
28.954937 149.999954 -50.001969 21.619639 0.006335 -1.003033
28.963662 149.999954 -50.001957 21.624527 0.006295 -1.004877
28.972386 149.999954 -50.001944 21.629421 0.006256 -1.006718
28.981108 149.999955 -50.001932 21.634321 0.006215 -1.008557
28.989828 149.999955 -50.001919 21.639228 0.006174 -1.010393
28.998546 149.999955 -50.001906 21.644141 0.006133 -1.012226
29.007263 149.999955 -50.001893 21.649061 0.006091 -1.014057
29.015977 149.999956 -50.001880 21.653986 0.006049 -1.015885
29.024690 149.999956 -50.001867 21.658919 0.006006 -1.017711
29.033401 149.999956 -50.001853 21.663858 0.005962 -1.019534
29.042110 149.999957 -50.001840 21.668803 0.005919 -1.021354
29.050817 149.999957 -50.001826 21.673754 0.005874 -1.023172
29.059523 149.999957 -50.001812 21.678712 0.005829 -1.024987
29.068226 149.999958 -50.001798 21.683677 0.005784 -1.026800
29.076928 149.999958 -50.001784 21.688647 0.005738 -1.028610
29.085628 149.999958 -50.001769 21.693625 0.005692 -1.030417
29.094326 149.999959 -50.001755 21.698609 0.005645 -1.032222
29.103022 149.999959 -50.001740 21.703599 0.005597 -1.034024
29.111716 149.999959 -50.001725 21.708595 0.005549 -1.035824
29.120408 149.999960 -50.001710 21.713599 0.005501 -1.037621
29.129099 149.999960 -50.001695 21.718608 0.005452 -1.039415
29.137788 149.999960 -50.001679 21.723624 0.005402 -1.041207
29.146475 149.999961 -50.001664 21.728647 0.005352 -1.042996
29.155160 149.999961 -50.001648 21.733676 0.005302 -1.044782
29.163843 149.999962 -50.001632 21.738712 0.005251 -1.046566
29.172524 149.999962 -50.001616 21.743754 0.005199 -1.048347
29.181203 149.999962 -50.001600 21.748802 0.005147 -1.050125
29.189881 149.999963 -50.001584 21.753857 0.005094 -1.051901
29.198556 149.999963 -50.001567 21.758919 0.005041 -1.053674
29.207230 149.999964 -50.001550 21.763987 0.004988 -1.055445
29.215902 149.999964 -50.001533 21.769062 0.004933 -1.057212
29.224572 149.999964 -50.001516 21.774143 0.004879 -1.058977
29.233240 149.999965 -50.001499 21.779231 0.004823 -1.060740
29.241906 149.999965 -50.001482 21.784326 0.004767 -1.062500
29.250570 149.999966 -50.001464 21.789427 0.004711 -1.064257
29.259233 149.999966 -50.001447 21.794534 0.004654 -1.066011
29.267893 149.999966 -50.001429 21.799649 0.004597 -1.067763
29.276552 149.999967 -50.001411 21.804769 0.004539 -1.069512
29.285208 149.999967 -50.001393 21.809897 0.004480 -1.071258
29.293863 149.999968 -50.001374 21.815031 0.004421 -1.073002
29.302516 149.999968 -50.001356 21.820171 0.004361 -1.074743
29.311167 149.999969 -50.001337 21.825318 0.004301 -1.076481
29.319816 149.999969 -50.001318 21.830472 0.004240 -1.078217
29.328463 149.999969 -50.001299 21.835633 0.004179 -1.079950
29.337108 149.999970 -50.001280 21.840800 0.004117 -1.081680
29.345752 149.999970 -50.001260 21.845973 0.004055 -1.083407
29.354393 149.999971 -50.001241 21.851154 0.003992 -1.085132
29.363032 149.999971 -50.001221 21.856341 0.003928 -1.086854
29.371670 149.999972 -50.001201 21.861535 0.003864 -1.088573
29.380305 149.999972 -50.001181 21.866735 0.003799 -1.090289
29.388939 149.999973 -50.001161 21.871942 0.003734 -1.092003
29.397571 149.999973 -50.001140 21.877156 0.003668 -1.093714
29.406201 149.999974 -50.001120 21.882376 0.003602 -1.095422
29.414829 149.999974 -50.001099 21.887603 0.003535 -1.097128
29.423455 149.999975 -50.001078 21.892837 0.003468 -1.098831
29.432079 149.999975 -50.001057 21.898077 0.003399 -1.100531
29.440701 149.999976 -50.001035 21.903325 0.003331 -1.102228
29.449321 149.999976 -50.001014 21.908579 0.003262 -1.103923
29.457939 149.999977 -50.000992 21.913839 0.003192 -1.105614
29.466555 149.999977 -50.000970 21.919107 0.003121 -1.107303
29.475169 149.999978 -50.000948 21.924381 0.003050 -1.108990
29.483782 149.999978 -50.000926 21.929662 0.002979 -1.110673
29.492392 149.999979 -50.000903 21.934949 0.002907 -1.112354
29.501000 149.999979 -50.000881 21.940244 0.002834 -1.114032
29.509607 149.999980 -50.000858 21.945545 0.002761 -1.115707
29.518211 149.999980 -50.000835 21.950853 0.002687 -1.117379
29.526814 149.999981 -50.000812 21.956168 0.002612 -1.119049
29.535414 149.999981 -50.000789 21.961489 0.002537 -1.120715
29.544013 149.999982 -50.000765 21.966818 0.002461 -1.122379
29.552610 149.999983 -50.000741 21.972153 0.002385 -1.124040
29.561204 149.999983 -50.000717 21.977495 0.002308 -1.125699
29.569797 149.999984 -50.000693 21.982843 0.002231 -1.127354
29.578387 149.999984 -50.000669 21.988199 0.002153 -1.129007
29.586976 149.999985 -50.000645 21.993561 0.002074 -1.130657
29.595563 149.999985 -50.000620 21.998931 0.001995 -1.132304
29.604148 149.999986 -50.000595 22.004307 0.001915 -1.133948
29.612730 149.999987 -50.000570 22.009690 0.001834 -1.135590
29.621311 149.999987 -50.000545 22.015079 0.001753 -1.137228
29.629890 149.999988 -50.000519 22.020476 0.001671 -1.138864
29.638467 149.999988 -50.000494 22.025880 0.001589 -1.140497
29.647041 149.999989 -50.000468 22.031290 0.001506 -1.142127
29.655614 149.999990 -50.000442 22.036707 0.001422 -1.143754
29.664185 149.999990 -50.000416 22.042131 0.001338 -1.145379
29.672754 149.999991 -50.000390 22.047562 0.001253 -1.147000
29.681320 149.999991 -50.000363 22.053000 0.001168 -1.148619
29.689885 149.999992 -50.000336 22.058445 0.001082 -1.150235
29.698448 149.999993 -50.000309 22.063897 0.000995 -1.151848
29.707009 149.999993 -50.000282 22.069356 0.000908 -1.153458
29.715567 149.999994 -50.000255 22.074821 0.000820 -1.155065
29.724124 149.999995 -50.000227 22.080294 0.000732 -1.156670
29.732679 149.999995 -50.000200 22.085773 0.000642 -1.158271
29.741232 149.999996 -50.000172 22.091260 0.000553 -1.159870
29.749782 149.999997 -50.000144 22.096753 0.000462 -1.161466
29.758331 149.999997 -50.000115 22.102253 0.000371 -1.163059
29.766877 149.999998 -50.000087 22.107761 0.000279 -1.164649
29.775422 149.999999 -50.000058 22.113275 0.000187 -1.166236
29.783965 149.999999 -50.000029 22.118796 0.000094 -1.167820
29.792505 150.000000 -50.000000 22.124324 0.000000 -1.169401
29.801043 150.000001 -49.999971 22.129860 -0.000094 -1.170980
29.809580 150.000001 -49.999941 22.135402 -0.000189 -1.172555
29.818114 150.000002 -49.999912 22.140951 -0.000284 -1.174128
29.826646 150.000003 -49.999882 22.146507 -0.000381 -1.175697
29.835177 150.000003 -49.999852 22.152070 -0.000477 -1.177264
29.843704 150.000004 -49.999821 22.157640 -0.000575 -1.178828
29.852230 150.000005 -49.999791 22.163218 -0.000673 -1.180388
29.860754 150.000006 -49.999760 22.168802 -0.000771 -1.181946
29.869275 150.000006 -49.999729 22.174393 -0.000870 -1.183501
29.877794 150.000007 -49.999698 22.179990 -0.000970 -1.185052
29.886311 150.000008 -49.999667 22.185595 -0.001071 -1.186601
29.894826 150.000009 -49.999636 22.191207 -0.001171 -1.188146
29.903338 150.000009 -49.999604 22.196826 -0.001273 -1.189688
29.911848 150.000010 -49.999573 22.202451 -0.001375 -1.191228
29.920356 150.000011 -49.999541 22.208084 -0.001477 -1.192764
29.928861 150.000012 -49.999509 22.213723 -0.001581 -1.194297
29.937364 150.000012 -49.999477 22.219370 -0.001684 -1.195826
29.945865 150.000013 -49.999444 22.225023 -0.001788 -1.197353
29.954363 150.000014 -49.999412 22.230683 -0.001893 -1.198876
29.962858 150.000015 -49.999379 22.236350 -0.001998 -1.200396
29.971352 150.000015 -49.999346 22.242024 -0.002104 -1.201913
29.979842 150.000016 -49.999313 22.247704 -0.002210 -1.203427
29.988330 150.000017 -49.999280 22.253392 -0.002317 -1.204937
29.996816 150.000018 -49.999247 22.259086 -0.002424 -1.206445
30.005299 150.000019 -49.999213 22.264788 -0.002532 -1.207948
30.013779 150.000019 -49.999179 22.270496 -0.002640 -1.209449
30.022257 150.000020 -49.999146 22.276211 -0.002748 -1.210946
30.030733 150.000021 -49.999112 22.281933 -0.002857 -1.212440
30.039205 150.000022 -49.999078 22.287661 -0.002967 -1.213930
30.047675 150.000023 -49.999044 22.293397 -0.003077 -1.215417
30.056142 150.000023 -49.999009 22.299139 -0.003187 -1.216901
30.064607 150.000024 -49.998975 22.304888 -0.003298 -1.218381
30.073069 150.000025 -49.998940 22.310644 -0.003410 -1.219858
30.081528 150.000026 -49.998905 22.316406 -0.003521 -1.221332
30.089984 150.000027 -49.998871 22.322176 -0.003633 -1.222802
30.098437 150.000027 -49.998836 22.327952 -0.003746 -1.224268
30.106888 150.000028 -49.998801 22.333735 -0.003859 -1.225731
30.115336 150.000029 -49.998765 22.339525 -0.003972 -1.227191
30.123781 150.000030 -49.998730 22.345322 -0.004086 -1.228646
30.132223 150.000031 -49.998695 22.351125 -0.004200 -1.230099
30.140662 150.000032 -49.998659 22.356935 -0.004314 -1.231548
30.149098 150.000032 -49.998623 22.362752 -0.004429 -1.232993
30.157531 150.000033 -49.998588 22.368576 -0.004544 -1.234435
30.165961 150.000034 -49.998552 22.374406 -0.004660 -1.235873
30.174389 150.000035 -49.998516 22.380243 -0.004776 -1.237307
30.182813 150.000036 -49.998479 22.386087 -0.004892 -1.238738
30.191234 150.000037 -49.998443 22.391937 -0.005008 -1.240165
30.199652 150.000037 -49.998407 22.397795 -0.005125 -1.241588
30.208067 150.000038 -49.998371 22.403658 -0.005242 -1.243008
30.216479 150.000039 -49.998334 22.409529 -0.005360 -1.244424
30.224888 150.000040 -49.998297 22.415406 -0.005478 -1.245836
30.233294 150.000041 -49.998261 22.421291 -0.005596 -1.247245
30.241696 150.000042 -49.998224 22.427181 -0.005714 -1.248650
30.250095 150.000043 -49.998187 22.433079 -0.005833 -1.250051
30.258492 150.000044 -49.998150 22.438983 -0.005952 -1.251448
30.266884 150.000044 -49.998113 22.444893 -0.006071 -1.252841
30.275274 150.000045 -49.998076 22.450811 -0.006190 -1.254231
30.283660 150.000046 -49.998039 22.456735 -0.006310 -1.255617
30.292043 150.000047 -49.998001 22.462666 -0.006430 -1.256999
30.300423 150.000048 -49.997964 22.468603 -0.006550 -1.258377
30.308799 150.000049 -49.997927 22.474547 -0.006671 -1.259751
30.317172 150.000050 -49.997889 22.480498 -0.006791 -1.261121
30.325542 150.000051 -49.997851 22.486455 -0.006912 -1.262487
30.333908 150.000051 -49.997814 22.492419 -0.007034 -1.263849
30.342271 150.000052 -49.997776 22.498389 -0.007155 -1.265208
30.350630 150.000053 -49.997738 22.504366 -0.007276 -1.266562
30.358986 150.000054 -49.997700 22.510350 -0.007398 -1.267913
30.367338 150.000055 -49.997663 22.516341 -0.007520 -1.269259
30.375687 150.000056 -49.997625 22.522337 -0.007642 -1.270601
30.384032 150.000057 -49.997587 22.528341 -0.007765 -1.271940
30.392374 150.000058 -49.997548 22.534351 -0.007887 -1.273274
30.400712 150.000059 -49.997510 22.540368 -0.008010 -1.274604
30.409046 150.000059 -49.997472 22.546391 -0.008132 -1.275930
30.417377 150.000060 -49.997434 22.552421 -0.008255 -1.277252
30.425704 150.000061 -49.997396 22.558457 -0.008378 -1.278570
30.434028 150.000062 -49.997357 22.564500 -0.008502 -1.279884
30.442348 150.000063 -49.997319 22.570549 -0.008625 -1.281194
30.450664 150.000064 -49.997281 22.576605 -0.008749 -1.282499
30.458976 150.000065 -49.997242 22.582668 -0.008872 -1.283800
30.467285 150.000066 -49.997204 22.588737 -0.008996 -1.285097
30.475590 150.000067 -49.997165 22.594812 -0.009120 -1.286390
30.483891 150.000068 -49.997127 22.600894 -0.009243 -1.287679
30.492188 150.000069 -49.997088 22.606983 -0.009367 -1.288963
30.500481 150.000069 -49.997050 22.613078 -0.009492 -1.290243
30.508771 150.000070 -49.997011 22.619180 -0.009616 -1.291519
30.517056 150.000071 -49.996973 22.625288 -0.009740 -1.292790
30.525338 150.000072 -49.996934 22.631402 -0.009864 -1.294057
