-49.974703 150.988166 44.986367 20.000000 135.574448 -0.000286
-49.974258 150.987959 44.986120 20.000000 135.584500 -0.000291
-49.973813 150.987752 44.985873 20.000000 135.594551 -0.000296
-49.973369 150.987545 44.985627 20.000000 135.604603 -0.000301
-49.972925 150.987338 44.985382 20.000000 135.614654 -0.000306
-49.972481 150.987131 44.985137 20.000000 135.624706 -0.000311
-49.972038 150.986924 44.984892 20.000000 135.634757 -0.000316
-49.971595 150.986717 44.984648 20.000000 135.644809 -0.000321
-49.971152 150.986510 44.984405 20.000000 135.654860 -0.000326
-49.970710 150.986303 44.984162 20.000000 135.664912 -0.000331
-49.970268 150.986096 44.983920 20.000000 135.674964 -0.000336
-49.969826 150.985889 44.983678 20.000000 135.685015 -0.000341
-49.969384 150.985682 44.983437 20.000000 135.695067 -0.000346
-49.968943 150.985475 44.983196 20.000000 135.705119 -0.000351
-49.968503 150.985267 44.982956 20.000000 135.715170 -0.000356
-49.968062 150.985060 44.982716 20.000000 135.725222 -0.000361
-49.967622 150.984853 44.982477 20.000000 135.735274 -0.000365
-49.967182 150.984646 44.982238 20.000000 135.745326 -0.000370
-49.966743 150.984439 44.982000 20.000000 135.755378 -0.000375
-49.966304 150.984232 44.981763 20.000000 135.765429 -0.000380
-49.965865 150.984024 44.981526 20.000000 135.775481 -0.000385
-49.965426 150.983817 44.981290 20.000000 135.785533 -0.000390
-49.964988 150.983610 44.981054 20.000000 135.795585 -0.000395
-49.964550 150.983403 44.980818 20.000000 135.805637 -0.000400
-49.964113 150.983195 44.980584 20.000000 135.815689 -0.000405
-49.963675 150.982988 44.980349 20.000000 135.825741 -0.000410
-49.963239 150.982781 44.980116 20.000000 135.835793 -0.000415
-49.962802 150.982573 44.979883 20.000000 135.845845 -0.000420
-49.962366 150.982366 44.979650 20.000000 135.855897 -0.000425
-49.961930 150.982159 44.979418 20.000000 135.865949 -0.000430
-49.961494 150.981952 44.979186 20.000000 135.876002 -0.000435
-49.961059 150.981744 44.978955 20.000000 135.886054 -0.000440
-49.960624 150.981537 44.978725 20.000000 135.896106 -0.000444
-49.960189 150.981329 44.978495 20.000000 135.906158 -0.000449
-49.959755 150.981122 44.978265 20.000000 135.916210 -0.000454
-49.959321 150.980915 44.978037 20.000000 135.926263 -0.000459
-49.958887 150.980707 44.977808 20.000000 135.936315 -0.000464
-49.958454 150.980500 44.977580 20.000000 135.946367 -0.000469
-49.958021 150.980292 44.977353 20.000000 135.956419 -0.000474
-49.957588 150.980085 44.977126 20.000000 135.966472 -0.000479
-49.957156 150.979877 44.976900 20.000000 135.976524 -0.000484
-49.956724 150.979670 44.976675 20.000000 135.986577 -0.000489
-49.956292 150.979463 44.976450 20.000000 135.996629 -0.000493
-49.955861 150.979255 44.976225 20.000000 136.006681 -0.000498
-49.955430 150.979047 44.976001 20.000000 136.016734 -0.000503
-49.954999 150.978840 44.975777 20.000000 136.026786 -0.000508
-49.954569 150.978632 44.975554 20.000000 136.036839 -0.000513
-49.954139 150.978425 44.975332 20.000000 136.046891 -0.000518
-49.953709 150.978217 44.975110 20.000000 136.056944 -0.000523
-49.953279 150.978010 44.974889 20.000000 136.066997 -0.000527
-49.952850 150.977802 44.974668 20.000000 136.077049 -0.000532
-49.952421 150.977595 44.974447 20.000000 136.087102 -0.000537
-49.951993 150.977387 44.974228 20.000000 136.097154 -0.000542
-49.951565 150.977179 44.974008 20.000000 136.107207 -0.000547
-49.951137 150.976972 44.973790 20.000000 136.117260 -0.000552
-49.950710 150.976764 44.973572 20.000000 136.127313 -0.000556
-49.950282 150.976556 44.973354 20.000000 136.137365 -0.000561
-49.949856 150.976349 44.973137 20.000000 136.147418 -0.000566
-49.949429 150.976141 44.972920 20.000000 136.157471 -0.000571
-49.949003 150.975933 44.972704 20.000000 136.167524 -0.000576
-49.948577 150.975726 44.972489 20.000000 136.177577 -0.000580
-49.948151 150.975518 44.972274 20.000000 136.187629 -0.000585
-49.947726 150.975310 44.972059 20.000000 136.197682 -0.000590
-49.947301 150.975102 44.971845 20.000000 136.207735 -0.000595
-49.946877 150.974895 44.971632 20.000000 136.217788 -0.000600
-49.946453 150.974687 44.971419 20.000000 136.227841 -0.000604
-49.946029 150.974479 44.971207 20.000000 136.237894 -0.000609
-49.945605 150.974271 44.970995 20.000000 136.247947 -0.000614
-49.945182 150.974063 44.970784 20.000000 136.258000 -0.000619
-49.944759 150.973856 44.970573 20.000000 136.268053 -0.000624
-49.944336 150.973648 44.970363 20.000000 136.278106 -0.000628
-49.943914 150.973440 44.970153 20.000000 136.288159 -0.000633
-49.943492 150.973232 44.969944 20.000000 136.298212 -0.000638
-49.943071 150.973024 44.969735 20.000000 136.308265 -0.000643
-49.942649 150.972816 44.969527 20.000000 136.318319 -0.000647
-49.942228 150.972608 44.969319 20.000000 136.328372 -0.000652
-49.941808 150.972401 44.969112 20.000000 136.338425 -0.000657
-49.941387 150.972193 44.968906 20.000000 136.348478 -0.000662
-49.940967 150.971985 44.968700 20.000000 136.358531 -0.000666
-49.940548 150.971777 44.968494 20.000000 136.368585 -0.000671
-49.940129 150.971569 44.968289 20.000000 136.378638 -0.000676
-49.939710 150.971361 44.968085 20.000000 136.388691 -0.000681
-49.939291 150.971153 44.967881 20.000000 136.398745 -0.000685
-49.938873 150.970945 44.967678 20.000000 136.408798 -0.000690
-49.938455 150.970737 44.967475 20.000000 136.418851 -0.000695
-49.938037 150.970529 44.967273 20.000000 136.428905 -0.000699
-49.937620 150.970321 44.967071 20.000000 136.438958 -0.000704
-49.937203 150.970113 44.966870 20.000000 136.449012 -0.000709
-49.936786 150.969905 44.966669 20.000000 136.459065 -0.000714
-49.936369 150.969697 44.966469 20.000000 136.469119 -0.000718
-49.935953 150.969488 44.966269 20.000000 136.479172 -0.000723
-49.935538 150.969280 44.966070 20.000000 136.489226 -0.000728
-49.935122 150.969072 44.965871 20.000000 136.499279 -0.000732
-49.934707 150.968864 44.965673 20.000000 136.509333 -0.000737
-49.934293 150.968656 44.965475 20.000000 136.519386 -0.000742
-49.933878 150.968448 44.965278 20.000000 136.529440 -0.000746
-49.933464 150.968240 44.965082 20.000000 136.539493 -0.000751
-49.933050 150.968031 44.964886 20.000000 136.549547 -0.000756
-49.932637 150.967823 44.964690 20.000000 136.559601 -0.000760
-49.932224 150.967615 44.964495 20.000000 136.569654 -0.000765
-49.931811 150.967407 44.964301 20.000000 136.579708 -0.000770
-49.931399 150.967199 44.964107 20.000000 136.589762 -0.000774
-49.930987 150.966990 44.963914 20.000000 136.599816 -0.000779
-49.930575 150.966782 44.963721 20.000000 136.609869 -0.000784
-49.930164 150.966574 44.963528 20.000000 136.619923 -0.000788
-49.929753 150.966366 44.963336 20.000000 136.629977 -0.000793
-49.929342 150.966157 44.963145 20.000000 136.640031 -0.000798
-49.928931 150.965949 44.962954 20.000000 136.650085 -0.000802
-49.928521 150.965741 44.962764 20.000000 136.660139 -0.000807
-49.928112 150.965532 44.962574 20.000000 136.670192 -0.000811
-49.927702 150.965324 44.962385 20.000000 136.680246 -0.000816
-49.927293 150.965116 44.962196 20.000000 136.690300 -0.000821
-49.926884 150.964907 44.962008 20.000000 136.700354 -0.000825
-49.926476 150.964699 44.961821 20.000000 136.710408 -0.000830
-49.926068 150.964491 44.961633 20.000000 136.720462 -0.000835
-49.925660 150.964282 44.961447 20.000000 136.730516 -0.000839
-49.925252 150.964074 44.961261 20.000000 136.740570 -0.000844
-49.924845 150.963865 44.961075 20.000000 136.750624 -0.000848
-49.924439 150.963657 44.960890 20.000000 136.760678 -0.000853
-49.924032 150.963448 44.960705 20.000000 136.770732 -0.000858
-49.923626 150.963240 44.960521 20.000000 136.780786 -0.000862
-49.923220 150.963031 44.960338 20.000000 136.790841 -0.000867
-49.922815 150.962823 44.960155 20.000000 136.800895 -0.000871
-49.922410 150.962614 44.959972 20.000000 136.810949 -0.000876
-49.922005 150.962406 44.959790 20.000000 136.821003 -0.000880
-49.921600 150.962197 44.959609 20.000000 136.831057 -0.000885
-49.921196 150.961989 44.959428 20.000000 136.841112 -0.000890
-49.920792 150.961780 44.959248 20.000000 136.851166 -0.000894
-49.920389 150.961572 44.959068 20.000000 136.861220 -0.000899
-49.919986 150.961363 44.958888 20.000000 136.871274 -0.000903
-49.919583 150.961155 44.958710 20.000000 136.881329 -0.000908
-49.919181 150.960946 44.958531 20.000000 136.891383 -0.000912
-49.918778 150.960737 44.958353 20.000000 136.901437 -0.000917
-49.918377 150.960529 44.958176 20.000000 136.911492 -0.000921
-49.917975 150.960320 44.957999 20.000000 136.921546 -0.000926
-49.917574 150.960111 44.957823 20.000000 136.931600 -0.000930
-49.917173 150.959903 44.957647 20.000000 136.941655 -0.000935
-49.916773 150.959694 44.957472 20.000000 136.951709 -0.000939
-49.916373 150.959485 44.957297 20.000000 136.961764 -0.000944
-49.915973 150.959277 44.957123 20.000000 136.971818 -0.000949
-49.915573 150.959068 44.956949 20.000000 136.981873 -0.000953
-49.915174 150.958859 44.956776 20.000000 136.991927 -0.000958
-49.914775 150.958650 44.956603 20.000000 137.001982 -0.000962
-49.914377 150.958442 44.956431 20.000000 137.012036 -0.000967
-49.913979 150.958233 44.956259 20.000000 137.022091 -0.000971
-49.913581 150.958024 44.956088 20.000000 137.032145 -0.000976
-49.913183 150.957815 44.955917 20.000000 137.042200 -0.000980
-49.912786 150.957607 44.955747 20.000000 137.052255 -0.000984
-49.912389 150.957398 44.955577 20.000000 137.062309 -0.000989
-49.911993 150.957189 44.955408 20.000000 137.072364 -0.000993
-49.911596 150.956980 44.955240 20.000000 137.082419 -0.000998
-49.911201 150.956771 44.955071 20.000000 137.092473 -0.001002
-49.910805 150.956562 44.954904 20.000000 137.102528 -0.001007
-49.910410 150.956353 44.954737 20.000000 137.112583 -0.001011
-49.910015 150.956145 44.954570 20.000000 137.122638 -0.001016
-49.909620 150.955936 44.954404 20.000000 137.132692 -0.001020
-49.909226 150.955727 44.954238 20.000000 137.142747 -0.001025
-49.908832 150.955518 44.954073 20.000000 137.152802 -0.001029
-49.908439 150.955309 44.953908 20.000000 137.162857 -0.001034
-49.908045 150.955100 44.953744 20.000000 137.172912 -0.001038
-49.907652 150.954891 44.953580 20.000000 137.182966 -0.001042
-49.907260 150.954682 44.953417 20.000000 137.193021 -0.001047
-49.906868 150.954473 44.953254 20.000000 137.203076 -0.001051
-49.906476 150.954264 44.953092 20.000000 137.213131 -0.001056
-49.906084 150.954055 44.952930 20.000000 137.223186 -0.001060
-49.905693 150.953846 44.952769 20.000000 137.233241 -0.001065
-49.905302 150.953637 44.952608 20.000000 137.243296 -0.001069
-49.904911 150.953428 44.952448 20.000000 137.253351 -0.001073
-49.904521 150.953219 44.952288 20.000000 137.263406 -0.001078
-49.904131 150.953010 44.952129 20.000000 137.273461 -0.001082
-49.903741 150.952801 44.951970 20.000000 137.283516 -0.001087
-49.903352 150.952591 44.951812 20.000000 137.293571 -0.001091
-49.902963 150.952382 44.951654 20.000000 137.303626 -0.001095
-49.902574 150.952173 44.951496 20.000000 137.313681 -0.001100
-49.902186 150.951964 44.951339 20.000000 137.323736 -0.001104
-49.901798 150.951755 44.951183 20.000000 137.333792 -0.001109
-49.901410 150.951546 44.951027 20.000000 137.343847 -0.001113
-49.901023 150.951337 44.950872 20.000000 137.353902 -0.001117
-49.900635 150.951127 44.950717 20.000000 137.363957 -0.001122
-49.900249 150.950918 44.950562 20.000000 137.374012 -0.001126
-49.899862 150.950709 44.950408 20.000000 137.384067 -0.001130
-49.899476 150.950500 44.950255 20.000000 137.394123 -0.001135
-49.899090 150.950290 44.950102 20.000000 137.404178 -0.001139
-49.898705 150.950081 44.949949 20.000000 137.414233 -0.001143
-49.898320 150.949872 44.949797 20.000000 137.424289 -0.001148
-49.897935 150.949663 44.949645 20.000000 137.434344 -0.001152
-49.897551 150.949453 44.949494 20.000000 137.444399 -0.001156
-49.897166 150.949244 44.949344 20.000000 137.454455 -0.001161
-49.896783 150.949035 44.949193 20.000000 137.464510 -0.001165
-49.896399 150.948825 44.949044 20.000000 137.474565 -0.001169
-49.896016 150.948616 44.948895 20.000000 137.484621 -0.001174
-49.895633 150.948407 44.948746 20.000000 137.494676 -0.001178
-49.895250 150.948197 44.948597 20.000000 137.504732 -0.001182
-49.894868 150.947988 44.948450 20.000000 137.514787 -0.001187
-49.894486 150.947779 44.948302 20.000000 137.524842 -0.001191
-49.894105 150.947569 44.948155 20.000000 137.534898 -0.001195
-49.893723 150.947360 44.948009 20.000000 137.544953 -0.001200
-49.893342 150.947150 44.947863 20.000000 137.555009 -0.001204
-49.892962 150.946941 44.947717 20.000000 137.565065 -0.001208
-49.892581 150.946731 44.947572 20.000000 137.575120 -0.001213
-49.892201 150.946522 44.947428 20.000000 137.585176 -0.001217
-49.891822 150.946313 44.947284 20.000000 137.595231 -0.001221
-49.891442 150.946103 44.947140 20.000000 137.605287 -0.001225
-49.891063 150.945894 44.946997 20.000000 137.615342 -0.001230
-49.890685 150.945684 44.946854 20.000000 137.625398 -0.001234
-49.890306 150.945475 44.946712 20.000000 137.635454 -0.001238
-49.889928 150.945265 44.946570 20.000000 137.645509 -0.001243
-49.889550 150.945055 44.946429 20.000000 137.655565 -0.001247
-49.889173 150.944846 44.946288 20.000000 137.665621 -0.001251
-49.888796 150.944636 44.946148 20.000000 137.675677 -0.001255
-49.888419 150.944427 44.946008 20.000000 137.685732 -0.001260
-49.888043 150.944217 44.945868 20.000000 137.695788 -0.001264
-49.887666 150.944008 44.945729 20.000000 137.705844 -0.001268
-49.887291 150.943798 44.945591 20.000000 137.715900 -0.001272
-49.886915 150.943588 44.945452 20.000000 137.725955 -0.001277
-49.886540 150.943379 44.945315 20.000000 137.736011 -0.001281
-49.886165 150.943169 44.945178 20.000000 137.746067 -0.001285
-49.885790 150.942959 44.945041 20.000000 137.756123 -0.001289
-49.885416 150.942750 44.944904 20.000000 137.766179 -0.001293
-49.885042 150.942540 44.944769 20.000000 137.776235 -0.001298
-49.884668 150.942330 44.944633 20.000000 137.786291 -0.001302
-49.884295 150.942121 44.944498 20.000000 137.796347 -0.001306
-49.883922 150.941911 44.944364 20.000000 137.806403 -0.001310
-49.883549 150.941701 44.944230 20.000000 137.816459 -0.001315
-49.883177 150.941491 44.944096 20.000000 137.826515 -0.001319
-49.882805 150.941282 44.943963 20.000000 137.836571 -0.001323
-49.882433 150.941072 44.943830 20.000000 137.846627 -0.001327
-49.882062 150.940862 44.943698 20.000000 137.856683 -0.001331
-49.881691 150.940652 44.943566 20.000000 137.866739 -0.001336
-49.881320 150.940442 44.943434 20.000000 137.876795 -0.001340
-49.880949 150.940233 44.943304 20.000000 137.886851 -0.001344
-49.880579 150.940023 44.943173 20.000000 137.896907 -0.001348
-49.880209 150.939813 44.943043 20.000000 137.906963 -0.001352
-49.879840 150.939603 44.942913 20.000000 137.917019 -0.001356
-49.879471 150.939393 44.942784 20.000000 137.927075 -0.001361
-49.879102 150.939183 44.942655 20.000000 137.937131 -0.001365
-49.878733 150.938973 44.942527 20.000000 137.947188 -0.001369
-49.878365 150.938763 44.942399 20.000000 137.957244 -0.001373
-49.877997 150.938554 44.942272 20.000000 137.967300 -0.001377
-49.877629 150.938344 44.942145 20.000000 137.977356 -0.001381
-49.877262 150.938134 44.942018 20.000000 137.987413 -0.001386
-49.876895 150.937924 44.941892 20.000000 137.997469 -0.001390
-49.876528 150.937714 44.941766 20.000000 138.007525 -0.001394
-49.876162 150.937504 44.941641 20.000000 138.017581 -0.001398
-49.875796 150.937294 44.941516 20.000000 138.027638 -0.001402
-49.875430 150.937084 44.941392 20.000000 138.037694 -0.001406
-49.875064 150.936874 44.941268 20.000000 138.047750 -0.001410
-49.874699 150.936664 44.941144 20.000000 138.057807 -0.001414
-49.874334 150.936454 44.941021 20.000000 138.067863 -0.001419
-49.873970 150.936244 44.940898 20.000000 138.077919 -0.001423
-49.873606 150.936034 44.940776 20.000000 138.087976 -0.001427
-49.873242 150.935824 44.940654 20.000000 138.098032 -0.001431
-49.872878 150.935613 44.940533 20.000000 138.108089 -0.001435
-49.872515 150.935403 44.940412 20.000000 138.118145 -0.001439
-49.872152 150.935193 44.940291 20.000000 138.128202 -0.001443
-49.871789 150.934983 44.940171 20.000000 138.138258 -0.001447
-49.871427 150.934773 44.940052 20.000000 138.148315 -0.001451
-49.871065 150.934563 44.939932 20.000000 138.158371 -0.001455
-49.870703 150.934353 44.939814 20.000000 138.168428 -0.001460
-49.870341 150.934143 44.939695 20.000000 138.178484 -0.001464
-49.869980 150.933932 44.939577 20.000000 138.188541 -0.001468
-49.869620 150.933722 44.939459 20.000000 138.198597 -0.001472
-49.869259 150.933512 44.939342 20.000000 138.208654 -0.001476
-49.868899 150.933302 44.939226 20.000000 138.218711 -0.001480
-49.868539 150.933092 44.939109 20.000000 138.228767 -0.001484
-49.868179 150.932881 44.938993 20.000000 138.238824 -0.001488
-49.867820 150.932671 44.938878 20.000000 138.248881 -0.001492
-49.867461 150.932461 44.938763 20.000000 138.258937 -0.001496
-49.867102 150.932251 44.938648 20.000000 138.268994 -0.001500
-49.866744 150.932040 44.938534 20.000000 138.279051 -0.001504
-49.866386 150.931830 44.938420 20.000000 138.289107 -0.001508
-49.866028 150.931620 44.938307 20.000000 138.299164 -0.001512
-49.865671 150.931409 44.938193 20.000000 138.309221 -0.001516
-49.865314 150.931199 44.938081 20.000000 138.319278 -0.001520
-49.864957 150.930989 44.937969 20.000000 138.329334 -0.001524
-49.864600 150.930778 44.937857 20.000000 138.339391 -0.001528
-49.864244 150.930568 44.937746 20.000000 138.349448 -0.001532
-49.863888 150.930358 44.937635 20.000000 138.359505 -0.001536
-49.863533 150.930147 44.937524 20.000000 138.369562 -0.001540
-49.863178 150.929937 44.937414 20.000000 138.379618 -0.001544
-49.862823 150.929726 44.937304 20.000000 138.389675 -0.001548
-49.862468 150.929516 44.937195 20.000000 138.399732 -0.001552
-49.862114 150.929305 44.937086 20.000000 138.409789 -0.001557
-49.861759 150.929095 44.936977 20.000000 138.419846 -0.001560
-49.861406 150.928885 44.936869 20.000000 138.429903 -0.001564
-49.861052 150.928674 44.936761 20.000000 138.439960 -0.001568
-49.860699 150.928464 44.936654 20.000000 138.450017 -0.001572
-49.860346 150.928253 44.936547 20.000000 138.460074 -0.001576
-49.859994 150.928043 44.936441 20.000000 138.470131 -0.001580
-49.859642 150.927832 44.936335 20.000000 138.480188 -0.001584
-49.859290 150.927622 44.936229 20.000000 138.490245 -0.001588
-49.858938 150.927411 44.936124 20.000000 138.500302 -0.001592
-49.858587 150.927200 44.936019 20.000000 138.510359 -0.001596
-49.858236 150.926990 44.935914 20.000000 138.520416 -0.001600
-49.857885 150.926779 44.935810 20.000000 138.530473 -0.001604
-49.857535 150.926569 44.935706 20.000000 138.540530 -0.001608
-49.857184 150.926358 44.935603 20.000000 138.550587 -0.001612
-49.856835 150.926148 44.935500 20.000000 138.560645 -0.001616
-49.856485 150.925937 44.935397 20.000000 138.570702 -0.001620
-49.856136 150.925726 44.935295 20.000000 138.580759 -0.001624
-49.855787 150.925516 44.935193 20.000000 138.590816 -0.001628
-49.855438 150.925305 44.935092 20.000000 138.600873 -0.001632
-49.855090 150.925094 44.934991 20.000000 138.610930 -0.001636
-49.854742 150.924884 44.934890 20.000000 138.620988 -0.001640
-49.854395 150.924673 44.934790 20.000000 138.631045 -0.001644
-49.854047 150.924462 44.934690 20.000000 138.641102 -0.001648
-49.853700 150.924252 44.934591 20.000000 138.651159 -0.001651
-49.853353 150.924041 44.934492 20.000000 138.661217 -0.001655
-49.853007 150.923830 44.934393 20.000000 138.671274 -0.001659
-49.852661 150.923619 44.934295 20.000000 138.681331 -0.001663
-49.852315 150.923409 44.934197 20.000000 138.691389 -0.001667
-49.851969 150.923198 44.934100 20.000000 138.701446 -0.001671
-49.851624 150.922987 44.934002 20.000000 138.711503 -0.001675
-49.851279 150.922776 44.933906 20.000000 138.721561 -0.001679
-49.850934 150.922565 44.933809 20.000000 138.731618 -0.001683
-49.850590 150.922355 44.933713 20.000000 138.741675 -0.001687
-49.850246 150.922144 44.933618 20.000000 138.751733 -0.001690
-49.849902 150.921933 44.933522 20.000000 138.761790 -0.001694
-49.849559 150.921722 44.933428 20.000000 138.771848 -0.001698
-49.849215 150.921511 44.933333 20.000000 138.781905 -0.001702
-49.848872 150.921300 44.933239 20.000000 138.791963 -0.001706
-49.848530 150.921090 44.933145 20.000000 138.802020 -0.001710
-49.848188 150.920879 44.933052 20.000000 138.812077 -0.001714
-49.847846 150.920668 44.932959 20.000000 138.822135 -0.001718
-49.847504 150.920457 44.932866 20.000000 138.832192 -0.001721
-49.847163 150.920246 44.932774 20.000000 138.842250 -0.001725
-49.846821 150.920035 44.932682 20.000000 138.852308 -0.001729
-49.846481 150.919824 44.932591 20.000000 138.862365 -0.001733
-49.846140 150.919613 44.932500 20.000000 138.872423 -0.001737
-49.845800 150.919402 44.932409 20.000000 138.882480 -0.001741
-49.845460 150.919191 44.932319 20.000000 138.892538 -0.001744
-49.845120 150.918980 44.932229 20.000000 138.902596 -0.001748
-49.844781 150.918769 44.932139 20.000000 138.912653 -0.001752
-49.844442 150.918558 44.932050 20.000000 138.922711 -0.001756
-49.844103 150.918347 44.931961 20.000000 138.932768 -0.001760
-49.843765 150.918136 44.931872 20.000000 138.942826 -0.001764
-49.843427 150.917925 44.931784 20.000000 138.952884 -0.001767
-49.843089 150.917714 44.931697 20.000000 138.962941 -0.001771
-49.842752 150.917503 44.931609 20.000000 138.972999 -0.001775
-49.842414 150.917292 44.931522 20.000000 138.983057 -0.001779
-49.842077 150.917081 44.931435 20.000000 138.993115 -0.001783
-49.841741 150.916870 44.931349 20.000000 139.003172 -0.001786
-49.841404 150.916658 44.931263 20.000000 139.013230 -0.001790
-49.841068 150.916447 44.931177 20.000000 139.023288 -0.001794
-49.840733 150.916236 44.931092 20.000000 139.033346 -0.001798
-49.840397 150.916025 44.931007 20.000000 139.043404 -0.001802
-49.840062 150.915814 44.930923 20.000000 139.053461 -0.001805
-49.839727 150.915603 44.930839 20.000000 139.063519 -0.001809
-49.839392 150.915391 44.930755 20.000000 139.073577 -0.001813
-49.839058 150.915180 44.930671 20.000000 139.083635 -0.001817
-49.838724 150.914969 44.930588 20.000000 139.093693 -0.001821
-49.838391 150.914758 44.930505 20.000000 139.103751 -0.001824
-49.838057 150.914547 44.930423 20.000000 139.113809 -0.001828
-49.837724 150.914335 44.930341 20.000000 139.123867 -0.001832
-49.837391 150.914124 44.930259 20.000000 139.133924 -0.001836
-49.837059 150.913913 44.930178 20.000000 139.143982 -0.001839
-49.836726 150.913702 44.930097 20.000000 139.154040 -0.001843
-49.836394 150.913490 44.930016 20.000000 139.164098 -0.001847
-49.836063 150.913279 44.929936 20.000000 139.174156 -0.001851
-49.835731 150.913068 44.929856 20.000000 139.184214 -0.001854
-49.835400 150.912856 44.929776 20.000000 139.194272 -0.001858
-49.835070 150.912645 44.929697 20.000000 139.204330 -0.001862
-49.834739 150.912434 44.929618 20.000000 139.214388 -0.001866
-49.834409 150.912222 44.929540 20.000000 139.224446 -0.001869
-49.834079 150.912011 44.929461 20.000000 139.234504 -0.001873
-49.833749 150.911800 44.929384 20.000000 139.244563 -0.001877
-49.833420 150.911588 44.929306 20.000000 139.254621 -0.001880
-49.833091 150.911377 44.929229 20.000000 139.264679 -0.001884
-49.832762 150.911165 44.929152 20.000000 139.274737 -0.001888
-49.832434 150.910954 44.929075 20.000000 139.284795 -0.001892
-49.832106 150.910743 44.928999 20.000000 139.294853 -0.001895
-49.831778 150.910531 44.928923 20.000000 139.304911 -0.001899
-49.831450 150.910320 44.928848 20.000000 139.314969 -0.001903
-49.831123 150.910108 44.928773 20.000000 139.325028 -0.001906
-49.830796 150.909897 44.928698 20.000000 139.335086 -0.001910
-49.830469 150.909685 44.928624 20.000000 139.345144 -0.001914
-49.830143 150.909474 44.928549 20.000000 139.355202 -0.001917
-49.829817 150.909262 44.928476 20.000000 139.365260 -0.001921
-49.829491 150.909051 44.928402 20.000000 139.375319 -0.001925
-49.829165 150.908839 44.928329 20.000000 139.385377 -0.001928
-49.828840 150.908628 44.928256 20.000000 139.395435 -0.001932
-49.828515 150.908416 44.928184 20.000000 139.405493 -0.001936
-49.828191 150.908205 44.928112 20.000000 139.415552 -0.001939
-49.827866 150.907993 44.928040 20.000000 139.425610 -0.001943
-49.827542 150.907781 44.927968 20.000000 139.435668 -0.001947
-49.827218 150.907570 44.927897 20.000000 139.445727 -0.001950
-49.826895 150.907358 44.927826 20.000000 139.455785 -0.001954
-49.826571 150.907147 44.927756 20.000000 139.465843 -0.001958
-49.826248 150.906935 44.927686 20.000000 139.475902 -0.001961
-49.825926 150.906723 44.927616 20.000000 139.485960 -0.001965
-49.825603 150.906512 44.927546 20.000000 139.496018 -0.001969
-49.825281 150.906300 44.927477 20.000000 139.506077 -0.001972
-49.824960 150.906088 44.927408 20.000000 139.516135 -0.001976
-49.824638 150.905877 44.927340 20.000000 139.526194 -0.001980
-49.824317 150.905665 44.927272 20.000000 139.536252 -0.001983
-49.823996 150.905453 44.927204 20.000000 139.546311 -0.001987
-49.823675 150.905242 44.927136 20.000000 139.556369 -0.001990
-49.823355 150.905030 44.927069 20.000000 139.566428 -0.001994
-49.823035 150.904818 44.927002 20.000000 139.576486 -0.001998
-49.822715 150.904606 44.926935 20.000000 139.586545 -0.002001
-49.822395 150.904395 44.926869 20.000000 139.596603 -0.002005
-49.822076 150.904183 44.926803 20.000000 139.606662 -0.002008
-49.821757 150.903971 44.926738 20.000000 139.616720 -0.002012
-49.821438 150.903759 44.926672 20.000000 139.626779 -0.002016
-49.821120 150.903548 44.926607 20.000000 139.636837 -0.002019
-49.820802 150.903336 44.926543 20.000000 139.646896 -0.002023
-49.820484 150.903124 44.926478 20.000000 139.656954 -0.002026
-49.820167 150.902912 44.926414 20.000000 139.667013 -0.002030
-49.819849 150.902700 44.926350 20.000000 139.677072 -0.002034
-49.819532 150.902488 44.926287 20.000000 139.687130 -0.002037
-49.819216 150.902277 44.926224 20.000000 139.697189 -0.002041
-49.818899 150.902065 44.926161 20.000000 139.707247 -0.002044
-49.818583 150.901853 44.926098 20.000000 139.717306 -0.002048
-49.818267 150.901641 44.926036 20.000000 139.727365 -0.002051
-49.817952 150.901429 44.925974 20.000000 139.737423 -0.002055
-49.817637 150.901217 44.925913 20.000000 139.747482 -0.002059
-49.817322 150.901005 44.925851 20.000000 139.757541 -0.002062
-49.817007 150.900793 44.925790 20.000000 139.767600 -0.002066
-49.816692 150.900581 44.925730 20.000000 139.777658 -0.002069
-49.816378 150.900369 44.925669 20.000000 139.787717 -0.002073
-49.816064 150.900157 44.925609 20.000000 139.797776 -0.002076
-49.815751 150.899945 44.925550 20.000000 139.807835 -0.002080
-49.815438 150.899733 44.925490 20.000000 139.817893 -0.002083
-49.815125 150.899521 44.925431 20.000000 139.827952 -0.002087
-49.814812 150.899309 44.925372 20.000000 139.838011 -0.002090
-49.814499 150.899097 44.925314 20.000000 139.848070 -0.002094
-49.814187 150.898885 44.925255 20.000000 139.858129 -0.002098
-49.813875 150.898673 44.925197 20.000000 139.868187 -0.002101
-49.813564 150.898461 44.925140 20.000000 139.878246 -0.002105
-49.813252 150.898249 44.925082 20.000000 139.888305 -0.002108
-49.812941 150.898037 44.925025 20.000000 139.898364 -0.002112
-49.812630 150.897825 44.924969 20.000000 139.908423 -0.002115
-49.812320 150.897613 44.924912 20.000000 139.918482 -0.002119
-49.812010 150.897401 44.924856 20.000000 139.928541 -0.002122
-49.811700 150.897189 44.924800 20.000000 139.938599 -0.002126
-49.811390 150.896977 44.924744 20.000000 139.948658 -0.002129
-49.811081 150.896764 44.924689 20.000000 139.958717 -0.002133
-49.810772 150.896552 44.924634 20.000000 139.968776 -0.002136
-49.810463 150.896340 44.924579 20.000000 139.978835 -0.002140
-49.810154 150.896128 44.924525 20.000000 139.988894 -0.002143
-49.809846 150.895916 44.924471 20.000000 139.998953 -0.002147
-49.809538 150.895704 44.924417 20.000000 140.009012 -0.002150
-49.809230 150.895491 44.924363 20.000000 140.019071 -0.002153
-49.808923 150.895279 44.924310 20.000000 140.029130 -0.002157
-49.808616 150.895067 44.924257 20.000000 140.039189 -0.002160
-49.808309 150.894855 44.924205 20.000000 140.049248 -0.002164
-49.808002 150.894643 44.924152 20.000000 140.059307 -0.002167
-49.807696 150.894430 44.924100 20.000000 140.069366 -0.002171
-49.807390 150.894218 44.924048 20.000000 140.079425 -0.002174
-49.807084 150.894006 44.923997 20.000000 140.089484 -0.002178
-49.806779 150.893793 44.923945 20.000000 140.099543 -0.002181
-49.806473 150.893581 44.923894 20.000000 140.109603 -0.002185
-49.806169 150.893369 44.923844 20.000000 140.119662 -0.002188
-49.805864 150.893157 44.923793 20.000000 140.129721 -0.002191
-49.805559 150.892944 44.923743 20.000000 140.139780 -0.002195
-49.805255 150.892732 44.923693 20.000000 140.149839 -0.002198
-49.804951 150.892520 44.923644 20.000000 140.159898 -0.002202
-49.804648 150.892307 44.923594 20.000000 140.169957 -0.002205
-49.804345 150.892095 44.923545 20.000000 140.180017 -0.002209
-49.804042 150.891882 44.923496 20.000000 140.190076 -0.002212
-49.803739 150.891670 44.923448 20.000000 140.200135 -0.002215
-49.803436 150.891458 44.923400 20.000000 140.210194 -0.002219
-49.803134 150.891245 44.923352 20.000000 140.220253 -0.002222
-49.802832 150.891033 44.923304 20.000000 140.230313 -0.002226
-49.802531 150.890820 44.923257 20.000000 140.240372 -0.002229
-49.802229 150.890608 44.923210 20.000000 140.250431 -0.002232
-49.801928 150.890395 44.923163 20.000000 140.260490 -0.002236
-49.801627 150.890183 44.923116 20.000000 140.270550 -0.002239
-49.801327 150.889971 44.923070 20.000000 140.280609 -0.002243
-49.801027 150.889758 44.923024 20.000000 140.290668 -0.002246
-49.800727 150.889546 44.922978 20.000000 140.300727 -0.002249
-49.800427 150.889333 44.922932 20.000000 140.310787 -0.002253
-49.800127 150.889121 44.922887 20.000000 140.320846 -0.002256
-49.799828 150.888908 44.922842 20.000000 140.330905 -0.002260
-49.799529 150.888696 44.922797 20.000000 140.340965 -0.002263
-49.799231 150.888483 44.922753 20.000000 140.351024 -0.002266
-49.798932 150.888270 44.922709 20.000000 140.361083 -0.002270
-49.798634 150.888058 44.922665 20.000000 140.371143 -0.002273
-49.798336 150.887845 44.922621 20.000000 140.381202 -0.002276
-49.798039 150.887633 44.922578 20.000000 140.391261 -0.002280
