-20.131327 152.452644 75.420963 35.089635 -8.956809 0.000000
-20.131133 152.451833 75.429750 35.090625 -8.960532 0.000000
-20.130939 152.451021 75.438539 35.091611 -8.964251 0.000000
-20.130744 152.450208 75.447331 35.092593 -8.967965 0.000000
-20.130549 152.449395 75.456125 35.093572 -8.971674 0.000000
-20.130354 152.448582 75.464921 35.094546 -8.975378 0.000000
-20.130159 152.447768 75.473719 35.095517 -8.979078 0.000000
-20.129963 152.446954 75.482520 35.096484 -8.982773 0.000000
-20.129767 152.446139 75.491323 35.097448 -8.986464 0.000000
-20.129571 152.445323 75.500128 35.098407 -8.990149 0.000000
-20.129374 152.444507 75.508935 35.099363 -8.993830 0.000000
-20.129177 152.443691 75.517745 35.100315 -8.997507 0.000000
-20.128980 152.442874 75.526557 35.101263 -9.001178 0.000000
-20.128783 152.442056 75.535371 35.102207 -9.004845 0.000000
-20.128585 152.441238 75.544187 35.103147 -9.008507 0.000000
-20.128387 152.440420 75.553006 35.104084 -9.012164 0.000000
-20.128188 152.439601 75.561827 35.105017 -9.015816 0.000000
-20.127990 152.438781 75.570650 35.105945 -9.019464 0.000000
-20.127791 152.437961 75.579475 35.106870 -9.023107 0.000000
-20.127591 152.437141 75.588303 35.107791 -9.026745 0.000000
-20.127392 152.436320 75.597132 35.108709 -9.030378 0.000000
-20.127192 152.435498 75.605965 35.109622 -9.034006 0.000000
-20.126992 152.434676 75.614799 35.110531 -9.037629 0.000000
-20.126791 152.433854 75.623635 35.111437 -9.041248 0.000000
-20.126590 152.433031 75.632474 35.112338 -9.044861 0.000000
-20.126389 152.432207 75.641315 35.113236 -9.048470 0.000000
-20.126188 152.431383 75.650159 35.114130 -9.052074 0.000000
-20.125986 152.430558 75.659005 35.115020 -9.055672 0.000000
-20.125784 152.429733 75.667852 35.115905 -9.059266 0.000000
-20.125582 152.428908 75.676703 35.116787 -9.062855 0.000000
-20.125379 152.428082 75.685555 35.117665 -9.066439 0.000000
-20.125176 152.427255 75.694410 35.118539 -9.070018 0.000000
-20.124973 152.426428 75.703267 35.119410 -9.073592 0.000000
-20.124770 152.425601 75.712126 35.120276 -9.077161 0.000000
-20.124566 152.424773 75.720988 35.121138 -9.080725 0.000000
-20.124362 152.423944 75.729851 35.121996 -9.084284 0.000000
-20.124157 152.423115 75.738717 35.122850 -9.087838 0.000000
-20.123953 152.422285 75.747586 35.123700 -9.091386 0.000000
-20.123748 152.421455 75.756456 35.124546 -9.094930 0.000000
-20.123542 152.420625 75.765329 35.125388 -9.098469 0.000000
-20.123337 152.419794 75.774204 35.126227 -9.102002 0.000000
-20.123131 152.418962 75.783082 35.127061 -9.105531 0.000000
-20.122925 152.418130 75.791962 35.127891 -9.109054 0.000000
-20.122718 152.417298 75.800844 35.128717 -9.112572 0.000000
-20.122511 152.416465 75.809728 35.129539 -9.116085 0.000000
-20.122304 152.415631 75.818615 35.130356 -9.119593 0.000000
-20.122097 152.414797 75.827503 35.131170 -9.123096 0.000000
-20.121889 152.413962 75.836395 35.131980 -9.126593 0.000000
-20.121681 152.413127 75.845288 35.132786 -9.130086 0.000000
-20.121473 152.412292 75.854184 35.133587 -9.133573 0.000000
-20.121264 152.411456 75.863082 35.134385 -9.137055 0.000000
-20.121055 152.410619 75.871982 35.135178 -9.140531 0.000000
-20.120846 152.409782 75.880885 35.135968 -9.144003 0.000000
-20.120636 152.408945 75.889789 35.136753 -9.147469 0.000000
-20.120426 152.408106 75.898697 35.137534 -9.150930 0.000000
-20.120216 152.407268 75.907606 35.138311 -9.154386 0.000000
-20.120006 152.406429 75.916518 35.139084 -9.157836 0.000000
-20.119795 152.405589 75.925432 35.139852 -9.161281 0.000000
-20.119584 152.404749 75.934348 35.140617 -9.164721 0.000000
-20.119372 152.403909 75.943267 35.141377 -9.168155 0.000000
-20.119160 152.403068 75.952188 35.142133 -9.171584 0.000000
-20.118948 152.402226 75.961111 35.142886 -9.175008 0.000000
-20.118736 152.401384 75.970037 35.143633 -9.178426 0.000000
-20.118523 152.400542 75.978965 35.144377 -9.181839 0.000000
-20.118311 152.399699 75.987895 35.145117 -9.185247 0.000000
-20.118097 152.398855 75.996827 35.145852 -9.188649 0.000000
-20.117884 152.398011 76.005762 35.146583 -9.192046 0.000000
-20.117670 152.397166 76.014699 35.147310 -9.195437 0.000000
-20.117456 152.396321 76.023638 35.148033 -9.198823 0.000000
-20.117241 152.395476 76.032580 35.148751 -9.202204 0.000000
-20.117026 152.394630 76.041524 35.149465 -9.205579 0.000000
-20.116811 152.393783 76.050471 35.150175 -9.208948 0.000000
-20.116596 152.392936 76.059419 35.150881 -9.212312 0.000000
-20.116380 152.392089 76.068370 35.151583 -9.215671 0.000000
-20.116164 152.391241 76.077323 35.152280 -9.219024 0.000000
-20.115948 152.390392 76.086279 35.152973 -9.222371 0.000000
-20.115731 152.389543 76.095237 35.153662 -9.225713 0.000000
-20.115514 152.388694 76.104197 35.154346 -9.229050 0.000000
-20.115297 152.387844 76.113160 35.155026 -9.232381 0.000000
-20.115079 152.386994 76.122125 35.155702 -9.235706 0.000000
-20.114861 152.386143 76.131092 35.156374 -9.239026 0.000000
-20.114643 152.385291 76.140061 35.157041 -9.242340 0.000000
-20.114425 152.384439 76.149033 35.157704 -9.245648 0.000000
-20.114206 152.383587 76.158007 35.158362 -9.248951 0.000000
-20.113987 152.382734 76.166984 35.159017 -9.252248 0.000000
-20.113767 152.381880 76.175963 35.159667 -9.255540 0.000000
-20.113547 152.381026 76.184944 35.160312 -9.258826 0.000000
-20.113327 152.380172 76.193927 35.160953 -9.262106 0.000000
-20.113107 152.379317 76.202913 35.161590 -9.265381 0.000000
-20.112886 152.378462 76.211901 35.162223 -9.268649 0.000000
-20.112665 152.377606 76.220892 35.162851 -9.271913 0.000000
-20.112444 152.376749 76.229885 35.163475 -9.275170 0.000000
-20.112222 152.375892 76.238880 35.164094 -9.278422 0.000000
-20.112000 152.375035 76.247877 35.164709 -9.281668 0.000000
-20.111778 152.374177 76.256877 35.165320 -9.284908 0.000000
-20.111556 152.373319 76.265879 35.165926 -9.288142 0.000000
-20.111333 152.372460 76.274884 35.166528 -9.291371 0.000000
-20.111110 152.371601 76.283890 35.167125 -9.294594 0.000000
-20.110886 152.370741 76.292900 35.167718 -9.297811 0.000000
-20.110662 152.369880 76.301911 35.168307 -9.301022 0.000000
-20.110438 152.369020 76.310925 35.168891 -9.304227 0.000000
-20.110214 152.368158 76.319941 35.169470 -9.307427 0.000000
-20.109989 152.367296 76.328960 35.170045 -9.310621 0.000000
-20.109764 152.366434 76.337981 35.170616 -9.313808 0.000000
-20.109538 152.365571 76.347004 35.171182 -9.316990 0.000000
-20.109313 152.364708 76.356030 35.171744 -9.320166 0.000000
-20.109087 152.363844 76.365058 35.172302 -9.323337 0.000000
-20.108860 152.362980 76.374088 35.172854 -9.326501 0.000000
-20.108634 152.362115 76.383121 35.173403 -9.329659 0.000000
-20.108407 152.361250 76.392156 35.173946 -9.332811 0.000000
-20.108179 152.360384 76.401193 35.174486 -9.335958 0.000000
-20.107952 152.359518 76.410233 35.175021 -9.339098 0.000000
-20.107724 152.358651 76.419275 35.175551 -9.342233 0.000000
-20.107496 152.357784 76.428319 35.176076 -9.345361 0.000000
-20.107267 152.356916 76.437366 35.176598 -9.348484 0.000000
-20.107038 152.356048 76.446415 35.177114 -9.351600 0.000000
-20.106809 152.355179 76.455467 35.177626 -9.354710 0.000000
-20.106580 152.354310 76.464521 35.178134 -9.357815 0.000000
-20.106350 152.353441 76.473577 35.178637 -9.360913 0.000000
-20.106120 152.352571 76.482636 35.179135 -9.364005 0.000000
-20.105889 152.351700 76.491697 35.179629 -9.367091 0.000000
-20.105658 152.350829 76.500760 35.180118 -9.370172 0.000000
-20.105427 152.349957 76.509826 35.180603 -9.373246 0.000000
-20.105196 152.349085 76.518894 35.181083 -9.376313 0.000000
-20.104964 152.348212 76.527965 35.181558 -9.379375 0.000000
-20.104732 152.347339 76.537037 35.182029 -9.382431 0.000000
-20.104500 152.346466 76.546113 35.182495 -9.385480 0.000000
-20.104267 152.345592 76.555190 35.182957 -9.388523 0.000000
-20.104034 152.344717 76.564270 35.183414 -9.391561 0.000000
-20.103801 152.343842 76.573353 35.183866 -9.394591 0.000000
-20.103567 152.342967 76.582437 35.184314 -9.397616 0.000000
-20.103333 152.342091 76.591525 35.184757 -9.400635 0.000000
-20.103099 152.341214 76.600614 35.185195 -9.403647 0.000000
-20.102864 152.340337 76.609706 35.185629 -9.406653 0.000000
-20.102629 152.339460 76.618800 35.186058 -9.409653 0.000000
-20.102394 152.338582 76.627897 35.186482 -9.412646 0.000000
-20.102159 152.337703 76.636996 35.186902 -9.415633 0.000000
-20.101923 152.336824 76.646097 35.187316 -9.418614 0.000000
-20.101687 152.335945 76.655201 35.187727 -9.421589 0.000000
-20.101450 152.335065 76.664307 35.188132 -9.424557 0.000000
-20.101213 152.334185 76.673416 35.188533 -9.427519 0.000000
-20.100976 152.333304 76.682527 35.188929 -9.430475 0.000000
-20.100739 152.332423 76.691640 35.189320 -9.433424 0.000000
-20.100501 152.331541 76.700756 35.189707 -9.436367 0.000000
-20.100263 152.330658 76.709874 35.190089 -9.439304 0.000000
-20.100024 152.329776 76.718995 35.190466 -9.442234 0.000000
-20.099785 152.328892 76.728118 35.190838 -9.445158 0.000000
-20.099546 152.328009 76.737243 35.191205 -9.448075 0.000000
-20.099307 152.327124 76.746371 35.191568 -9.450986 0.000000
-20.099067 152.326240 76.755501 35.191926 -9.453891 0.000000
-20.098827 152.325354 76.764634 35.192279 -9.456789 0.000000
-20.098587 152.324469 76.773769 35.192628 -9.459681 0.000000
-20.098346 152.323582 76.782906 35.192971 -9.462566 0.000000
-20.098105 152.322696 76.792046 35.193310 -9.465444 0.000000
-20.097864 152.321809 76.801188 35.193644 -9.468317 0.000000
-20.097622 152.320921 76.810333 35.193973 -9.471182 0.000000
-20.097380 152.320033 76.819480 35.194297 -9.474041 0.000000
-20.097138 152.319144 76.828629 35.194617 -9.476894 0.000000
-20.096895 152.318255 76.837781 35.194931 -9.479740 0.000000
-20.096652 152.317365 76.846935 35.195241 -9.482580 0.000000
-20.096409 152.316475 76.856092 35.195546 -9.485413 0.000000
-20.096165 152.315585 76.865251 35.195846 -9.488239 0.000000
-20.095921 152.314694 76.874412 35.196141 -9.491059 0.000000
-20.095677 152.313802 76.883576 35.196431 -9.493872 0.000000
-20.095432 152.312910 76.892742 35.196717 -9.496678 0.000000
-20.095187 152.312018 76.901911 35.196997 -9.499478 0.000000
-20.094942 152.311125 76.911082 35.197273 -9.502272 0.000000
-20.094697 152.310231 76.920256 35.197544 -9.505058 0.000000
-20.094451 152.309338 76.929432 35.197809 -9.507838 0.000000
-20.094205 152.308443 76.938610 35.198070 -9.510611 0.000000
-20.093958 152.307548 76.947791 35.198326 -9.513378 0.000000
-20.093711 152.306653 76.956974 35.198577 -9.516138 0.000000
-20.093464 152.305757 76.966160 35.198823 -9.518891 0.000000
-20.093216 152.304861 76.975348 35.199064 -9.521637 0.000000
-20.092969 152.303964 76.984539 35.199300 -9.524377 0.000000
-20.092720 152.303067 76.993732 35.199532 -9.527110 0.000000
-20.092472 152.302169 77.002927 35.199758 -9.529836 0.000000
-20.092223 152.301271 77.012125 35.199979 -9.532556 0.000000
-20.091974 152.300372 77.021325 35.200195 -9.535268 0.000000
-20.091724 152.299473 77.030528 35.200406 -9.537974 0.000000
-20.091475 152.298573 77.039733 35.200613 -9.540673 0.000000
-20.091224 152.297673 77.048940 35.200814 -9.543365 0.000000
-20.090974 152.296772 77.058150 35.201010 -9.546050 0.000000
-20.090723 152.295871 77.067363 35.201201 -9.548729 0.000000
-20.090472 152.294969 77.076578 35.201388 -9.551400 0.000000
-20.090221 152.294067 77.085795 35.201569 -9.554065 0.000000
-20.089969 152.293165 77.095015 35.201745 -9.556723 0.000000
-20.089717 152.292262 77.104237 35.201916 -9.559374 0.000000
-20.089464 152.291358 77.113462 35.202082 -9.562018 0.000000
-20.089211 152.290454 77.122689 35.202243 -9.564655 0.000000
-20.088958 152.289550 77.131918 35.202399 -9.567285 0.000000
-20.088705 152.288645 77.141150 35.202549 -9.569908 0.000000
-20.088451 152.287739 77.150385 35.202695 -9.572524 0.000000
-20.088197 152.286833 77.159622 35.202836 -9.575133 0.000000
-20.087943 152.285927 77.168861 35.202971 -9.577736 0.000000
-20.087688 152.285020 77.178103 35.203102 -9.580331 0.000000
-20.087433 152.284113 77.187347 35.203227 -9.582919 0.000000
-20.087177 152.283205 77.196594 35.203347 -9.585500 0.000000
-20.086921 152.282297 77.205843 35.203462 -9.588074 0.000000
-20.086665 152.281388 77.215094 35.203572 -9.590642 0.000000
-20.086409 152.280479 77.224348 35.203677 -9.593202 0.000000
-20.086152 152.279569 77.233605 35.203777 -9.595755 0.000000
-20.085895 152.278659 77.242864 35.203871 -9.598300 0.000000
-20.085638 152.277748 77.252125 35.203960 -9.600839 0.000000
-20.085380 152.276837 77.261389 35.204045 -9.603371 0.000000
-20.085122 152.275925 77.270656 35.204124 -9.605895 0.000000
-20.084864 152.275013 77.279925 35.204197 -9.608413 0.000000
-20.084605 152.274100 77.289196 35.204266 -9.610923 0.000000
-20.084346 152.273187 77.298470 35.204330 -9.613426 0.000000
-20.084086 152.272274 77.307746 35.204388 -9.615922 -0.000000
-20.083827 152.271360 77.317025 35.204441 -9.618411 -0.000000
-20.083566 152.270445 77.326306 35.204489 -9.620892 -0.000000
-20.083306 152.269530 77.335589 35.204531 -9.623367 -0.000000
-20.083045 152.268615 77.344875 35.204569 -9.625834 -0.000000
-20.082784 152.267699 77.354164 35.204601 -9.628294 -0.000000
-20.082523 152.266783 77.363454 35.204628 -9.630746 -0.000000
-20.082261 152.265866 77.372748 35.204649 -9.633192 -0.000000
-20.081999 152.264949 77.382043 35.204666 -9.635630 -0.000000
-20.081737 152.264031 77.391341 35.204677 -9.638061 -0.000000
-20.081474 152.263113 77.400641 35.204683 -9.640485 -0.000000
-20.081211 152.262194 77.409944 35.204684 -9.642901 -0.000000
-20.080948 152.261275 77.419249 35.204680 -9.645310 -0.000000
-20.080684 152.260355 77.428556 35.204670 -9.647712 -0.000000
-20.080420 152.259435 77.437865 35.204655 -9.650106 -0.000000
-20.080156 152.258515 77.447177 35.204635 -9.652494 -0.000000
-20.079891 152.257594 77.456491 35.204610 -9.654873 -0.000000
-20.079626 152.256673 77.465808 35.204579 -9.657246 -0.000000
-20.079361 152.255751 77.475126 35.204543 -9.659611 -0.000000
-20.079095 152.254829 77.484447 35.204502 -9.661969 -0.000000
-20.078829 152.253906 77.493770 35.204455 -9.664319 -0.000000
-20.078563 152.252983 77.503095 35.204404 -9.666662 -0.000000
-20.078297 152.252059 77.512422 35.204347 -9.668998 -0.000000
-20.078030 152.251135 77.521752 35.204285 -9.671326 -0.000000
-20.077763 152.250211 77.531084 35.204217 -9.673647 -0.000000
-20.077495 152.249286 77.540417 35.204144 -9.675960 -0.000000
-20.077227 152.248361 77.549753 35.204066 -9.678266 -0.000000
-20.076959 152.247435 77.559092 35.203983 -9.680565 -0.000000
-20.076691 152.246509 77.568432 35.203895 -9.682856 -0.000000
-20.076422 152.245583 77.577774 35.203801 -9.685140 -0.000000
-20.076153 152.244656 77.587119 35.203702 -9.687416 -0.000000
-20.075884 152.243728 77.596465 35.203597 -9.689685 -0.000000
-20.075614 152.242800 77.605814 35.203488 -9.691946 -0.000000
-20.075344 152.241872 77.615164 35.203372 -9.694200 -0.000000
-20.075074 152.240944 77.624517 35.203252 -9.696446 -0.000000
-20.074803 152.240015 77.633871 35.203127 -9.698685 -0.000000
-20.074532 152.239085 77.643228 35.202996 -9.700916 -0.000000
-20.074261 152.238155 77.652587 35.202859 -9.703140 -0.000000
-20.073990 152.237225 77.661947 35.202718 -9.705356 -0.000000
-20.073718 152.236294 77.671310 35.202571 -9.707565 -0.000000
-20.073446 152.235363 77.680675 35.202419 -9.709766 -0.000000
-20.073173 152.234432 77.690041 35.202262 -9.711959 -0.000000
-20.072901 152.233500 77.699409 35.202099 -9.714145 -0.000000
-20.072628 152.232568 77.708780 35.201931 -9.716323 -0.000000
-20.072354 152.231635 77.718152 35.201757 -9.718494 -0.000000
-20.072081 152.230702 77.727526 35.201579 -9.720657 -0.000000
-20.071807 152.229769 77.736902 35.201394 -9.722813 -0.000000
-20.071533 152.228835 77.746280 35.201205 -9.724961 -0.000000
-20.071258 152.227901 77.755660 35.201010 -9.727101 -0.000000
-20.070983 152.226966 77.765042 35.200810 -9.729233 -0.000000
-20.070708 152.226031 77.774425 35.200605 -9.731358 -0.000000
-20.070433 152.225096 77.783810 35.200394 -9.733476 -0.000000
-20.070157 152.224160 77.793197 35.200178 -9.735585 -0.000000
-20.069881 152.223224 77.802586 35.199956 -9.737687 -0.000000
-20.069605 152.222288 77.811977 35.199730 -9.739781 -0.000000
-20.069329 152.221351 77.821369 35.199498 -9.741868 -0.000000
-20.069052 152.220413 77.830763 35.199260 -9.743947 -0.000000
-20.068775 152.219476 77.840159 35.199017 -9.746018 -0.000000
-20.068497 152.218538 77.849557 35.198769 -9.748081 -0.000000
-20.068220 152.217600 77.858956 35.198515 -9.750137 -0.000000
-20.067942 152.216661 77.868357 35.198256 -9.752184 -0.000000
-20.067663 152.215722 77.877759 35.197992 -9.754225 -0.000000
-20.067385 152.214782 77.887164 35.197722 -9.756257 -0.000000
-20.067106 152.213843 77.896570 35.197447 -9.758281 -0.000000
-20.066827 152.212903 77.905977 35.197167 -9.760298 -0.000000
-20.066548 152.211962 77.915387 35.196881 -9.762307 -0.000000
-20.066268 152.211021 77.924798 35.196590 -9.764308 -0.000000
-20.065988 152.210080 77.934210 35.196293 -9.766301 -0.000000
-20.065708 152.209139 77.943624 35.195991 -9.768287 -0.000000
-20.065427 152.208197 77.953040 35.195684 -9.770265 -0.000000
-20.065147 152.207254 77.962457 35.195371 -9.772234 -0.000000
-20.064866 152.206312 77.971876 35.195053 -9.774196 -0.000000
-20.064584 152.205369 77.981296 35.194729 -9.776150 -0.000000
-20.064303 152.204426 77.990718 35.194400 -9.778097 -0.000000
-20.064021 152.203482 78.000142 35.194066 -9.780035 -0.000000
-20.063739 152.202538 78.009567 35.193726 -9.781965 -0.000000
-20.063456 152.201594 78.018993 35.193381 -9.783888 -0.000000
-20.063174 152.200649 78.028421 35.193030 -9.785802 -0.000000
-20.062891 152.199705 78.037850 35.192674 -9.787709 -0.000000
-20.062607 152.198759 78.047281 35.192312 -9.789608 -0.000000
-20.062324 152.197814 78.056713 35.191946 -9.791498 -0.000000
-20.062040 152.196868 78.066147 35.191573 -9.793381 -0.000000
-20.061756 152.195922 78.075582 35.191196 -9.795256 -0.000000
-20.061472 152.194975 78.085019 35.190812 -9.797123 -0.000000
-20.061187 152.194028 78.094457 35.190424 -9.798982 -0.000000
-20.060902 152.193081 78.103896 35.190030 -9.800833 -0.000000
-20.060617 152.192134 78.113337 35.189630 -9.802676 -0.000000
-20.060332 152.191186 78.122779 35.189225 -9.804511 -0.000000
-20.060046 152.190238 78.132222 35.188815 -9.806337 -0.000000
-20.059760 152.189289 78.141667 35.188399 -9.808156 -0.000000
-20.059474 152.188340 78.151113 35.187978 -9.809967 -0.000000
-20.059188 152.187391 78.160560 35.187551 -9.811770 -0.000000
-20.058901 152.186442 78.170008 35.187119 -9.813564 -0.000000
-20.058614 152.185492 78.179458 35.186681 -9.815351 -0.000000
-20.058327 152.184542 78.188909 35.186238 -9.817130 -0.000000
-20.058040 152.183592 78.198362 35.185790 -9.818900 -0.000000
-20.057752 152.182642 78.207815 35.185336 -9.820662 -0.000000
-20.057464 152.181691 78.217270 35.184876 -9.822417 -0.000000
-20.057176 152.180740 78.226726 35.184411 -9.824163 -0.000000
-20.056887 152.179788 78.236183 35.183941 -9.825901 -0.000000
-20.056599 152.178837 78.245641 35.183465 -9.827631 -0.000000
-20.056310 152.177885 78.255101 35.182983 -9.829352 -0.000000
-20.056020 152.176932 78.264562 35.182497 -9.831066 -0.000000
-20.055731 152.175980 78.274024 35.182004 -9.832771 -0.000000
-20.055441 152.175027 78.283487 35.181506 -9.834468 -0.000000
-20.055151 152.174074 78.292951 35.181003 -9.836157 -0.000000
-20.054861 152.173120 78.302416 35.180494 -9.837838 -0.000000
-20.054571 152.172167 78.311882 35.179980 -9.839511 -0.000000
-20.054280 152.171213 78.321350 35.179460 -9.841175 -0.000000
-20.053989 152.170259 78.330818 35.178935 -9.842831 -0.000000
-20.053698 152.169304 78.340287 35.178404 -9.844479 -0.000000
-20.053406 152.168349 78.349758 35.177868 -9.846119 -0.000000
-20.053114 152.167394 78.359230 35.177326 -9.847750 -0.000000
-20.052823 152.166439 78.368702 35.176778 -9.849374 -0.000000
-20.052530 152.165483 78.378176 35.176226 -9.850989 -0.000000
-20.052238 152.164528 78.387650 35.175667 -9.852595 -0.000000
-20.051945 152.163572 78.397126 35.175103 -9.854194 -0.000000
-20.051652 152.162615 78.406602 35.174534 -9.855784 -0.000000
-20.051359 152.161659 78.416080 35.173959 -9.857365 -0.000000
-20.051066 152.160702 78.425558 35.173378 -9.858939 -0.000000
-20.050772 152.159745 78.435038 35.172792 -9.860504 -0.000000
-20.050478 152.158787 78.444518 35.172201 -9.862060 -0.000000
-20.050184 152.157830 78.453999 35.171604 -9.863609 -0.000000
-20.049890 152.156872 78.463481 35.171001 -9.865149 -0.000000
-20.049595 152.155914 78.472964 35.170393 -9.866681 -0.000000
-20.049301 152.154955 78.482448 35.169779 -9.868204 -0.000000
-20.049005 152.153997 78.491932 35.169160 -9.869719 -0.000000
-20.048710 152.153038 78.501418 35.168535 -9.871225 -0.000000
-20.048415 152.152079 78.510904 35.167905 -9.872723 -0.000000
-20.048119 152.151120 78.520391 35.167269 -9.874213 -0.000000
-20.047823 152.150160 78.529879 35.166627 -9.875694 -0.000000
-20.047527 152.149201 78.539368 35.165980 -9.877167 -0.000000
-20.047230 152.148241 78.548857 35.165327 -9.878631 -0.000000
-20.046934 152.147280 78.558347 35.164669 -9.880087 -0.000000
-20.046637 152.146320 78.567838 35.164006 -9.881535 -0.000000
-20.046340 152.145359 78.577330 35.163336 -9.882974 -0.000000
-20.046043 152.144398 78.586822 35.162661 -9.884404 -0.000000
-20.045745 152.143437 78.596315 35.161981 -9.885826 -0.000000
-20.045447 152.142476 78.605809 35.161295 -9.887240 -0.000000
-20.045149 152.141514 78.615304 35.160603 -9.888644 -0.000000
-20.044851 152.140553 78.624799 35.159906 -9.890041 -0.000000
-20.044553 152.139591 78.634295 35.159203 -9.891429 -0.000000
-20.044254 152.138629 78.643791 35.158495 -9.892808 -0.000000
-20.043955 152.137666 78.653288 35.157781 -9.894179 -0.000000
-20.043656 152.136704 78.662786 35.157061 -9.895541 -0.000000
-20.043357 152.135741 78.672284 35.156336 -9.896895 -0.000000
-20.043057 152.134778 78.681783 35.155605 -9.898240 -0.000000
-20.042757 152.133815 78.691282 35.154869 -9.899577 -0.000000
-20.042458 152.132851 78.700782 35.154127 -9.900904 -0.000000
-20.042157 152.131888 78.710283 35.153379 -9.902224 -0.000000
-20.041857 152.130924 78.719784 35.152626 -9.903534 -0.000000
-20.041556 152.129960 78.729286 35.151867 -9.904836 -0.000000
-20.041256 152.128996 78.738788 35.151102 -9.906130 -0.000000
-20.040955 152.128032 78.748290 35.150332 -9.907415 -0.000000
-20.040653 152.127067 78.757794 35.149556 -9.908691 -0.000000
-20.040352 152.126102 78.767297 35.148775 -9.909958 -0.000000
-20.040050 152.125137 78.776801 35.147988 -9.911217 -0.000000
-20.039748 152.124172 78.786306 35.147195 -9.912467 -0.000000
-20.039446 152.123207 78.795811 35.146397 -9.913708 -0.000000
-20.039144 152.122242 78.805316 35.145593 -9.914941 -0.000000
-20.038842 152.121276 78.814822 35.144784 -9.916165 -0.000000
-20.038539 152.120310 78.824328 35.143969 -9.917380 -0.000000
-20.038236 152.119344 78.833835 35.143148 -9.918587 -0.000000
-20.037933 152.118378 78.843342 35.142321 -9.919784 -0.000000
-20.037630 152.117412 78.852849 35.141489 -9.920973 -0.000000
-20.037326 152.116445 78.862357 35.140651 -9.922154 -0.000000
-20.037023 152.115479 78.871864 35.139808 -9.923325 -0.000000
-20.036719 152.114512 78.881373 35.138959 -9.924488 -0.000000
-20.036415 152.113545 78.890881 35.138104 -9.925642 -0.000000
-20.036110 152.112578 78.900390 35.137244 -9.926787 -0.000000
-20.035806 152.111610 78.909899 35.136377 -9.927923 -0.000000
-20.035501 152.110643 78.919409 35.135506 -9.929050 -0.000000
-20.035196 152.109675 78.928919 35.134628 -9.930169 -0.000000
-20.034891 152.108707 78.938429 35.133745 -9.931279 -0.000000
-20.034586 152.107740 78.947939 35.132856 -9.932380 -0.000000
-20.034280 152.106771 78.957449 35.131962 -9.933472 -0.000000
-20.033975 152.105803 78.966960 35.131062 -9.934555 -0.000000
-20.033669 152.104835 78.976470 35.130156 -9.935629 -0.000000
-20.033363 152.103866 78.985981 35.129244 -9.936695 -0.000000
-20.033057 152.102898 78.995492 35.128327 -9.937751 -0.000000
-20.032750 152.101929 79.005004 35.127404 -9.938799 -0.000000
-20.032444 152.100960 79.014515 35.126475 -9.939838 -0.000000
-20.032137 152.099991 79.024027 35.125541 -9.940867 -0.000000
-20.031830 152.099022 79.033538 35.124601 -9.941888 -0.000000
-20.031523 152.098053 79.043050 35.123655 -9.942900 -0.000000
-20.031215 152.097083 79.052562 35.122704 -9.943903 -0.000000
-20.030908 152.096114 79.062074 35.121747 -9.944897 -0.000000
-20.030600 152.095144 79.071586 35.120784 -9.945882 -0.000000
-20.030292 152.094174 79.081098 35.119815 -9.946858 -0.000000
-20.029984 152.093204 79.090610 35.118841 -9.947825 -0.000000
-20.029676 152.092234 79.100122 35.117861 -9.948783 -0.000000
-20.029367 152.091264 79.109634 35.116875 -9.949732 -0.000000
-20.029059 152.090294 79.119146 35.115883 -9.950672 -0.000000
-20.028750 152.089323 79.128658 35.114886 -9.951603 -0.000000
-20.028441 152.088353 79.138170 35.113883 -9.952525 -0.000000
-20.028132 152.087382 79.147682 35.112875 -9.953437 -0.000000
-20.027823 152.086411 79.157194 35.111860 -9.954341 -0.000000
-20.027513 152.085440 79.166706 35.110840 -9.955236 -0.000000
-20.027203 152.084469 79.176218 35.109814 -9.956121 -0.000000
-20.026893 152.083498 79.185730 35.108782 -9.956998 -0.000000
-20.026583 152.082527 79.195241 35.107745 -9.957865 -0.000000
-20.026273 152.081556 79.204753 35.106702 -9.958724 -0.000000
-20.025963 152.080584 79.214264 35.105653 -9.959573 -0.000000
-20.025652 152.079613 79.223775 35.104598 -9.960413 -0.000000
-20.025342 152.078641 79.233286 35.103538 -9.961244 -0.000000
-20.025031 152.077670 79.242797 35.102471 -9.962066 -0.000000
-20.024720 152.076698 79.252308 35.101399 -9.962878 -0.000000
-20.024408 152.075726 79.261818 35.100322 -9.963682 -0.000000
-20.024097 152.074754 79.271329 35.099238 -9.964476 -0.000000
-20.023785 152.073782 79.280839 35.098149 -9.965261 -0.000000
-20.023474 152.072810 79.290349 35.097054 -9.966037 -0.000000
-20.023162 152.071838 79.299858 35.095953 -9.966804 -0.000000
-20.022850 152.070866 79.309368 35.094846 -9.967561 -0.000000
-20.022538 152.069893 79.318877 35.093734 -9.968309 -0.000000
-20.022225 152.068921 79.328385 35.092615 -9.969048 -0.000000
-20.021913 152.067949 79.337894 35.091491 -9.969778 -0.000000
-20.021600 152.066976 79.347402 35.090361 -9.970498 -0.000000
-20.021287 152.066003 79.356910 35.089226 -9.971210 -0.000000
-20.020974 152.065031 79.366417 35.088084 -9.971912 -0.000000
-20.020661 152.064058 79.375924 35.086937 -9.972604 -0.000000
-20.020347 152.063085 79.385431 35.085784 -9.973288 -0.000000
-20.020034 152.062112 79.394938 35.084625 -9.973962 -0.000000
-20.019720 152.061139 79.404444 35.083461 -9.974626 -0.000000
-20.019406 152.060166 79.413949 35.082290 -9.975282 -0.000000
-20.019093 152.059193 79.423454 35.081114 -9.975928 -0.000000
-20.018778 152.058220 79.432959 35.079932 -9.976565 -0.000000
-20.018464 152.057247 79.442464 35.078744 -9.977192 -0.000000
-20.018150 152.056274 79.451967 35.077550 -9.977810 -0.000000
-20.017835 152.055300 79.461471 35.076351 -9.978419 -0.000000
-20.017520 152.054327 79.470974 35.075145 -9.979018 -0.000000
-20.017206 152.053354 79.480476 35.073934 -9.979608 -0.000000
-20.016891 152.052380 79.489978 35.072717 -9.980189 -0.000000
-20.016575 152.051407 79.499480 35.071494 -9.980760 -0.000000
-20.016260 152.050433 79.508980 35.070265 -9.981321 -0.000000
-20.015945 152.049460 79.518481 35.069031 -9.981874 -0.000000
-20.015629 152.048486 79.527981 35.067790 -9.982416 -0.000000
-20.015313 152.047513 79.537480 35.066544 -9.982950 -0.000000
-20.014997 152.046539 79.546978 35.065292 -9.983474 -0.000000
-20.014681 152.045565 79.556476 35.064034 -9.983988 -0.000000
-20.014365 152.044592 79.565974 35.062770 -9.984493 -0.000000
-20.014049 152.043618 79.575471 35.061500 -9.984988 -0.000000
-20.013732 152.042644 79.584967 35.060225 -9.985474 -0.000000
-20.013416 152.041671 79.594462 35.058943 -9.985951 -0.000000
-20.013099 152.040697 79.603957 35.057656 -9.986418 -0.000000
-20.012782 152.039723 79.613451 35.056363 -9.986875 -0.000000
-20.012465 152.038749 79.622945 35.055064 -9.987323 -0.000000
-20.012148 152.037775 79.632438 35.053759 -9.987761 -0.000000
-20.011831 152.036801 79.641930 35.052448 -9.988190 -0.000000
-20.011513 152.035828 79.651421 35.051131 -9.988609 -0.000000
-20.011196 152.034854 79.660912 35.049809 -9.989019 -0.000000
-20.010878 152.033880 79.670402 35.048480 -9.989419 -0.000000
-20.010560 152.032906 79.679891 35.047146 -9.989810 -0.000000
-20.010242 152.031932 79.689379 35.045805 -9.990191 -0.000000
-20.009924 152.030958 79.698867 35.044459 -9.990562 -0.000000
-20.009606 152.029984 79.708353 35.043107 -9.990923 -0.000000
-20.009287 152.029010 79.717839 35.041749 -9.991275 -0.000000
-20.008969 152.028036 79.727324 35.040385 -9.991618 -0.000000
-20.008650 152.027062 79.736809 35.039016 -9.991951 -0.000000
-20.008332 152.026089 79.746292 35.037640 -9.992274 -0.000000
-20.008013 152.025115 79.755775 35.036258 -9.992587 -0.000000
-20.007694 152.024141 79.765256 35.034871 -9.992891 -0.000000
-20.007375 152.023167 79.774737 35.033478 -9.993185 -0.000000
-20.007055 152.022193 79.784217 35.032078 -9.993469 -0.000000
-20.006736 152.021219 79.793696 35.030673 -9.993744 -0.000000
-20.006416 152.020245 79.803174 35.029262 -9.994008 -0.000000
-20.006097 152.019272 79.812651 35.027845 -9.994264 -0.000000
-20.005777 152.018298 79.822127 35.026422 -9.994509 -0.000000
-20.005457 152.017324 79.831602 35.024993 -9.994745 -0.000000
-20.005137 152.016350 79.841076 35.023558 -9.994971 -0.000000
-20.004817 152.015377 79.850549 35.022117 -9.995187 -0.000000
-20.004497 152.014403 79.860022 35.020670 -9.995393 -0.000000
