14.207832 150.010217 -101.391338 5.982988 180.099858 -0.017418
14.198381 150.010229 -101.390768 5.984560 180.099966 -0.017374
14.188931 150.010241 -101.390194 5.986132 180.100073 -0.017330
14.179480 150.010253 -101.389617 5.987704 180.100181 -0.017286
14.170030 150.010265 -101.389038 5.989275 180.100288 -0.017241
14.160580 150.010277 -101.388455 5.990847 180.100395 -0.017197
14.151129 150.010289 -101.387869 5.992418 180.100501 -0.017153
14.141679 150.010301 -101.387280 5.993988 180.100608 -0.017108
14.132229 150.010313 -101.386688 5.995559 180.100714 -0.017064
14.122779 150.010325 -101.386093 5.997129 180.100820 -0.017020
14.113329 150.010337 -101.385495 5.998699 180.100926 -0.016975
14.103880 150.010349 -101.384894 6.000269 180.101032 -0.016931
14.094430 150.010361 -101.384291 6.001839 180.101137 -0.016886
14.084980 150.010373 -101.383684 6.003408 180.101242 -0.016841
14.075531 150.010385 -101.383075 6.004977 180.101348 -0.016797
14.066081 150.010396 -101.382463 6.006546 180.101452 -0.016752
14.056632 150.010408 -101.381848 6.008115 180.101557 -0.016707
14.047183 150.010420 -101.381231 6.009683 180.101662 -0.016662
14.037733 150.010432 -101.380610 6.011252 180.101766 -0.016618
14.028284 150.010443 -101.379987 6.012820 180.101870 -0.016573
14.018835 150.010455 -101.379362 6.014387 180.101974 -0.016528
14.009386 150.010467 -101.378733 6.015955 180.102078 -0.016483
13.999938 150.010478 -101.378102 6.017522 180.102181 -0.016438
13.990489 150.010490 -101.377469 6.019089 180.102285 -0.016393
13.981040 150.010502 -101.376832 6.020656 180.102388 -0.016348
13.971591 150.010513 -101.376194 6.022223 180.102491 -0.016303
13.962143 150.010525 -101.375552 6.023789 180.102594 -0.016258
13.952694 150.010536 -101.374909 6.025355 180.102696 -0.016213
13.943246 150.010548 -101.374262 6.026921 180.102799 -0.016168
13.933798 150.010560 -101.373614 6.028486 180.102901 -0.016123
13.924350 150.010571 -101.372963 6.030052 180.103003 -0.016078
13.914901 150.010583 -101.372309 6.031617 180.103104 -0.016032
13.905453 150.010594 -101.371653 6.033182 180.103206 -0.015987
13.896006 150.010605 -101.370995 6.034747 180.103307 -0.015942
13.886558 150.010617 -101.370335 6.036311 180.103409 -0.015897
13.877110 150.010628 -101.369672 6.037875 180.103510 -0.015851
13.867662 150.010640 -101.369007 6.039439 180.103611 -0.015806
13.858215 150.010651 -101.368339 6.041003 180.103711 -0.015761
13.848767 150.010662 -101.367670 6.042566 180.103812 -0.015715
13.839320 150.010674 -101.366998 6.044129 180.103912 -0.015670
13.829872 150.010685 -101.366324 6.045692 180.104012 -0.015625
13.820425 150.010696 -101.365648 6.047255 180.104112 -0.015579
13.810978 150.010707 -101.364970 6.048817 180.104211 -0.015534
13.801530 150.010719 -101.364290 6.050380 180.104311 -0.015488
13.792083 150.010730 -101.363607 6.051942 180.104410 -0.015443
13.782636 150.010741 -101.362923 6.053503 180.104509 -0.015397
13.773190 150.010752 -101.362236 6.055065 180.104608 -0.015352
13.763743 150.010763 -101.361548 6.056626 180.104707 -0.015306
13.754296 150.010775 -101.360857 6.058187 180.104805 -0.015261
13.744849 150.010786 -101.360164 6.059748 180.104903 -0.015215
13.735403 150.010797 -101.359470 6.061308 180.105001 -0.015170
13.725956 150.010808 -101.358773 6.062869 180.105099 -0.015124
13.716510 150.010819 -101.358074 6.064429 180.105197 -0.015079
13.707064 150.010830 -101.357374 6.065988 180.105295 -0.015033
13.697617 150.010841 -101.356671 6.067548 180.105392 -0.014988
13.688171 150.010852 -101.355966 6.069107 180.105489 -0.014942
13.678725 150.010863 -101.355259 6.070666 180.105586 -0.014896
13.669279 150.010874 -101.354550 6.072225 180.105683 -0.014851
13.659833 150.010885 -101.353839 6.073784 180.105779 -0.014805
13.650387 150.010896 -101.353126 6.075342 180.105875 -0.014759
13.640941 150.010907 -101.352411 6.076900 180.105972 -0.014714
13.631496 150.010918 -101.351695 6.078458 180.106068 -0.014668
13.622050 150.010928 -101.350976 6.080015 180.106163 -0.014622
13.612605 150.010939 -101.350255 6.081572 180.106259 -0.014576
13.603159 150.010950 -101.349532 6.083130 180.106354 -0.014531
13.593714 150.010961 -101.348807 6.084686 180.106449 -0.014485
13.584268 150.010972 -101.348080 6.086243 180.106544 -0.014439
13.574823 150.010982 -101.347351 6.087799 180.106639 -0.014393
13.565378 150.010993 -101.346621 6.089355 180.106734 -0.014348
13.555933 150.011004 -101.345888 6.090911 180.106828 -0.014302
13.546488 150.011014 -101.345153 6.092467 180.106922 -0.014256
13.537043 150.011025 -101.344416 6.094022 180.107016 -0.014210
13.527598 150.011036 -101.343678 6.095577 180.107110 -0.014164
13.518154 150.011046 -101.342937 6.097132 180.107204 -0.014118
13.508709 150.011057 -101.342194 6.098686 180.107297 -0.014073
13.499264 150.011068 -101.341450 6.100241 180.107390 -0.014027
13.489820 150.011078 -101.340703 6.101795 180.107483 -0.013981
13.480375 150.011089 -101.339955 6.103349 180.107576 -0.013935
13.470931 150.011099 -101.339205 6.104902 180.107668 -0.013889
13.461487 150.011110 -101.338452 6.106455 180.107761 -0.013843
13.452042 150.011120 -101.337698 6.108009 180.107853 -0.013797
13.442598 150.011131 -101.336942 6.109561 180.107945 -0.013751
13.433154 150.011141 -101.336184 6.111114 180.108037 -0.013705
13.423710 150.011152 -101.335424 6.112666 180.108129 -0.013659
13.414266 150.011162 -101.334662 6.114218 180.108220 -0.013613
13.404823 150.011172 -101.333898 6.115770 180.108311 -0.013567
13.395379 150.011183 -101.333132 6.117322 180.108402 -0.013521
13.385935 150.011193 -101.332365 6.118873 180.108493 -0.013475
13.376491 150.011203 -101.331595 6.120424 180.108584 -0.013429
13.367048 150.011214 -101.330824 6.121975 180.108674 -0.013383
13.357605 150.011224 -101.330050 6.123526 180.108764 -0.013337
13.348161 150.011234 -101.329275 6.125076 180.108854 -0.013291
13.338718 150.011244 -101.328498 6.126626 180.108944 -0.013245
13.329275 150.011255 -101.327719 6.128176 180.109034 -0.013199
13.319831 150.011265 -101.326938 6.129725 180.109123 -0.013153
13.310388 150.011275 -101.326156 6.131275 180.109212 -0.013107
13.300945 150.011285 -101.325371 6.132824 180.109302 -0.013061
13.291502 150.011295 -101.324584 6.134373 180.109390 -0.013015
13.282060 150.011305 -101.323796 6.135921 180.109479 -0.012969
13.272617 150.011315 -101.323006 6.137469 180.109567 -0.012923
13.263174 150.011326 -101.322214 6.139017 180.109656 -0.012877
13.253732 150.011336 -101.321420 6.140565 180.109744 -0.012830
13.244289 150.011346 -101.320624 6.142113 180.109832 -0.012784
13.234846 150.011356 -101.319827 6.143660 180.109919 -0.012738
13.225404 150.011366 -101.319027 6.145207 180.110007 -0.012692
13.215962 150.011376 -101.318226 6.146754 180.110094 -0.012646
13.206519 150.011385 -101.317423 6.148301 180.110181 -0.012600
13.197077 150.011395 -101.316618 6.149847 180.110268 -0.012554
13.187635 150.011405 -101.315811 6.151393 180.110355 -0.012507
13.178193 150.011415 -101.315002 6.152939 180.110441 -0.012461
13.168751 150.011425 -101.314192 6.154484 180.110527 -0.012415
13.159309 150.011435 -101.313380 6.156029 180.110613 -0.012369
13.149868 150.011445 -101.312566 6.157575 180.110699 -0.012323
13.140426 150.011455 -101.311750 6.159119 180.110785 -0.012276
13.130984 150.011464 -101.310932 6.160664 180.110870 -0.012230
13.121542 150.011474 -101.310113 6.162208 180.110956 -0.012184
13.112101 150.011484 -101.309292 6.163752 180.111041 -0.012138
13.102660 150.011493 -101.308468 6.165296 180.111126 -0.012091
13.093218 150.011503 -101.307644 6.166839 180.111210 -0.012045
13.083777 150.011513 -101.306817 6.168383 180.111295 -0.011999
13.074336 150.011523 -101.305989 6.169926 180.111379 -0.011953
13.064894 150.011532 -101.305158 6.171468 180.111463 -0.011906
13.055453 150.011542 -101.304327 6.173011 180.111547 -0.011860
13.046012 150.011551 -101.303493 6.174553 180.111631 -0.011814
13.036571 150.011561 -101.302657 6.176095 180.111714 -0.011768
13.027131 150.011570 -101.301820 6.177637 180.111798 -0.011721
13.017690 150.011580 -101.300981 6.179178 180.111881 -0.011675
13.008249 150.011589 -101.300140 6.180720 180.111964 -0.011629
12.998808 150.011599 -101.299298 6.182260 180.112046 -0.011583
12.989368 150.011608 -101.298454 6.183801 180.112129 -0.011536
12.979927 150.011618 -101.297608 6.185342 180.112211 -0.011490
12.970487 150.011627 -101.296760 6.186882 180.112293 -0.011444
12.961046 150.011637 -101.295910 6.188422 180.112375 -0.011397
12.951606 150.011646 -101.295059 6.189961 180.112457 -0.011351
12.942166 150.011655 -101.294206 6.191501 180.112538 -0.011305
12.932726 150.011665 -101.293352 6.193040 180.112619 -0.011258
12.923286 150.011674 -101.292495 6.194579 180.112701 -0.011212
12.913846 150.011683 -101.291637 6.196118 180.112781 -0.011166
12.904406 150.011693 -101.290777 6.197656 180.112862 -0.011119
12.894966 150.011702 -101.289916 6.199194 180.112943 -0.011073
12.885526 150.011711 -101.289052 6.200732 180.113023 -0.011027
12.876086 150.011720 -101.288187 6.202270 180.113103 -0.010980
12.866646 150.011730 -101.287321 6.203807 180.113183 -0.010934
12.857207 150.011739 -101.286453 6.205344 180.113263 -0.010888
12.847767 150.011748 -101.285582 6.206881 180.113342 -0.010841
12.838328 150.011757 -101.284711 6.208418 180.113421 -0.010795
12.828888 150.011766 -101.283837 6.209954 180.113500 -0.010749
12.819449 150.011775 -101.282962 6.211490 180.113579 -0.010702
12.810010 150.011784 -101.282086 6.213026 180.113658 -0.010656
12.800571 150.011793 -101.281207 6.214562 180.113736 -0.010610
12.791132 150.011802 -101.280327 6.216097 180.113815 -0.010563
12.781693 150.011811 -101.279445 6.217632 180.113893 -0.010517
12.772254 150.011820 -101.278562 6.219167 180.113971 -0.010471
12.762815 150.011829 -101.277677 6.220701 180.114048 -0.010424
12.753376 150.011838 -101.276790 6.222236 180.114126 -0.010378
12.743937 150.011847 -101.275902 6.223770 180.114203 -0.010332
12.734498 150.011856 -101.275012 6.225303 180.114280 -0.010285
12.725060 150.011865 -101.274120 6.226837 180.114357 -0.010239
12.715621 150.011874 -101.273227 6.228370 180.114434 -0.010193
12.706183 150.011883 -101.272332 6.229903 180.114510 -0.010146
12.696744 150.011891 -101.271435 6.231436 180.114587 -0.010100
12.687306 150.011900 -101.270537 6.232968 180.114663 -0.010054
12.677867 150.011909 -101.269637 6.234501 180.114738 -0.010007
12.668429 150.011918 -101.268736 6.236033 180.114814 -0.009961
12.658991 150.011926 -101.267832 6.237564 180.114890 -0.009914
12.649553 150.011935 -101.266928 6.239096 180.114965 -0.009868
12.640115 150.011944 -101.266021 6.240627 180.115040 -0.009822
12.630677 150.011952 -101.265114 6.242158 180.115115 -0.009775
12.621239 150.011961 -101.264204 6.243689 180.115189 -0.009729
12.611801 150.011970 -101.263293 6.245219 180.115264 -0.009683
12.602363 150.011978 -101.262380 6.246749 180.115338 -0.009636
12.592926 150.011987 -101.261466 6.248279 180.115412 -0.009590
12.583488 150.011995 -101.260550 6.249809 180.115486 -0.009544
12.574050 150.012004 -101.259633 6.251338 180.115560 -0.009497
12.564613 150.012012 -101.258714 6.252867 180.115633 -0.009451
12.555176 150.012021 -101.257793 6.254396 180.115706 -0.009405
12.545738 150.012029 -101.256871 6.255925 180.115779 -0.009358
12.536301 150.012038 -101.255947 6.257453 180.115852 -0.009312
12.526864 150.012046 -101.255022 6.258981 180.115925 -0.009266
12.517426 150.012055 -101.254095 6.260509 180.115997 -0.009219
12.507989 150.012063 -101.253166 6.262036 180.116070 -0.009173
12.498552 150.012071 -101.252236 6.263564 180.116142 -0.009127
12.489115 150.012080 -101.251305 6.265091 180.116213 -0.009080
12.479678 150.012088 -101.250372 6.266617 180.116285 -0.009034
12.470242 150.012096 -101.249437 6.268144 180.116356 -0.008988
12.460805 150.012105 -101.248501 6.269670 180.116428 -0.008941
12.451368 150.012113 -101.247563 6.271196 180.116499 -0.008895
12.441931 150.012121 -101.246624 6.272722 180.116569 -0.008849
12.432495 150.012129 -101.245683 6.274247 180.116640 -0.008802
12.423058 150.012138 -101.244741 6.275772 180.116710 -0.008756
12.413622 150.012146 -101.243797 6.277297 180.116781 -0.008710
12.404185 150.012154 -101.242852 6.278822 180.116851 -0.008664
12.394749 150.012162 -101.241905 6.280346 180.116920 -0.008617
12.385313 150.012170 -101.240956 6.281870 180.116990 -0.008571
12.375876 150.012178 -101.240007 6.283394 180.117059 -0.008525
12.366440 150.012186 -101.239055 6.284918 180.117129 -0.008478
12.357004 150.012194 -101.238102 6.286441 180.117198 -0.008432
12.347568 150.012202 -101.237148 6.287964 180.117266 -0.008386
12.338132 150.012210 -101.236192 6.289487 180.117335 -0.008340
12.328696 150.012218 -101.235235 6.291010 180.117403 -0.008293
12.319261 150.012226 -101.234276 6.292532 180.117471 -0.008247
12.309825 150.012234 -101.233316 6.294054 180.117539 -0.008201
12.300389 150.012242 -101.232354 6.295576 180.117607 -0.008155
12.290953 150.012250 -101.231391 6.297097 180.117675 -0.008108
12.281518 150.012258 -101.230426 6.298619 180.117742 -0.008062
12.272082 150.012266 -101.229460 6.300140 180.117809 -0.008016
12.262647 150.012273 -101.228492 6.301660 180.117876 -0.007970
12.253211 150.012281 -101.227523 6.303181 180.117943 -0.007924
12.243776 150.012289 -101.226553 6.304701 180.118009 -0.007877
12.234341 150.012297 -101.225581 6.306221 180.118076 -0.007831
12.224906 150.012305 -101.224607 6.307741 180.118142 -0.007785
12.215470 150.012312 -101.223632 6.309260 180.118208 -0.007739
12.206035 150.012320 -101.222656 6.310779 180.118274 -0.007693
12.196600 150.012328 -101.221678 6.312298 180.118339 -0.007646
12.187165 150.012335 -101.220699 6.313816 180.118404 -0.007600
12.177731 150.012343 -101.219719 6.315335 180.118469 -0.007554
12.168296 150.012351 -101.218737 6.316853 180.118534 -0.007508
12.158861 150.012358 -101.217753 6.318371 180.118599 -0.007462
12.149426 150.012366 -101.216768 6.319888 180.118664 -0.007416
12.139991 150.012373 -101.215782 6.321405 180.118728 -0.007370
12.130557 150.012381 -101.214794 6.322922 180.118792 -0.007324
12.121122 150.012388 -101.213805 6.324439 180.118856 -0.007277
12.111688 150.012396 -101.212815 6.325956 180.118919 -0.007231
12.102253 150.012403 -101.211823 6.327472 180.118983 -0.007185
12.092819 150.012411 -101.210830 6.328988 180.119046 -0.007139
12.083385 150.012418 -101.209835 6.330503 180.119109 -0.007093
12.073951 150.012425 -101.208839 6.332019 180.119172 -0.007047
12.064516 150.012433 -101.207842 6.333534 180.119235 -0.007001
12.055082 150.012440 -101.206843 6.335049 180.119297 -0.006955
12.045648 150.012447 -101.205843 6.336563 180.119359 -0.006909
12.036214 150.012455 -101.204841 6.338078 180.119421 -0.006863
12.026780 150.012462 -101.203838 6.339592 180.119483 -0.006817
12.017346 150.012469 -101.202834 6.341106 180.119545 -0.006771
12.007913 150.012477 -101.201828 6.342619 180.119606 -0.006725
11.998479 150.012484 -101.200821 6.344132 180.119667 -0.006679
11.989045 150.012491 -101.199813 6.345645 180.119728 -0.006633
11.979611 150.012498 -101.198803 6.347158 180.119789 -0.006587
11.970178 150.012505 -101.197792 6.348671 180.119850 -0.006541
11.960744 150.012512 -101.196780 6.350183 180.119910 -0.006495
11.951311 150.012520 -101.195766 6.351695 180.119970 -0.006449
11.941877 150.012527 -101.194751 6.353206 180.120030 -0.006403
11.932444 150.012534 -101.193735 6.354718 180.120090 -0.006357
11.923011 150.012541 -101.192717 6.356229 180.120150 -0.006311
11.913578 150.012548 -101.191698 6.357740 180.120209 -0.006265
11.904144 150.012555 -101.190677 6.359250 180.120268 -0.006220
11.894711 150.012562 -101.189656 6.360761 180.120327 -0.006174
11.885278 150.012569 -101.188633 6.362271 180.120386 -0.006128
11.875845 150.012576 -101.187609 6.363781 180.120444 -0.006082
11.866412 150.012582 -101.186583 6.365290 180.120503 -0.006036
11.856979 150.012589 -101.185556 6.366799 180.120561 -0.005990
11.847546 150.012596 -101.184528 6.368308 180.120619 -0.005945
11.838114 150.012603 -101.183498 6.369817 180.120676 -0.005899
11.828681 150.012610 -101.182468 6.371325 180.120734 -0.005853
11.819248 150.012617 -101.181436 6.372834 180.120791 -0.005807
11.809816 150.012623 -101.180402 6.374341 180.120848 -0.005761
11.800383 150.012630 -101.179368 6.375849 180.120905 -0.005716
11.790951 150.012637 -101.178332 6.377356 180.120962 -0.005670
11.781518 150.012644 -101.177295 6.378863 180.121018 -0.005624
11.772086 150.012650 -101.176256 6.380370 180.121075 -0.005579
11.762653 150.012657 -101.175217 6.381877 180.121131 -0.005533
11.753221 150.012664 -101.174176 6.383383 180.121186 -0.005487
11.743789 150.012670 -101.173134 6.384889 180.121242 -0.005441
11.734357 150.012677 -101.172090 6.386395 180.121298 -0.005396
11.724925 150.012683 -101.171045 6.387900 180.121353 -0.005350
11.715493 150.012690 -101.169999 6.389405 180.121408 -0.005305
11.706061 150.012697 -101.168952 6.390910 180.121463 -0.005259
11.696629 150.012703 -101.167904 6.392415 180.121517 -0.005213
11.687197 150.012710 -101.166854 6.393919 180.121572 -0.005168
11.677765 150.012716 -101.165803 6.395423 180.121626 -0.005122
11.668333 150.012723 -101.164751 6.396927 180.121680 -0.005077
11.658902 150.012729 -101.163698 6.398431 180.121733 -0.005031
11.649470 150.012735 -101.162643 6.399934 180.121787 -0.004986
11.640038 150.012742 -101.161588 6.401437 180.121840 -0.004940
11.630607 150.012748 -101.160531 6.402940 180.121894 -0.004895
11.621175 150.012754 -101.159473 6.404442 180.121946 -0.004849
11.611744 150.012761 -101.158413 6.405945 180.121999 -0.004804
11.602312 150.012767 -101.157353 6.407447 180.122052 -0.004758
11.592881 150.012773 -101.156291 6.408948 180.122104 -0.004713
11.583450 150.012780 -101.155228 6.410450 180.122156 -0.004667
11.574018 150.012786 -101.154164 6.411951 180.122208 -0.004622
11.564587 150.012792 -101.153099 6.413451 180.122260 -0.004577
11.555156 150.012798 -101.152032 6.414952 180.122311 -0.004531
11.545725 150.012804 -101.150964 6.416452 180.122362 -0.004486
11.536294 150.012810 -101.149895 6.417952 180.122414 -0.004440
11.526863 150.012817 -101.148825 6.419452 180.122464 -0.004395
11.517432 150.012823 -101.147754 6.420952 180.122515 -0.004350
11.508001 150.012829 -101.146682 6.422451 180.122565 -0.004305
11.498571 150.012835 -101.145608 6.423950 180.122616 -0.004259
11.489140 150.012841 -101.144534 6.425448 180.122666 -0.004214
11.479709 150.012847 -101.143458 6.426947 180.122716 -0.004169
11.470278 150.012853 -101.142381 6.428445 180.122765 -0.004124
11.460848 150.012859 -101.141303 6.429943 180.122815 -0.004078
11.451417 150.012865 -101.140224 6.431440 180.122864 -0.004033
11.441987 150.012871 -101.139143 6.432937 180.122913 -0.003988
11.432556 150.012876 -101.138062 6.434434 180.122961 -0.003943
11.423126 150.012882 -101.136979 6.435931 180.123010 -0.003898
11.413696 150.012888 -101.135895 6.437428 180.123058 -0.003853
11.404265 150.012894 -101.134811 6.438924 180.123106 -0.003808
11.394835 150.012900 -101.133725 6.440420 180.123154 -0.003762
11.385405 150.012906 -101.132637 6.441915 180.123202 -0.003717
11.375975 150.012911 -101.131549 6.443411 180.123250 -0.003672
11.366545 150.012917 -101.130460 6.444906 180.123297 -0.003627
11.357115 150.012923 -101.129369 6.446401 180.123344 -0.003582
11.347685 150.012928 -101.128278 6.447895 180.123391 -0.003537
11.338255 150.012934 -101.127185 6.449389 180.123438 -0.003492
11.328825 150.012940 -101.126092 6.450883 180.123484 -0.003447
11.319395 150.012945 -101.124997 6.452377 180.123530 -0.003403
11.309965 150.012951 -101.123901 6.453870 180.123576 -0.003358
11.300536 150.012957 -101.122804 6.455364 180.123622 -0.003313
11.291106 150.012962 -101.121706 6.456856 180.123668 -0.003268
11.281676 150.012968 -101.120607 6.458349 180.123713 -0.003223
11.272247 150.012973 -101.119507 6.459841 180.123758 -0.003178
11.262817 150.012979 -101.118406 6.461333 180.123803 -0.003133
11.253388 150.012984 -101.117303 6.462825 180.123848 -0.003089
11.243958 150.012990 -101.116200 6.464317 180.123893 -0.003044
11.234529 150.012995 -101.115095 6.465808 180.123937 -0.002999
11.225100 150.013000 -101.113990 6.467299 180.123981 -0.002954
11.215670 150.013006 -101.112884 6.468789 180.124025 -0.002910
11.206241 150.013011 -101.111776 6.470280 180.124069 -0.002865
11.196812 150.013016 -101.110667 6.471770 180.124112 -0.002820
11.187383 150.013022 -101.109558 6.473260 180.124156 -0.002776
11.177954 150.013027 -101.108447 6.474749 180.124199 -0.002731
11.168525 150.013032 -101.107335 6.476239 180.124242 -0.002687
11.159096 150.013038 -101.106223 6.477728 180.124284 -0.002642
11.149667 150.013043 -101.105109 6.479216 180.124327 -0.002597
11.140238 150.013048 -101.103994 6.480705 180.124369 -0.002553
11.130809 150.013053 -101.102879 6.482193 180.124411 -0.002508
11.121380 150.013058 -101.101762 6.483681 180.124453 -0.002464
11.111951 150.013063 -101.100644 6.485168 180.124495 -0.002420
11.102523 150.013069 -101.099525 6.486656 180.124536 -0.002375
11.093094 150.013074 -101.098406 6.488143 180.124577 -0.002331
11.083665 150.013079 -101.097285 6.489629 180.124618 -0.002286
11.074237 150.013084 -101.096163 6.491116 180.124659 -0.002242
11.064808 150.013089 -101.095040 6.492602 180.124700 -0.002198
11.055380 150.013094 -101.093917 6.494088 180.124740 -0.002153
11.045951 150.013099 -101.092792 6.495574 180.124780 -0.002109
11.036523 150.013104 -101.091666 6.497059 180.124820 -0.002065
11.027095 150.013109 -101.090540 6.498544 180.124860 -0.002020
11.017667 150.013113 -101.089412 6.500029 180.124899 -0.001976
11.008238 150.013118 -101.088284 6.501514 180.124939 -0.001932
10.998810 150.013123 -101.087154 6.502998 180.124978 -0.001888
10.989382 150.013128 -101.086024 6.504482 180.125017 -0.001844
10.979954 150.013133 -101.084892 6.505965 180.125055 -0.001800
10.970526 150.013138 -101.083760 6.507449 180.125094 -0.001755
10.961098 150.013142 -101.082626 6.508932 180.125132 -0.001711
10.951670 150.013147 -101.081492 6.510415 180.125170 -0.001667
10.942242 150.013152 -101.080357 6.511897 180.125208 -0.001623
10.932814 150.013157 -101.079221 6.513380 180.125245 -0.001579
10.923386 150.013161 -101.078084 6.514862 180.125283 -0.001535
10.913959 150.013166 -101.076946 6.516343 180.125320 -0.001491
10.904531 150.013171 -101.075807 6.517825 180.125357 -0.001447
10.895103 150.013175 -101.074667 6.519306 180.125394 -0.001404
10.885676 150.013180 -101.073526 6.520787 180.125430 -0.001360
10.876248 150.013184 -101.072385 6.522267 180.125467 -0.001316
10.866820 150.013189 -101.071242 6.523748 180.125503 -0.001272
10.857393 150.013193 -101.070099 6.525228 180.125539 -0.001228
10.847966 150.013198 -101.068954 6.526708 180.125574 -0.001184
10.838538 150.013202 -101.067809 6.528187 180.125610 -0.001141
10.829111 150.013207 -101.066663 6.529666 180.125645 -0.001097
10.819683 150.013211 -101.065516 6.531145 180.125680 -0.001053
10.810256 150.013216 -101.064368 6.532624 180.125715 -0.001010
10.800829 150.013220 -101.063219 6.534102 180.125750 -0.000966
10.791402 150.013224 -101.062069 6.535580 180.125784 -0.000922
10.781975 150.013229 -101.060919 6.537058 180.125818 -0.000879
10.772548 150.013233 -101.059767 6.538535 180.125852 -0.000835
10.763120 150.013237 -101.058615 6.540013 180.125886 -0.000792
10.753693 150.013242 -101.057462 6.541490 180.125920 -0.000748
10.744266 150.013246 -101.056308 6.542966 180.125953 -0.000705
10.734840 150.013250 -101.055153 6.544443 180.125986 -0.000661
10.725413 150.013254 -101.053997 6.545919 180.126019 -0.000618
10.715986 150.013258 -101.052841 6.547394 180.126052 -0.000574
10.706559 150.013262 -101.051683 6.548870 180.126084 -0.000531
10.697132 150.013267 -101.050525 6.550345 180.126116 -0.000488
10.687706 150.013271 -101.049366 6.551820 180.126149 -0.000444
10.678279 150.013275 -101.048206 6.553295 180.126180 -0.000401
10.668852 150.013279 -101.047045 6.554769 180.126212 -0.000358
10.659426 150.013283 -101.045883 6.556243 180.126243 -0.000315
10.649999 150.013287 -101.044721 6.557717 180.126275 -0.000272
10.640573 150.013291 -101.043558 6.559191 180.126306 -0.000228
10.631146 150.013295 -101.042394 6.560664 180.126336 -0.000185
10.621720 150.013299 -101.041229 6.562137 180.126367 -0.000142
10.612293 150.013303 -101.040063 6.563609 180.126397 -0.000099
10.602867 150.013307 -101.038897 6.565082 180.126428 -0.000056
10.593441 150.013311 -101.037730 6.566554 180.126458 -0.000013
10.584015 150.013314 -101.036561 6.568026 180.126487 0.000030
10.574588 150.013318 -101.035393 6.569497 180.126517 0.000073
10.565162 150.013322 -101.034223 6.570968 180.126546 0.000116
10.555736 150.013326 -101.033053 6.572439 180.126575 0.000159
10.546310 150.013330 -101.031881 6.573910 180.126604 0.000202
10.536884 150.013333 -101.030709 6.575381 180.126633 0.000244
10.527458 150.013337 -101.029537 6.576851 180.126661 0.000287
10.518032 150.013341 -101.028363 6.578320 180.126689 0.000330
10.508606 150.013344 -101.027189 6.579790 180.126717 0.000373
10.499180 150.013348 -101.026014 6.581259 180.126745 0.000415
10.489754 150.013352 -101.024838 6.582728 180.126773 0.000458
10.480329 150.013355 -101.023661 6.584197 180.126800 0.000501
10.470903 150.013359 -101.022484 6.585665 180.126827 0.000543
10.461477 150.013362 -101.021306 6.587133 180.126854 0.000586
10.452051 150.013366 -101.020127 6.588601 180.126881 0.000628
10.442626 150.013369 -101.018948 6.590069 180.126907 0.000671
10.433200 150.013373 -101.017767 6.591536 180.126934 0.000713
10.423775 150.013376 -101.016586 6.593003 180.126960 0.000756
10.414349 150.013380 -101.015405 6.594469 180.126986 0.000798
10.404924 150.013383 -101.014222 6.595936 180.127011 0.000841
10.395498 150.013387 -101.013039 6.597402 180.127037 0.000883
10.386073 150.013390 -101.011855 6.598868 180.127062 0.000925
10.376647 150.013393 -101.010671 6.600333 180.127087 0.000968
10.367222 150.013397 -101.009485 6.601798 180.127112 0.001010
10.357797 150.013400 -101.008299 6.603263 180.127136 0.001052
10.348372 150.013403 -101.007112 6.604728 180.127161 0.001094
10.338946 150.013406 -101.005925 6.606192 180.127185 0.001136
10.329521 150.013410 -101.004737 6.607656 180.127209 0.001179
10.320096 150.013413 -101.003548 6.609120 180.127232 0.001221
10.310671 150.013416 -101.002359 6.610584 180.127256 0.001263
10.301246 150.013419 -101.001168 6.612047 180.127279 0.001305
10.291821 150.013422 -100.999977 6.613510 180.127302 0.001347
10.282396 150.013425 -100.998786 6.614973 180.127325 0.001389
10.272971 150.013428 -100.997594 6.616435 180.127348 0.001431
10.263546 150.013432 -100.996401 6.617897 180.127370 0.001472
10.254121 150.013435 -100.995207 6.619359 180.127392 0.001514
10.244696 150.013438 -100.994013 6.620820 180.127414 0.001556
10.235272 150.013441 -100.992818 6.622281 180.127436 0.001598
10.225847 150.013444 -100.991623 6.623742 180.127457 0.001640
10.216422 150.013446 -100.990427 6.625203 180.127479 0.001681
10.206997 150.013449 -100.989230 6.626663 180.127500 0.001723
10.197573 150.013452 -100.988032 6.628123 180.127521 0.001765
10.188148 150.013455 -100.986834 6.629583 180.127541 0.001806
10.178724 150.013458 -100.985635 6.631042 180.127562 0.001848
10.169299 150.013461 -100.984436 6.632501 180.127582 0.001889
10.159875 150.013464 -100.983236 6.633960 180.127602 0.001931
10.150450 150.013466 -100.982035 6.635419 180.127622 0.001972
10.141026 150.013469 -100.980834 6.636877 180.127642 0.002014
10.131601 150.013472 -100.979632 6.638335 180.127661 0.002055
10.122177 150.013475 -100.978430 6.639793 180.127680 0.002096
10.112753 150.013477 -100.977227 6.641250 180.127699 0.002138
10.103328 150.013480 -100.976023 6.642707 180.127718 0.002179
10.093904 150.013483 -100.974819 6.644164 180.127736 0.002220
10.084480 150.013485 -100.973614 6.645621 180.127755 0.002261
10.075056 150.013488 -100.972409 6.647077 180.127773 0.002303
10.065632 150.013490 -100.971202 6.648533 180.127791 0.002344
10.056207 150.013493 -100.969996 6.649989 180.127808 0.002385
10.046783 150.013496 -100.968789 6.651444 180.127826 0.002426
10.037359 150.013498 -100.967581 6.652899 180.127843 0.002467
10.027935 150.013501 -100.966372 6.654354 180.127860 0.002508
10.018511 150.013503 -100.965163 6.655808 180.127877 0.002549
10.009087 150.013505 -100.963954 6.657263 180.127893 0.002590
9.999664 150.013508 -100.962744 6.658716 180.127909 0.002630
9.990240 150.013510 -100.961533 6.660170 180.127926 0.002671
9.980816 150.013513 -100.960322 6.661623 180.127941 0.002712
9.971392 150.013515 -100.959110 6.663076 180.127957 0.002753
9.961968 150.013517 -100.957898 6.664529 180.127973 0.002794
9.952545 150.013519 -100.956685 6.665982 180.127988 0.002834
9.943121 150.013522 -100.955472 6.667434 180.128003 0.002875
9.933697 150.013524 -100.954258 6.668886 180.128018 0.002915
9.924274 150.013526 -100.953043 6.670337 180.128032 0.002956
9.914850 150.013528 -100.951828 6.671788 180.128047 0.002996
9.905426 150.013531 -100.950613 6.673239 180.128061 0.003037
9.896003 150.013533 -100.949397 6.674690 180.128075 0.003077
9.886579 150.013535 -100.948180 6.676141 180.128088 0.003118
9.877156 150.013537 -100.946963 6.677591 180.128102 0.003158
9.867732 150.013539 -100.945745 6.679040 180.128115 0.003198
9.858309 150.013541 -100.944527 6.680490 180.128128 0.003239
9.848886 150.013543 -100.943309 6.681939 180.128141 0.003279
9.839462 150.013545 -100.942090 6.683388 180.128154 0.003319
9.830039 150.013547 -100.940870 6.684837 180.128166 0.003359
9.820616 150.013549 -100.939650 6.686285 180.128178 0.003399
9.811193 150.013551 -100.938429 6.687733 180.128190 0.003439
9.801769 150.013553 -100.937208 6.689181 180.128202 0.003479
9.792346 150.013555 -100.935987 6.690628 180.128214 0.003519
9.782923 150.013557 -100.934765 6.692075 180.128225 0.003559
9.773500 150.013558 -100.933542 6.693522 180.128236 0.003599
9.764077 150.013560 -100.932319 6.694969 180.128247 0.003639
9.754654 150.013562 -100.931096 6.696415 180.128258 0.003679
9.745231 150.013564 -100.929872 6.697861 180.128268 0.003719
9.735808 150.013566 -100.928647 6.699307 180.128278 0.003758
9.726385 150.013567 -100.927423 6.700752 180.128288 0.003798
9.716962 150.013569 -100.926197 6.702197 180.128298 0.003838
9.707539 150.013571 -100.924972 6.703642 180.128308 0.003877
9.698116 150.013572 -100.923745 6.705086 180.128317 0.003917
9.688693 150.013574 -100.922519 6.706531 180.128326 0.003956
