20.042892 147.906604 35.109088 7.693468 167.659398 -0.037759
20.042902 147.906591 35.106498 7.691926 167.650277 -0.037768
20.042912 147.906577 35.103908 7.690385 167.641156 -0.037776
20.042922 147.906564 35.101319 7.688844 167.632035 -0.037785
20.042932 147.906551 35.098731 7.687303 167.622913 -0.037794
20.042942 147.906538 35.096143 7.685763 167.613792 -0.037802
20.042951 147.906525 35.093555 7.684222 167.604671 -0.037811
20.042961 147.906512 35.090968 7.682682 167.595550 -0.037820
20.042971 147.906499 35.088382 7.681142 167.586428 -0.037828
20.042981 147.906486 35.085795 7.679602 167.577307 -0.037837
20.042990 147.906474 35.083210 7.678062 167.568185 -0.037845
20.043000 147.906461 35.080625 7.676522 167.559064 -0.037854
20.043010 147.906448 35.078040 7.674982 167.549943 -0.037862
20.043019 147.906436 35.075456 7.673443 167.540821 -0.037871
20.043029 147.906423 35.072873 7.671904 167.531700 -0.037879
20.043038 147.906411 35.070290 7.670365 167.522578 -0.037888
20.043048 147.906398 35.067708 7.668826 167.513456 -0.037896
20.043058 147.906386 35.065126 7.667287 167.504335 -0.037904
20.043067 147.906374 35.062544 7.665748 167.495213 -0.037913
20.043076 147.906361 35.059963 7.664210 167.486091 -0.037921
20.043086 147.906349 35.057383 7.662671 167.476970 -0.037929
20.043095 147.906337 35.054803 7.661133 167.467848 -0.037938
20.043105 147.906325 35.052223 7.659595 167.458726 -0.037946
20.043114 147.906313 35.049644 7.658057 167.449604 -0.037954
20.043123 147.906301 35.047066 7.656520 167.440483 -0.037962
20.043133 147.906289 35.044488 7.654982 167.431361 -0.037971
20.043142 147.906277 35.041910 7.653445 167.422239 -0.037979
20.043151 147.906266 35.039333 7.651907 167.413117 -0.037987
20.043160 147.906254 35.036756 7.650370 167.403995 -0.037995
20.043169 147.906242 35.034180 7.648833 167.394873 -0.038003
20.043178 147.906231 35.031605 7.647297 167.385751 -0.038011
20.043188 147.906219 35.029030 7.645760 167.376629 -0.038019
20.043197 147.906208 35.026455 7.644224 167.367507 -0.038027
20.043206 147.906197 35.023881 7.642687 167.358385 -0.038035
20.043215 147.906185 35.021307 7.641151 167.349263 -0.038043
20.043224 147.906174 35.018734 7.639615 167.340141 -0.038051
20.043233 147.906163 35.016161 7.638079 167.331018 -0.038059
20.043242 147.906152 35.013589 7.636544 167.321896 -0.038067
20.043251 147.906141 35.011017 7.635008 167.312774 -0.038074
20.043259 147.906130 35.008446 7.633473 167.303652 -0.038082
20.043268 147.906119 35.005875 7.631937 167.294529 -0.038090
20.043277 147.906108 35.003305 7.630402 167.285407 -0.038098
20.043286 147.906097 35.000735 7.628867 167.276285 -0.038106
20.043295 147.906086 34.998165 7.627333 167.267162 -0.038113
20.043303 147.906076 34.995596 7.625798 167.258040 -0.038121
20.043312 147.906065 34.993028 7.624264 167.248917 -0.038129
20.043321 147.906054 34.990460 7.622729 167.239795 -0.038136
20.043329 147.906044 34.987892 7.621195 167.230672 -0.038144
20.043338 147.906033 34.985325 7.619661 167.221550 -0.038152
20.043347 147.906023 34.982758 7.618127 167.212427 -0.038159
20.043355 147.906013 34.980192 7.616594 167.203305 -0.038167
20.043364 147.906002 34.977626 7.615060 167.194182 -0.038174
20.043372 147.905992 34.975061 7.613527 167.185059 -0.038182
20.043381 147.905982 34.972496 7.611993 167.175936 -0.038189
20.043389 147.905972 34.969932 7.610460 167.166814 -0.038197
20.043398 147.905962 34.967368 7.608927 167.157691 -0.038204
20.043406 147.905952 34.964804 7.607395 167.148568 -0.038211
20.043415 147.905942 34.962241 7.605862 167.139445 -0.038219
20.043423 147.905932 34.959679 7.604330 167.130322 -0.038226
20.043431 147.905922 34.957116 7.602797 167.121199 -0.038233
20.043439 147.905913 34.954555 7.601265 167.112076 -0.038241
20.043448 147.905903 34.951993 7.599733 167.102953 -0.038248
20.043456 147.905893 34.949433 7.598201 167.093830 -0.038255
20.043464 147.905884 34.946872 7.596670 167.084707 -0.038262
20.043472 147.905874 34.944312 7.595138 167.075584 -0.038270
20.043481 147.905865 34.941753 7.593607 167.066461 -0.038277
20.043489 147.905855 34.939193 7.592075 167.057338 -0.038284
20.043497 147.905846 34.936635 7.590544 167.048215 -0.038291
20.043505 147.905837 34.934076 7.589013 167.039091 -0.038298
20.043513 147.905828 34.931519 7.587482 167.029968 -0.038305
20.043521 147.905818 34.928961 7.585952 167.020845 -0.038312
20.043529 147.905809 34.926404 7.584421 167.011722 -0.038319
20.043537 147.905800 34.923848 7.582891 167.002598 -0.038326
20.043545 147.905791 34.921291 7.581361 166.993475 -0.038333
20.043553 147.905783 34.918736 7.579831 166.984351 -0.038340
20.043561 147.905774 34.916180 7.578301 166.975228 -0.038347
20.043568 147.905765 34.913626 7.576771 166.966104 -0.038354
20.043576 147.905756 34.911071 7.575242 166.956981 -0.038361
20.043584 147.905748 34.908517 7.573712 166.947857 -0.038368
20.043592 147.905739 34.905963 7.572183 166.938734 -0.038375
20.043599 147.905730 34.903410 7.570654 166.929610 -0.038382
20.043607 147.905722 34.900857 7.569125 166.920486 -0.038388
20.043615 147.905714 34.898305 7.567596 166.911363 -0.038395
20.043622 147.905705 34.895753 7.566067 166.902239 -0.038402
20.043630 147.905697 34.893201 7.564539 166.893115 -0.038409
20.043638 147.905689 34.890650 7.563010 166.883991 -0.038415
20.043645 147.905680 34.888099 7.561482 166.874867 -0.038422
20.043653 147.905672 34.885549 7.559954 166.865744 -0.038429
20.043660 147.905664 34.882999 7.558426 166.856620 -0.038435
20.043668 147.905656 34.880450 7.556898 166.847496 -0.038442
20.043675 147.905648 34.877900 7.555371 166.838372 -0.038448
20.043683 147.905641 34.875352 7.553843 166.829248 -0.038455
20.043690 147.905633 34.872803 7.552316 166.820124 -0.038461
20.043697 147.905625 34.870255 7.550789 166.810999 -0.038468
20.043705 147.905617 34.867708 7.549262 166.801875 -0.038474
20.043712 147.905610 34.865160 7.547735 166.792751 -0.038481
20.043719 147.905602 34.862614 7.546208 166.783627 -0.038487
20.043727 147.905594 34.860067 7.544681 166.774503 -0.038493
20.043734 147.905587 34.857521 7.543155 166.765378 -0.038500
20.043741 147.905580 34.854976 7.541629 166.756254 -0.038506
20.043748 147.905572 34.852430 7.540103 166.747130 -0.038512
20.043755 147.905565 34.849886 7.538577 166.738005 -0.038519
20.043762 147.905558 34.847341 7.537051 166.728881 -0.038525
20.043769 147.905551 34.844797 7.535525 166.719756 -0.038531
20.043777 147.905544 34.842253 7.533999 166.710632 -0.038537
20.043784 147.905536 34.839710 7.532474 166.701507 -0.038544
20.043791 147.905529 34.837167 7.530949 166.692383 -0.038550
20.043798 147.905523 34.834624 7.529424 166.683258 -0.038556
20.043804 147.905516 34.832082 7.527899 166.674133 -0.038562
20.043811 147.905509 34.829540 7.526374 166.665009 -0.038568
20.043818 147.905502 34.826999 7.524849 166.655884 -0.038574
20.043825 147.905495 34.824458 7.523325 166.646759 -0.038580
20.043832 147.905489 34.821917 7.521800 166.637634 -0.038586
20.043839 147.905482 34.819377 7.520276 166.628510 -0.038592
20.043846 147.905476 34.816837 7.518752 166.619385 -0.038598
20.043852 147.905469 34.814297 7.517228 166.610260 -0.038604
20.043859 147.905463 34.811758 7.515704 166.601135 -0.038610
20.043866 147.905457 34.809219 7.514181 166.592010 -0.038616
20.043872 147.905450 34.806680 7.512657 166.582885 -0.038622
20.043879 147.905444 34.804142 7.511134 166.573760 -0.038628
20.043886 147.905438 34.801604 7.509611 166.564635 -0.038634
20.043892 147.905432 34.799067 7.508088 166.555509 -0.038639
20.043899 147.905426 34.796530 7.506565 166.546384 -0.038645
20.043905 147.905420 34.793993 7.505042 166.537259 -0.038651
20.043912 147.905414 34.791457 7.503520 166.528134 -0.038657
20.043918 147.905408 34.788921 7.501997 166.519008 -0.038662
20.043925 147.905402 34.786385 7.500475 166.509883 -0.038668
20.043931 147.905397 34.783849 7.498953 166.500758 -0.038674
20.043937 147.905391 34.781314 7.497431 166.491632 -0.038679
20.043944 147.905385 34.778780 7.495909 166.482507 -0.038685
20.043950 147.905380 34.776245 7.494387 166.473381 -0.038690
20.043956 147.905374 34.773711 7.492866 166.464256 -0.038696
20.043963 147.905369 34.771178 7.491344 166.455130 -0.038701
20.043969 147.905363 34.768645 7.489823 166.446005 -0.038707
20.043975 147.905358 34.766112 7.488302 166.436879 -0.038712
20.043981 147.905353 34.763579 7.486781 166.427753 -0.038718
20.043988 147.905347 34.761047 7.485260 166.418627 -0.038723
20.043994 147.905342 34.758515 7.483739 166.409502 -0.038729
20.044000 147.905337 34.755983 7.482219 166.400376 -0.038734
20.044006 147.905332 34.753452 7.480698 166.391250 -0.038739
20.044012 147.905327 34.750921 7.479178 166.382124 -0.038745
20.044018 147.905322 34.748390 7.477658 166.372998 -0.038750
20.044024 147.905317 34.745860 7.476138 166.363872 -0.038755
20.044030 147.905313 34.743330 7.474618 166.354746 -0.038760
20.044036 147.905308 34.740800 7.473099 166.345620 -0.038766
20.044042 147.905303 34.738271 7.471579 166.336494 -0.038771
20.044048 147.905299 34.735742 7.470060 166.327368 -0.038776
20.044053 147.905294 34.733213 7.468540 166.318242 -0.038781
20.044059 147.905290 34.730685 7.467021 166.309115 -0.038786
20.044065 147.905285 34.728157 7.465502 166.299989 -0.038791
20.044071 147.905281 34.725629 7.463984 166.290863 -0.038797
20.044077 147.905276 34.723102 7.462465 166.281736 -0.038802
20.044082 147.905272 34.720575 7.460946 166.272610 -0.038807
20.044088 147.905268 34.718048 7.459428 166.263484 -0.038812
20.044094 147.905264 34.715521 7.457910 166.254357 -0.038817
20.044099 147.905260 34.712995 7.456392 166.245231 -0.038822
20.044105 147.905256 34.710469 7.454874 166.236104 -0.038826
20.044110 147.905252 34.707944 7.453356 166.226978 -0.038831
20.044116 147.905248 34.705418 7.451838 166.217851 -0.038836
20.044121 147.905244 34.702894 7.450321 166.208724 -0.038841
20.044127 147.905240 34.700369 7.448804 166.199597 -0.038846
20.044132 147.905236 34.697845 7.447286 166.190471 -0.038851
20.044138 147.905233 34.695320 7.445769 166.181344 -0.038856
20.044143 147.905229 34.692797 7.444252 166.172217 -0.038860
20.044149 147.905225 34.690273 7.442736 166.163090 -0.038865
20.044154 147.905222 34.687750 7.441219 166.153963 -0.038870
20.044159 147.905218 34.685227 7.439702 166.144836 -0.038874
20.044165 147.905215 34.682705 7.438186 166.135709 -0.038879
20.044170 147.905212 34.680182 7.436670 166.126582 -0.038884
20.044175 147.905208 34.677660 7.435154 166.117455 -0.038888
20.044180 147.905205 34.675139 7.433638 166.108328 -0.038893
20.044185 147.905202 34.672617 7.432122 166.099201 -0.038897
20.044191 147.905199 34.670096 7.430606 166.090073 -0.038902
20.044196 147.905196 34.667575 7.429091 166.080946 -0.038906
20.044201 147.905193 34.665055 7.427576 166.071819 -0.038911
20.044206 147.905190 34.662534 7.426060 166.062692 -0.038915
20.044211 147.905187 34.660014 7.424545 166.053564 -0.038920
20.044216 147.905184 34.657495 7.423030 166.044437 -0.038924
20.044221 147.905182 34.654975 7.421516 166.035309 -0.038929
20.044226 147.905179 34.652456 7.420001 166.026182 -0.038933
20.044231 147.905176 34.649937 7.418486 166.017054 -0.038937
20.044236 147.905174 34.647419 7.416972 166.007926 -0.038942
20.044240 147.905171 34.644900 7.415458 165.998799 -0.038946
20.044245 147.905169 34.642382 7.413944 165.989671 -0.038950
20.044250 147.905166 34.639864 7.412430 165.980543 -0.038954
20.044255 147.905164 34.637347 7.410916 165.971415 -0.038959
20.044260 147.905162 34.634830 7.409402 165.962288 -0.038963
20.044264 147.905159 34.632313 7.407889 165.953160 -0.038967
20.044269 147.905157 34.629796 7.406376 165.944032 -0.038971
20.044274 147.905155 34.627279 7.404862 165.934904 -0.038975
20.044278 147.905153 34.624763 7.403349 165.925776 -0.038979
20.044283 147.905151 34.622247 7.401836 165.916648 -0.038983
20.044288 147.905149 34.619731 7.400324 165.907520 -0.038987
20.044292 147.905147 34.617216 7.398811 165.898391 -0.038991
20.044297 147.905145 34.614701 7.397298 165.889263 -0.038995
20.044301 147.905144 34.612186 7.395786 165.880135 -0.038999
20.044306 147.905142 34.609671 7.394274 165.871007 -0.039003
20.044310 147.905140 34.607157 7.392762 165.861878 -0.039007
20.044315 147.905139 34.604643 7.391250 165.852750 -0.039011
20.044319 147.905137 34.602129 7.389738 165.843622 -0.039015
20.044323 147.905136 34.599615 7.388226 165.834493 -0.039019
20.044328 147.905134 34.597101 7.386715 165.825365 -0.039023
20.044332 147.905133 34.594588 7.385203 165.816236 -0.039026
20.044336 147.905131 34.592075 7.383692 165.807107 -0.039030
20.044340 147.905130 34.589563 7.382181 165.797979 -0.039034
20.044345 147.905129 34.587050 7.380670 165.788850 -0.039038
20.044349 147.905128 34.584538 7.379159 165.779721 -0.039041
20.044353 147.905127 34.582026 7.377648 165.770592 -0.039045
20.044357 147.905126 34.579514 7.376138 165.761464 -0.039049
20.044361 147.905125 34.577003 7.374627 165.752335 -0.039052
20.044365 147.905124 34.574491 7.373117 165.743206 -0.039056
20.044369 147.905123 34.571980 7.371607 165.734077 -0.039059
20.044373 147.905122 34.569469 7.370097 165.724948 -0.039063
20.044377 147.905122 34.566959 7.368587 165.715819 -0.039066
20.044381 147.905121 34.564448 7.367077 165.706690 -0.039070
20.044385 147.905120 34.561938 7.365568 165.697560 -0.039073
20.044389 147.905120 34.559428 7.364058 165.688431 -0.039077
20.044393 147.905119 34.556919 7.362549 165.679302 -0.039080
20.044397 147.905119 34.554409 7.361040 165.670173 -0.039084
20.044401 147.905118 34.551900 7.359531 165.661043 -0.039087
20.044405 147.905118 34.549391 7.358022 165.651914 -0.039090
20.044408 147.905118 34.546882 7.356513 165.642784 -0.039094
20.044412 147.905118 34.544373 7.355005 165.633655 -0.039097
20.044416 147.905117 34.541865 7.353496 165.624525 -0.039100
20.044420 147.905117 34.539357 7.351988 165.615396 -0.039104
20.044423 147.905117 34.536849 7.350480 165.606266 -0.039107
20.044427 147.905117 34.534341 7.348972 165.597136 -0.039110
20.044430 147.905117 34.531833 7.347464 165.588007 -0.039113
20.044434 147.905117 34.529326 7.345956 165.578877 -0.039116
20.044438 147.905118 34.526819 7.344448 165.569747 -0.039119
20.044441 147.905118 34.524312 7.342941 165.560617 -0.039123
20.044445 147.905118 34.521805 7.341433 165.551487 -0.039126
20.044448 147.905119 34.519299 7.339926 165.542357 -0.039129
20.044452 147.905119 34.516792 7.338419 165.533227 -0.039132
20.044455 147.905119 34.514286 7.336912 165.524097 -0.039135
20.044458 147.905120 34.511780 7.335405 165.514967 -0.039138
20.044462 147.905121 34.509275 7.333899 165.505837 -0.039141
20.044465 147.905121 34.506769 7.332392 165.496707 -0.039144
20.044468 147.905122 34.504264 7.330886 165.487576 -0.039146
20.044472 147.905123 34.501759 7.329379 165.478446 -0.039149
20.044475 147.905123 34.499254 7.327873 165.469316 -0.039152
20.044478 147.905124 34.496749 7.326367 165.460185 -0.039155
20.044481 147.905125 34.494244 7.324861 165.451055 -0.039158
20.044484 147.905126 34.491740 7.323356 165.441924 -0.039161
20.044487 147.905127 34.489236 7.321850 165.432794 -0.039163
20.044491 147.905128 34.486732 7.320345 165.423663 -0.039166
20.044494 147.905129 34.484228 7.318839 165.414533 -0.039169
20.044497 147.905131 34.481724 7.317334 165.405402 -0.039171
20.044500 147.905132 34.479221 7.315829 165.396271 -0.039174
20.044503 147.905133 34.476717 7.314324 165.387140 -0.039177
20.044506 147.905135 34.474214 7.312819 165.378009 -0.039179
20.044509 147.905136 34.471711 7.311315 165.368879 -0.039182
20.044511 147.905138 34.469208 7.309810 165.359748 -0.039184
20.044514 147.905139 34.466706 7.308306 165.350617 -0.039187
20.044517 147.905141 34.464203 7.306802 165.341486 -0.039189
20.044520 147.905142 34.461701 7.305298 165.332354 -0.039192
20.044523 147.905144 34.459199 7.303794 165.323223 -0.039194
20.044526 147.905146 34.456697 7.302290 165.314092 -0.039197
20.044528 147.905148 34.454195 7.300786 165.304961 -0.039199
20.044531 147.905150 34.451694 7.299283 165.295829 -0.039202
20.044534 147.905152 34.449192 7.297779 165.286698 -0.039204
20.044536 147.905154 34.446691 7.296276 165.277567 -0.039206
20.044539 147.905156 34.444190 7.294773 165.268435 -0.039209
20.044542 147.905158 34.441689 7.293270 165.259304 -0.039211
20.044544 147.905160 34.439188 7.291767 165.250172 -0.039213
20.044547 147.905162 34.436688 7.290264 165.241041 -0.039215
20.044549 147.905164 34.434187 7.288761 165.231909 -0.039218
20.044552 147.905167 34.431687 7.287259 165.222777 -0.039220
20.044554 147.905169 34.429187 7.285757 165.213645 -0.039222
20.044557 147.905172 34.426687 7.284254 165.204514 -0.039224
20.044559 147.905174 34.424187 7.282752 165.195382 -0.039226
20.044561 147.905177 34.421687 7.281250 165.186250 -0.039228
20.044564 147.905179 34.419187 7.279749 165.177118 -0.039230
20.044566 147.905182 34.416688 7.278247 165.167986 -0.039232
20.044568 147.905185 34.414189 7.276745 165.158854 -0.039234
20.044571 147.905188 34.411690 7.275244 165.149722 -0.039236
20.044573 147.905190 34.409191 7.273743 165.140589 -0.039238
20.044575 147.905193 34.406692 7.272242 165.131457 -0.039240
20.044577 147.905196 34.404193 7.270741 165.122325 -0.039242
20.044579 147.905199 34.401694 7.269240 165.113192 -0.039244
20.044581 147.905202 34.399196 7.267739 165.104060 -0.039246
20.044583 147.905206 34.396698 7.266238 165.094928 -0.039248
20.044586 147.905209 34.394200 7.264738 165.085795 -0.039250
20.044588 147.905212 34.391701 7.263238 165.076663 -0.039251
20.044590 147.905215 34.389204 7.261737 165.067530 -0.039253
20.044592 147.905219 34.386706 7.260237 165.058397 -0.039255
20.044594 147.905222 34.384208 7.258737 165.049265 -0.039257
20.044595 147.905226 34.381711 7.257238 165.040132 -0.039258
20.044597 147.905229 34.379213 7.255738 165.030999 -0.039260
20.044599 147.905233 34.376716 7.254238 165.021866 -0.039262
20.044601 147.905236 34.374219 7.252739 165.012733 -0.039263
20.044603 147.905240 34.371722 7.251240 165.003600 -0.039265
20.044605 147.905244 34.369225 7.249741 164.994467 -0.039266
20.044606 147.905247 34.366728 7.248242 164.985334 -0.039268
20.044608 147.905251 34.364231 7.246743 164.976201 -0.039270
20.044610 147.905255 34.361735 7.245244 164.967068 -0.039271
20.044611 147.905259 34.359238 7.243745 164.957935 -0.039272
20.044613 147.905263 34.356742 7.242247 164.948801 -0.039274
20.044615 147.905267 34.354246 7.240749 164.939668 -0.039275
20.044616 147.905271 34.351749 7.239250 164.930534 -0.039277
20.044618 147.905276 34.349253 7.237752 164.921401 -0.039278
20.044619 147.905280 34.346757 7.236254 164.912267 -0.039279
20.044621 147.905284 34.344262 7.234757 164.903134 -0.039281
20.044622 147.905289 34.341766 7.233259 164.894000 -0.039282
20.044624 147.905293 34.339270 7.231761 164.884867 -0.039283
20.044625 147.905298 34.336775 7.230264 164.875733 -0.039285
20.044627 147.905302 34.334279 7.228767 164.866599 -0.039286
20.044628 147.905307 34.331784 7.227269 164.857465 -0.039287
20.044629 147.905311 34.329289 7.225772 164.848331 -0.039288
20.044631 147.905316 34.326794 7.224275 164.839197 -0.039289
20.044632 147.905321 34.324299 7.222779 164.830063 -0.039290
20.044633 147.905326 34.321804 7.221282 164.820929 -0.039292
20.044634 147.905330 34.319309 7.219786 164.811795 -0.039293
20.044636 147.905335 34.316814 7.218289 164.802661 -0.039294
20.044637 147.905340 34.314320 7.216793 164.793527 -0.039295
20.044638 147.905345 34.311825 7.215297 164.784392 -0.039296
20.044639 147.905350 34.309331 7.213801 164.775258 -0.039297
20.044640 147.905356 34.306836 7.212305 164.766124 -0.039298
20.044641 147.905361 34.304342 7.210809 164.756989 -0.039299
20.044642 147.905366 34.301848 7.209314 164.747855 -0.039299
20.044643 147.905371 34.299353 7.207818 164.738720 -0.039300
20.044644 147.905377 34.296859 7.206323 164.729586 -0.039301
20.044645 147.905382 34.294365 7.204828 164.720451 -0.039302
20.044646 147.905388 34.291871 7.203333 164.711316 -0.039303
20.044647 147.905393 34.289378 7.201838 164.702181 -0.039304
20.044648 147.905399 34.286884 7.200343 164.693047 -0.039304
20.044649 147.905404 34.284390 7.198848 164.683912 -0.039305
20.044649 147.905410 34.281896 7.197354 164.674777 -0.039306
20.044650 147.905416 34.279403 7.195859 164.665642 -0.039306
20.044651 147.905422 34.276909 7.194365 164.656507 -0.039307
20.044652 147.905427 34.274416 7.192871 164.647371 -0.039308
20.044652 147.905433 34.271923 7.191377 164.638236 -0.039308
20.044653 147.905439 34.269429 7.189883 164.629101 -0.039309
20.044654 147.905445 34.266936 7.188389 164.619966 -0.039310
20.044654 147.905451 34.264443 7.186895 164.610830 -0.039310
20.044655 147.905458 34.261950 7.185402 164.601695 -0.039311
20.044655 147.905464 34.259457 7.183908 164.592560 -0.039311
20.044656 147.905470 34.256964 7.182415 164.583424 -0.039312
20.044656 147.905476 34.254471 7.180922 164.574288 -0.039312
20.044657 147.905483 34.251978 7.179429 164.565153 -0.039312
20.044657 147.905489 34.249485 7.177936 164.556017 -0.039313
20.044658 147.905496 34.246992 7.176443 164.546881 -0.039313
20.044658 147.905502 34.244499 7.174951 164.537745 -0.039313
20.044658 147.905509 34.242007 7.173458 164.528610 -0.039314
20.044659 147.905515 34.239514 7.171966 164.519474 -0.039314
20.044659 147.905522 34.237021 7.170474 164.510338 -0.039314
20.044659 147.905529 34.234529 7.168981 164.501202 -0.039315
20.044660 147.905536 34.232036 7.167489 164.492066 -0.039315
20.044660 147.905542 34.229544 7.165998 164.482929 -0.039315
20.044660 147.905549 34.227051 7.164506 164.473793 -0.039315
20.044660 147.905556 34.224559 7.163014 164.464657 -0.039315
20.044660 147.905563 34.222067 7.161523 164.455520 -0.039315
20.044660 147.905570 34.219574 7.160031 164.446384 -0.039315
20.044660 147.905578 34.217082 7.158540 164.437248 -0.039315
20.044660 147.905585 34.214590 7.157049 164.428111 -0.039316
20.044660 147.905592 34.212098 7.155558 164.418975 -0.039316
20.044660 147.905599 34.209605 7.154067 164.409838 -0.039316
20.044660 147.905607 34.207113 7.152577 164.400701 -0.039315
20.044660 147.905614 34.204621 7.151086 164.391564 -0.039315
20.044660 147.905622 34.202129 7.149596 164.382428 -0.039315
20.044660 147.905629 34.199637 7.148105 164.373291 -0.039315
20.044660 147.905637 34.197145 7.146615 164.364154 -0.039315
20.044660 147.905644 34.194653 7.145125 164.355017 -0.039315
20.044660 147.905652 34.192161 7.143635 164.345880 -0.039315
20.044659 147.905660 34.189669 7.142145 164.336743 -0.039315
20.044659 147.905667 34.187177 7.140655 164.327605 -0.039314
20.044659 147.905675 34.184685 7.139166 164.318468 -0.039314
20.044658 147.905683 34.182193 7.137676 164.309331 -0.039314
20.044658 147.905691 34.179701 7.136187 164.300194 -0.039313
20.044658 147.905699 34.177209 7.134698 164.291056 -0.039313
20.044657 147.905707 34.174717 7.133209 164.281919 -0.039313
20.044657 147.905715 34.172225 7.131720 164.272781 -0.039312
20.044656 147.905724 34.169733 7.130231 164.263644 -0.039312
20.044656 147.905732 34.167241 7.128742 164.254506 -0.039312
20.044655 147.905740 34.164749 7.127254 164.245368 -0.039311
20.044655 147.905748 34.162257 7.125765 164.236230 -0.039311
20.044654 147.905757 34.159766 7.124277 164.227093 -0.039310
20.044654 147.905765 34.157274 7.122789 164.217955 -0.039310
20.044653 147.905774 34.154782 7.121301 164.208817 -0.039309
20.044652 147.905782 34.152290 7.119813 164.199679 -0.039308
20.044652 147.905791 34.149798 7.118325 164.190541 -0.039308
20.044651 147.905800 34.147306 7.116837 164.181402 -0.039307
20.044650 147.905808 34.144814 7.115350 164.172264 -0.039307
20.044650 147.905817 34.142322 7.113862 164.163126 -0.039306
20.044649 147.905826 34.139830 7.112375 164.153988 -0.039305
20.044648 147.905835 34.137339 7.110888 164.144849 -0.039305
20.044647 147.905844 34.134847 7.109401 164.135711 -0.039304
20.044646 147.905853 34.132355 7.107914 164.126572 -0.039303
20.044645 147.905862 34.129863 7.106427 164.117434 -0.039302
20.044644 147.905871 34.127371 7.104940 164.108295 -0.039301
20.044643 147.905880 34.124879 7.103453 164.099156 -0.039301
20.044642 147.905889 34.122387 7.101967 164.090018 -0.039300
20.044641 147.905898 34.119895 7.100481 164.080879 -0.039299
20.044640 147.905908 34.117403 7.098994 164.071740 -0.039298
20.044639 147.905917 34.114911 7.097508 164.062601 -0.039297
20.044638 147.905926 34.112418 7.096022 164.053462 -0.039296
20.044637 147.905936 34.109926 7.094537 164.044323 -0.039295
20.044636 147.905945 34.107434 7.093051 164.035184 -0.039294
20.044635 147.905955 34.104942 7.091565 164.026045 -0.039293
20.044633 147.905965 34.102450 7.090080 164.016905 -0.039292
20.044632 147.905974 34.099957 7.088594 164.007766 -0.039291
20.044631 147.905984 34.097465 7.087109 163.998627 -0.039290
20.044630 147.905994 34.094973 7.085624 163.989487 -0.039288
20.044628 147.906004 34.092481 7.084139 163.980348 -0.039287
20.044627 147.906014 34.089988 7.082654 163.971208 -0.039286
20.044626 147.906024 34.087496 7.081170 163.962068 -0.039285
20.044624 147.906034 34.085003 7.079685 163.952929 -0.039284
20.044623 147.906044 34.082511 7.078200 163.943789 -0.039282
20.044621 147.906054 34.080018 7.076716 163.934649 -0.039281
20.044620 147.906064 34.077526 7.075232 163.925509 -0.039280
20.044618 147.906074 34.075033 7.073748 163.916369 -0.039278
20.044617 147.906085 34.072540 7.072264 163.907229 -0.039277
20.044615 147.906095 34.070048 7.070780 163.898089 -0.039276
20.044614 147.906105 34.067555 7.069296 163.888949 -0.039274
20.044612 147.906116 34.065062 7.067812 163.879809 -0.039273
20.044610 147.906126 34.062569 7.066329 163.870668 -0.039271
20.044609 147.906137 34.060076 7.064845 163.861528 -0.039270
20.044607 147.906147 34.057583 7.063362 163.852388 -0.039268
20.044605 147.906158 34.055090 7.061879 163.843247 -0.039267
20.044603 147.906169 34.052597 7.060396 163.834107 -0.039265
20.044601 147.906180 34.050104 7.058913 163.824966 -0.039264
20.044600 147.906190 34.047611 7.057430 163.815825 -0.039262
20.044598 147.906201 34.045118 7.055948 163.806685 -0.039260
20.044596 147.906212 34.042624 7.054465 163.797544 -0.039259
20.044594 147.906223 34.040131 7.052983 163.788403 -0.039257
20.044592 147.906234 34.037637 7.051500 163.779262 -0.039255
20.044590 147.906245 34.035144 7.050018 163.770121 -0.039254
20.044588 147.906256 34.032650 7.048536 163.760980 -0.039252
20.044586 147.906268 34.030157 7.047054 163.751839 -0.039250
20.044584 147.906279 34.027663 7.045572 163.742698 -0.039248
20.044582 147.906290 34.025169 7.044091 163.733557 -0.039246
20.044580 147.906302 34.022675 7.042609 163.724415 -0.039245
20.044578 147.906313 34.020181 7.041128 163.715274 -0.039243
20.044575 147.906324 34.017687 7.039646 163.706132 -0.039241
20.044573 147.906336 34.015193 7.038165 163.696991 -0.039239
20.044571 147.906348 34.012699 7.036684 163.687849 -0.039237
20.044569 147.906359 34.010204 7.035203 163.678708 -0.039235
20.044567 147.906371 34.007710 7.033722 163.669566 -0.039233
20.044564 147.906383 34.005216 7.032241 163.660424 -0.039231
20.044562 147.906394 34.002721 7.030761 163.651282 -0.039229
20.044560 147.906406 34.000227 7.029280 163.642140 -0.039227
20.044557 147.906418 33.997732 7.027800 163.632998 -0.039225
20.044555 147.906430 33.995237 7.026320 163.623856 -0.039222
20.044552 147.906442 33.992742 7.024840 163.614714 -0.039220
20.044550 147.906454 33.990247 7.023360 163.605572 -0.039218
20.044547 147.906466 33.987752 7.021880 163.596430 -0.039216
20.044545 147.906478 33.985257 7.020400 163.587287 -0.039214
20.044542 147.906491 33.982762 7.018920 163.578145 -0.039211
20.044540 147.906503 33.980266 7.017441 163.569003 -0.039209
20.044537 147.906515 33.977771 7.015961 163.559860 -0.039207
20.044534 147.906528 33.975275 7.014482 163.550718 -0.039205
20.044532 147.906540 33.972780 7.013003 163.541575 -0.039202
20.044529 147.906552 33.970284 7.011524 163.532432 -0.039200
20.044526 147.906565 33.967788 7.010045 163.523289 -0.039197
20.044524 147.906578 33.965293 7.008566 163.514147 -0.039195
20.044521 147.906590 33.962797 7.007087 163.505004 -0.039192
20.044518 147.906603 33.960301 7.005609 163.495861 -0.039190
20.044515 147.906616 33.957804 7.004130 163.486718 -0.039188
20.044512 147.906628 33.955308 7.002652 163.477575 -0.039185
20.044509 147.906641 33.952812 7.001174 163.468432 -0.039182
20.044506 147.906654 33.950315 6.999696 163.459288 -0.039180
20.044503 147.906667 33.947819 6.998218 163.450145 -0.039177
20.044500 147.906680 33.945322 6.996740 163.441002 -0.039175
20.044497 147.906693 33.942826 6.995262 163.431858 -0.039172
20.044494 147.906706 33.940329 6.993784 163.422715 -0.039169
20.044491 147.906720 33.937832 6.992307 163.413571 -0.039167
20.044488 147.906733 33.935335 6.990830 163.404428 -0.039164
20.044485 147.906746 33.932838 6.989352 163.395284 -0.039161
20.044482 147.906759 33.930341 6.987875 163.386140 -0.039158
20.044479 147.906773 33.927843 6.986398 163.376997 -0.039156
20.044476 147.906786 33.925346 6.984921 163.367853 -0.039153
20.044472 147.906800 33.922849 6.983445 163.358709 -0.039150
20.044469 147.906813 33.920351 6.981968 163.349565 -0.039147
20.044466 147.906827 33.917853 6.980491 163.340421 -0.039144
20.044462 147.906841 33.915356 6.979015 163.331277 -0.039141
20.044459 147.906854 33.912858 6.977539 163.322133 -0.039138
20.044456 147.906868 33.910360 6.976063 163.312988 -0.039135
20.044452 147.906882 33.907862 6.974587 163.303844 -0.039132
20.044449 147.906896 33.905364 6.973111 163.294700 -0.039129
20.044445 147.906910 33.902865 6.971635 163.285555 -0.039126
