-79.678280 148.802326 8.221247 14.517681 324.737550 1.535932
-79.678590 148.802670 8.224306 14.518421 324.746586 1.536655
-79.678902 148.803015 8.227366 14.519162 324.755622 1.537378
-79.679213 148.803359 8.230426 14.519902 324.764658 1.538102
-79.679526 148.803703 8.233486 14.520643 324.773694 1.538826
-79.679839 148.804048 8.236545 14.521384 324.782730 1.539550
-79.680154 148.804392 8.239605 14.522125 324.791766 1.540274
-79.680469 148.804736 8.242665 14.522867 324.800801 1.540999
-79.680784 148.805081 8.245724 14.523608 324.809837 1.541723
-79.681101 148.805425 8.248784 14.524350 324.818873 1.542448
-79.681418 148.805769 8.251843 14.525092 324.827909 1.543174
-79.681736 148.806113 8.254903 14.525834 324.836944 1.543899
-79.682055 148.806458 8.257962 14.526576 324.845980 1.544625
-79.682374 148.806802 8.261021 14.527318 324.855015 1.545351
-79.682695 148.807146 8.264081 14.528061 324.864051 1.546077
-79.683016 148.807490 8.267140 14.528804 324.873086 1.546803
-79.683338 148.807834 8.270200 14.529547 324.882122 1.547530
-79.683661 148.808179 8.273259 14.530290 324.891157 1.548257
-79.683984 148.808523 8.276318 14.531033 324.900192 1.548984
-79.684308 148.808867 8.279377 14.531777 324.909227 1.549711
-79.684633 148.809211 8.282437 14.532521 324.918262 1.550439
-79.684959 148.809555 8.285496 14.533265 324.927298 1.551167
-79.685286 148.809899 8.288555 14.534009 324.936333 1.551895
-79.685613 148.810243 8.291614 14.534753 324.945368 1.552623
-79.685941 148.810588 8.294673 14.535498 324.954402 1.553352
-79.686270 148.810932 8.297732 14.536242 324.963437 1.554081
-79.686600 148.811276 8.300791 14.536987 324.972472 1.554810
-79.686930 148.811620 8.303850 14.537732 324.981507 1.555539
-79.687262 148.811964 8.306909 14.538477 324.990542 1.556268
-79.687594 148.812308 8.309968 14.539223 324.999576 1.556998
-79.687927 148.812652 8.313027 14.539969 325.008611 1.557728
-79.688260 148.812996 8.316086 14.540715 325.017645 1.558458
-79.688595 148.813340 8.319145 14.541461 325.026680 1.559189
-79.688930 148.813684 8.322204 14.542207 325.035714 1.559919
-79.689266 148.814028 8.325262 14.542953 325.044749 1.560650
-79.689603 148.814372 8.328321 14.543700 325.053783 1.561381
-79.689940 148.814716 8.331380 14.544447 325.062817 1.562113
-79.690279 148.815060 8.334438 14.545194 325.071851 1.562844
-79.690618 148.815403 8.337497 14.545941 325.080886 1.563576
-79.690958 148.815747 8.340556 14.546689 325.089920 1.564308
-79.691298 148.816091 8.343614 14.547436 325.098954 1.565041
-79.691640 148.816435 8.346673 14.548184 325.107988 1.565773
-79.691982 148.816779 8.349731 14.548932 325.117022 1.566506
-79.692325 148.817123 8.352790 14.549681 325.126056 1.567239
-79.692669 148.817467 8.355848 14.550429 325.135089 1.567972
-79.693014 148.817810 8.358907 14.551178 325.144123 1.568706
-79.693359 148.818154 8.361965 14.551927 325.153157 1.569440
-79.693706 148.818498 8.365024 14.552676 325.162190 1.570174
-79.694053 148.818842 8.368082 14.553425 325.171224 1.570908
-79.694400 148.819185 8.371140 14.554175 325.180258 1.571642
-79.694749 148.819529 8.374198 14.554925 325.189291 1.572377
-79.695099 148.819873 8.377257 14.555675 325.198325 1.573112
-79.695449 148.820217 8.380315 14.556425 325.207358 1.573847
-79.695800 148.820560 8.383373 14.557175 325.216391 1.574583
-79.696152 148.820904 8.386431 14.557926 325.225424 1.575318
-79.696504 148.821248 8.389489 14.558677 325.234458 1.576054
-79.696858 148.821591 8.392547 14.559428 325.243491 1.576791
-79.697212 148.821935 8.395605 14.560179 325.252524 1.577527
-79.697567 148.822279 8.398663 14.560930 325.261557 1.578264
-79.697922 148.822622 8.401721 14.561682 325.270590 1.579000
-79.698279 148.822966 8.404779 14.562434 325.279623 1.579738
-79.698636 148.823309 8.407837 14.563186 325.288655 1.580475
-79.698995 148.823653 8.410895 14.563938 325.297688 1.581213
-79.699354 148.823996 8.413953 14.564691 325.306721 1.581950
-79.699713 148.824340 8.417011 14.565444 325.315754 1.582688
-79.700074 148.824683 8.420068 14.566197 325.324786 1.583427
-79.700435 148.825027 8.423126 14.566950 325.333819 1.584165
-79.700797 148.825370 8.426184 14.567704 325.342851 1.584904
-79.701160 148.825714 8.429241 14.568457 325.351884 1.585643
-79.701524 148.826057 8.432299 14.569211 325.360916 1.586382
-79.701889 148.826401 8.435357 14.569965 325.369948 1.587122
-79.702254 148.826744 8.438414 14.570720 325.378980 1.587862
-79.702620 148.827088 8.441472 14.571474 325.388013 1.588602
-79.702987 148.827431 8.444529 14.572229 325.397045 1.589342
-79.703355 148.827774 8.447587 14.572984 325.406077 1.590082
-79.703724 148.828118 8.450644 14.573739 325.415109 1.590823
-79.704093 148.828461 8.453701 14.574495 325.424141 1.591564
-79.704463 148.828804 8.456759 14.575251 325.433173 1.592305
-79.704834 148.829148 8.459816 14.576007 325.442204 1.593047
-79.705206 148.829491 8.462873 14.576763 325.451236 1.593788
-79.705579 148.829834 8.465931 14.577519 325.460268 1.594530
-79.705952 148.830178 8.468988 14.578276 325.469299 1.595272
-79.706326 148.830521 8.472045 14.579033 325.478331 1.596015
-79.706701 148.830864 8.475102 14.579790 325.487363 1.596758
-79.707077 148.831207 8.478159 14.580547 325.496394 1.597500
-79.707454 148.831550 8.481216 14.581305 325.505425 1.598244
-79.707831 148.831894 8.484273 14.582063 325.514457 1.598987
-79.708209 148.832237 8.487330 14.582821 325.523488 1.599731
-79.708588 148.832580 8.490387 14.583579 325.532519 1.600474
-79.708968 148.832923 8.493444 14.584338 325.541550 1.601219
-79.709349 148.833266 8.496501 14.585096 325.550581 1.601963
-79.709731 148.833609 8.499558 14.585855 325.559612 1.602708
-79.710113 148.833952 8.502615 14.586615 325.568643 1.603452
-79.710496 148.834296 8.505671 14.587374 325.577674 1.604197
-79.710880 148.834639 8.508728 14.588134 325.586705 1.604943
-79.711265 148.834982 8.511785 14.588894 325.595736 1.605688
-79.711650 148.835325 8.514841 14.589654 325.604766 1.606434
-79.712037 148.835668 8.517898 14.590415 325.613797 1.607180
-79.712424 148.836011 8.520955 14.591175 325.622827 1.607926
-79.712812 148.836354 8.524011 14.591936 325.631858 1.608673
-79.713201 148.836697 8.527068 14.592697 325.640888 1.609420
-79.713590 148.837040 8.530124 14.593459 325.649919 1.610167
-79.713981 148.837382 8.533181 14.594221 325.658949 1.610914
-79.714372 148.837725 8.536237 14.594983 325.667979 1.611662
-79.714764 148.838068 8.539293 14.595745 325.677009 1.612409
-79.715157 148.838411 8.542350 14.596507 325.686039 1.613157
-79.715551 148.838754 8.545406 14.597270 325.695070 1.613906
-79.715945 148.839097 8.548462 14.598033 325.704099 1.614654
-79.716340 148.839440 8.551518 14.598796 325.713129 1.615403
-79.716737 148.839782 8.554574 14.599560 325.722159 1.616152
-79.717134 148.840125 8.557631 14.600323 325.731189 1.616901
-79.717531 148.840468 8.560687 14.601087 325.740219 1.617651
-79.717930 148.840811 8.563743 14.601852 325.749248 1.618400
-79.718329 148.841154 8.566799 14.602616 325.758278 1.619150
-79.718730 148.841496 8.569855 14.603381 325.767307 1.619900
-79.719131 148.841839 8.572911 14.604146 325.776337 1.620651
-79.719533 148.842182 8.575967 14.604911 325.785366 1.621402
-79.719935 148.842524 8.579022 14.605676 325.794396 1.622153
-79.720339 148.842867 8.582078 14.606442 325.803425 1.622904
-79.720743 148.843210 8.585134 14.607208 325.812454 1.623655
-79.721148 148.843552 8.588190 14.607975 325.821483 1.624407
-79.721554 148.843895 8.591245 14.608741 325.830512 1.625159
-79.721961 148.844237 8.594301 14.609508 325.839541 1.625911
-79.722369 148.844580 8.597357 14.610275 325.848570 1.626663
-79.722777 148.844922 8.600412 14.611042 325.857599 1.627416
-79.723187 148.845265 8.603468 14.611810 325.866628 1.628169
-79.723597 148.845608 8.606523 14.612578 325.875656 1.628922
-79.724008 148.845950 8.609579 14.613346 325.884685 1.629675
-79.724420 148.846292 8.612634 14.614114 325.893713 1.630429
-79.724832 148.846635 8.615689 14.614883 325.902742 1.631183
-79.725246 148.846977 8.618745 14.615652 325.911770 1.631937
-79.725660 148.847320 8.621800 14.616421 325.920799 1.632692
-79.726075 148.847662 8.624855 14.617191 325.929827 1.633446
-79.726491 148.848005 8.627911 14.617960 325.938855 1.634201
-79.726908 148.848347 8.630966 14.618730 325.947883 1.634956
-79.727325 148.848689 8.634021 14.619501 325.956911 1.635712
-79.727744 148.849032 8.637076 14.620271 325.965939 1.636467
-79.728163 148.849374 8.640131 14.621042 325.974967 1.637223
-79.728583 148.849716 8.643186 14.621813 325.983995 1.637979
-79.729004 148.850058 8.646241 14.622585 325.993023 1.638735
-79.729426 148.850401 8.649296 14.623356 326.002051 1.639492
-79.729848 148.850743 8.652351 14.624128 326.011079 1.640249
-79.730272 148.851085 8.655406 14.624900 326.020106 1.641006
-79.730696 148.851427 8.658460 14.625673 326.029134 1.641763
-79.731121 148.851770 8.661515 14.626446 326.038161 1.642521
-79.731547 148.852112 8.664570 14.627219 326.047188 1.643279
-79.731974 148.852454 8.667625 14.627992 326.056216 1.644037
-79.732401 148.852796 8.670679 14.628765 326.065243 1.644795
-79.732830 148.853138 8.673734 14.629539 326.074270 1.645554
-79.733259 148.853480 8.676788 14.630314 326.083297 1.646313
-79.733689 148.853822 8.679843 14.631088 326.092324 1.647072
-79.734120 148.854164 8.682897 14.631863 326.101351 1.647831
-79.734552 148.854506 8.685952 14.632638 326.110378 1.648591
-79.734984 148.854848 8.689006 14.633413 326.119405 1.649351
-79.735418 148.855190 8.692061 14.634188 326.128432 1.650111
-79.735852 148.855532 8.695115 14.634964 326.137458 1.650871
-79.736287 148.855874 8.698169 14.635740 326.146485 1.651632
-79.736723 148.856216 8.701223 14.636517 326.155512 1.652392
-79.737160 148.856558 8.704277 14.637294 326.164538 1.653154
-79.737598 148.856900 8.707332 14.638071 326.173564 1.653915
-79.738036 148.857242 8.710386 14.638848 326.182591 1.654676
-79.738475 148.857584 8.713440 14.639625 326.191617 1.655438
-79.738915 148.857926 8.716494 14.640403 326.200643 1.656200
-79.739356 148.858267 8.719548 14.641182 326.209669 1.656963
-79.739798 148.858609 8.722602 14.641960 326.218695 1.657725
-79.740241 148.858951 8.725655 14.642739 326.227721 1.658488
-79.740684 148.859293 8.728709 14.643518 326.236747 1.659251
-79.741129 148.859634 8.731763 14.644297 326.245773 1.660015
-79.741574 148.859976 8.734817 14.645077 326.254798 1.660778
-79.742020 148.860318 8.737871 14.645857 326.263824 1.661542
-79.742467 148.860660 8.740924 14.646637 326.272850 1.662306
-79.742915 148.861001 8.743978 14.647417 326.281875 1.663070
-79.743363 148.861343 8.747031 14.648198 326.290901 1.663835
-79.743813 148.861684 8.750085 14.648979 326.299926 1.664600
-79.744263 148.862026 8.753138 14.649761 326.308951 1.665365
-79.744714 148.862368 8.756192 14.650542 326.317976 1.666130
-79.745166 148.862709 8.759245 14.651324 326.327002 1.666896
-79.745619 148.863051 8.762298 14.652107 326.336027 1.667662
-79.746073 148.863392 8.765352 14.652889 326.345052 1.668428
-79.746527 148.863734 8.768405 14.653672 326.354077 1.669194
-79.746983 148.864075 8.771458 14.654455 326.363101 1.669961
-79.747439 148.864417 8.774511 14.655239 326.372126 1.670728
-79.747896 148.864758 8.777565 14.656023 326.381151 1.671495
-79.748354 148.865100 8.780618 14.656807 326.390175 1.672262
-79.748813 148.865441 8.783671 14.657591 326.399200 1.673030
-79.749272 148.865782 8.786724 14.658376 326.408224 1.673797
-79.749733 148.866124 8.789777 14.659161 326.417249 1.674566
-79.750194 148.866465 8.792829 14.659946 326.426273 1.675334
-79.750656 148.866806 8.795882 14.660732 326.435297 1.676102
-79.751119 148.867148 8.798935 14.661518 326.444321 1.676871
-79.751583 148.867489 8.801988 14.662304 326.453345 1.677640
-79.752048 148.867830 8.805041 14.663091 326.462369 1.678410
-79.752514 148.868171 8.808093 14.663878 326.471393 1.679179
-79.752980 148.868513 8.811146 14.664665 326.480417 1.679949
-79.753447 148.868854 8.814198 14.665453 326.489441 1.680719
-79.753915 148.869195 8.817251 14.666240 326.498465 1.681490
-79.754385 148.869536 8.820303 14.667029 326.507488 1.682260
-79.754854 148.869877 8.823356 14.667817 326.516512 1.683031
-79.755325 148.870218 8.826408 14.668606 326.525535 1.683802
-79.755797 148.870559 8.829461 14.669395 326.534559 1.684574
-79.756269 148.870900 8.832513 14.670184 326.543582 1.685346
-79.756742 148.871242 8.835565 14.670974 326.552605 1.686117
-79.757217 148.871583 8.838617 14.671764 326.561628 1.686890
-79.757692 148.871924 8.841669 14.672554 326.570651 1.687662
-79.758168 148.872265 8.844722 14.673345 326.579674 1.688435
-79.758644 148.872605 8.847774 14.674136 326.588697 1.689208
-79.759122 148.872946 8.850826 14.674928 326.597720 1.689981
-79.759600 148.873287 8.853878 14.675719 326.606743 1.690754
-79.760080 148.873628 8.856930 14.676511 326.615765 1.691528
-79.760560 148.873969 8.859981 14.677303 326.624788 1.692302
-79.761041 148.874310 8.863033 14.678096 326.633810 1.693076
-79.761523 148.874651 8.866085 14.678889 326.642833 1.693850
-79.762006 148.874992 8.869137 14.679682 326.651855 1.694625
-79.762489 148.875332 8.872188 14.680476 326.660877 1.695400
-79.762974 148.875673 8.875240 14.681270 326.669900 1.696175
-79.763459 148.876014 8.878292 14.682064 326.678922 1.696951
-79.763945 148.876355 8.881343 14.682859 326.687944 1.697726
-79.764433 148.876695 8.884395 14.683654 326.696966 1.698502
-79.764921 148.877036 8.887446 14.684449 326.705988 1.699279
-79.765409 148.877377 8.890497 14.685244 326.715009 1.700055
-79.765899 148.877717 8.893549 14.686040 326.724031 1.700832
-79.766390 148.878058 8.896600 14.686837 326.733053 1.701609
-79.766881 148.878398 8.899651 14.687633 326.742074 1.702386
-79.767373 148.878739 8.902703 14.688430 326.751096 1.703163
-79.767867 148.879080 8.905754 14.689227 326.760117 1.703941
-79.768361 148.879420 8.908805 14.690025 326.769138 1.704719
-79.768856 148.879761 8.911856 14.690823 326.778160 1.705498
-79.769351 148.880101 8.914907 14.691621 326.787181 1.706276
-79.769848 148.880441 8.917958 14.692420 326.796202 1.707055
-79.770346 148.880782 8.921009 14.693218 326.805223 1.707834
-79.770844 148.881122 8.924060 14.694018 326.814244 1.708613
-79.771343 148.881463 8.927110 14.694817 326.823264 1.709393
-79.771843 148.881803 8.930161 14.695617 326.832285 1.710173
-79.772344 148.882143 8.933212 14.696417 326.841306 1.710953
-79.772846 148.882484 8.936262 14.697218 326.850326 1.711733
-79.773349 148.882824 8.939313 14.698019 326.859347 1.712513
-79.773853 148.883164 8.942364 14.698820 326.868367 1.713294
-79.774357 148.883505 8.945414 14.699622 326.877388 1.714075
-79.774863 148.883845 8.948465 14.700424 326.886408 1.714857
-79.775369 148.884185 8.951515 14.701226 326.895428 1.715638
-79.775876 148.884525 8.954565 14.702029 326.904448 1.716420
-79.776384 148.884865 8.957616 14.702832 326.913468 1.717202
-79.776893 148.885205 8.960666 14.703635 326.922488 1.717985
-79.777403 148.885545 8.963716 14.704439 326.931508 1.718767
-79.777913 148.885886 8.966766 14.705243 326.940527 1.719550
-79.778425 148.886226 8.969816 14.706048 326.949547 1.720333
-79.778937 148.886566 8.972866 14.706852 326.958566 1.721117
-79.779450 148.886906 8.975916 14.707657 326.967586 1.721900
-79.779965 148.887246 8.978966 14.708463 326.976605 1.722684
-79.780480 148.887586 8.982016 14.709269 326.985625 1.723469
-79.780996 148.887926 8.985066 14.710075 326.994644 1.724253
-79.781512 148.888266 8.988116 14.710881 327.003663 1.725038
-79.782030 148.888605 8.991166 14.711688 327.012682 1.725823
-79.782549 148.888945 8.994215 14.712495 327.021701 1.726608
-79.783068 148.889285 8.997265 14.713303 327.030720 1.727393
-79.783588 148.889625 9.000315 14.714111 327.039739 1.728179
-79.784110 148.889965 9.003364 14.714919 327.048757 1.728965
-79.784632 148.890305 9.006414 14.715728 327.057776 1.729751
-79.785155 148.890644 9.009463 14.716537 327.066794 1.730538
-79.785678 148.890984 9.012512 14.717346 327.075813 1.731325
-79.786203 148.891324 9.015562 14.718156 327.084831 1.732112
-79.786729 148.891663 9.018611 14.718966 327.093850 1.732899
-79.787255 148.892003 9.021660 14.719777 327.102868 1.733686
-79.787783 148.892343 9.024709 14.720587 327.111886 1.734474
-79.788311 148.892682 9.027759 14.721399 327.120904 1.735262
-79.788840 148.893022 9.030808 14.722210 327.129922 1.736051
-79.789370 148.893361 9.033857 14.723022 327.138940 1.736839
-79.789901 148.893701 9.036906 14.723834 327.147957 1.737628
-79.790433 148.894041 9.039954 14.724647 327.156975 1.738417
-79.790966 148.894380 9.043003 14.725460 327.165993 1.739207
-79.791499 148.894719 9.046052 14.726273 327.175010 1.739996
-79.792034 148.895059 9.049101 14.727087 327.184027 1.740786
-79.792569 148.895398 9.052150 14.727901 327.193045 1.741576
-79.793105 148.895738 9.055198 14.728715 327.202062 1.742367
-79.793643 148.896077 9.058247 14.729530 327.211079 1.743157
-79.794181 148.896416 9.061295 14.730346 327.220096 1.743948
-79.794720 148.896756 9.064344 14.731161 327.229113 1.744739
-79.795259 148.897095 9.067392 14.731977 327.238130 1.745531
-79.795800 148.897434 9.070441 14.732793 327.247147 1.746323
-79.796342 148.897774 9.073489 14.733610 327.256163 1.747115
-79.796884 148.898113 9.076537 14.734427 327.265180 1.747907
-79.797428 148.898452 9.079585 14.735245 327.274197 1.748699
-79.797972 148.898791 9.082634 14.736062 327.283213 1.749492
-79.798517 148.899130 9.085682 14.736881 327.292229 1.750285
-79.799063 148.899469 9.088730 14.737699 327.301246 1.751078
-79.799610 148.899808 9.091778 14.738518 327.310262 1.751872
-79.800158 148.900148 9.094826 14.739337 327.319278 1.752666
-79.800707 148.900487 9.097874 14.740157 327.328294 1.753460
-79.801257 148.900826 9.100921 14.740977 327.337310 1.754254
-79.801807 148.901165 9.103969 14.741798 327.346325 1.755049
-79.802359 148.901504 9.107017 14.742618 327.355341 1.755843
-79.802911 148.901843 9.110065 14.743440 327.364357 1.756639
-79.803464 148.902181 9.113112 14.744261 327.373372 1.757434
-79.804018 148.902520 9.116160 14.745083 327.382388 1.758230
-79.804573 148.902859 9.119207 14.745906 327.391403 1.759026
-79.805129 148.903198 9.122255 14.746728 327.400418 1.759822
-79.805686 148.903537 9.125302 14.747551 327.409433 1.760618
-79.806244 148.903876 9.128350 14.748375 327.418449 1.761415
-79.806803 148.904214 9.131397 14.749199 327.427464 1.762212
-79.807362 148.904553 9.134444 14.750023 327.436478 1.763009
-79.807923 148.904892 9.137491 14.750848 327.445493 1.763806
-79.808484 148.905231 9.140538 14.751673 327.454508 1.764604
-79.809046 148.905569 9.143585 14.752498 327.463523 1.765402
-79.809609 148.905908 9.146632 14.753324 327.472537 1.766200
-79.810173 148.906246 9.149679 14.754150 327.481551 1.766999
-79.810738 148.906585 9.152726 14.754977 327.490566 1.767798
-79.811304 148.906924 9.155773 14.755804 327.499580 1.768597
-79.811871 148.907262 9.158820 14.756631 327.508594 1.769396
-79.812438 148.907601 9.161867 14.757459 327.517608 1.770196
-79.813007 148.907939 9.164913 14.758287 327.526622 1.770995
-79.813576 148.908278 9.167960 14.759115 327.535636 1.771796
-79.814146 148.908616 9.171006 14.759944 327.544650 1.772596
-79.814718 148.908954 9.174053 14.760774 327.553664 1.773396
-79.815290 148.909293 9.177099 14.761603 327.562677 1.774197
-79.815863 148.909631 9.180146 14.762433 327.571691 1.774998
-79.816436 148.909969 9.183192 14.763264 327.580704 1.775800
-79.817011 148.910308 9.186238 14.764095 327.589717 1.776602
-79.817587 148.910646 9.189285 14.764926 327.598731 1.777403
-79.818163 148.910984 9.192331 14.765757 327.607744 1.778206
-79.818741 148.911323 9.195377 14.766589 327.616757 1.779008
-79.819319 148.911661 9.198423 14.767422 327.625770 1.779811
-79.819898 148.911999 9.201469 14.768254 327.634783 1.780614
-79.820478 148.912337 9.204515 14.769088 327.643795 1.781417
-79.821059 148.912675 9.207561 14.769921 327.652808 1.782220
-79.821641 148.913013 9.210607 14.770755 327.661821 1.783024
-79.822223 148.913351 9.213653 14.771589 327.670833 1.783828
-79.822807 148.913689 9.216698 14.772424 327.679845 1.784632
-79.823391 148.914027 9.219744 14.773259 327.688858 1.785437
-79.823977 148.914365 9.222790 14.774095 327.697870 1.786242
-79.824563 148.914703 9.225835 14.774930 327.706882 1.787047
-79.825150 148.915041 9.228881 14.775767 327.715894 1.787852
-79.825738 148.915379 9.231926 14.776603 327.724906 1.788657
-79.826327 148.915717 9.234971 14.777440 327.733918 1.789463
-79.826917 148.916055 9.238017 14.778278 327.742930 1.790269
-79.827508 148.916393 9.241062 14.779115 327.751941 1.791076
-79.828099 148.916731 9.244107 14.779954 327.760953 1.791882
-79.828692 148.917068 9.247152 14.780792 327.769964 1.792689
-79.829285 148.917406 9.250197 14.781631 327.778976 1.793496
-79.829879 148.917744 9.253243 14.782470 327.787987 1.794304
-79.830474 148.918082 9.256288 14.783310 327.796998 1.795111
-79.831070 148.918419 9.259332 14.784150 327.806009 1.795919
-79.831667 148.918757 9.262377 14.784991 327.815020 1.796727
-79.832265 148.919095 9.265422 14.785832 327.824031 1.797536
-79.832863 148.919432 9.268467 14.786673 327.833042 1.798344
-79.833463 148.919770 9.271512 14.787515 327.842052 1.799153
-79.834063 148.920107 9.274556 14.788357 327.851063 1.799962
-79.834664 148.920445 9.277601 14.789199 327.860073 1.800772
-79.835266 148.920782 9.280645 14.790042 327.869084 1.801581
-79.835869 148.921120 9.283690 14.790885 327.878094 1.802391
-79.836473 148.921457 9.286734 14.791729 327.887104 1.803201
-79.837078 148.921795 9.289779 14.792573 327.896115 1.804012
-79.837684 148.922132 9.292823 14.793418 327.905125 1.804823
-79.838290 148.922469 9.295867 14.794262 327.914134 1.805634
-79.838898 148.922807 9.298911 14.795108 327.923144 1.806445
-79.839506 148.923144 9.301955 14.795953 327.932154 1.807256
-79.840115 148.923481 9.305000 14.796799 327.941164 1.808068
-79.840725 148.923819 9.308044 14.797646 327.950173 1.808880
-79.841336 148.924156 9.311088 14.798492 327.959183 1.809692
-79.841948 148.924493 9.314131 14.799340 327.968192 1.810505
-79.842560 148.924830 9.317175 14.800187 327.977201 1.811318
-79.843174 148.925167 9.320219 14.801035 327.986210 1.812131
-79.843788 148.925505 9.323263 14.801883 327.995219 1.812944
-79.844403 148.925842 9.326306 14.802732 328.004228 1.813757
-79.845019 148.926179 9.329350 14.803581 328.013237 1.814571
-79.845636 148.926516 9.332394 14.804431 328.022246 1.815385
-79.846254 148.926853 9.335437 14.805281 328.031255 1.816200
-79.846873 148.927190 9.338481 14.806131 328.040263 1.817014
-79.847493 148.927527 9.341524 14.806982 328.049272 1.817829
-79.848113 148.927864 9.344567 14.807833 328.058280 1.818644
-79.848734 148.928201 9.347611 14.808684 328.067288 1.819459
-79.849357 148.928538 9.350654 14.809536 328.076297 1.820275
-79.849980 148.928874 9.353697 14.810389 328.085305 1.821091
-79.850604 148.929211 9.356740 14.811241 328.094313 1.821907
-79.851229 148.929548 9.359783 14.812094 328.103321 1.822723
-79.851854 148.929885 9.362826 14.812948 328.112328 1.823540
-79.852481 148.930222 9.365869 14.813802 328.121336 1.824357
-79.853108 148.930558 9.368912 14.814656 328.130344 1.825174
-79.853737 148.930895 9.371955 14.815511 328.139351 1.825991
-79.854366 148.931232 9.374997 14.816366 328.148359 1.826809
-79.854996 148.931568 9.378040 14.817221 328.157366 1.827627
-79.855627 148.931905 9.381083 14.818077 328.166373 1.828445
-79.856258 148.932242 9.384125 14.818934 328.175380 1.829263
-79.856891 148.932578 9.387168 14.819790 328.184387 1.830082
-79.857525 148.932915 9.390210 14.820647 328.193394 1.830901
-79.858159 148.933251 9.393252 14.821505 328.202401 1.831720
-79.858794 148.933588 9.396295 14.822363 328.211408 1.832540
-79.859430 148.933924 9.399337 14.823221 328.220414 1.833359
-79.860067 148.934261 9.402379 14.824079 328.229421 1.834179
-79.860705 148.934597 9.405421 14.824938 328.238427 1.834999
-79.861344 148.934934 9.408464 14.825798 328.247434 1.835820
-79.861983 148.935270 9.411506 14.826658 328.256440 1.836640
-79.862624 148.935606 9.414548 14.827518 328.265446 1.837461
-79.863265 148.935943 9.417589 14.828379 328.274452 1.838283
-79.863907 148.936279 9.420631 14.829240 328.283458 1.839104
-79.864550 148.936615 9.423673 14.830101 328.292464 1.839926
-79.865194 148.936951 9.426715 14.830963 328.301469 1.840748
-79.865839 148.937287 9.429757 14.831825 328.310475 1.841570
-79.866484 148.937624 9.432798 14.832688 328.319481 1.842392
-79.867131 148.937960 9.435840 14.833551 328.328486 1.843215
-79.867778 148.938296 9.438881 14.834414 328.337491 1.844038
-79.868426 148.938632 9.441923 14.835278 328.346497 1.844861
-79.869075 148.938968 9.444964 14.836142 328.355502 1.845685
-79.869725 148.939304 9.448005 14.837007 328.364507 1.846509
-79.870376 148.939640 9.451047 14.837872 328.373512 1.847333
-79.871028 148.939976 9.454088 14.838738 328.382516 1.848157
-79.871680 148.940312 9.457129 14.839603 328.391521 1.848981
-79.872333 148.940648 9.460170 14.840470 328.400526 1.849806
-79.872987 148.940984 9.463211 14.841336 328.409530 1.850631
-79.873642 148.941320 9.466252 14.842203 328.418535 1.851456
-79.874298 148.941656 9.469293 14.843071 328.427539 1.852282
-79.874955 148.941991 9.472334 14.843939 328.436543 1.853108
-79.875613 148.942327 9.475375 14.844807 328.445547 1.853934
-79.876271 148.942663 9.478415 14.845676 328.454551 1.854760
-79.876930 148.942999 9.481456 14.846545 328.463555 1.855586
-79.877591 148.943335 9.484497 14.847414 328.472559 1.856413
-79.878252 148.943670 9.487537 14.848284 328.481563 1.857240
-79.878914 148.944006 9.490578 14.849154 328.490567 1.858068
-79.879576 148.944342 9.493618 14.850025 328.499570 1.858895
-79.880240 148.944677 9.496659 14.850896 328.508573 1.859723
-79.880904 148.945013 9.499699 14.851767 328.517577 1.860551
-79.881570 148.945348 9.502739 14.852639 328.526580 1.861379
-79.882236 148.945684 9.505779 14.853512 328.535583 1.862208
-79.882903 148.946019 9.508819 14.854384 328.544586 1.863037
-79.883570 148.946355 9.511859 14.855257 328.553589 1.863866
-79.884239 148.946690 9.514899 14.856131 328.562592 1.864695
-79.884909 148.947026 9.517939 14.857005 328.571594 1.865524
-79.885579 148.947361 9.520979 14.857879 328.580597 1.866354
-79.886250 148.947696 9.524019 14.858754 328.589600 1.867184
-79.886922 148.948032 9.527059 14.859629 328.598602 1.868015
-79.887595 148.948367 9.530099 14.860504 328.607604 1.868845
-79.888269 148.948702 9.533138 14.861380 328.616606 1.869676
-79.888944 148.949038 9.536178 14.862257 328.625609 1.870507
-79.889619 148.949373 9.539217 14.863133 328.634611 1.871338
-79.890296 148.949708 9.542257 14.864011 328.643612 1.872170
-79.890973 148.950043 9.545296 14.864888 328.652614 1.873002
-79.891651 148.950378 9.548336 14.865766 328.661616 1.873834
-79.892330 148.950713 9.551375 14.866644 328.670617 1.874666
-79.893009 148.951049 9.554414 14.867523 328.679619 1.875499
-79.893690 148.951384 9.557453 14.868402 328.688620 1.876331
-79.894371 148.951719 9.560492 14.869282 328.697622 1.877164
-79.895054 148.952054 9.563531 14.870162 328.706623 1.877998
-79.895737 148.952389 9.566570 14.871042 328.715624 1.878831
-79.896421 148.952724 9.569609 14.871923 328.724625 1.879665
-79.897105 148.953059 9.572648 14.872804 328.733626 1.880499
-79.897791 148.953393 9.575687 14.873686 328.742626 1.881333
-79.898478 148.953728 9.578726 14.874568 328.751627 1.882168
-79.899165 148.954063 9.581764 14.875450 328.760627 1.883003
-79.899853 148.954398 9.584803 14.876333 328.769628 1.883838
-79.900542 148.954733 9.587842 14.877216 328.778628 1.884673
-79.901232 148.955068 9.590880 14.878100 328.787628 1.885509
-79.901923 148.955402 9.593918 14.878984 328.796629 1.886345
-79.902614 148.955737 9.596957 14.879869 328.805629 1.887181
-79.903307 148.956072 9.599995 14.880753 328.814629 1.888017
-79.904000 148.956406 9.603033 14.881639 328.823628 1.888853
-79.904694 148.956741 9.606072 14.882524 328.832628 1.889690
-79.905389 148.957076 9.609110 14.883411 328.841628 1.890527
-79.906084 148.957410 9.612148 14.884297 328.850627 1.891365
-79.906781 148.957745 9.615186 14.885184 328.859627 1.892202
-79.907478 148.958079 9.618224 14.886071 328.868626 1.893040
-79.908177 148.958414 9.621262 14.886959 328.877625 1.893878
-79.908876 148.958748 9.624299 14.887847 328.886624 1.894716
-79.909576 148.959083 9.627337 14.888736 328.895623 1.895555
-79.910276 148.959417 9.630375 14.889625 328.904622 1.896394
-79.910978 148.959751 9.633413 14.890514 328.913621 1.897233
-79.911680 148.960086 9.636450 14.891404 328.922619 1.898072
-79.912384 148.960420 9.639488 14.892294 328.931618 1.898911
-79.913088 148.960754 9.642525 14.893185 328.940616 1.899751
-79.913793 148.961089 9.645562 14.894076 328.949615 1.900591
-79.914499 148.961423 9.648600 14.894967 328.958613 1.901432
-79.915205 148.961757 9.651637 14.895859 328.967611 1.902272
-79.915913 148.962091 9.654674 14.896752 328.976609 1.903113
-79.916621 148.962425 9.657711 14.897644 328.985607 1.903954
-79.917330 148.962759 9.660748 14.898537 328.994605 1.904795
-79.918040 148.963094 9.663785 14.899431 329.003603 1.905637
-79.918751 148.963428 9.666822 14.900325 329.012600 1.906478
-79.919462 148.963762 9.669859 14.901219 329.021598 1.907321
-79.920175 148.964096 9.672896 14.902114 329.030595 1.908163
-79.920888 148.964430 9.675933 14.903009 329.039592 1.909005
-79.921602 148.964764 9.678970 14.903905 329.048589 1.909848
-79.922317 148.965098 9.682006 14.904801 329.057586 1.910691
