-19.597011 152.259155 51.560087 27.272672 1.154662 -0.000000
-19.597301 152.260207 51.569310 27.275121 1.155014 -0.000000
-19.597592 152.261258 51.578533 27.277570 1.155364 -0.000000
-19.597883 152.262310 51.587755 27.280021 1.155711 -0.000000
-19.598175 152.263360 51.596978 27.282472 1.156056 -0.000000
-19.598467 152.264411 51.606200 27.284925 1.156399 -0.000000
-19.598760 152.265461 51.615422 27.287378 1.156740 -0.000000
-19.599054 152.266512 51.624644 27.289833 1.157078 -0.000000
-19.599349 152.267561 51.633865 27.292289 1.157414 -0.000000
-19.599644 152.268611 51.643087 27.294746 1.157747 -0.000000
-19.599940 152.269660 51.652308 27.297204 1.158079 -0.000000
-19.600236 152.270709 51.661529 27.299663 1.158408 -0.000000
-19.600533 152.271758 51.670750 27.302123 1.158734 -0.000000
-19.600831 152.272807 51.679971 27.304585 1.159058 -0.000000
-19.601129 152.273855 51.689192 27.307047 1.159380 -0.000000
-19.601429 152.274903 51.698412 27.309510 1.159700 -0.000000
-19.601728 152.275951 51.707632 27.311975 1.160017 -0.000000
-19.602029 152.276998 51.716852 27.314441 1.160332 -0.000000
-19.602330 152.278046 51.726072 27.316907 1.160644 -0.000000
-19.602632 152.279093 51.735292 27.319375 1.160955 -0.000000
-19.602934 152.280139 51.744511 27.321844 1.161262 -0.000000
-19.603237 152.281186 51.753731 27.324314 1.161568 -0.000000
-19.603541 152.282232 51.762950 27.326785 1.161871 -0.000000
-19.603845 152.283278 51.772169 27.329257 1.162171 -0.000000
-19.604150 152.284323 51.781388 27.331730 1.162470 -0.000000
-19.604455 152.285369 51.790606 27.334204 1.162765 -0.000000
-19.604762 152.286414 51.799825 27.336679 1.163059 -0.000000
-19.605069 152.287458 51.809043 27.339156 1.163350 -0.000000
-19.605376 152.288503 51.818261 27.341633 1.163639 -0.000000
-19.605684 152.289547 51.827479 27.344112 1.163925 -0.000000
-19.605993 152.290591 51.836697 27.346592 1.164209 -0.000000
-19.606302 152.291634 51.845914 27.349072 1.164490 -0.000000
-19.606613 152.292678 51.855131 27.351554 1.164769 -0.000000
-19.606923 152.293721 51.864349 27.354037 1.165046 -0.000000
-19.607235 152.294764 51.873565 27.356521 1.165320 -0.000000
-19.607547 152.295806 51.882782 27.359006 1.165592 -0.000000
-19.607859 152.296848 51.891999 27.361492 1.165861 -0.000000
-19.608172 152.297890 51.901215 27.363979 1.166128 -0.000000
-19.608486 152.298932 51.910431 27.366467 1.166393 -0.000000
-19.608801 152.299973 51.919647 27.368957 1.166655 -0.000000
-19.609116 152.301014 51.928863 27.371447 1.166914 -0.000000
-19.609432 152.302055 51.938078 27.373938 1.167171 -0.000000
-19.609748 152.303095 51.947294 27.376431 1.167426 -0.000000
-19.610065 152.304136 51.956509 27.378925 1.167678 -0.000000
-19.610383 152.305176 51.965724 27.381419 1.167928 -0.000000
-19.610701 152.306215 51.974939 27.383915 1.168176 -0.000000
-19.611020 152.307254 51.984153 27.386412 1.168421 -0.000000
-19.611339 152.308293 51.993367 27.388910 1.168663 -0.000000
-19.611659 152.309332 52.002582 27.391409 1.168903 -0.000000
-19.611980 152.310370 52.011795 27.393909 1.169140 -0.000000
-19.612301 152.311409 52.021009 27.396410 1.169375 -0.000000
-19.612623 152.312446 52.030223 27.398912 1.169608 -0.000000
-19.612946 152.313484 52.039436 27.401415 1.169838 -0.000000
-19.613269 152.314521 52.048649 27.403920 1.170066 -0.000000
-19.613593 152.315558 52.057862 27.406425 1.170291 -0.000000
-19.613917 152.316594 52.067075 27.408932 1.170513 -0.000000
-19.614242 152.317631 52.076287 27.411439 1.170733 -0.000000
-19.614568 152.318667 52.085499 27.413948 1.170951 -0.000000
-19.614894 152.319702 52.094711 27.416458 1.171166 -0.000000
-19.615221 152.320738 52.103923 27.418968 1.171379 -0.000000
-19.615548 152.321773 52.113135 27.421480 1.171589 -0.000000
-19.615876 152.322807 52.122346 27.423993 1.171796 -0.000000
-19.616205 152.323842 52.131558 27.426507 1.172001 -0.000000
-19.616534 152.324876 52.140769 27.429022 1.172204 -0.000000
-19.616864 152.325910 52.149979 27.431538 1.172404 -0.000000
-19.617194 152.326943 52.159190 27.434055 1.172601 -0.000000
-19.617525 152.327976 52.168400 27.436574 1.172796 -0.000000
-19.617857 152.329009 52.177610 27.439093 1.172988 -0.000000
-19.618189 152.330041 52.186820 27.441614 1.173178 -0.000000
-19.618522 152.331074 52.196030 27.444135 1.173365 -0.000000
-19.618855 152.332105 52.205239 27.446658 1.173550 -0.000000
-19.619189 152.333137 52.214448 27.449181 1.173732 -0.000000
-19.619524 152.334168 52.223657 27.451706 1.173912 -0.000000
-19.619859 152.335199 52.232866 27.454232 1.174089 -0.000000
-19.620195 152.336230 52.242075 27.456758 1.174263 -0.000000
-19.620531 152.337260 52.251283 27.459286 1.174435 -0.000000
-19.620868 152.338290 52.260491 27.461815 1.174605 -0.000000
-19.621205 152.339319 52.269699 27.464345 1.174771 -0.000000
-19.621544 152.340349 52.278907 27.466876 1.174936 -0.000000
-19.621882 152.341378 52.288114 27.469409 1.175097 -0.000000
-19.622221 152.342406 52.297321 27.471942 1.175256 -0.000000
-19.622561 152.343435 52.306528 27.474476 1.175413 -0.000000
-19.622902 152.344462 52.315735 27.477012 1.175566 -0.000000
-19.623243 152.345490 52.324941 27.479548 1.175718 -0.000000
-19.623584 152.346517 52.334148 27.482085 1.175866 -0.000000
-19.623926 152.347544 52.343354 27.484624 1.176012 -0.000000
-19.624269 152.348571 52.352560 27.487164 1.176156 -0.000000
-19.624612 152.349597 52.361765 27.489704 1.176297 -0.000000
-19.624956 152.350623 52.370970 27.492246 1.176435 -0.000000
-19.625301 152.351649 52.380176 27.494789 1.176570 -0.000000
-19.625646 152.352674 52.389380 27.497333 1.176703 -0.000000
-19.625991 152.353699 52.398585 27.499878 1.176834 -0.000000
-19.626338 152.354723 52.407789 27.502424 1.176961 -0.000000
-19.626684 152.355748 52.416993 27.504971 1.177087 -0.000000
-19.627032 152.356771 52.426197 27.507519 1.177209 -0.000000
-19.627379 152.357795 52.435401 27.510068 1.177329 -0.000000
-19.627728 152.358818 52.444604 27.512619 1.177446 -0.000000
-19.628077 152.359841 52.453808 27.515170 1.177560 -0.000000
-19.628426 152.360863 52.463010 27.517722 1.177672 -0.000000
-19.628776 152.361886 52.472213 27.520276 1.177782 -0.000000
-19.629127 152.362907 52.481416 27.522830 1.177888 -0.000000
-19.629478 152.363929 52.490618 27.525386 1.177992 -0.000000
-19.629830 152.364950 52.499820 27.527943 1.178093 -0.000000
-19.630182 152.365971 52.509021 27.530500 1.178192 -0.000000
-19.630535 152.366991 52.518223 27.533059 1.178288 -0.000000
-19.630889 152.368011 52.527424 27.535619 1.178381 -0.000000
-19.631243 152.369031 52.536625 27.538180 1.178471 -0.000000
-19.631597 152.370050 52.545826 27.540742 1.178559 -0.000000
-19.631952 152.371069 52.555026 27.543305 1.178644 -0.000000
-19.632308 152.372088 52.564226 27.545869 1.178727 -0.000000
-19.632664 152.373106 52.573426 27.548434 1.178807 -0.000000
-19.633021 152.374124 52.582626 27.551000 1.178884 -0.000000
-19.633378 152.375141 52.591825 27.553568 1.178958 -0.000000
-19.633736 152.376158 52.601024 27.556136 1.179030 -0.000000
-19.634094 152.377175 52.610223 27.558705 1.179099 -0.000000
-19.634453 152.378192 52.619422 27.561276 1.179165 -0.000000
-19.634813 152.379208 52.628620 27.563847 1.179228 -0.000000
-19.635173 152.380223 52.637818 27.566420 1.179289 -0.000000
-19.635533 152.381239 52.647016 27.568994 1.179347 -0.000000
-19.635894 152.382254 52.656214 27.571568 1.179403 -0.000000
-19.636256 152.383268 52.665411 27.574144 1.179455 -0.000000
-19.636618 152.384282 52.674608 27.576721 1.179505 -0.000000
-19.636980 152.385296 52.683805 27.579299 1.179552 -0.000000
-19.637344 152.386310 52.693001 27.581878 1.179597 -0.000000
-19.637707 152.387323 52.702198 27.584458 1.179638 -0.000000
-19.638072 152.388335 52.711394 27.587039 1.179677 -0.000000
-19.638436 152.389348 52.720589 27.589621 1.179713 -0.000000
-19.638802 152.390360 52.729785 27.592204 1.179747 -0.000000
-19.639168 152.391371 52.738980 27.594788 1.179777 -0.000000
-19.639534 152.392383 52.748175 27.597373 1.179805 -0.000000
-19.639901 152.393393 52.757370 27.599960 1.179830 -0.000000
-19.640268 152.394404 52.766564 27.602547 1.179853 -0.000000
-19.640636 152.395414 52.775758 27.605135 1.179872 -0.000000
-19.641005 152.396424 52.784952 27.607725 1.179889 -0.000000
-19.641374 152.397433 52.794146 27.610316 1.179903 -0.000000
-19.641743 152.398442 52.803339 27.612907 1.179914 -0.000000
-19.642113 152.399450 52.812532 27.615500 1.179923 -0.000000
-19.642484 152.400458 52.821725 27.618094 1.179928 -0.000000
-19.642855 152.401466 52.830917 27.620688 1.179931 -0.000000
-19.643226 152.402474 52.840109 27.623284 1.179931 -0.000000
-19.643598 152.403481 52.849301 27.625881 1.179929 -0.000000
-19.643971 152.404487 52.858493 27.628479 1.179923 -0.000000
-19.644344 152.405493 52.867684 27.631078 1.179915 -0.000000
-19.644718 152.406499 52.876875 27.633678 1.179903 -0.000000
-19.645092 152.407505 52.886066 27.636279 1.179889 -0.000000
-19.645466 152.408510 52.895257 27.638881 1.179873 -0.000000
-19.645842 152.409514 52.904447 27.641484 1.179853 -0.000000
-19.646217 152.410518 52.913637 27.644089 1.179830 -0.000000
-19.646593 152.411522 52.922827 27.646694 1.179805 -0.000000
-19.646970 152.412526 52.932016 27.649300 1.179777 -0.000000
-19.647347 152.413529 52.941205 27.651908 1.179746 -0.000000
-19.647725 152.414531 52.950394 27.654516 1.179712 -0.000000
-19.648103 152.415534 52.959582 27.657126 1.179675 -0.000000
-19.648482 152.416535 52.968771 27.659736 1.179636 -0.000000
-19.648861 152.417537 52.977959 27.662348 1.179594 -0.000000
-19.649240 152.418538 52.987146 27.664961 1.179548 -0.000000
-19.649621 152.419538 52.996334 27.667575 1.179500 -0.000000
-19.650001 152.420539 53.005521 27.670189 1.179449 -0.000000
-19.650382 152.421538 53.014707 27.672805 1.179395 -0.000000
-19.650764 152.422538 53.023894 27.675422 1.179339 -0.000000
-19.651146 152.423537 53.033080 27.678040 1.179279 -0.000000
-19.651529 152.424535 53.042266 27.680659 1.179217 -0.000000
-19.651912 152.425534 53.051452 27.683279 1.179151 -0.000000
-19.652295 152.426531 53.060637 27.685900 1.179083 -0.000000
-19.652680 152.427529 53.069822 27.688522 1.179012 -0.000000
-19.653064 152.428526 53.079006 27.691145 1.178938 -0.000000
-19.653449 152.429522 53.088191 27.693770 1.178861 -0.000000
-19.653835 152.430518 53.097375 27.696395 1.178781 -0.000000
-19.654221 152.431514 53.106559 27.699021 1.178698 -0.000000
-19.654607 152.432509 53.115742 27.701649 1.178613 -0.000000
-19.654994 152.433504 53.124925 27.704277 1.178524 -0.000000
-19.655382 152.434498 53.134108 27.706907 1.178433 -0.000000
-19.655769 152.435492 53.143291 27.709537 1.178338 -0.000000
-19.656158 152.436486 53.152473 27.712169 1.178241 -0.000000
-19.656547 152.437479 53.161655 27.714801 1.178141 -0.000000
-19.656936 152.438472 53.170837 27.717435 1.178038 -0.000000
-19.657326 152.439464 53.180018 27.720070 1.177932 -0.000000
-19.657716 152.440456 53.189199 27.722705 1.177823 -0.000000
-19.658107 152.441447 53.198380 27.725342 1.177711 -0.000000
-19.658498 152.442438 53.207560 27.727980 1.177596 -0.000000
-19.658890 152.443429 53.216741 27.730619 1.177478 -0.000000
-19.659282 152.444419 53.225920 27.733259 1.177357 -0.000000
-19.659675 152.445409 53.235100 27.735900 1.177233 -0.000000
-19.660068 152.446398 53.244279 27.738542 1.177107 -0.000000
-19.660461 152.447387 53.253458 27.741185 1.176977 -0.000000
-19.660855 152.448376 53.262636 27.743829 1.176844 -0.000000
-19.661250 152.449364 53.271815 27.746474 1.176709 -0.000000
-19.661645 152.450351 53.280993 27.749121 1.176570 -0.000000
-19.662040 152.451338 53.290170 27.751768 1.176428 -0.000000
-19.662436 152.452325 53.299347 27.754416 1.176284 -0.000000
-19.662832 152.453311 53.308524 27.757066 1.176136 -0.000000
-19.663229 152.454297 53.317701 27.759716 1.175986 -0.000000
-19.663626 152.455282 53.326877 27.762367 1.175832 -0.000000
-19.664024 152.456267 53.336053 27.765020 1.175676 -0.000000
-19.664422 152.457252 53.345229 27.767673 1.175516 -0.000000
-19.664821 152.458236 53.354404 27.770328 1.175354 -0.000000
-19.665220 152.459219 53.363579 27.772984 1.175188 -0.000000
-19.665619 152.460203 53.372754 27.775640 1.175020 -0.000000
-19.666019 152.461185 53.381929 27.778298 1.174848 -0.000000
-19.666420 152.462167 53.391103 27.780957 1.174673 -0.000000
-19.666821 152.463149 53.400276 27.783617 1.174496 -0.000000
-19.667222 152.464131 53.409450 27.786277 1.174315 -0.000000
-19.667624 152.465112 53.418623 27.788939 1.174132 -0.000000
-19.668026 152.466092 53.427796 27.791602 1.173945 -0.000000
-19.668428 152.467072 53.436968 27.794266 1.173755 -0.000000
-19.668831 152.468052 53.446140 27.796931 1.173562 -0.000000
-19.669235 152.469031 53.455312 27.799597 1.173367 -0.000000
-19.669639 152.470009 53.464483 27.802264 1.173168 -0.000000
-19.670043 152.470987 53.473654 27.804932 1.172966 -0.000000
-19.670448 152.471965 53.482825 27.807602 1.172761 -0.000000
-19.670853 152.472942 53.491995 27.810272 1.172553 -0.000000
-19.671259 152.473919 53.501166 27.812943 1.172342 -0.000000
-19.671665 152.474896 53.510335 27.815615 1.172128 -0.000000
-19.672071 152.475872 53.519505 27.818289 1.171911 -0.000000
-19.672478 152.476847 53.528674 27.820963 1.171690 -0.000000
-19.672886 152.477822 53.537842 27.823638 1.171467 -0.000000
-19.673294 152.478796 53.547011 27.826315 1.171241 -0.000000
-19.673702 152.479770 53.556179 27.828992 1.171011 -0.000000
-19.674111 152.480744 53.565347 27.831671 1.170778 -0.000000
-19.674520 152.481717 53.574514 27.834350 1.170543 -0.000000
-19.674929 152.482690 53.583681 27.837031 1.170304 -0.000000
-19.675339 152.483662 53.592848 27.839713 1.170062 -0.000000
-19.675749 152.484634 53.602014 27.842395 1.169817 -0.000000
-19.676160 152.485605 53.611180 27.845079 1.169569 -0.000000
-19.676571 152.486576 53.620346 27.847764 1.169318 -0.000000
-19.676983 152.487546 53.629511 27.850449 1.169064 -0.000000
-19.677395 152.488516 53.638676 27.853136 1.168806 -0.000000
-19.677807 152.489485 53.647840 27.855824 1.168546 -0.000000
-19.678220 152.490454 53.657005 27.858513 1.168282 -0.000000
-19.678634 152.491422 53.666169 27.861203 1.168015 -0.000000
-19.679047 152.492390 53.675332 27.863894 1.167745 -0.000000
-19.679461 152.493357 53.684495 27.866586 1.167472 -0.000000
-19.679876 152.494324 53.693658 27.869279 1.167196 -0.000000
-19.680291 152.495291 53.702821 27.871973 1.166917 -0.000000
-19.680706 152.496257 53.711983 27.874668 1.166634 -0.000000
-19.681122 152.497222 53.721145 27.877364 1.166349 -0.000000
-19.681538 152.498187 53.730306 27.880061 1.166060 -0.000000
-19.681955 152.499152 53.739467 27.882760 1.165768 -0.000000
-19.682371 152.500116 53.748628 27.885459 1.165473 -0.000000
-19.682789 152.501079 53.757788 27.888159 1.165175 -0.000000
-19.683207 152.502042 53.766948 27.890861 1.164873 -0.000000
-19.683625 152.503005 53.776108 27.893563 1.164569 -0.000000
-19.684043 152.503967 53.785267 27.896266 1.164261 -0.000000
-19.684462 152.504929 53.794426 27.898971 1.163950 -0.000000
-19.684882 152.505890 53.803584 27.901676 1.163636 -0.000000
-19.685301 152.506850 53.812742 27.904383 1.163319 -0.000000
-19.685721 152.507810 53.821900 27.907090 1.162998 -0.000000
-19.686142 152.508770 53.831058 27.909799 1.162674 -0.000000
-19.686563 152.509729 53.840215 27.912508 1.162348 -0.000000
-19.686984 152.510688 53.849372 27.915219 1.162017 -0.000000
-19.687406 152.511646 53.858528 27.917930 1.161684 -0.000000
-19.687828 152.512604 53.867684 27.920643 1.161348 -0.000000
-19.688250 152.513561 53.876839 27.923357 1.161008 -0.000000
-19.688673 152.514517 53.885995 27.926072 1.160665 -0.000000
-19.689096 152.515473 53.895150 27.928787 1.160319 -0.000000
-19.689520 152.516429 53.904304 27.931504 1.159970 -0.000000
-19.689944 152.517384 53.913458 27.934222 1.159617 -0.000000
-19.690368 152.518339 53.922612 27.936941 1.159261 -0.000000
-19.690793 152.519293 53.931765 27.939661 1.158902 -0.000000
-19.691218 152.520246 53.940918 27.942382 1.158540 -0.000000
-19.691644 152.521199 53.950071 27.945104 1.158175 -0.000000
-19.692070 152.522152 53.959223 27.947827 1.157806 -0.000000
-19.692496 152.523104 53.968375 27.950551 1.157434 -0.000000
-19.692923 152.524056 53.977526 27.953276 1.157059 -0.000000
-19.693350 152.525007 53.986678 27.956002 1.156680 -0.000000
-19.693777 152.525957 53.995828 27.958729 1.156298 -0.000000
-19.694205 152.526907 54.004979 27.961457 1.155913 -0.000000
-19.694633 152.527857 54.014129 27.964186 1.155525 -0.000000
-19.695061 152.528806 54.023278 27.966916 1.155134 -0.000000
-19.695490 152.529754 54.032427 27.969647 1.154739 -0.000000
-19.695919 152.530702 54.041576 27.972380 1.154341 -0.000000
-19.696349 152.531650 54.050725 27.975113 1.153939 -0.000000
-19.696779 152.532597 54.059873 27.977847 1.153535 -0.000000
-19.697209 152.533543 54.069020 27.980583 1.153127 -0.000000
-19.697640 152.534489 54.078168 27.983319 1.152716 -0.000000
-19.698071 152.535434 54.087315 27.986056 1.152301 -0.000000
-19.698503 152.536379 54.096461 27.988795 1.151883 -0.000000
-19.698934 152.537323 54.105607 27.991534 1.151462 -0.000000
-19.699366 152.538267 54.114753 27.994275 1.151038 -0.000000
-19.699799 152.539210 54.123898 27.997016 1.150610 -0.000000
-19.700232 152.540153 54.133043 27.999759 1.150179 -0.000000
-19.700665 152.541095 54.142188 28.002502 1.149745 -0.000000
-19.701099 152.542037 54.151332 28.005247 1.149307 -0.000000
-19.701532 152.542978 54.160476 28.007992 1.148866 -0.000000
-19.701967 152.543919 54.169619 28.010739 1.148422 -0.000000
-19.702401 152.544859 54.178762 28.013486 1.147974 -0.000000
-19.702836 152.545798 54.187904 28.016235 1.147523 -0.000000
-19.703272 152.546737 54.197047 28.018985 1.147069 -0.000000
-19.703707 152.547676 54.206188 28.021735 1.146611 -0.000000
-19.704143 152.548614 54.215330 28.024487 1.146150 -0.000000
-19.704579 152.549551 54.224471 28.027240 1.145686 -0.000000
-19.705016 152.550488 54.233611 28.029994 1.145218 -0.000000
-19.705453 152.551424 54.242751 28.032748 1.144747 -0.000000
-19.705891 152.552360 54.251891 28.035504 1.144273 -0.000000
-19.706328 152.553295 54.261031 28.038261 1.143795 -0.000000
-19.706766 152.554230 54.270170 28.041019 1.143314 -0.000000
-19.707205 152.555164 54.279308 28.043778 1.142829 -0.000000
-19.707643 152.556098 54.288446 28.046538 1.142342 -0.000000
-19.708082 152.557031 54.297584 28.049299 1.141850 -0.000000
-19.708522 152.557963 54.306721 28.052061 1.141356 -0.000000
-19.708961 152.558895 54.315858 28.054824 1.140858 -0.000000
-19.709402 152.559827 54.324995 28.057588 1.140356 -0.000000
-19.709842 152.560758 54.334131 28.060353 1.139851 -0.000000
-19.710283 152.561688 54.343267 28.063119 1.139343 -0.000000
-19.710724 152.562618 54.352402 28.065886 1.138832 -0.000000
-19.711165 152.563547 54.361537 28.068654 1.138317 -0.000000
-19.711607 152.564476 54.370671 28.071423 1.137798 -0.000000
-19.712049 152.565404 54.379805 28.074193 1.137277 -0.000000
-19.712491 152.566331 54.388939 28.076964 1.136751 -0.000000
-19.712934 152.567258 54.398072 28.079736 1.136223 -0.000000
-19.713377 152.568185 54.407205 28.082509 1.135691 -0.000000
-19.713820 152.569110 54.416337 28.085284 1.135155 -0.000000
-19.714264 152.570036 54.425469 28.088059 1.134616 -0.000000
-19.714707 152.570961 54.434601 28.090835 1.134074 -0.000000
-19.715152 152.571885 54.443732 28.093612 1.133528 -0.000000
-19.715596 152.572808 54.452863 28.096391 1.132979 -0.000000
-19.716041 152.573732 54.461993 28.099170 1.132426 -0.000000
-19.716486 152.574654 54.471123 28.101950 1.131870 -0.000000
-19.716932 152.575576 54.480252 28.104732 1.131311 -0.000000
-19.717378 152.576497 54.489381 28.107514 1.130748 -0.000000
-19.717824 152.577418 54.498510 28.110297 1.130181 -0.000000
-19.718270 152.578338 54.507638 28.113082 1.129611 -0.000000
-19.718717 152.579258 54.516766 28.115867 1.129038 -0.000000
-19.719164 152.580177 54.525893 28.118653 1.128461 -0.000000
-19.719611 152.581096 54.535020 28.121441 1.127881 -0.000000
-19.720059 152.582014 54.544146 28.124229 1.127297 -0.000000
-19.720507 152.582931 54.553272 28.127019 1.126710 -0.000000
-19.720955 152.583848 54.562398 28.129809 1.126119 -0.000000
-19.721404 152.584764 54.571523 28.132601 1.125525 -0.000000
-19.721853 152.585680 54.580648 28.135393 1.124927 -0.000000
-19.722302 152.586595 54.589772 28.138187 1.124326 -0.000000
-19.722751 152.587509 54.598896 28.140981 1.123721 -0.000000
-19.723201 152.588423 54.608019 28.143777 1.123113 -0.000000
-19.723651 152.589337 54.617142 28.146573 1.122501 -0.000000
-19.724102 152.590250 54.626265 28.149371 1.121886 -0.000000
-19.724552 152.591162 54.635387 28.152170 1.121267 -0.000000
-19.725003 152.592073 54.644509 28.154969 1.120645 -0.000000
-19.725454 152.592984 54.653630 28.157770 1.120019 -0.000000
-19.725906 152.593895 54.662751 28.160571 1.119390 -0.000000
-19.726358 152.594805 54.671871 28.163374 1.118757 -0.000000
-19.726810 152.595714 54.680991 28.166178 1.118121 -0.000000
-19.727262 152.596623 54.690111 28.168982 1.117481 -0.000000
-19.727715 152.597531 54.699230 28.171788 1.116838 -0.000000
-19.728168 152.598438 54.708348 28.174595 1.116191 -0.000000
-19.728621 152.599345 54.717466 28.177403 1.115540 -0.000000
-19.729075 152.600251 54.726584 28.180211 1.114886 -0.000000
-19.729528 152.601157 54.735701 28.183021 1.114229 -0.000000
-19.729983 152.602062 54.744818 28.185832 1.113568 -0.000000
-19.730437 152.602967 54.753935 28.188644 1.112903 -0.000000
-19.730891 152.603871 54.763051 28.191456 1.112235 -0.000000
-19.731346 152.604774 54.772166 28.194270 1.111563 -0.000000
-19.731802 152.605677 54.781281 28.197085 1.110887 -0.000000
-19.732257 152.606579 54.790396 28.199901 1.110208 0.000000
-19.732713 152.607481 54.799510 28.202718 1.109526 0.000000
-19.733169 152.608382 54.808623 28.205535 1.108840 0.000000
-19.733625 152.609282 54.817737 28.208354 1.108150 0.000000
-19.734082 152.610182 54.826849 28.211174 1.107457 0.000000
-19.734538 152.611081 54.835962 28.213995 1.106760 0.000000
-19.734995 152.611979 54.845074 28.216817 1.106059 0.000000
-19.735453 152.612877 54.854185 28.219640 1.105355 0.000000
-19.735910 152.613775 54.863296 28.222463 1.104648 0.000000
-19.736368 152.614671 54.872406 28.225288 1.103936 0.000000
-19.736826 152.615567 54.881516 28.228114 1.103222 0.000000
-19.737285 152.616463 54.890626 28.230941 1.102503 0.000000
-19.737743 152.617358 54.899735 28.233769 1.101781 0.000000
-19.738202 152.618252 54.908843 28.236598 1.101055 0.000000
-19.738661 152.619146 54.917951 28.239428 1.100326 0.000000
-19.739121 152.620039 54.927059 28.242259 1.099593 0.000000
-19.739581 152.620931 54.936166 28.245090 1.098857 0.000000
-19.740040 152.621823 54.945272 28.247923 1.098116 0.000000
-19.740501 152.622714 54.954379 28.250757 1.097373 0.000000
-19.740961 152.623605 54.963484 28.253592 1.096625 0.000000
-19.741422 152.624495 54.972589 28.256428 1.095874 0.000000
-19.741882 152.625384 54.981694 28.259265 1.095119 0.000000
-19.742344 152.626273 54.990798 28.262103 1.094361 0.000000
-19.742805 152.627161 54.999901 28.264941 1.093599 0.000000
-19.743267 152.628048 55.009005 28.267781 1.092833 0.000000
-19.743728 152.628935 55.018107 28.270622 1.092064 0.000000
-19.744190 152.629822 55.027209 28.273464 1.091291 0.000000
-19.744653 152.630707 55.036311 28.276307 1.090515 0.000000
-19.745115 152.631592 55.045412 28.279150 1.089734 0.000000
-19.745578 152.632476 55.054512 28.281995 1.088950 0.000000
-19.746041 152.633360 55.063612 28.284841 1.088163 0.000000
-19.746504 152.634243 55.072712 28.287687 1.087372 0.000000
-19.746968 152.635126 55.081811 28.290535 1.086577 0.000000
-19.747431 152.636007 55.090909 28.293384 1.085778 0.000000
-19.747895 152.636889 55.100007 28.296234 1.084976 0.000000
-19.748359 152.637769 55.109104 28.299084 1.084170 0.000000
-19.748824 152.638649 55.118201 28.301936 1.083360 0.000000
-19.749288 152.639528 55.127297 28.304788 1.082547 0.000000
-19.749753 152.640407 55.136393 28.307642 1.081730 0.000000
-19.750218 152.641285 55.145488 28.310497 1.080909 0.000000
-19.750683 152.642162 55.154583 28.313352 1.080084 0.000000
-19.751149 152.643039 55.163677 28.316209 1.079256 0.000000
-19.751614 152.643915 55.172771 28.319066 1.078425 0.000000
-19.752080 152.644790 55.181864 28.321924 1.077589 0.000000
-19.752546 152.645665 55.190956 28.324784 1.076750 0.000000
-19.753013 152.646539 55.200048 28.327644 1.075907 0.000000
-19.753479 152.647413 55.209139 28.330506 1.075060 0.000000
-19.753946 152.648286 55.218230 28.333368 1.074210 0.000000
-19.754413 152.649158 55.227320 28.336231 1.073356 0.000000
-19.754880 152.650029 55.236410 28.339096 1.072498 0.000000
-19.755347 152.650900 55.245499 28.341961 1.071636 0.000000
-19.755815 152.651770 55.254588 28.344827 1.070771 0.000000
-19.756282 152.652640 55.263676 28.347694 1.069902 0.000000
-19.756750 152.653509 55.272763 28.350562 1.069029 0.000000
-19.757218 152.654377 55.281850 28.353431 1.068152 0.000000
-19.757687 152.655245 55.290936 28.356301 1.067272 0.000000
-19.758155 152.656111 55.300021 28.359173 1.066388 0.000000
-19.758624 152.656978 55.309107 28.362044 1.065500 0.000000
-19.759092 152.657843 55.318191 28.364917 1.064609 0.000000
-19.759561 152.658708 55.327275 28.367791 1.063714 0.000000
-19.760031 152.659573 55.336358 28.370666 1.062815 0.000000
-19.760500 152.660436 55.345441 28.373542 1.061912 0.000000
-19.760970 152.661299 55.354523 28.376419 1.061005 0.000000
-19.761439 152.662161 55.363604 28.379297 1.060095 0.000000
-19.761909 152.663023 55.372685 28.382175 1.059181 0.000000
-19.762379 152.663884 55.381765 28.385055 1.058263 0.000000
-19.762850 152.664744 55.390845 28.387935 1.057341 0.000000
-19.763320 152.665604 55.399924 28.390817 1.056416 0.000000
-19.763791 152.666463 55.409003 28.393699 1.055487 0.000000
-19.764262 152.667321 55.418080 28.396583 1.054554 0.000000
-19.764733 152.668179 55.427158 28.399467 1.053617 0.000000
-19.765204 152.669036 55.436234 28.402353 1.052676 0.000000
-19.765675 152.669892 55.445310 28.405239 1.051732 0.000000
-19.766147 152.670747 55.454385 28.408126 1.050784 0.000000
-19.766618 152.671602 55.463460 28.411014 1.049832 0.000000
-19.767090 152.672457 55.472534 28.413903 1.048876 0.000000
-19.767562 152.673310 55.481608 28.416794 1.047916 0.000000
-19.768034 152.674163 55.490681 28.419685 1.046953 0.000000
-19.768507 152.675015 55.499753 28.422576 1.045985 0.000000
-19.768979 152.675867 55.508824 28.425469 1.045014 0.000000
-19.769452 152.676717 55.517895 28.428363 1.044040 0.000000
-19.769924 152.677567 55.526965 28.431258 1.043061 0.000000
-19.770397 152.678417 55.536035 28.434154 1.042078 0.000000
-19.770870 152.679266 55.545104 28.437050 1.041092 0.000000
-19.771344 152.680114 55.554172 28.439948 1.040102 0.000000
-19.771817 152.680961 55.563240 28.442846 1.039108 0.000000
-19.772290 152.681808 55.572307 28.445746 1.038110 0.000000
-19.772764 152.682654 55.581373 28.448646 1.037108 0.000000
-19.773238 152.683499 55.590439 28.451548 1.036102 0.000000
-19.773712 152.684344 55.599504 28.454450 1.035093 0.000000
-19.774186 152.685187 55.608569 28.457353 1.034080 0.000000
-19.774660 152.686031 55.617632 28.460257 1.033063 0.000000
-19.775134 152.686873 55.626695 28.463162 1.032042 0.000000
-19.775609 152.687715 55.635758 28.466068 1.031017 0.000000
-19.776084 152.688556 55.644819 28.468975 1.029988 0.000000
-19.776558 152.689396 55.653880 28.471883 1.028955 0.000000
-19.777033 152.690236 55.662941 28.474792 1.027919 0.000000
-19.777508 152.691075 55.672000 28.477701 1.026879 0.000000
-19.777983 152.691913 55.681059 28.480612 1.025834 0.000000
-19.778459 152.692751 55.690118 28.483524 1.024786 0.000000
-19.778934 152.693588 55.699175 28.486436 1.023734 0.000000
-19.779410 152.694424 55.708232 28.489349 1.022678 0.000000
-19.779885 152.695260 55.717288 28.492264 1.021619 0.000000
-19.780361 152.696094 55.726344 28.495179 1.020555 0.000000
-19.780837 152.696928 55.735399 28.498095 1.019487 0.000000
-19.781313 152.697762 55.744453 28.501012 1.018416 0.000000
-19.781789 152.698594 55.753506 28.503930 1.017341 0.000000
-19.782266 152.699426 55.762559 28.506849 1.016261 0.000000
-19.782742 152.700257 55.771611 28.509769 1.015178 0.000000
-19.783218 152.701088 55.780662 28.512689 1.014091 0.000000
-19.783695 152.701918 55.789713 28.515611 1.013000 0.000000
-19.784172 152.702747 55.798763 28.518534 1.011905 0.000000
-19.784648 152.703575 55.807812 28.521457 1.010806 0.000000
-19.785125 152.704403 55.816861 28.524381 1.009703 0.000000
-19.785602 152.705229 55.825908 28.527307 1.008597 0.000000
-19.786080 152.706056 55.834955 28.530233 1.007486 0.000000
-19.786557 152.706881 55.844002 28.533160 1.006372 0.000000
-19.787034 152.707706 55.853047 28.536088 1.005253 0.000000
-19.787512 152.708530 55.862092 28.539017 1.004131 0.000000
-19.787989 152.709353 55.871136 28.541947 1.003004 0.000000
-19.788467 152.710176 55.880179 28.544877 1.001874 0.000000
-19.788944 152.710997 55.889222 28.547809 1.000740 0.000000
-19.789422 152.711818 55.898264 28.550742 0.999601 0.000000
-19.789900 152.712639 55.907305 28.553675 0.998459 0.000000
-19.790378 152.713458 55.916345 28.556609 0.997313 0.000000
-19.790856 152.714277 55.925385 28.559545 0.996163 0.000000
-19.791334 152.715095 55.934424 28.562481 0.995009 0.000000
-19.791813 152.715913 55.943462 28.565418 0.993851 0.000000
