-81.571536 150.000000 20.000000 20.000000 -0.000000 12.661127
-81.571042 150.000000 20.000000 20.000000 -0.000000 12.665877
-81.570547 150.000000 20.000000 20.000000 -0.000000 12.670627
-81.570053 150.000000 20.000000 20.000000 -0.000000 12.675377
-81.569557 150.000000 20.000000 20.000000 -0.000000 12.680126
-81.569061 150.000000 20.000000 20.000000 -0.000000 12.684876
-81.568565 150.000000 20.000000 20.000000 -0.000000 12.689626
-81.568068 150.000000 20.000000 20.000000 -0.000000 12.694375
-81.567570 150.000000 20.000000 20.000000 -0.000000 12.699125
-81.567073 150.000000 20.000000 20.000000 -0.000000 12.703875
-81.566574 150.000000 20.000000 20.000000 -0.000000 12.708624
-81.566075 150.000000 20.000000 20.000000 -0.000000 12.713373
-81.565576 150.000000 20.000000 20.000000 -0.000000 12.718123
-81.565076 150.000000 20.000000 20.000000 -0.000000 12.722872
-81.564575 150.000000 20.000000 20.000000 -0.000000 12.727621
-81.564075 150.000000 20.000000 20.000000 -0.000000 12.732370
-81.563573 150.000000 20.000000 20.000000 -0.000000 12.737119
-81.563071 150.000000 20.000000 20.000000 -0.000000 12.741868
-81.562569 150.000000 20.000000 20.000000 -0.000000 12.746617
-81.562066 150.000000 20.000000 20.000000 -0.000000 12.751366
-81.561562 150.000000 20.000000 20.000000 -0.000000 12.756115
-81.561059 150.000000 20.000000 20.000000 -0.000000 12.760864
-81.560554 150.000000 20.000000 20.000000 -0.000000 12.765613
-81.560049 150.000000 20.000000 20.000000 -0.000000 12.770361
-81.559544 150.000000 20.000000 20.000000 -0.000000 12.775110
-81.559038 150.000000 20.000000 20.000000 -0.000000 12.779859
-81.558532 150.000000 20.000000 20.000000 -0.000000 12.784607
-81.558025 150.000000 20.000000 20.000000 -0.000000 12.789355
-81.557517 150.000000 20.000000 20.000000 -0.000000 12.794104
-81.557009 150.000000 20.000000 20.000000 -0.000000 12.798852
-81.556501 150.000000 20.000000 20.000000 -0.000000 12.803600
-81.555992 150.000000 20.000000 20.000000 -0.000000 12.808348
-81.555483 150.000000 20.000000 20.000000 -0.000000 12.813096
-81.554973 150.000000 20.000000 20.000000 -0.000000 12.817844
-81.554463 150.000000 20.000000 20.000000 -0.000000 12.822592
-81.553952 150.000000 20.000000 20.000000 -0.000000 12.827340
-81.553440 150.000000 20.000000 20.000000 -0.000000 12.832088
-81.552929 150.000000 20.000000 20.000000 -0.000000 12.836836
-81.552416 150.000000 20.000000 20.000000 -0.000000 12.841583
-81.551904 150.000000 20.000000 20.000000 -0.000000 12.846331
-81.551390 150.000000 20.000000 20.000000 -0.000000 12.851079
-81.550876 150.000000 20.000000 20.000000 -0.000000 12.855826
-81.550362 150.000000 20.000000 20.000000 -0.000000 12.860573
-81.549847 150.000000 20.000000 20.000000 -0.000000 12.865321
-81.549332 150.000000 20.000000 20.000000 -0.000000 12.870068
-81.548816 150.000000 20.000000 20.000000 -0.000000 12.874815
-81.548300 150.000000 20.000000 20.000000 -0.000000 12.879562
-81.547783 150.000000 20.000000 20.000000 -0.000000 12.884309
-81.547266 150.000000 20.000000 20.000000 -0.000000 12.889056
-81.546748 150.000000 20.000000 20.000000 -0.000000 12.893803
-81.546230 150.000000 20.000000 20.000000 -0.000000 12.898550
-81.545711 150.000000 20.000000 20.000000 -0.000000 12.903297
-81.545192 150.000000 20.000000 20.000000 -0.000000 12.908043
-81.544673 150.000000 20.000000 20.000000 -0.000000 12.912790
-81.544152 150.000000 20.000000 20.000000 -0.000000 12.917536
-81.543632 150.000000 20.000000 20.000000 -0.000000 12.922283
-81.543111 150.000000 20.000000 20.000000 -0.000000 12.927029
-81.542589 150.000000 20.000000 20.000000 -0.000000 12.931776
-81.542067 150.000000 20.000000 20.000000 -0.000000 12.936522
-81.541544 150.000000 20.000000 20.000000 -0.000000 12.941268
-81.541021 150.000000 20.000000 20.000000 -0.000000 12.946014
-81.540498 150.000000 20.000000 20.000000 -0.000000 12.950760
-81.539974 150.000000 20.000000 20.000000 -0.000000 12.955506
-81.539449 150.000000 20.000000 20.000000 -0.000000 12.960252
-81.538924 150.000000 20.000000 20.000000 -0.000000 12.964998
-81.538399 150.000000 20.000000 20.000000 -0.000000 12.969743
-81.537873 150.000000 20.000000 20.000000 -0.000000 12.974489
-81.537346 150.000000 20.000000 20.000000 -0.000000 12.979234
-81.536819 150.000000 20.000000 20.000000 -0.000000 12.983980
-81.536292 150.000000 20.000000 20.000000 -0.000000 12.988725
-81.535764 150.000000 20.000000 20.000000 -0.000000 12.993471
-81.535235 150.000000 20.000000 20.000000 -0.000000 12.998216
-81.534706 150.000000 20.000000 20.000000 -0.000000 13.002961
-81.534177 150.000000 20.000000 20.000000 -0.000000 13.007706
-81.533647 150.000000 20.000000 20.000000 -0.000000 13.012451
-81.533117 150.000000 20.000000 20.000000 -0.000000 13.017196
-81.532586 150.000000 20.000000 20.000000 -0.000000 13.021941
-81.532055 150.000000 20.000000 20.000000 -0.000000 13.026686
-81.531523 150.000000 20.000000 20.000000 -0.000000 13.031430
-81.530991 150.000000 20.000000 20.000000 -0.000000 13.036175
-81.530458 150.000000 20.000000 20.000000 -0.000000 13.040919
-81.529925 150.000000 20.000000 20.000000 -0.000000 13.045664
-81.529391 150.000000 20.000000 20.000000 -0.000000 13.050408
-81.528857 150.000000 20.000000 20.000000 -0.000000 13.055152
-81.528322 150.000000 20.000000 20.000000 -0.000000 13.059896
-81.527787 150.000000 20.000000 20.000000 -0.000000 13.064641
-81.527251 150.000000 20.000000 20.000000 -0.000000 13.069385
-81.526715 150.000000 20.000000 20.000000 -0.000000 13.074129
-81.526179 150.000000 20.000000 20.000000 -0.000000 13.078872
-81.525642 150.000000 20.000000 20.000000 -0.000000 13.083616
-81.525104 150.000000 20.000000 20.000000 -0.000000 13.088360
-81.524566 150.000000 20.000000 20.000000 -0.000000 13.093103
-81.524028 150.000000 20.000000 20.000000 -0.000000 13.097847
-81.523489 150.000000 20.000000 20.000000 -0.000000 13.102590
-81.522949 150.000000 20.000000 20.000000 -0.000000 13.107334
-81.522409 150.000000 20.000000 20.000000 -0.000000 13.112077
-81.521869 150.000000 20.000000 20.000000 -0.000000 13.116820
-81.521328 150.000000 20.000000 20.000000 -0.000000 13.121563
-81.520787 150.000000 20.000000 20.000000 -0.000000 13.126306
-81.520245 150.000000 20.000000 20.000000 -0.000000 13.131049
-81.519703 150.000000 20.000000 20.000000 -0.000000 13.135792
-81.519160 150.000000 20.000000 20.000000 -0.000000 13.140534
-81.518617 150.000000 20.000000 20.000000 -0.000000 13.145277
-81.518073 150.000000 20.000000 20.000000 -0.000000 13.150019
-81.517529 150.000000 20.000000 20.000000 -0.000000 13.154762
-81.516984 150.000000 20.000000 20.000000 -0.000000 13.159504
-81.516439 150.000000 20.000000 20.000000 -0.000000 13.164247
-81.515893 150.000000 20.000000 20.000000 -0.000000 13.168989
-81.515347 150.000000 20.000000 20.000000 -0.000000 13.173731
-81.514801 150.000000 20.000000 20.000000 -0.000000 13.178473
-81.514254 150.000000 20.000000 20.000000 -0.000000 13.183215
-81.513706 150.000000 20.000000 20.000000 -0.000000 13.187956
-81.513158 150.000000 20.000000 20.000000 -0.000000 13.192698
-81.512610 150.000000 20.000000 20.000000 -0.000000 13.197440
-81.512061 150.000000 20.000000 20.000000 -0.000000 13.202181
-81.511511 150.000000 20.000000 20.000000 -0.000000 13.206923
-81.510962 150.000000 20.000000 20.000000 -0.000000 13.211664
-81.510411 150.000000 20.000000 20.000000 -0.000000 13.216405
-81.509860 150.000000 20.000000 20.000000 -0.000000 13.221146
-81.509309 150.000000 20.000000 20.000000 -0.000000 13.225887
-81.508757 150.000000 20.000000 20.000000 -0.000000 13.230628
-81.508205 150.000000 20.000000 20.000000 -0.000000 13.235369
-81.507653 150.000000 20.000000 20.000000 -0.000000 13.240110
-81.507099 150.000000 20.000000 20.000000 -0.000000 13.244851
-81.506546 150.000000 20.000000 20.000000 -0.000000 13.249591
-81.505992 150.000000 20.000000 20.000000 -0.000000 13.254332
-81.505437 150.000000 20.000000 20.000000 -0.000000 13.259072
-81.504882 150.000000 20.000000 20.000000 -0.000000 13.263812
-81.504327 150.000000 20.000000 20.000000 -0.000000 13.268553
-81.503771 150.000000 20.000000 20.000000 -0.000000 13.273293
-81.503214 150.000000 20.000000 20.000000 -0.000000 13.278033
-81.502658 150.000000 20.000000 20.000000 -0.000000 13.282773
-81.502100 150.000000 20.000000 20.000000 -0.000000 13.287512
-81.501542 150.000000 20.000000 20.000000 -0.000000 13.292252
-81.500984 150.000000 20.000000 20.000000 -0.000000 13.296992
-81.500425 150.000000 20.000000 20.000000 -0.000000 13.301731
-81.499866 150.000000 20.000000 20.000000 -0.000000 13.306471
-81.499307 150.000000 20.000000 20.000000 -0.000000 13.311210
-81.498746 150.000000 20.000000 20.000000 -0.000000 13.315949
-81.498186 150.000000 20.000000 20.000000 -0.000000 13.320688
-81.497625 150.000000 20.000000 20.000000 -0.000000 13.325427
-81.497063 150.000000 20.000000 20.000000 -0.000000 13.330166
-81.496501 150.000000 20.000000 20.000000 -0.000000 13.334905
-81.495939 150.000000 20.000000 20.000000 -0.000000 13.339644
-81.495376 150.000000 20.000000 20.000000 -0.000000 13.344382
-81.494813 150.000000 20.000000 20.000000 -0.000000 13.349121
-81.494249 150.000000 20.000000 20.000000 -0.000000 13.353859
-81.493685 150.000000 20.000000 20.000000 -0.000000 13.358597
-81.493120 150.000000 20.000000 20.000000 -0.000000 13.363335
-81.492555 150.000000 20.000000 20.000000 -0.000000 13.368073
-81.491989 150.000000 20.000000 20.000000 -0.000000 13.372811
-81.491423 150.000000 20.000000 20.000000 -0.000000 13.377549
-81.490856 150.000000 20.000000 20.000000 -0.000000 13.382287
-81.490289 150.000000 20.000000 20.000000 -0.000000 13.387025
-81.489722 150.000000 20.000000 20.000000 -0.000000 13.391762
-81.489154 150.000000 20.000000 20.000000 -0.000000 13.396500
-81.488585 150.000000 20.000000 20.000000 -0.000000 13.401237
-81.488016 150.000000 20.000000 20.000000 -0.000000 13.405974
-81.487447 150.000000 20.000000 20.000000 -0.000000 13.410711
-81.486877 150.000000 20.000000 20.000000 -0.000000 13.415448
-81.486307 150.000000 20.000000 20.000000 -0.000000 13.420185
-81.485736 150.000000 20.000000 20.000000 -0.000000 13.424922
-81.485165 150.000000 20.000000 20.000000 -0.000000 13.429659
-81.484594 150.000000 20.000000 20.000000 -0.000000 13.434395
-81.484022 150.000000 20.000000 20.000000 -0.000000 13.439132
-81.483449 150.000000 20.000000 20.000000 -0.000000 13.443868
-81.482876 150.000000 20.000000 20.000000 -0.000000 13.448604
-81.482303 150.000000 20.000000 20.000000 -0.000000 13.453340
-81.481729 150.000000 20.000000 20.000000 -0.000000 13.458076
-81.481154 150.000000 20.000000 20.000000 -0.000000 13.462812
-81.480579 150.000000 20.000000 20.000000 -0.000000 13.467548
-81.480004 150.000000 20.000000 20.000000 -0.000000 13.472284
-81.479429 150.000000 20.000000 20.000000 -0.000000 13.477019
-81.478852 150.000000 20.000000 20.000000 -0.000000 13.481755
-81.478276 150.000000 20.000000 20.000000 -0.000000 13.486490
-81.477699 150.000000 20.000000 20.000000 -0.000000 13.491226
-81.477121 150.000000 20.000000 20.000000 -0.000000 13.495961
-81.476543 150.000000 20.000000 20.000000 -0.000000 13.500696
-81.475965 150.000000 20.000000 20.000000 -0.000000 13.505431
-81.475386 150.000000 20.000000 20.000000 -0.000000 13.510165
-81.474806 150.000000 20.000000 20.000000 -0.000000 13.514900
-81.474227 150.000000 20.000000 20.000000 -0.000000 13.519635
-81.473646 150.000000 20.000000 20.000000 -0.000000 13.524369
-81.473066 150.000000 20.000000 20.000000 -0.000000 13.529103
-81.472485 150.000000 20.000000 20.000000 -0.000000 13.533838
-81.471903 150.000000 20.000000 20.000000 -0.000000 13.538572
-81.471321 150.000000 20.000000 20.000000 -0.000000 13.543306
-81.470738 150.000000 20.000000 20.000000 -0.000000 13.548039
-81.470156 150.000000 20.000000 20.000000 -0.000000 13.552773
-81.469572 150.000000 20.000000 20.000000 -0.000000 13.557507
-81.468988 150.000000 20.000000 20.000000 -0.000000 13.562240
-81.468404 150.000000 20.000000 20.000000 -0.000000 13.566974
-81.467819 150.000000 20.000000 20.000000 -0.000000 13.571707
-81.467234 150.000000 20.000000 20.000000 -0.000000 13.576440
-81.466648 150.000000 20.000000 20.000000 -0.000000 13.581173
-81.466062 150.000000 20.000000 20.000000 -0.000000 13.585906
-81.465476 150.000000 20.000000 20.000000 -0.000000 13.590639
-81.464889 150.000000 20.000000 20.000000 -0.000000 13.595372
-81.464301 150.000000 20.000000 20.000000 -0.000000 13.600104
-81.463714 150.000000 20.000000 20.000000 -0.000000 13.604837
-81.463125 150.000000 20.000000 20.000000 -0.000000 13.609569
-81.462536 150.000000 20.000000 20.000000 -0.000000 13.614301
-81.461947 150.000000 20.000000 20.000000 -0.000000 13.619033
-81.461358 150.000000 20.000000 20.000000 -0.000000 13.623765
-81.460768 150.000000 20.000000 20.000000 -0.000000 13.628497
-81.460177 150.000000 20.000000 20.000000 -0.000000 13.633229
-81.459586 150.000000 20.000000 20.000000 -0.000000 13.637960
-81.458995 150.000000 20.000000 20.000000 -0.000000 13.642692
-81.458403 150.000000 20.000000 20.000000 -0.000000 13.647423
-81.457810 150.000000 20.000000 20.000000 -0.000000 13.652154
-81.457218 150.000000 20.000000 20.000000 -0.000000 13.656885
-81.456624 150.000000 20.000000 20.000000 -0.000000 13.661616
-81.456031 150.000000 20.000000 20.000000 -0.000000 13.666347
-81.455437 150.000000 20.000000 20.000000 -0.000000 13.671078
-81.454842 150.000000 20.000000 20.000000 -0.000000 13.675809
-81.454247 150.000000 20.000000 20.000000 -0.000000 13.680539
-81.453652 150.000000 20.000000 20.000000 -0.000000 13.685269
-81.453056 150.000000 20.000000 20.000000 -0.000000 13.690000
-81.452460 150.000000 20.000000 20.000000 -0.000000 13.694730
-81.451863 150.000000 20.000000 20.000000 -0.000000 13.699460
-81.451266 150.000000 20.000000 20.000000 -0.000000 13.704189
-81.450668 150.000000 20.000000 20.000000 -0.000000 13.708919
-81.450070 150.000000 20.000000 20.000000 -0.000000 13.713649
-81.449472 150.000000 20.000000 20.000000 -0.000000 13.718378
-81.448873 150.000000 20.000000 20.000000 -0.000000 13.723107
-81.448273 150.000000 20.000000 20.000000 -0.000000 13.727837
-81.447674 150.000000 20.000000 20.000000 -0.000000 13.732566
-81.447073 150.000000 20.000000 20.000000 -0.000000 13.737295
-81.446473 150.000000 20.000000 20.000000 -0.000000 13.742023
-81.445871 150.000000 20.000000 20.000000 -0.000000 13.746752
-81.445270 150.000000 20.000000 20.000000 -0.000000 13.751481
-81.444668 150.000000 20.000000 20.000000 -0.000000 13.756209
-81.444065 150.000000 20.000000 20.000000 -0.000000 13.760937
-81.443463 150.000000 20.000000 20.000000 -0.000000 13.765666
-81.442859 150.000000 20.000000 20.000000 -0.000000 13.770394
-81.442256 150.000000 20.000000 20.000000 -0.000000 13.775121
-81.441651 150.000000 20.000000 20.000000 -0.000000 13.779849
-81.441047 150.000000 20.000000 20.000000 -0.000000 13.784577
-81.440442 150.000000 20.000000 20.000000 -0.000000 13.789304
-81.439836 150.000000 20.000000 20.000000 -0.000000 13.794032
-81.439230 150.000000 20.000000 20.000000 -0.000000 13.798759
-81.438624 150.000000 20.000000 20.000000 -0.000000 13.803486
-81.438017 150.000000 20.000000 20.000000 -0.000000 13.808213
-81.437410 150.000000 20.000000 20.000000 -0.000000 13.812940
-81.436802 150.000000 20.000000 20.000000 -0.000000 13.817666
-81.436194 150.000000 20.000000 20.000000 -0.000000 13.822393
-81.435586 150.000000 20.000000 20.000000 -0.000000 13.827119
-81.434977 150.000000 20.000000 20.000000 -0.000000 13.831846
-81.434367 150.000000 20.000000 20.000000 -0.000000 13.836572
-81.433758 150.000000 20.000000 20.000000 -0.000000 13.841298
-81.433147 150.000000 20.000000 20.000000 -0.000000 13.846024
-81.432537 150.000000 20.000000 20.000000 -0.000000 13.850749
-81.431926 150.000000 20.000000 20.000000 -0.000000 13.855475
-81.431314 150.000000 20.000000 20.000000 -0.000000 13.860200
-81.430702 150.000000 20.000000 20.000000 -0.000000 13.864926
-81.430090 150.000000 20.000000 20.000000 -0.000000 13.869651
-81.429477 150.000000 20.000000 20.000000 -0.000000 13.874376
-81.428864 150.000000 20.000000 20.000000 -0.000000 13.879101
-81.428250 150.000000 20.000000 20.000000 -0.000000 13.883826
-81.427636 150.000000 20.000000 20.000000 -0.000000 13.888550
-81.427021 150.000000 20.000000 20.000000 -0.000000 13.893275
-81.426406 150.000000 20.000000 20.000000 -0.000000 13.897999
-81.425791 150.000000 20.000000 20.000000 -0.000000 13.902723
-81.425175 150.000000 20.000000 20.000000 -0.000000 13.907447
-81.424559 150.000000 20.000000 20.000000 -0.000000 13.912171
-81.423942 150.000000 20.000000 20.000000 -0.000000 13.916895
-81.423325 150.000000 20.000000 20.000000 -0.000000 13.921619
-81.422707 150.000000 20.000000 20.000000 -0.000000 13.926342
-81.422089 150.000000 20.000000 20.000000 -0.000000 13.931066
-81.421471 150.000000 20.000000 20.000000 -0.000000 13.935789
-81.420852 150.000000 20.000000 20.000000 -0.000000 13.940512
-81.420233 150.000000 20.000000 20.000000 -0.000000 13.945235
-81.419613 150.000000 20.000000 20.000000 -0.000000 13.949957
-81.418993 150.000000 20.000000 20.000000 -0.000000 13.954680
-81.418373 150.000000 20.000000 20.000000 -0.000000 13.959403
-81.417752 150.000000 20.000000 20.000000 -0.000000 13.964125
-81.417130 150.000000 20.000000 20.000000 -0.000000 13.968847
-81.416509 150.000000 20.000000 20.000000 -0.000000 13.973569
-81.415886 150.000000 20.000000 20.000000 -0.000000 13.978291
-81.415264 150.000000 20.000000 20.000000 -0.000000 13.983013
-81.414641 150.000000 20.000000 20.000000 -0.000000 13.987734
-81.414017 150.000000 20.000000 20.000000 -0.000000 13.992456
-81.413393 150.000000 20.000000 20.000000 -0.000000 13.997177
-81.412769 150.000000 20.000000 20.000000 -0.000000 14.001898
-81.412144 150.000000 20.000000 20.000000 -0.000000 14.006619
-81.411519 150.000000 20.000000 20.000000 -0.000000 14.011340
-81.410894 150.000000 20.000000 20.000000 -0.000000 14.016061
-81.410268 150.000000 20.000000 20.000000 -0.000000 14.020782
-81.409641 150.000000 20.000000 20.000000 -0.000000 14.025502
-81.409014 150.000000 20.000000 20.000000 -0.000000 14.030222
-81.408387 150.000000 20.000000 20.000000 -0.000000 14.034942
-81.407759 150.000000 20.000000 20.000000 -0.000000 14.039662
-81.407131 150.000000 20.000000 20.000000 -0.000000 14.044382
-81.406503 150.000000 20.000000 20.000000 -0.000000 14.049102
-81.405874 150.000000 20.000000 20.000000 -0.000000 14.053821
-81.405244 150.000000 20.000000 20.000000 -0.000000 14.058541
-81.404614 150.000000 20.000000 20.000000 -0.000000 14.063260
-81.403984 150.000000 20.000000 20.000000 -0.000000 14.067979
-81.403354 150.000000 20.000000 20.000000 -0.000000 14.072698
-81.402723 150.000000 20.000000 20.000000 -0.000000 14.077417
-81.402091 150.000000 20.000000 20.000000 -0.000000 14.082135
-81.401459 150.000000 20.000000 20.000000 -0.000000 14.086854
-81.400827 150.000000 20.000000 20.000000 -0.000000 14.091572
-81.400194 150.000000 20.000000 20.000000 -0.000000 14.096290
-81.399561 150.000000 20.000000 20.000000 -0.000000 14.101008
-81.398928 150.000000 20.000000 20.000000 -0.000000 14.105726
-81.398294 150.000000 20.000000 20.000000 -0.000000 14.110444
-81.397659 150.000000 20.000000 20.000000 -0.000000 14.115161
-81.397025 150.000000 20.000000 20.000000 -0.000000 14.119879
-81.396389 150.000000 20.000000 20.000000 -0.000000 14.124596
-81.395754 150.000000 20.000000 20.000000 -0.000000 14.129313
-81.395118 150.000000 20.000000 20.000000 -0.000000 14.134030
-81.394481 150.000000 20.000000 20.000000 -0.000000 14.138747
-81.393844 150.000000 20.000000 20.000000 -0.000000 14.143463
-81.393207 150.000000 20.000000 20.000000 -0.000000 14.148180
-81.392569 150.000000 20.000000 20.000000 -0.000000 14.152896
-81.391931 150.000000 20.000000 20.000000 -0.000000 14.157612
-81.391293 150.000000 20.000000 20.000000 -0.000000 14.162328
-81.390654 150.000000 20.000000 20.000000 -0.000000 14.167044
-81.390015 150.000000 20.000000 20.000000 -0.000000 14.171759
-81.389375 150.000000 20.000000 20.000000 -0.000000 14.176475
-81.388735 150.000000 20.000000 20.000000 -0.000000 14.181190
-81.388094 150.000000 20.000000 20.000000 -0.000000 14.185905
-81.387453 150.000000 20.000000 20.000000 -0.000000 14.190620
-81.386812 150.000000 20.000000 20.000000 -0.000000 14.195335
-81.386170 150.000000 20.000000 20.000000 -0.000000 14.200050
-81.385528 150.000000 20.000000 20.000000 -0.000000 14.204764
-81.384885 150.000000 20.000000 20.000000 -0.000000 14.209479
-81.384242 150.000000 20.000000 20.000000 -0.000000 14.214193
-81.383599 150.000000 20.000000 20.000000 -0.000000 14.218907
-81.382955 150.000000 20.000000 20.000000 -0.000000 14.223621
-81.382311 150.000000 20.000000 20.000000 -0.000000 14.228334
-81.381666 150.000000 20.000000 20.000000 -0.000000 14.233048
-81.381021 150.000000 20.000000 20.000000 -0.000000 14.237761
-81.380375 150.000000 20.000000 20.000000 -0.000000 14.242475
-81.379730 150.000000 20.000000 20.000000 -0.000000 14.247188
-81.379083 150.000000 20.000000 20.000000 -0.000000 14.251901
-81.378437 150.000000 20.000000 20.000000 -0.000000 14.256613
-81.377789 150.000000 20.000000 20.000000 -0.000000 14.261326
-81.377142 150.000000 20.000000 20.000000 -0.000000 14.266038
-81.376494 150.000000 20.000000 20.000000 -0.000000 14.270750
-81.375846 150.000000 20.000000 20.000000 -0.000000 14.275462
-81.375197 150.000000 20.000000 20.000000 -0.000000 14.280174
-81.374548 150.000000 20.000000 20.000000 -0.000000 14.284886
-81.373898 150.000000 20.000000 20.000000 -0.000000 14.289598
-81.373248 150.000000 20.000000 20.000000 -0.000000 14.294309
-81.372598 150.000000 20.000000 20.000000 -0.000000 14.299020
-81.371947 150.000000 20.000000 20.000000 -0.000000 14.303731
-81.371296 150.000000 20.000000 20.000000 -0.000000 14.308442
-81.370645 150.000000 20.000000 20.000000 -0.000000 14.313153
-81.369993 150.000000 20.000000 20.000000 -0.000000 14.317863
-81.369340 150.000000 20.000000 20.000000 -0.000000 14.322574
-81.368688 150.000000 20.000000 20.000000 -0.000000 14.327284
-81.368034 150.000000 20.000000 20.000000 -0.000000 14.331994
-81.367381 150.000000 20.000000 20.000000 -0.000000 14.336704
-81.366727 150.000000 20.000000 20.000000 -0.000000 14.341414
-81.366073 150.000000 20.000000 20.000000 -0.000000 14.346123
-81.365418 150.000000 20.000000 20.000000 -0.000000 14.350832
-81.364763 150.000000 20.000000 20.000000 -0.000000 14.355542
-81.364107 150.000000 20.000000 20.000000 -0.000000 14.360251
-81.363451 150.000000 20.000000 20.000000 -0.000000 14.364959
-81.362795 150.000000 20.000000 20.000000 -0.000000 14.369668
-81.362138 150.000000 20.000000 20.000000 -0.000000 14.374377
-81.361481 150.000000 20.000000 20.000000 -0.000000 14.379085
-81.360823 150.000000 20.000000 20.000000 -0.000000 14.383793
-81.360165 150.000000 20.000000 20.000000 -0.000000 14.388501
-81.359507 150.000000 20.000000 20.000000 -0.000000 14.393209
-81.358848 150.000000 20.000000 20.000000 -0.000000 14.397916
-81.358189 150.000000 20.000000 20.000000 -0.000000 14.402624
-81.357529 150.000000 20.000000 20.000000 -0.000000 14.407331
-81.356869 150.000000 20.000000 20.000000 -0.000000 14.412038
-81.356209 150.000000 20.000000 20.000000 -0.000000 14.416745
-81.355548 150.000000 20.000000 20.000000 -0.000000 14.421452
-81.354887 150.000000 20.000000 20.000000 -0.000000 14.426158
-81.354226 150.000000 20.000000 20.000000 -0.000000 14.430865
-81.353564 150.000000 20.000000 20.000000 -0.000000 14.435571
-81.352901 150.000000 20.000000 20.000000 -0.000000 14.440277
-81.352239 150.000000 20.000000 20.000000 -0.000000 14.444983
-81.351576 150.000000 20.000000 20.000000 -0.000000 14.449688
-81.350912 150.000000 20.000000 20.000000 -0.000000 14.454394
-81.350248 150.000000 20.000000 20.000000 -0.000000 14.459099
-81.349584 150.000000 20.000000 20.000000 -0.000000 14.463804
-81.348919 150.000000 20.000000 20.000000 -0.000000 14.468509
-81.348254 150.000000 20.000000 20.000000 -0.000000 14.473214
-81.347589 150.000000 20.000000 20.000000 -0.000000 14.477919
-81.346923 150.000000 20.000000 20.000000 -0.000000 14.482623
-81.346257 150.000000 20.000000 20.000000 -0.000000 14.487327
-81.345590 150.000000 20.000000 20.000000 -0.000000 14.492031
-81.344923 150.000000 20.000000 20.000000 -0.000000 14.496735
-81.344255 150.000000 20.000000 20.000000 -0.000000 14.501439
-81.343588 150.000000 20.000000 20.000000 -0.000000 14.506142
-81.342919 150.000000 20.000000 20.000000 -0.000000 14.510846
-81.342251 150.000000 20.000000 20.000000 -0.000000 14.515549
-81.341582 150.000000 20.000000 20.000000 -0.000000 14.520252
-81.340912 150.000000 20.000000 20.000000 -0.000000 14.524955
-81.340243 150.000000 20.000000 20.000000 -0.000000 14.529657
-81.339572 150.000000 20.000000 20.000000 -0.000000 14.534360
-81.338902 150.000000 20.000000 20.000000 -0.000000 14.539062
-81.338231 150.000000 20.000000 20.000000 -0.000000 14.543764
-81.337559 150.000000 20.000000 20.000000 -0.000000 14.548466
-81.336888 150.000000 20.000000 20.000000 -0.000000 14.553167
-81.336216 150.000000 20.000000 20.000000 -0.000000 14.557869
-81.335543 150.000000 20.000000 20.000000 -0.000000 14.562570
-81.334870 150.000000 20.000000 20.000000 -0.000000 14.567271
-81.334197 150.000000 20.000000 20.000000 -0.000000 14.571972
-81.333523 150.000000 20.000000 20.000000 -0.000000 14.576673
-81.332849 150.000000 20.000000 20.000000 -0.000000 14.581374
-81.332175 150.000000 20.000000 20.000000 -0.000000 14.586074
-81.331500 150.000000 20.000000 20.000000 -0.000000 14.590774
-81.330825 150.000000 20.000000 20.000000 -0.000000 14.595474
-81.330149 150.000000 20.000000 20.000000 -0.000000 14.600174
-81.329473 150.000000 20.000000 20.000000 -0.000000 14.604873
-81.328797 150.000000 20.000000 20.000000 -0.000000 14.609573
-81.328120 150.000000 20.000000 20.000000 -0.000000 14.614272
-81.327443 150.000000 20.000000 20.000000 -0.000000 14.618971
-81.326765 150.000000 20.000000 20.000000 -0.000000 14.623670
-81.326088 150.000000 20.000000 20.000000 -0.000000 14.628369
-81.325409 150.000000 20.000000 20.000000 -0.000000 14.633067
-81.324731 150.000000 20.000000 20.000000 -0.000000 14.637765
-81.324051 150.000000 20.000000 20.000000 -0.000000 14.642463
-81.323372 150.000000 20.000000 20.000000 -0.000000 14.647161
-81.322692 150.000000 20.000000 20.000000 -0.000000 14.651859
-81.322012 150.000000 20.000000 20.000000 -0.000000 14.656556
-81.321331 150.000000 20.000000 20.000000 -0.000000 14.661254
-81.320650 150.000000 20.000000 20.000000 -0.000000 14.665951
-81.319969 150.000000 20.000000 20.000000 -0.000000 14.670648
-81.319287 150.000000 20.000000 20.000000 -0.000000 14.675345
-81.318605 150.000000 20.000000 20.000000 -0.000000 14.680041
-81.317923 150.000000 20.000000 20.000000 -0.000000 14.684737
-81.317240 150.000000 20.000000 20.000000 -0.000000 14.689434
-81.316557 150.000000 20.000000 20.000000 -0.000000 14.694130
-81.315873 150.000000 20.000000 20.000000 -0.000000 14.698825
-81.315189 150.000000 20.000000 20.000000 0.000000 14.703521
-81.314505 150.000000 20.000000 20.000000 0.000000 14.708216
-81.313820 150.000000 20.000000 20.000000 0.000000 14.712911
-81.313135 150.000000 20.000000 20.000000 0.000000 14.717606
-81.312449 150.000000 20.000000 20.000000 0.000000 14.722301
-81.311763 150.000000 20.000000 20.000000 0.000000 14.726996
-81.311077 150.000000 20.000000 20.000000 0.000000 14.731690
-81.310390 150.000000 20.000000 20.000000 0.000000 14.736384
-81.309703 150.000000 20.000000 20.000000 0.000000 14.741078
-81.309016 150.000000 20.000000 20.000000 0.000000 14.745772
-81.308328 150.000000 20.000000 20.000000 0.000000 14.750466
-81.307640 150.000000 20.000000 20.000000 0.000000 14.755159
-81.306951 150.000000 20.000000 20.000000 0.000000 14.759853
-81.306262 150.000000 20.000000 20.000000 0.000000 14.764546
-81.305572 150.000000 20.000000 20.000000 0.000000 14.769239
-81.304882 150.000000 20.000000 20.000000 0.000000 14.773931
-81.304192 150.000000 20.000000 20.000000 0.000000 14.778624
-81.303502 150.000000 20.000000 20.000000 0.000000 14.783316
-81.302810 150.000000 20.000000 20.000000 0.000000 14.788009
-81.302119 150.000000 20.000000 20.000000 0.000000 14.792701
-81.301427 150.000000 20.000000 20.000000 0.000000 14.797392
-81.300735 150.000000 20.000000 20.000000 0.000000 14.802084
-81.300042 150.000000 20.000000 20.000000 0.000000 14.806776
-81.299349 150.000000 20.000000 20.000000 0.000000 14.811467
-81.298655 150.000000 20.000000 20.000000 0.000000 14.816158
-81.297961 150.000000 20.000000 20.000000 0.000000 14.820849
-81.297267 150.000000 20.000000 20.000000 0.000000 14.825540
-81.296572 150.000000 20.000000 20.000000 0.000000 14.830231
-81.295877 150.000000 20.000000 20.000000 0.000000 14.834921
-81.295181 150.000000 20.000000 20.000000 0.000000 14.839611
-81.294485 150.000000 20.000000 20.000000 0.000000 14.844302
-81.293789 150.000000 20.000000 20.000000 0.000000 14.848992
-81.293092 150.000000 20.000000 20.000000 0.000000 14.853681
-81.292394 150.000000 20.000000 20.000000 0.000000 14.858371
-81.291696 150.000000 20.000000 20.000000 0.000000 14.863061
-81.290998 150.000000 20.000000 20.000000 0.000000 14.867750
-81.290299 150.000000 20.000000 20.000000 0.000000 14.872439
-81.289600 150.000000 20.000000 20.000000 0.000000 14.877128
-81.288901 150.000000 20.000000 20.000000 0.000000 14.881817
-81.288201 150.000000 20.000000 20.000000 0.000000 14.886506
-81.287500 150.000000 20.000000 20.000000 0.000000 14.891195
-81.286799 150.000000 20.000000 20.000000 0.000000 14.895883
-81.286098 150.000000 20.000000 20.000000 0.000000 14.900571
-81.285396 150.000000 20.000000 20.000000 0.000000 14.905259
-81.284694 150.000000 20.000000 20.000000 0.000000 14.909947
-81.283991 150.000000 20.000000 20.000000 0.000000 14.914635
-81.283288 150.000000 20.000000 20.000000 0.000000 14.919323
-81.282585 150.000000 20.000000 20.000000 0.000000 14.924010
