-20.154879 152.168978 -56.142125 8.523306 194.845505 -1.219390
-20.154815 152.168901 -56.138325 8.523020 194.842645 -1.219262
-20.154751 152.168824 -56.134526 8.522733 194.839784 -1.219134
-20.154686 152.168747 -56.130727 8.522447 194.836924 -1.219005
-20.154622 152.168670 -56.126929 8.522161 194.834063 -1.218877
-20.154558 152.168593 -56.123130 8.521874 194.831202 -1.218748
-20.154493 152.168516 -56.119331 8.521588 194.828340 -1.218620
-20.154429 152.168439 -56.115533 8.521301 194.825479 -1.218492
-20.154364 152.168362 -56.111735 8.521015 194.822617 -1.218363
-20.154300 152.168285 -56.107937 8.520729 194.819755 -1.218235
-20.154235 152.168207 -56.104139 8.520442 194.816893 -1.218107
-20.154171 152.168130 -56.100341 8.520156 194.814031 -1.217978
-20.154106 152.168053 -56.096543 8.519869 194.811169 -1.217850
-20.154042 152.167975 -56.092746 8.519583 194.808306 -1.217722
-20.153977 152.167898 -56.088948 8.519296 194.805443 -1.217593
-20.153912 152.167820 -56.085151 8.519010 194.802580 -1.217465
-20.153847 152.167743 -56.081354 8.518723 194.799717 -1.217337
-20.153783 152.167665 -56.077557 8.518437 194.796854 -1.217209
-20.153718 152.167588 -56.073760 8.518150 194.793990 -1.217080
-20.153653 152.167510 -56.069964 8.517864 194.791127 -1.216952
-20.153588 152.167433 -56.066167 8.517577 194.788263 -1.216824
-20.153523 152.167355 -56.062371 8.517290 194.785399 -1.216696
-20.153458 152.167277 -56.058575 8.517004 194.782534 -1.216567
-20.153393 152.167199 -56.054779 8.516717 194.779670 -1.216439
-20.153328 152.167122 -56.050983 8.516431 194.776805 -1.216311
-20.153263 152.167044 -56.047187 8.516144 194.773940 -1.216183
-20.153197 152.166966 -56.043391 8.515857 194.771075 -1.216054
-20.153132 152.166888 -56.039596 8.515571 194.768210 -1.215926
-20.153067 152.166810 -56.035800 8.515284 194.765344 -1.215798
-20.153002 152.166732 -56.032005 8.514998 194.762479 -1.215670
-20.152936 152.166654 -56.028210 8.514711 194.759613 -1.215542
-20.152871 152.166576 -56.024415 8.514424 194.756747 -1.215414
-20.152805 152.166498 -56.020620 8.514138 194.753881 -1.215285
-20.152740 152.166420 -56.016826 8.513851 194.751014 -1.215157
-20.152674 152.166342 -56.013031 8.513564 194.748148 -1.215029
-20.152609 152.166263 -56.009237 8.513278 194.745281 -1.214901
-20.152543 152.166185 -56.005443 8.512991 194.742414 -1.214773
-20.152478 152.166107 -56.001649 8.512704 194.739547 -1.214645
-20.152412 152.166029 -55.997855 8.512417 194.736680 -1.214517
-20.152346 152.165950 -55.994061 8.512131 194.733812 -1.214389
-20.152281 152.165872 -55.990267 8.511844 194.730945 -1.214261
-20.152215 152.165793 -55.986474 8.511557 194.728077 -1.214132
-20.152149 152.165715 -55.982681 8.511270 194.725209 -1.214004
-20.152083 152.165636 -55.978887 8.510984 194.722340 -1.213876
-20.152017 152.165558 -55.975094 8.510697 194.719472 -1.213748
-20.151951 152.165479 -55.971301 8.510410 194.716603 -1.213620
-20.151885 152.165401 -55.967509 8.510123 194.713735 -1.213492
-20.151819 152.165322 -55.963716 8.509836 194.710866 -1.213364
-20.151753 152.165243 -55.959923 8.509549 194.707997 -1.213236
-20.151687 152.165165 -55.956131 8.509263 194.705127 -1.213108
-20.151621 152.165086 -55.952339 8.508976 194.702258 -1.212980
-20.151555 152.165007 -55.948547 8.508689 194.699388 -1.212852
-20.151489 152.164928 -55.944755 8.508402 194.696518 -1.212724
-20.151423 152.164849 -55.940963 8.508115 194.693648 -1.212596
-20.151356 152.164771 -55.937171 8.507828 194.690778 -1.212468
-20.151290 152.164692 -55.933380 8.507541 194.687907 -1.212340
-20.151224 152.164613 -55.929589 8.507254 194.685037 -1.212212
-20.151157 152.164534 -55.925797 8.506967 194.682166 -1.212084
-20.151091 152.164455 -55.922006 8.506680 194.679295 -1.211956
-20.151024 152.164375 -55.918215 8.506393 194.676424 -1.211828
-20.150958 152.164296 -55.914424 8.506106 194.673552 -1.211700
-20.150891 152.164217 -55.910634 8.505819 194.670681 -1.211572
-20.150825 152.164138 -55.906843 8.505532 194.667809 -1.211444
-20.150758 152.164059 -55.903053 8.505245 194.664937 -1.211317
-20.150691 152.163980 -55.899263 8.504958 194.662065 -1.211189
-20.150625 152.163900 -55.895473 8.504671 194.659193 -1.211061
-20.150558 152.163821 -55.891683 8.504384 194.656320 -1.210933
-20.150491 152.163741 -55.887893 8.504097 194.653448 -1.210805
-20.150424 152.163662 -55.884103 8.503810 194.650575 -1.210677
-20.150357 152.163583 -55.880313 8.503523 194.647702 -1.210549
-20.150291 152.163503 -55.876524 8.503236 194.644829 -1.210421
-20.150224 152.163424 -55.872735 8.502949 194.641956 -1.210293
-20.150157 152.163344 -55.868946 8.502662 194.639082 -1.210166
-20.150090 152.163264 -55.865157 8.502374 194.636208 -1.210038
-20.150023 152.163185 -55.861368 8.502087 194.633335 -1.209910
-20.149955 152.163105 -55.857579 8.501800 194.630460 -1.209782
-20.149888 152.163025 -55.853790 8.501513 194.627586 -1.209654
-20.149821 152.162946 -55.850002 8.501226 194.624712 -1.209526
-20.149754 152.162866 -55.846214 8.500939 194.621837 -1.209399
-20.149687 152.162786 -55.842425 8.500651 194.618962 -1.209271
-20.149619 152.162706 -55.838637 8.500364 194.616088 -1.209143
-20.149552 152.162626 -55.834849 8.500077 194.613212 -1.209015
-20.149485 152.162546 -55.831062 8.499790 194.610337 -1.208887
-20.149417 152.162466 -55.827274 8.499502 194.607462 -1.208760
-20.149350 152.162386 -55.823487 8.499215 194.604586 -1.208632
-20.149282 152.162306 -55.819699 8.498928 194.601710 -1.208504
-20.149215 152.162226 -55.815912 8.498640 194.598834 -1.208376
-20.149147 152.162146 -55.812125 8.498353 194.595958 -1.208248
-20.149080 152.162066 -55.808338 8.498066 194.593082 -1.208121
-20.149012 152.161986 -55.804551 8.497778 194.590205 -1.207993
-20.148944 152.161906 -55.800764 8.497491 194.587328 -1.207865
-20.148876 152.161825 -55.796978 8.497204 194.584451 -1.207737
-20.148809 152.161745 -55.793191 8.496916 194.581574 -1.207610
-20.148741 152.161665 -55.789405 8.496629 194.578697 -1.207482
-20.148673 152.161584 -55.785619 8.496341 194.575820 -1.207354
-20.148605 152.161504 -55.781833 8.496054 194.572942 -1.207227
-20.148537 152.161424 -55.778047 8.495766 194.570064 -1.207099
-20.148469 152.161343 -55.774261 8.495479 194.567186 -1.206971
-20.148401 152.161263 -55.770476 8.495192 194.564308 -1.206843
-20.148333 152.161182 -55.766690 8.494904 194.561430 -1.206716
-20.148265 152.161102 -55.762905 8.494617 194.558552 -1.206588
-20.148197 152.161021 -55.759120 8.494329 194.555673 -1.206460
-20.148129 152.160940 -55.755335 8.494041 194.552794 -1.206333
-20.148061 152.160860 -55.751550 8.493754 194.549915 -1.206205
-20.147993 152.160779 -55.747765 8.493466 194.547036 -1.206077
-20.147924 152.160698 -55.743980 8.493179 194.544157 -1.205950
-20.147856 152.160617 -55.740196 8.492891 194.541277 -1.205822
-20.147788 152.160536 -55.736411 8.492604 194.538398 -1.205694
-20.147719 152.160456 -55.732627 8.492316 194.535518 -1.205567
-20.147651 152.160375 -55.728843 8.492028 194.532638 -1.205439
-20.147582 152.160294 -55.725059 8.491741 194.529757 -1.205312
-20.147514 152.160213 -55.721275 8.491453 194.526877 -1.205184
-20.147445 152.160132 -55.717491 8.491165 194.523997 -1.205056
-20.147377 152.160051 -55.713708 8.490878 194.521116 -1.204929
-20.147308 152.159970 -55.709924 8.490590 194.518235 -1.204801
-20.147239 152.159889 -55.706141 8.490302 194.515354 -1.204674
-20.147171 152.159807 -55.702358 8.490014 194.512473 -1.204546
-20.147102 152.159726 -55.698575 8.489727 194.509591 -1.204418
-20.147033 152.159645 -55.694792 8.489439 194.506710 -1.204291
-20.146964 152.159564 -55.691009 8.489151 194.503828 -1.204163
-20.146896 152.159482 -55.687226 8.488863 194.500946 -1.204036
-20.146827 152.159401 -55.683444 8.488575 194.498064 -1.203908
-20.146758 152.159320 -55.679661 8.488288 194.495182 -1.203781
-20.146689 152.159238 -55.675879 8.488000 194.492300 -1.203653
-20.146620 152.159157 -55.672097 8.487712 194.489417 -1.203525
-20.146551 152.159075 -55.668315 8.487424 194.486534 -1.203398
-20.146482 152.158994 -55.664533 8.487136 194.483651 -1.203270
-20.146413 152.158912 -55.660751 8.486848 194.480768 -1.203143
-20.146343 152.158831 -55.656970 8.486560 194.477885 -1.203015
-20.146274 152.158749 -55.653188 8.486272 194.475002 -1.202888
-20.146205 152.158667 -55.649407 8.485984 194.472118 -1.202760
-20.146136 152.158586 -55.645626 8.485696 194.469234 -1.202633
-20.146066 152.158504 -55.641844 8.485408 194.466350 -1.202505
-20.145997 152.158422 -55.638064 8.485120 194.463466 -1.202378
-20.145928 152.158340 -55.634283 8.484832 194.460582 -1.202250
-20.145858 152.158259 -55.630502 8.484544 194.457698 -1.202123
-20.145789 152.158177 -55.626721 8.484256 194.454813 -1.201995
-20.145719 152.158095 -55.622941 8.483968 194.451928 -1.201868
-20.145650 152.158013 -55.619161 8.483680 194.449043 -1.201740
-20.145580 152.157931 -55.615380 8.483392 194.446158 -1.201613
-20.145510 152.157849 -55.611600 8.483104 194.443273 -1.201485
-20.145441 152.157767 -55.607820 8.482816 194.440388 -1.201358
-20.145371 152.157685 -55.604041 8.482527 194.437502 -1.201230
-20.145301 152.157603 -55.600261 8.482239 194.434616 -1.201103
-20.145232 152.157521 -55.596481 8.481951 194.431730 -1.200975
-20.145162 152.157438 -55.592702 8.481663 194.428844 -1.200848
-20.145092 152.157356 -55.588923 8.481375 194.425958 -1.200721
-20.145022 152.157274 -55.585143 8.481086 194.423072 -1.200593
-20.144952 152.157192 -55.581364 8.480798 194.420185 -1.200466
-20.144882 152.157109 -55.577586 8.480510 194.417298 -1.200338
-20.144812 152.157027 -55.573807 8.480221 194.414411 -1.200211
-20.144742 152.156945 -55.570028 8.479933 194.411524 -1.200083
-20.144672 152.156862 -55.566250 8.479645 194.408637 -1.199956
-20.144602 152.156780 -55.562471 8.479356 194.405750 -1.199829
-20.144532 152.156697 -55.558693 8.479068 194.402862 -1.199701
-20.144462 152.156615 -55.554915 8.478780 194.399974 -1.199574
-20.144391 152.156532 -55.551137 8.478491 194.397086 -1.199446
-20.144321 152.156449 -55.547359 8.478203 194.394198 -1.199319
-20.144251 152.156367 -55.543581 8.477914 194.391310 -1.199192
-20.144180 152.156284 -55.539803 8.477626 194.388422 -1.199064
-20.144110 152.156201 -55.536026 8.477338 194.385533 -1.198937
-20.144040 152.156119 -55.532249 8.477049 194.382645 -1.198809
-20.143969 152.156036 -55.528471 8.476761 194.379756 -1.198682
-20.143899 152.155953 -55.524694 8.476472 194.376867 -1.198555
-20.143828 152.155870 -55.520917 8.476183 194.373978 -1.198427
-20.143757 152.155787 -55.517140 8.475895 194.371088 -1.198300
-20.143687 152.155704 -55.513364 8.475606 194.368199 -1.198173
-20.143616 152.155621 -55.509587 8.475318 194.365309 -1.198045
-20.143545 152.155538 -55.505810 8.475029 194.362419 -1.197918
-20.143475 152.155455 -55.502034 8.474740 194.359529 -1.197791
-20.143404 152.155372 -55.498258 8.474452 194.356639 -1.197663
-20.143333 152.155289 -55.494482 8.474163 194.353749 -1.197536
-20.143262 152.155206 -55.490706 8.473874 194.350858 -1.197409
-20.143191 152.155123 -55.486930 8.473586 194.347968 -1.197281
-20.143120 152.155040 -55.483154 8.473297 194.345077 -1.197154
-20.143050 152.154956 -55.479378 8.473008 194.342186 -1.197027
-20.142979 152.154873 -55.475603 8.472719 194.339295 -1.196899
-20.142907 152.154790 -55.471828 8.472431 194.336404 -1.196772
-20.142836 152.154706 -55.468052 8.472142 194.333512 -1.196645
-20.142765 152.154623 -55.464277 8.471853 194.330621 -1.196517
-20.142694 152.154540 -55.460502 8.471564 194.327729 -1.196390
-20.142623 152.154456 -55.456727 8.471275 194.324837 -1.196263
-20.142552 152.154373 -55.452953 8.470987 194.321945 -1.196135
-20.142480 152.154289 -55.449178 8.470698 194.319053 -1.196008
-20.142409 152.154206 -55.445403 8.470409 194.316160 -1.195881
-20.142338 152.154122 -55.441629 8.470120 194.313268 -1.195754
-20.142266 152.154038 -55.437855 8.469831 194.310375 -1.195626
-20.142195 152.153955 -55.434081 8.469542 194.307482 -1.195499
-20.142124 152.153871 -55.430307 8.469253 194.304589 -1.195372
-20.142052 152.153787 -55.426533 8.468964 194.301696 -1.195244
-20.141980 152.153704 -55.422759 8.468675 194.298803 -1.195117
-20.141909 152.153620 -55.418985 8.468386 194.295910 -1.194990
-20.141837 152.153536 -55.415212 8.468097 194.293016 -1.194863
-20.141766 152.153452 -55.411438 8.467808 194.290122 -1.194735
-20.141694 152.153368 -55.407665 8.467518 194.287228 -1.194608
-20.141622 152.153284 -55.403892 8.467229 194.284334 -1.194481
-20.141550 152.153200 -55.400119 8.466940 194.281440 -1.194354
-20.141479 152.153116 -55.396346 8.466651 194.278546 -1.194226
-20.141407 152.153032 -55.392573 8.466362 194.275651 -1.194099
-20.141335 152.152948 -55.388801 8.466073 194.272756 -1.193972
-20.141263 152.152864 -55.385028 8.465783 194.269861 -1.193845
-20.141191 152.152780 -55.381256 8.465494 194.266966 -1.193717
-20.141119 152.152696 -55.377483 8.465205 194.264071 -1.193590
-20.141047 152.152611 -55.373711 8.464916 194.261176 -1.193463
-20.140975 152.152527 -55.369939 8.464626 194.258281 -1.193336
-20.140903 152.152443 -55.366167 8.464337 194.255385 -1.193208
-20.140831 152.152359 -55.362395 8.464048 194.252489 -1.193081
-20.140759 152.152274 -55.358624 8.463758 194.249593 -1.192954
-20.140686 152.152190 -55.354852 8.463469 194.246697 -1.192827
-20.140614 152.152105 -55.351080 8.463179 194.243801 -1.192700
-20.140542 152.152021 -55.347309 8.462890 194.240904 -1.192572
-20.140469 152.151936 -55.343538 8.462600 194.238008 -1.192445
-20.140397 152.151852 -55.339767 8.462311 194.235111 -1.192318
-20.140325 152.151767 -55.335996 8.462021 194.232214 -1.192191
-20.140252 152.151683 -55.332225 8.461732 194.229317 -1.192064
-20.140180 152.151598 -55.328454 8.461442 194.226420 -1.191936
-20.140107 152.151513 -55.324684 8.461153 194.223523 -1.191809
-20.140035 152.151429 -55.320913 8.460863 194.220626 -1.191682
-20.139962 152.151344 -55.317143 8.460574 194.217728 -1.191555
-20.139889 152.151259 -55.313372 8.460284 194.214830 -1.191428
-20.139817 152.151174 -55.309602 8.459994 194.211932 -1.191300
-20.139744 152.151090 -55.305832 8.459705 194.209034 -1.191173
-20.139671 152.151005 -55.302062 8.459415 194.206136 -1.191046
-20.139599 152.150920 -55.298293 8.459125 194.203238 -1.190919
-20.139526 152.150835 -55.294523 8.458836 194.200339 -1.190792
-20.139453 152.150750 -55.290753 8.458546 194.197441 -1.190664
-20.139380 152.150665 -55.286984 8.458256 194.194542 -1.190537
-20.139307 152.150580 -55.283215 8.457966 194.191643 -1.190410
-20.139234 152.150495 -55.279445 8.457676 194.188744 -1.190283
-20.139161 152.150410 -55.275676 8.457387 194.185845 -1.190156
-20.139088 152.150325 -55.271907 8.457097 194.182945 -1.190029
-20.139015 152.150239 -55.268138 8.456807 194.180046 -1.189901
-20.138942 152.150154 -55.264370 8.456517 194.177146 -1.189774
-20.138869 152.150069 -55.260601 8.456227 194.174246 -1.189647
-20.138795 152.149984 -55.256833 8.455937 194.171346 -1.189520
-20.138722 152.149898 -55.253064 8.455647 194.168446 -1.189393
-20.138649 152.149813 -55.249296 8.455357 194.165546 -1.189266
-20.138576 152.149728 -55.245528 8.455067 194.162645 -1.189139
-20.138502 152.149642 -55.241760 8.454777 194.159745 -1.189011
-20.138429 152.149557 -55.237992 8.454487 194.156844 -1.188884
-20.138355 152.149471 -55.234224 8.454197 194.153943 -1.188757
-20.138282 152.149386 -55.230456 8.453907 194.151042 -1.188630
-20.138208 152.149300 -55.226689 8.453617 194.148141 -1.188503
-20.138135 152.149215 -55.222921 8.453327 194.145240 -1.188376
-20.138061 152.149129 -55.219154 8.453036 194.142338 -1.188249
-20.137988 152.149043 -55.215387 8.452746 194.139437 -1.188121
-20.137914 152.148958 -55.211620 8.452456 194.136535 -1.187994
-20.137840 152.148872 -55.207853 8.452166 194.133633 -1.187867
-20.137767 152.148786 -55.204086 8.451875 194.130731 -1.187740
-20.137693 152.148700 -55.200319 8.451585 194.127829 -1.187613
-20.137619 152.148615 -55.196552 8.451295 194.124927 -1.187486
-20.137545 152.148529 -55.192786 8.451005 194.122024 -1.187359
-20.137471 152.148443 -55.189020 8.450714 194.119122 -1.187231
-20.137397 152.148357 -55.185253 8.450424 194.116219 -1.187104
-20.137324 152.148271 -55.181487 8.450133 194.113316 -1.186977
-20.137250 152.148185 -55.177721 8.449843 194.110413 -1.186850
-20.137176 152.148099 -55.173955 8.449553 194.107510 -1.186723
-20.137101 152.148013 -55.170189 8.449262 194.104606 -1.186596
-20.137027 152.147927 -55.166423 8.448972 194.101703 -1.186469
-20.136953 152.147841 -55.162658 8.448681 194.098799 -1.186342
-20.136879 152.147754 -55.158892 8.448391 194.095896 -1.186215
-20.136805 152.147668 -55.155127 8.448100 194.092992 -1.186087
-20.136731 152.147582 -55.151362 8.447809 194.090088 -1.185960
-20.136656 152.147496 -55.147596 8.447519 194.087183 -1.185833
-20.136582 152.147409 -55.143831 8.447228 194.084279 -1.185706
-20.136508 152.147323 -55.140067 8.446937 194.081375 -1.185579
-20.136433 152.147237 -55.136302 8.446647 194.078470 -1.185452
-20.136359 152.147150 -55.132537 8.446356 194.075565 -1.185325
-20.136284 152.147064 -55.128772 8.446065 194.072660 -1.185198
-20.136210 152.146978 -55.125008 8.445775 194.069755 -1.185071
-20.136135 152.146891 -55.121244 8.445484 194.066850 -1.184943
-20.136061 152.146804 -55.117479 8.445193 194.063945 -1.184816
-20.135986 152.146718 -55.113715 8.444902 194.061040 -1.184689
-20.135911 152.146631 -55.109951 8.444611 194.058134 -1.184562
-20.135837 152.146545 -55.106187 8.444320 194.055228 -1.184435
-20.135762 152.146458 -55.102423 8.444030 194.052322 -1.184308
-20.135687 152.146371 -55.098660 8.443739 194.049416 -1.184181
-20.135612 152.146285 -55.094896 8.443448 194.046510 -1.184054
-20.135537 152.146198 -55.091133 8.443157 194.043604 -1.183927
-20.135463 152.146111 -55.087369 8.442866 194.040698 -1.183799
-20.135388 152.146024 -55.083606 8.442575 194.037791 -1.183672
-20.135313 152.145937 -55.079843 8.442284 194.034884 -1.183545
-20.135238 152.145850 -55.076080 8.441992 194.031978 -1.183418
-20.135163 152.145763 -55.072317 8.441701 194.029071 -1.183291
-20.135088 152.145677 -55.068554 8.441410 194.026163 -1.183164
-20.135013 152.145590 -55.064791 8.441119 194.023256 -1.183037
-20.134937 152.145502 -55.061029 8.440828 194.020349 -1.182910
-20.134862 152.145415 -55.057266 8.440537 194.017441 -1.182783
-20.134787 152.145328 -55.053504 8.440246 194.014534 -1.182656
-20.134712 152.145241 -55.049742 8.439954 194.011626 -1.182528
-20.134636 152.145154 -55.045979 8.439663 194.008718 -1.182401
-20.134561 152.145067 -55.042217 8.439372 194.005810 -1.182274
-20.134486 152.144980 -55.038455 8.439080 194.002902 -1.182147
-20.134410 152.144892 -55.034694 8.438789 193.999993 -1.182020
-20.134335 152.144805 -55.030932 8.438498 193.997085 -1.181893
-20.134259 152.144718 -55.027170 8.438206 193.994176 -1.181766
-20.134184 152.144630 -55.023409 8.437915 193.991268 -1.181639
-20.134108 152.144543 -55.019647 8.437623 193.988359 -1.181512
-20.134033 152.144455 -55.015886 8.437332 193.985450 -1.181385
-20.133957 152.144368 -55.012125 8.437040 193.982540 -1.181258
-20.133881 152.144281 -55.008364 8.436749 193.979631 -1.181130
-20.133806 152.144193 -55.004603 8.436457 193.976722 -1.181003
-20.133730 152.144105 -55.000842 8.436166 193.973812 -1.180876
-20.133654 152.144018 -54.997081 8.435874 193.970903 -1.180749
-20.133578 152.143930 -54.993321 8.435582 193.967993 -1.180622
-20.133503 152.143843 -54.989560 8.435291 193.965083 -1.180495
-20.133427 152.143755 -54.985800 8.434999 193.962173 -1.180368
-20.133351 152.143667 -54.982040 8.434707 193.959263 -1.180241
-20.133275 152.143579 -54.978279 8.434416 193.956352 -1.180114
-20.133199 152.143492 -54.974519 8.434124 193.953442 -1.179987
-20.133123 152.143404 -54.970759 8.433832 193.950531 -1.179860
-20.133047 152.143316 -54.966999 8.433540 193.947620 -1.179732
-20.132971 152.143228 -54.963240 8.433248 193.944709 -1.179605
-20.132894 152.143140 -54.959480 8.432957 193.941798 -1.179478
-20.132818 152.143052 -54.955720 8.432665 193.938887 -1.179351
-20.132742 152.142964 -54.951961 8.432373 193.935976 -1.179224
-20.132666 152.142876 -54.948202 8.432081 193.933065 -1.179097
-20.132589 152.142788 -54.944442 8.431789 193.930153 -1.178970
-20.132513 152.142700 -54.940683 8.431497 193.927241 -1.178843
-20.132437 152.142612 -54.936924 8.431205 193.924330 -1.178716
-20.132360 152.142524 -54.933165 8.430913 193.921418 -1.178589
-20.132284 152.142435 -54.929406 8.430621 193.918506 -1.178461
-20.132207 152.142347 -54.925648 8.430328 193.915593 -1.178334
-20.132131 152.142259 -54.921889 8.430036 193.912681 -1.178207
-20.132054 152.142171 -54.918131 8.429744 193.909769 -1.178080
-20.131978 152.142082 -54.914372 8.429452 193.906856 -1.177953
-20.131901 152.141994 -54.910614 8.429160 193.903943 -1.177826
-20.131824 152.141906 -54.906856 8.428868 193.901030 -1.177699
-20.131748 152.141817 -54.903098 8.428575 193.898117 -1.177572
-20.131671 152.141729 -54.899340 8.428283 193.895204 -1.177445
-20.131594 152.141640 -54.895582 8.427991 193.892291 -1.177318
-20.131517 152.141552 -54.891824 8.427698 193.889378 -1.177190
-20.131441 152.141463 -54.888067 8.427406 193.886464 -1.177063
-20.131364 152.141375 -54.884309 8.427113 193.883550 -1.176936
-20.131287 152.141286 -54.880552 8.426821 193.880637 -1.176809
-20.131210 152.141197 -54.876794 8.426529 193.877723 -1.176682
-20.131133 152.141109 -54.873037 8.426236 193.874809 -1.176555
-20.131056 152.141020 -54.869280 8.425944 193.871895 -1.176428
-20.130979 152.140931 -54.865523 8.425651 193.868980 -1.176301
-20.130902 152.140842 -54.861766 8.425358 193.866066 -1.176174
-20.130824 152.140754 -54.858009 8.425066 193.863151 -1.176046
-20.130747 152.140665 -54.854252 8.424773 193.860237 -1.175919
-20.130670 152.140576 -54.850496 8.424480 193.857322 -1.175792
-20.130593 152.140487 -54.846739 8.424188 193.854407 -1.175665
-20.130515 152.140398 -54.842983 8.423895 193.851492 -1.175538
-20.130438 152.140309 -54.839227 8.423602 193.848577 -1.175411
-20.130361 152.140220 -54.835470 8.423310 193.845662 -1.175284
-20.130283 152.140131 -54.831714 8.423017 193.842746 -1.175157
-20.130206 152.140042 -54.827958 8.422724 193.839831 -1.175030
-20.130128 152.139953 -54.824202 8.422431 193.836915 -1.174902
-20.130051 152.139864 -54.820447 8.422138 193.833999 -1.174775
-20.129973 152.139774 -54.816691 8.421845 193.831083 -1.174648
-20.129896 152.139685 -54.812935 8.421552 193.828167 -1.174521
-20.129818 152.139596 -54.809180 8.421259 193.825251 -1.174394
-20.129741 152.139507 -54.805425 8.420966 193.822334 -1.174267
-20.129663 152.139417 -54.801669 8.420673 193.819418 -1.174140
-20.129585 152.139328 -54.797914 8.420380 193.816501 -1.174012
-20.129507 152.139239 -54.794159 8.420087 193.813585 -1.173885
-20.129430 152.139149 -54.790404 8.419794 193.810668 -1.173758
-20.129352 152.139060 -54.786649 8.419501 193.807751 -1.173631
-20.129274 152.138970 -54.782894 8.419208 193.804834 -1.173504
-20.129196 152.138881 -54.779140 8.418914 193.801917 -1.173377
-20.129118 152.138791 -54.775385 8.418621 193.798999 -1.173250
-20.129040 152.138702 -54.771631 8.418328 193.796082 -1.173123
-20.128962 152.138612 -54.767876 8.418035 193.793164 -1.172995
-20.128884 152.138523 -54.764122 8.417741 193.790247 -1.172868
-20.128806 152.138433 -54.760368 8.417448 193.787329 -1.172741
-20.128728 152.138343 -54.756614 8.417155 193.784411 -1.172614
-20.128649 152.138253 -54.752860 8.416861 193.781493 -1.172487
-20.128571 152.138164 -54.749106 8.416568 193.778575 -1.172360
-20.128493 152.138074 -54.745352 8.416274 193.775656 -1.172232
-20.128415 152.137984 -54.741599 8.415981 193.772738 -1.172105
-20.128336 152.137894 -54.737845 8.415687 193.769819 -1.171978
-20.128258 152.137804 -54.734092 8.415394 193.766901 -1.171851
-20.128180 152.137714 -54.730339 8.415100 193.763982 -1.171724
-20.128101 152.137624 -54.726585 8.414807 193.761063 -1.171597
-20.128023 152.137534 -54.722832 8.414513 193.758144 -1.171470
-20.127944 152.137444 -54.719079 8.414219 193.755224 -1.171342
-20.127866 152.137354 -54.715326 8.413926 193.752305 -1.171215
-20.127787 152.137264 -54.711573 8.413632 193.749386 -1.171088
-20.127708 152.137174 -54.707821 8.413338 193.746466 -1.170961
-20.127630 152.137084 -54.704068 8.413044 193.743546 -1.170834
-20.127551 152.136994 -54.700315 8.412750 193.740627 -1.170707
-20.127472 152.136904 -54.696563 8.412457 193.737707 -1.170579
-20.127394 152.136813 -54.692811 8.412163 193.734787 -1.170452
-20.127315 152.136723 -54.689058 8.411869 193.731867 -1.170325
-20.127236 152.136633 -54.685306 8.411575 193.728946 -1.170198
-20.127157 152.136542 -54.681554 8.411281 193.726026 -1.170071
-20.127078 152.136452 -54.677802 8.410987 193.723105 -1.169943
-20.126999 152.136362 -54.674050 8.410693 193.720185 -1.169816
-20.126920 152.136271 -54.670299 8.410399 193.717264 -1.169689
-20.126841 152.136181 -54.666547 8.410105 193.714343 -1.169562
-20.126762 152.136090 -54.662795 8.409811 193.711422 -1.169435
-20.126683 152.136000 -54.659044 8.409516 193.708501 -1.169307
-20.126604 152.135909 -54.655293 8.409222 193.705580 -1.169180
-20.126525 152.135818 -54.651541 8.408928 193.702658 -1.169053
-20.126446 152.135728 -54.647790 8.408634 193.699737 -1.168926
-20.126366 152.135637 -54.644039 8.408339 193.696815 -1.168799
-20.126287 152.135546 -54.640288 8.408045 193.693893 -1.168671
-20.126208 152.135456 -54.636537 8.407751 193.690971 -1.168544
-20.126128 152.135365 -54.632787 8.407456 193.688049 -1.168417
-20.126049 152.135274 -54.629036 8.407162 193.685127 -1.168290
-20.125970 152.135183 -54.625285 8.406868 193.682205 -1.168163
-20.125890 152.135093 -54.621535 8.406573 193.679283 -1.168035
-20.125811 152.135002 -54.617784 8.406279 193.676360 -1.167908
-20.125731 152.134911 -54.614034 8.405984 193.673438 -1.167781
-20.125652 152.134820 -54.610284 8.405690 193.670515 -1.167654
-20.125572 152.134729 -54.606534 8.405395 193.667592 -1.167526
-20.125492 152.134638 -54.602784 8.405100 193.664669 -1.167399
-20.125413 152.134547 -54.599034 8.404806 193.661746 -1.167272
-20.125333 152.134456 -54.595284 8.404511 193.658823 -1.167145
-20.125253 152.134364 -54.591535 8.404216 193.655900 -1.167017
-20.125173 152.134273 -54.587785 8.403922 193.652976 -1.166890
-20.125094 152.134182 -54.584035 8.403627 193.650053 -1.166763
-20.125014 152.134091 -54.580286 8.403332 193.647129 -1.166636
-20.124934 152.134000 -54.576537 8.403037 193.644205 -1.166508
-20.124854 152.133908 -54.572788 8.402742 193.641282 -1.166381
-20.124774 152.133817 -54.569038 8.402447 193.638358 -1.166254
-20.124694 152.133726 -54.565289 8.402152 193.635434 -1.166127
-20.124614 152.133634 -54.561540 8.401858 193.632509 -1.165999
-20.124534 152.133543 -54.557792 8.401563 193.629585 -1.165872
-20.124454 152.133452 -54.554043 8.401267 193.626660 -1.165745
-20.124374 152.133360 -54.550294 8.400972 193.623736 -1.165618
-20.124293 152.133269 -54.546546 8.400677 193.620811 -1.165490
-20.124213 152.133177 -54.542797 8.400382 193.617886 -1.165363
-20.124133 152.133085 -54.539049 8.400087 193.614961 -1.165236
-20.124053 152.132994 -54.535301 8.399792 193.612036 -1.165108
-20.123972 152.132902 -54.531552 8.399497 193.609111 -1.164981
-20.123892 152.132811 -54.527804 8.399201 193.606186 -1.164854
-20.123812 152.132719 -54.524056 8.398906 193.603261 -1.164727
-20.123731 152.132627 -54.520308 8.398611 193.600335 -1.164599
-20.123651 152.132535 -54.516561 8.398315 193.597409 -1.164472
-20.123570 152.132444 -54.512813 8.398020 193.594484 -1.164345
-20.123490 152.132352 -54.509065 8.397725 193.591558 -1.164217
-20.123409 152.132260 -54.505318 8.397429 193.588632 -1.164090
-20.123328 152.132168 -54.501570 8.397134 193.585706 -1.163963
-20.123248 152.132076 -54.497823 8.396838 193.582780 -1.163835
-20.123167 152.131984 -54.494076 8.396543 193.579853 -1.163708
-20.123086 152.131892 -54.490329 8.396247 193.576927 -1.163581
-20.123005 152.131800 -54.486582 8.395951 193.574000 -1.163453
-20.122925 152.131708 -54.482835 8.395656 193.571074 -1.163326
-20.122844 152.131616 -54.479088 8.395360 193.568147 -1.163199
-20.122763 152.131524 -54.475341 8.395064 193.565220 -1.163071
-20.122682 152.131432 -54.471594 8.394769 193.562293 -1.162944
-20.122601 152.131340 -54.467848 8.394473 193.559366 -1.162817
-20.122520 152.131247 -54.464101 8.394177 193.556439 -1.162689
-20.122439 152.131155 -54.460355 8.393881 193.553512 -1.162562
-20.122358 152.131063 -54.456609 8.393585 193.550584 -1.162435
-20.122277 152.130971 -54.452863 8.393290 193.547657 -1.162307
-20.122196 152.130878 -54.449116 8.392994 193.544729 -1.162180
-20.122115 152.130786 -54.445370 8.392698 193.541801 -1.162053
-20.122033 152.130694 -54.441624 8.392402 193.538873 -1.161925
-20.121952 152.130601 -54.437879 8.392106 193.535945 -1.161798
-20.121871 152.130509 -54.434133 8.391809 193.533017 -1.161671
-20.121790 152.130416 -54.430387 8.391513 193.530089 -1.161543
-20.121708 152.130324 -54.426642 8.391217 193.527161 -1.161416
-20.121627 152.130231 -54.422896 8.390921 193.524232 -1.161288
-20.121545 152.130139 -54.419151 8.390625 193.521304 -1.161161
-20.121464 152.130046 -54.415406 8.390329 193.518375 -1.161034
-20.121383 152.129953 -54.411660 8.390032 193.515446 -1.160906
-20.121301 152.129861 -54.407915 8.389736 193.512517 -1.160779
-20.121219 152.129768 -54.404170 8.389440 193.509588 -1.160651
-20.121138 152.129675 -54.400425 8.389143 193.506659 -1.160524
-20.121056 152.129582 -54.396680 8.388847 193.503730 -1.160397
-20.120975 152.129490 -54.392936 8.388550 193.500800 -1.160269
-20.120893 152.129397 -54.389191 8.388254 193.497871 -1.160142
-20.120811 152.129304 -54.385446 8.387957 193.494941 -1.160014
-20.120729 152.129211 -54.381702 8.387661 193.492012 -1.159887
-20.120647 152.129118 -54.377958 8.387364 193.489082 -1.159759
-20.120566 152.129025 -54.374213 8.387068 193.486152 -1.159632
-20.120484 152.128932 -54.370469 8.386771 193.483222 -1.159505
-20.120402 152.128839 -54.366725 8.386474 193.480292 -1.159377
-20.120320 152.128746 -54.362981 8.386178 193.477362 -1.159250
-20.120238 152.128653 -54.359237 8.385881 193.474432 -1.159122
-20.120156 152.128560 -54.355493 8.385584 193.471501 -1.158995
-20.120074 152.128467 -54.351749 8.385287 193.468571 -1.158867
-20.119992 152.128373 -54.348006 8.384990 193.465640 -1.158740
-20.119909 152.128280 -54.344262 8.384694 193.462709 -1.158612
-20.119827 152.128187 -54.340519 8.384397 193.459778 -1.158485
-20.119745 152.128094 -54.336775 8.384100 193.456847 -1.158357
