19.972234 148.191852 46.591369 9.707278 172.518322 0.024443
19.972235 148.191797 46.589760 9.707631 172.522795 0.024442
19.972236 148.191742 46.588151 9.707984 172.527268 0.024441
19.972237 148.191687 46.586541 9.708337 172.531741 0.024441
19.972238 148.191631 46.584931 9.708691 172.536214 0.024440
19.972238 148.191576 46.583321 9.709044 172.540687 0.024439
19.972239 148.191521 46.581711 9.709397 172.545160 0.024438
19.972240 148.191465 46.580100 9.709750 172.549632 0.024438
19.972241 148.191410 46.578489 9.710103 172.554105 0.024437
19.972242 148.191355 46.576877 9.710456 172.558577 0.024436
19.972242 148.191299 46.575265 9.710809 172.563049 0.024436
19.972243 148.191244 46.573653 9.711162 172.567521 0.024435
19.972244 148.191189 46.572041 9.711515 172.571993 0.024434
19.972245 148.191133 46.570428 9.711868 172.576465 0.024433
19.972246 148.191078 46.568815 9.712221 172.580937 0.024433
19.972247 148.191022 46.567202 9.712575 172.585409 0.024432
19.972247 148.190967 46.565588 9.712928 172.589880 0.024431
19.972248 148.190912 46.563974 9.713281 172.594352 0.024430
19.972249 148.190856 46.562360 9.713634 172.598823 0.024430
19.972250 148.190801 46.560746 9.713987 172.603294 0.024429
19.972251 148.190746 46.559131 9.714341 172.607765 0.024428
19.972252 148.190690 46.557516 9.714694 172.612236 0.024428
19.972252 148.190635 46.555900 9.715047 172.616707 0.024427
19.972253 148.190579 46.554284 9.715400 172.621178 0.024426
19.972254 148.190524 46.552668 9.715754 172.625649 0.024425
19.972255 148.190468 46.551052 9.716107 172.630119 0.024425
19.972256 148.190413 46.549435 9.716460 172.634590 0.024424
19.972257 148.190358 46.547818 9.716813 172.639060 0.024423
19.972258 148.190302 46.546201 9.717167 172.643530 0.024422
19.972258 148.190247 46.544583 9.717520 172.648000 0.024421
19.972259 148.190191 46.542965 9.717873 172.652470 0.024421
19.972260 148.190136 46.541347 9.718227 172.656940 0.024420
19.972261 148.190080 46.539728 9.718580 172.661410 0.024419
19.972262 148.190025 46.538109 9.718933 172.665879 0.024418
19.972263 148.189970 46.536490 9.719287 172.670349 0.024418
19.972264 148.189914 46.534870 9.719640 172.674818 0.024417
19.972265 148.189859 46.533250 9.719994 172.679288 0.024416
19.972265 148.189803 46.531630 9.720347 172.683757 0.024415
19.972266 148.189748 46.530010 9.720700 172.688226 0.024415
19.972267 148.189692 46.528389 9.721054 172.692695 0.024414
19.972268 148.189637 46.526768 9.721407 172.697164 0.024413
19.972269 148.189581 46.525146 9.721761 172.701633 0.024412
19.972270 148.189526 46.523524 9.722114 172.706101 0.024411
19.972271 148.189470 46.521902 9.722468 172.710570 0.024411
19.972272 148.189415 46.520280 9.722821 172.715038 0.024410
19.972273 148.189359 46.518657 9.723175 172.719506 0.024409
19.972273 148.189304 46.517034 9.723528 172.723975 0.024408
19.972274 148.189248 46.515411 9.723882 172.728443 0.024407
19.972275 148.189193 46.513787 9.724235 172.732911 0.024407
19.972276 148.189137 46.512163 9.724589 172.737378 0.024406
19.972277 148.189082 46.510539 9.724942 172.741846 0.024405
19.972278 148.189026 46.508914 9.725296 172.746314 0.024404
19.972279 148.188971 46.507289 9.725650 172.750781 0.024403
19.972280 148.188915 46.505664 9.726003 172.755249 0.024403
19.972281 148.188859 46.504039 9.726357 172.759716 0.024402
19.972282 148.188804 46.502413 9.726710 172.764183 0.024401
19.972283 148.188748 46.500786 9.727064 172.768650 0.024400
19.972284 148.188693 46.499160 9.727418 172.773117 0.024399
19.972284 148.188637 46.497533 9.727771 172.777584 0.024399
19.972285 148.188582 46.495906 9.728125 172.782051 0.024398
19.972286 148.188526 46.494278 9.728479 172.786517 0.024397
19.972287 148.188470 46.492651 9.728832 172.790984 0.024396
19.972288 148.188415 46.491023 9.729186 172.795450 0.024395
19.972289 148.188359 46.489394 9.729540 172.799916 0.024394
19.972290 148.188304 46.487765 9.729893 172.804382 0.024394
19.972291 148.188248 46.486136 9.730247 172.808848 0.024393
19.972292 148.188192 46.484507 9.730601 172.813314 0.024392
19.972293 148.188137 46.482877 9.730954 172.817780 0.024391
19.972294 148.188081 46.481247 9.731308 172.822246 0.024390
19.972295 148.188026 46.479617 9.731662 172.826711 0.024389
19.972296 148.187970 46.477986 9.732016 172.831176 0.024389
19.972297 148.187914 46.476355 9.732369 172.835642 0.024388
19.972298 148.187859 46.474724 9.732723 172.840107 0.024387
19.972299 148.187803 46.473092 9.733077 172.844572 0.024386
19.972300 148.187747 46.471460 9.733431 172.849037 0.024385
19.972301 148.187692 46.469828 9.733785 172.853502 0.024384
19.972302 148.187636 46.468195 9.734138 172.857967 0.024383
19.972303 148.187580 46.466562 9.734492 172.862431 0.024383
19.972304 148.187525 46.464929 9.734846 172.866896 0.024382
19.972305 148.187469 46.463295 9.735200 172.871360 0.024381
19.972306 148.187413 46.461661 9.735554 172.875824 0.024380
19.972307 148.187358 46.460027 9.735908 172.880288 0.024379
19.972308 148.187302 46.458393 9.736262 172.884752 0.024378
19.972309 148.187246 46.456758 9.736616 172.889216 0.024377
19.972310 148.187191 46.455123 9.736969 172.893680 0.024376
19.972311 148.187135 46.453487 9.737323 172.898144 0.024376
19.972312 148.187079 46.451851 9.737677 172.902607 0.024375
19.972313 148.187023 46.450215 9.738031 172.907071 0.024374
19.972314 148.186968 46.448579 9.738385 172.911534 0.024373
19.972315 148.186912 46.446942 9.738739 172.915997 0.024372
19.972316 148.186856 46.445305 9.739093 172.920460 0.024371
19.972317 148.186801 46.443667 9.739447 172.924923 0.024370
19.972318 148.186745 46.442029 9.739801 172.929386 0.024369
19.972319 148.186689 46.440391 9.740155 172.933849 0.024369
19.972320 148.186633 46.438753 9.740509 172.938312 0.024368
19.972321 148.186578 46.437114 9.740863 172.942774 0.024367
19.972322 148.186522 46.435475 9.741217 172.947237 0.024366
19.972323 148.186466 46.433835 9.741571 172.951699 0.024365
19.972324 148.186410 46.432196 9.741925 172.956161 0.024364
19.972325 148.186354 46.430556 9.742279 172.960623 0.024363
19.972326 148.186299 46.428915 9.742633 172.965085 0.024362
19.972327 148.186243 46.427274 9.742987 172.969547 0.024361
19.972328 148.186187 46.425633 9.743341 172.974008 0.024360
19.972329 148.186131 46.423992 9.743695 172.978470 0.024359
19.972330 148.186075 46.422350 9.744050 172.982931 0.024359
19.972331 148.186020 46.420708 9.744404 172.987393 0.024358
19.972332 148.185964 46.419066 9.744758 172.991854 0.024357
19.972333 148.185908 46.417423 9.745112 172.996315 0.024356
19.972334 148.185852 46.415780 9.745466 173.000776 0.024355
19.972335 148.185796 46.414137 9.745820 173.005237 0.024354
19.972336 148.185741 46.412493 9.746174 173.009697 0.024353
19.972337 148.185685 46.410849 9.746528 173.014158 0.024352
19.972338 148.185629 46.409205 9.746883 173.018619 0.024351
19.972339 148.185573 46.407560 9.747237 173.023079 0.024350
19.972341 148.185517 46.405915 9.747591 173.027539 0.024349
19.972342 148.185461 46.404269 9.747945 173.031999 0.024348
19.972343 148.185405 46.402624 9.748299 173.036459 0.024347
19.972344 148.185350 46.400978 9.748654 173.040919 0.024346
19.972345 148.185294 46.399331 9.749008 173.045379 0.024345
19.972346 148.185238 46.397685 9.749362 173.049839 0.024344
19.972347 148.185182 46.396038 9.749716 173.054298 0.024343
19.972348 148.185126 46.394390 9.750071 173.058757 0.024343
19.972349 148.185070 46.392743 9.750425 173.063217 0.024342
19.972350 148.185014 46.391095 9.750779 173.067676 0.024341
19.972351 148.184958 46.389446 9.751133 173.072135 0.024340
19.972352 148.184902 46.387798 9.751488 173.076594 0.024339
19.972354 148.184847 46.386149 9.751842 173.081053 0.024338
19.972355 148.184791 46.384499 9.752196 173.085511 0.024337
19.972356 148.184735 46.382850 9.752550 173.089970 0.024336
19.972357 148.184679 46.381200 9.752905 173.094428 0.024335
19.972358 148.184623 46.379550 9.753259 173.098887 0.024334
19.972359 148.184567 46.377899 9.753613 173.103345 0.024333
19.972360 148.184511 46.376248 9.753968 173.107803 0.024332
19.972361 148.184455 46.374597 9.754322 173.112261 0.024331
19.972362 148.184399 46.372945 9.754677 173.116719 0.024330
19.972364 148.184343 46.371293 9.755031 173.121177 0.024329
19.972365 148.184287 46.369641 9.755385 173.125634 0.024328
19.972366 148.184231 46.367988 9.755740 173.130092 0.024327
19.972367 148.184175 46.366335 9.756094 173.134549 0.024326
19.972368 148.184119 46.364682 9.756448 173.139006 0.024325
19.972369 148.184063 46.363028 9.756803 173.143463 0.024324
19.972370 148.184007 46.361374 9.757157 173.147920 0.024323
19.972372 148.183951 46.359720 9.757512 173.152377 0.024322
19.972373 148.183895 46.358065 9.757866 173.156834 0.024321
19.972374 148.183839 46.356410 9.758221 173.161291 0.024320
19.972375 148.183783 46.354755 9.758575 173.165747 0.024319
19.972376 148.183727 46.353099 9.758929 173.170203 0.024318
19.972377 148.183671 46.351443 9.759284 173.174660 0.024317
19.972378 148.183615 46.349786 9.759638 173.179116 0.024316
19.972380 148.183559 46.348130 9.759993 173.183572 0.024315
19.972381 148.183503 46.346473 9.760347 173.188028 0.024314
19.972382 148.183447 46.344815 9.760702 173.192484 0.024313
19.972383 148.183391 46.343158 9.761056 173.196939 0.024312
19.972384 148.183335 46.341500 9.761411 173.201395 0.024311
19.972385 148.183279 46.339841 9.761765 173.205850 0.024310
19.972387 148.183223 46.338183 9.762120 173.210305 0.024309
19.972388 148.183167 46.336523 9.762474 173.214761 0.024308
19.972389 148.183111 46.334864 9.762829 173.219216 0.024307
19.972390 148.183055 46.333204 9.763184 173.223670 0.024306
19.972391 148.182998 46.331544 9.763538 173.228125 0.024305
19.972392 148.182942 46.329884 9.763893 173.232580 0.024303
19.972394 148.182886 46.328223 9.764247 173.237034 0.024302
19.972395 148.182830 46.326562 9.764602 173.241489 0.024301
19.972396 148.182774 46.324901 9.764956 173.245943 0.024300
19.972397 148.182718 46.323239 9.765311 173.250397 0.024299
19.972398 148.182662 46.321577 9.765666 173.254851 0.024298
19.972400 148.182606 46.319914 9.766020 173.259305 0.024297
19.972401 148.182550 46.318251 9.766375 173.263759 0.024296
19.972402 148.182493 46.316588 9.766729 173.268213 0.024295
19.972403 148.182437 46.314925 9.767084 173.272666 0.024294
19.972404 148.182381 46.313261 9.767439 173.277120 0.024293
19.972406 148.182325 46.311597 9.767793 173.281573 0.024292
19.972407 148.182269 46.309932 9.768148 173.286026 0.024291
19.972408 148.182213 46.308267 9.768503 173.290479 0.024290
19.972409 148.182156 46.306602 9.768857 173.294932 0.024289
19.972411 148.182100 46.304937 9.769212 173.299385 0.024288
19.972412 148.182044 46.303271 9.769567 173.303838 0.024286
19.972413 148.181988 46.301604 9.769921 173.308290 0.024285
19.972414 148.181932 46.299938 9.770276 173.312742 0.024284
19.972416 148.181875 46.298271 9.770631 173.317195 0.024283
19.972417 148.181819 46.296604 9.770985 173.321647 0.024282
19.972418 148.181763 46.294936 9.771340 173.326099 0.024281
19.972419 148.181707 46.293268 9.771695 173.330551 0.024280
19.972421 148.181651 46.291600 9.772050 173.335003 0.024279
19.972422 148.181594 46.289931 9.772404 173.339454 0.024278
19.972423 148.181538 46.288262 9.772759 173.343906 0.024277
19.972424 148.181482 46.286592 9.773114 173.348357 0.024275
19.972426 148.181426 46.284923 9.773469 173.352808 0.024274
19.972427 148.181369 46.283253 9.773823 173.357259 0.024273
19.972428 148.181313 46.281582 9.774178 173.361710 0.024272
19.972429 148.181257 46.279911 9.774533 173.366161 0.024271
19.972431 148.181201 46.278240 9.774888 173.370612 0.024270
19.972432 148.181144 46.276569 9.775242 173.375063 0.024269
19.972433 148.181088 46.274897 9.775597 173.379513 0.024268
19.972434 148.181032 46.273225 9.775952 173.383963 0.024267
19.972436 148.180976 46.271552 9.776307 173.388414 0.024265
19.972437 148.180919 46.269879 9.776662 173.392864 0.024264
19.972438 148.180863 46.268206 9.777016 173.397314 0.024263
19.972440 148.180807 46.266532 9.777371 173.401763 0.024262
19.972441 148.180750 46.264858 9.777726 173.406213 0.024261
19.972442 148.180694 46.263184 9.778081 173.410663 0.024260
19.972443 148.180638 46.261509 9.778436 173.415112 0.024259
19.972445 148.180581 46.259834 9.778790 173.419561 0.024257
19.972446 148.180525 46.258159 9.779145 173.424011 0.024256
19.972447 148.180469 46.256483 9.779500 173.428460 0.024255
19.972449 148.180412 46.254807 9.779855 173.432908 0.024254
19.972450 148.180356 46.253130 9.780210 173.437357 0.024253
19.972451 148.180300 46.251454 9.780565 173.441806 0.024252
19.972453 148.180243 46.249776 9.780919 173.446254 0.024251
19.972454 148.180187 46.248099 9.781274 173.450703 0.024249
19.972455 148.180130 46.246421 9.781629 173.455151 0.024248
19.972457 148.180074 46.244743 9.781984 173.459599 0.024247
19.972458 148.180018 46.243064 9.782339 173.464047 0.024246
19.972459 148.179961 46.241385 9.782694 173.468495 0.024245
19.972460 148.179905 46.239706 9.783049 173.472942 0.024244
19.972462 148.179849 46.238026 9.783404 173.477390 0.024242
19.972463 148.179792 46.236346 9.783758 173.481837 0.024241
19.972465 148.179736 46.234665 9.784113 173.486284 0.024240
19.972466 148.179679 46.232985 9.784468 173.490732 0.024239
19.972467 148.179623 46.231303 9.784823 173.495179 0.024238
19.972469 148.179566 46.229622 9.785178 173.499625 0.024237
19.972470 148.179510 46.227940 9.785533 173.504072 0.024235
19.972471 148.179453 46.226258 9.785888 173.508519 0.024234
19.972473 148.179397 46.224575 9.786243 173.512965 0.024233
19.972474 148.179341 46.222892 9.786598 173.517412 0.024232
19.972475 148.179284 46.221209 9.786953 173.521858 0.024231
19.972477 148.179228 46.219525 9.787307 173.526304 0.024229
19.972478 148.179171 46.217841 9.787662 173.530750 0.024228
19.972479 148.179115 46.216156 9.788017 173.535195 0.024227
19.972481 148.179058 46.214472 9.788372 173.539641 0.024226
19.972482 148.179002 46.212786 9.788727 173.544086 0.024225
19.972484 148.178945 46.211101 9.789082 173.548532 0.024223
19.972485 148.178889 46.209415 9.789437 173.552977 0.024222
19.972486 148.178832 46.207729 9.789792 173.557422 0.024221
19.972488 148.178776 46.206042 9.790147 173.561867 0.024220
19.972489 148.178719 46.204355 9.790502 173.566312 0.024218
19.972490 148.178663 46.202668 9.790857 173.570756 0.024217
19.972492 148.178606 46.200980 9.791212 173.575201 0.024216
19.972493 148.178549 46.199292 9.791567 173.579645 0.024215
19.972495 148.178493 46.197603 9.791922 173.584090 0.024214
19.972496 148.178436 46.195914 9.792277 173.588534 0.024212
19.972497 148.178380 46.194225 9.792632 173.592978 0.024211
19.972499 148.178323 46.192535 9.792987 173.597421 0.024210
19.972500 148.178267 46.190845 9.793342 173.601865 0.024209
19.972502 148.178210 46.189155 9.793697 173.606309 0.024207
19.972503 148.178153 46.187464 9.794052 173.610752 0.024206
19.972505 148.178097 46.185773 9.794407 173.615195 0.024205
19.972506 148.178040 46.184081 9.794762 173.619638 0.024204
19.972507 148.177984 46.182390 9.795117 173.624081 0.024202
19.972509 148.177927 46.180697 9.795472 173.628524 0.024201
19.972510 148.177870 46.179005 9.795827 173.632967 0.024200
19.972512 148.177814 46.177312 9.796181 173.637409 0.024199
19.972513 148.177757 46.175618 9.796536 173.641852 0.024197
19.972515 148.177701 46.173925 9.796891 173.646294 0.024196
19.972516 148.177644 46.172230 9.797246 173.650736 0.024195
19.972517 148.177587 46.170536 9.797601 173.655178 0.024193
19.972519 148.177531 46.168841 9.797956 173.659620 0.024192
19.972520 148.177474 46.167146 9.798311 173.664061 0.024191
19.972522 148.177417 46.165450 9.798666 173.668503 0.024190
19.972523 148.177361 46.163754 9.799021 173.672944 0.024188
19.972525 148.177304 46.162058 9.799376 173.677385 0.024187
19.972526 148.177247 46.160361 9.799731 173.681827 0.024186
19.972528 148.177190 46.158664 9.800086 173.686267 0.024184
19.972529 148.177134 46.156966 9.800441 173.690708 0.024183
19.972531 148.177077 46.155268 9.800796 173.695149 0.024182
19.972532 148.177020 46.153570 9.801151 173.699589 0.024181
19.972534 148.176964 46.151871 9.801506 173.704030 0.024179
19.972535 148.176907 46.150172 9.801861 173.708470 0.024178
19.972537 148.176850 46.148473 9.802216 173.712910 0.024177
19.972538 148.176793 46.146773 9.802572 173.717350 0.024175
19.972540 148.176737 46.145073 9.802927 173.721790 0.024174
19.972541 148.176680 46.143372 9.803282 173.726229 0.024173
19.972543 148.176623 46.141671 9.803637 173.730669 0.024171
19.972544 148.176566 46.139970 9.803992 173.735108 0.024170
19.972546 148.176510 46.138268 9.804347 173.739547 0.024169
19.972547 148.176453 46.136566 9.804702 173.743986 0.024167
19.972549 148.176396 46.134863 9.805057 173.748425 0.024166
19.972550 148.176339 46.133160 9.805412 173.752864 0.024165
19.972552 148.176282 46.131457 9.805767 173.757302 0.024163
19.972553 148.176226 46.129753 9.806122 173.761741 0.024162
19.972555 148.176169 46.128049 9.806477 173.766179 0.024161
19.972556 148.176112 46.126345 9.806832 173.770617 0.024159
19.972558 148.176055 46.124640 9.807187 173.775055 0.024158
19.972559 148.175998 46.122935 9.807542 173.779493 0.024157
19.972561 148.175941 46.121229 9.807897 173.783931 0.024155
19.972562 148.175885 46.119523 9.808252 173.788368 0.024154
19.972564 148.175828 46.117817 9.808607 173.792806 0.024153
19.972565 148.175771 46.116110 9.808962 173.797243 0.024151
19.972567 148.175714 46.114403 9.809317 173.801680 0.024150
19.972568 148.175657 46.112695 9.809672 173.806117 0.024149
19.972570 148.175600 46.110987 9.810027 173.810554 0.024147
19.972571 148.175543 46.109279 9.810382 173.814990 0.024146
19.972573 148.175487 46.107570 9.810737 173.819427 0.024145
19.972575 148.175430 46.105861 9.811092 173.823863 0.024143
19.972576 148.175373 46.104151 9.811447 173.828299 0.024142
19.972578 148.175316 46.102441 9.811802 173.832735 0.024140
19.972579 148.175259 46.100731 9.812157 173.837171 0.024139
19.972581 148.175202 46.099020 9.812512 173.841607 0.024138
19.972582 148.175145 46.097309 9.812867 173.846043 0.024136
19.972584 148.175088 46.095597 9.813222 173.850478 0.024135
19.972586 148.175031 46.093886 9.813577 173.854913 0.024133
19.972587 148.174974 46.092173 9.813932 173.859348 0.024132
19.972589 148.174917 46.090461 9.814287 173.863783 0.024131
19.972590 148.174860 46.088747 9.814642 173.868218 0.024129
19.972592 148.174803 46.087034 9.814997 173.872653 0.024128
19.972594 148.174746 46.085320 9.815352 173.877087 0.024126
19.972595 148.174689 46.083606 9.815707 173.881522 0.024125
19.972597 148.174632 46.081891 9.816062 173.885956 0.024124
19.972598 148.174575 46.080176 9.816417 173.890390 0.024122
19.972600 148.174518 46.078460 9.816772 173.894824 0.024121
19.972602 148.174461 46.076745 9.817127 173.899257 0.024119
19.972603 148.174404 46.075028 9.817482 173.903691 0.024118
19.972605 148.174347 46.073312 9.817837 173.908124 0.024117
19.972606 148.174290 46.071594 9.818192 173.912557 0.024115
19.972608 148.174233 46.069877 9.818547 173.916991 0.024114
19.972610 148.174176 46.068159 9.818902 173.921424 0.024112
19.972611 148.174119 46.066441 9.819257 173.925856 0.024111
19.972613 148.174062 46.064722 9.819612 173.930289 0.024109
19.972615 148.174005 46.063003 9.819967 173.934721 0.024108
19.972616 148.173948 46.061283 9.820322 173.939154 0.024107
19.972618 148.173891 46.059564 9.820676 173.943586 0.024105
19.972619 148.173834 46.057843 9.821031 173.948018 0.024104
19.972621 148.173776 46.056123 9.821386 173.952450 0.024102
19.972623 148.173719 46.054401 9.821741 173.956881 0.024101
19.972624 148.173662 46.052680 9.822096 173.961313 0.024099
19.972626 148.173605 46.050958 9.822451 173.965744 0.024098
19.972628 148.173548 46.049236 9.822806 173.970175 0.024096
19.972629 148.173491 46.047513 9.823161 173.974606 0.024095
19.972631 148.173434 46.045790 9.823516 173.979037 0.024093
19.972633 148.173377 46.044066 9.823871 173.983468 0.024092
19.972634 148.173319 46.042342 9.824226 173.987899 0.024090
19.972636 148.173262 46.040618 9.824581 173.992329 0.024089
19.972638 148.173205 46.038893 9.824936 173.996759 0.024088
19.972639 148.173148 46.037168 9.825291 174.001189 0.024086
19.972641 148.173091 46.035442 9.825646 174.005619 0.024085
19.972643 148.173034 46.033716 9.826001 174.010049 0.024083
19.972645 148.172976 46.031990 9.826355 174.014478 0.024082
19.972646 148.172919 46.030263 9.826710 174.018908 0.024080
19.972648 148.172862 46.028536 9.827065 174.023337 0.024079
19.972650 148.172805 46.026808 9.827420 174.027766 0.024077
19.972651 148.172747 46.025080 9.827775 174.032195 0.024076
19.972653 148.172690 46.023352 9.828130 174.036624 0.024074
19.972655 148.172633 46.021623 9.828485 174.041053 0.024073
19.972656 148.172576 46.019893 9.828840 174.045481 0.024071
19.972658 148.172518 46.018164 9.829195 174.049909 0.024070
19.972660 148.172461 46.016434 9.829550 174.054338 0.024068
19.972662 148.172404 46.014703 9.829904 174.058765 0.024067
19.972663 148.172347 46.012972 9.830259 174.063193 0.024065
19.972665 148.172289 46.011241 9.830614 174.067621 0.024064
19.972667 148.172232 46.009509 9.830969 174.072048 0.024062
19.972669 148.172175 46.007777 9.831324 174.076476 0.024060
19.972670 148.172117 46.006044 9.831679 174.080903 0.024059
19.972672 148.172060 46.004311 9.832034 174.085330 0.024057
19.972674 148.172003 46.002578 9.832388 174.089757 0.024056
19.972675 148.171945 46.000844 9.832743 174.094183 0.024054
19.972677 148.171888 45.999110 9.833098 174.098610 0.024053
19.972679 148.171831 45.997375 9.833453 174.103036 0.024051
19.972681 148.171773 45.995640 9.833808 174.107462 0.024050
19.972683 148.171716 45.993904 9.834163 174.111888 0.024048
19.972684 148.171659 45.992168 9.834517 174.116314 0.024047
19.972686 148.171601 45.990432 9.834872 174.120740 0.024045
19.972688 148.171544 45.988695 9.835227 174.125165 0.024043
19.972690 148.171487 45.986958 9.835582 174.129591 0.024042
19.972691 148.171429 45.985220 9.835937 174.134016 0.024040
19.972693 148.171372 45.983482 9.836291 174.138441 0.024039
19.972695 148.171314 45.981744 9.836646 174.142866 0.024037
19.972697 148.171257 45.980005 9.837001 174.147290 0.024036
19.972698 148.171200 45.978266 9.837356 174.151715 0.024034
19.972700 148.171142 45.976526 9.837711 174.156139 0.024032
19.972702 148.171085 45.974786 9.838065 174.160563 0.024031
19.972704 148.171027 45.973045 9.838420 174.164987 0.024029
19.972706 148.170970 45.971304 9.838775 174.169411 0.024028
19.972707 148.170912 45.969563 9.839130 174.173835 0.024026
19.972709 148.170855 45.967821 9.839484 174.178258 0.024025
19.972711 148.170797 45.966079 9.839839 174.182682 0.024023
19.972713 148.170740 45.964336 9.840194 174.187105 0.024021
19.972715 148.170682 45.962593 9.840548 174.191528 0.024020
19.972717 148.170625 45.960849 9.840903 174.195950 0.024018
19.972718 148.170567 45.959105 9.841258 174.200373 0.024017
19.972720 148.170510 45.957361 9.841613 174.204796 0.024015
19.972722 148.170452 45.955616 9.841967 174.209218 0.024013
19.972724 148.170395 45.953871 9.842322 174.213640 0.024012
19.972726 148.170337 45.952125 9.842677 174.218062 0.024010
19.972728 148.170280 45.950379 9.843031 174.222484 0.024008
19.972729 148.170222 45.948632 9.843386 174.226905 0.024007
19.972731 148.170165 45.946885 9.843741 174.231327 0.024005
19.972733 148.170107 45.945138 9.844095 174.235748 0.024004
19.972735 148.170049 45.943390 9.844450 174.240169 0.024002
19.972737 148.169992 45.941642 9.844805 174.244590 0.024000
19.972739 148.169934 45.939893 9.845159 174.249011 0.023999
19.972741 148.169877 45.938144 9.845514 174.253431 0.023997
19.972742 148.169819 45.936395 9.845869 174.257852 0.023995
19.972744 148.169761 45.934645 9.846223 174.262272 0.023994
19.972746 148.169704 45.932894 9.846578 174.266692 0.023992
19.972748 148.169646 45.931143 9.846932 174.271112 0.023990
19.972750 148.169588 45.929392 9.847287 174.275532 0.023989
19.972752 148.169531 45.927640 9.847642 174.279951 0.023987
19.972754 148.169473 45.925888 9.847996 174.284371 0.023985
19.972756 148.169415 45.924136 9.848351 174.288790 0.023984
19.972757 148.169358 45.922383 9.848705 174.293209 0.023982
19.972759 148.169300 45.920629 9.849060 174.297628 0.023980
19.972761 148.169242 45.918875 9.849414 174.302046 0.023979
19.972763 148.169185 45.917121 9.849769 174.306465 0.023977
19.972765 148.169127 45.915366 9.850124 174.310883 0.023975
19.972767 148.169069 45.913611 9.850478 174.315301 0.023974
19.972769 148.169012 45.911855 9.850833 174.319719 0.023972
19.972771 148.168954 45.910099 9.851187 174.324137 0.023970
19.972773 148.168896 45.908343 9.851542 174.328555 0.023969
19.972775 148.168838 45.906586 9.851896 174.332972 0.023967
19.972777 148.168781 45.904828 9.852251 174.337389 0.023965
19.972779 148.168723 45.903070 9.852605 174.341806 0.023964
19.972780 148.168665 45.901312 9.852960 174.346223 0.023962
19.972782 148.168607 45.899553 9.853314 174.350640 0.023960
19.972784 148.168550 45.897794 9.853668 174.355057 0.023958
19.972786 148.168492 45.896035 9.854023 174.359473 0.023957
19.972788 148.168434 45.894275 9.854377 174.363889 0.023955
19.972790 148.168376 45.892514 9.854732 174.368305 0.023953
19.972792 148.168318 45.890753 9.855086 174.372721 0.023952
19.972794 148.168261 45.888992 9.855441 174.377137 0.023950
19.972796 148.168203 45.887230 9.855795 174.381552 0.023948
19.972798 148.168145 45.885468 9.856149 174.385968 0.023946
19.972800 148.168087 45.883705 9.856504 174.390383 0.023945
19.972802 148.168029 45.881942 9.856858 174.394798 0.023943
19.972804 148.167971 45.880179 9.857213 174.399212 0.023941
19.972806 148.167913 45.878415 9.857567 174.403627 0.023939
19.972808 148.167856 45.876650 9.857921 174.408041 0.023938
19.972810 148.167798 45.874885 9.858276 174.412456 0.023936
19.972812 148.167740 45.873120 9.858630 174.416870 0.023934
19.972814 148.167682 45.871354 9.858984 174.421284 0.023932
19.972816 148.167624 45.869588 9.859339 174.425697 0.023931
19.972818 148.167566 45.867821 9.859693 174.430111 0.023929
19.972820 148.167508 45.866054 9.860047 174.434524 0.023927
19.972822 148.167450 45.864286 9.860401 174.438937 0.023925
19.972824 148.167392 45.862518 9.860756 174.443350 0.023924
19.972826 148.167334 45.860750 9.861110 174.447763 0.023922
19.972828 148.167276 45.858981 9.861464 174.452176 0.023920
19.972830 148.167218 45.857211 9.861819 174.456588 0.023918
19.972832 148.167160 45.855442 9.862173 174.461000 0.023917
19.972834 148.167102 45.853671 9.862527 174.465412 0.023915
19.972836 148.167044 45.851901 9.862881 174.469824 0.023913
19.972838 148.166986 45.850129 9.863235 174.474236 0.023911
19.972840 148.166928 45.848358 9.863590 174.478647 0.023909
19.972842 148.166870 45.846586 9.863944 174.483059 0.023908
19.972844 148.166812 45.844813 9.864298 174.487470 0.023906
19.972846 148.166754 45.843040 9.864652 174.491881 0.023904
19.972848 148.166696 45.841267 9.865006 174.496291 0.023902
19.972850 148.166638 45.839493 9.865360 174.500702 0.023900
19.972852 148.166580 45.837718 9.865715 174.505112 0.023899
19.972854 148.166522 45.835944 9.866069 174.509523 0.023897
19.972857 148.166464 45.834168 9.866423 174.513933 0.023895
19.972859 148.166406 45.832393 9.866777 174.518342 0.023893
19.972861 148.166348 45.830617 9.867131 174.522752 0.023891
19.972863 148.166290 45.828840 9.867485 174.527162 0.023889
19.972865 148.166232 45.827063 9.867839 174.531571 0.023888
19.972867 148.166174 45.825285 9.868193 174.535980 0.023886
19.972869 148.166115 45.823507 9.868547 174.540389 0.023884
19.972871 148.166057 45.821729 9.868901 174.544798 0.023882
19.972873 148.165999 45.819950 9.869255 174.549206 0.023880
19.972875 148.165941 45.818171 9.869609 174.553614 0.023878
19.972877 148.165883 45.816391 9.869963 174.558023 0.023877
19.972880 148.165825 45.814610 9.870317 174.562431 0.023875
19.972882 148.165767 45.812830 9.870671 174.566838 0.023873
19.972884 148.165708 45.811049 9.871025 174.571246 0.023871
19.972886 148.165650 45.809267 9.871379 174.575653 0.023869
19.972888 148.165592 45.807485 9.871733 174.580061 0.023867
19.972890 148.165534 45.805702 9.872087 174.584468 0.023865
19.972892 148.165476 45.803919 9.872441 174.588875 0.023864
19.972894 148.165417 45.802136 9.872795 174.593281 0.023862
19.972896 148.165359 45.800352 9.873149 174.597688 0.023860
19.972899 148.165301 45.798567 9.873503 174.602094 0.023858
19.972901 148.165243 45.796782 9.873857 174.606500 0.023856
19.972903 148.165184 45.794997 9.874211 174.610906 0.023854
19.972905 148.165126 45.793211 9.874565 174.615312 0.023852
19.972907 148.165068 45.791425 9.874918 174.619717 0.023850
19.972909 148.165009 45.789638 9.875272 174.624122 0.023848
19.972912 148.164951 45.787851 9.875626 174.628528 0.023847
19.972914 148.164893 45.786063 9.875980 174.632933 0.023845
19.972916 148.164835 45.784275 9.876334 174.637337 0.023843
19.972918 148.164776 45.782486 9.876687 174.641742 0.023841
19.972920 148.164718 45.780697 9.877041 174.646146 0.023839
