-79.483670 147.931571 -2.657867 5.584504 292.147385 -0.711541
-79.483927 147.931575 -2.656352 5.586850 292.151213 -0.711083
-79.484184 147.931580 -2.654837 5.589196 292.155040 -0.710625
-79.484442 147.931584 -2.653322 5.591542 292.158868 -0.710167
-79.484699 147.931589 -2.651807 5.593888 292.162696 -0.709709
-79.484957 147.931593 -2.650293 5.596234 292.166524 -0.709251
-79.485215 147.931598 -2.648779 5.598580 292.170352 -0.708794
-79.485472 147.931602 -2.647265 5.600926 292.174180 -0.708336
-79.485730 147.931607 -2.645751 5.603273 292.178008 -0.707879
-79.485989 147.931612 -2.644238 5.605619 292.181836 -0.707421
-79.486247 147.931616 -2.642726 5.607966 292.185664 -0.706964
-79.486505 147.931621 -2.641213 5.610312 292.189493 -0.706507
-79.486764 147.931626 -2.639701 5.612659 292.193321 -0.706051
-79.487022 147.931630 -2.638189 5.615006 292.197149 -0.705594
-79.487281 147.931635 -2.636677 5.617352 292.200978 -0.705137
-79.487540 147.931640 -2.635166 5.619699 292.204807 -0.704681
-79.487798 147.931645 -2.633655 5.622046 292.208635 -0.704224
-79.488057 147.931650 -2.632145 5.624393 292.212464 -0.703768
-79.488317 147.931654 -2.630634 5.626740 292.216293 -0.703312
-79.488576 147.931659 -2.629124 5.629088 292.220122 -0.702856
-79.488835 147.931664 -2.627615 5.631435 292.223951 -0.702400
-79.489095 147.931669 -2.626105 5.633782 292.227780 -0.701945
-79.489354 147.931674 -2.624596 5.636130 292.231609 -0.701489
-79.489614 147.931679 -2.623087 5.638477 292.235439 -0.701034
-79.489874 147.931684 -2.621579 5.640825 292.239268 -0.700578
-79.490133 147.931689 -2.620071 5.643173 292.243097 -0.700123
-79.490393 147.931694 -2.618563 5.645521 292.246927 -0.699668
-79.490654 147.931699 -2.617055 5.647868 292.250756 -0.699213
-79.490914 147.931704 -2.615548 5.650216 292.254586 -0.698758
-79.491174 147.931709 -2.614041 5.652564 292.258416 -0.698304
-79.491435 147.931715 -2.612535 5.654913 292.262246 -0.697849
-79.491695 147.931720 -2.611028 5.657261 292.266076 -0.697395
-79.491956 147.931725 -2.609522 5.659609 292.269906 -0.696940
-79.492216 147.931730 -2.608017 5.661957 292.273736 -0.696486
-79.492477 147.931735 -2.606511 5.664306 292.277566 -0.696032
-79.492738 147.931741 -2.605006 5.666654 292.281396 -0.695578
-79.492999 147.931746 -2.603502 5.669003 292.285226 -0.695124
-79.493261 147.931751 -2.601997 5.671352 292.289057 -0.694671
-79.493522 147.931757 -2.600493 5.673700 292.292887 -0.694217
-79.493783 147.931762 -2.598989 5.676049 292.296718 -0.693764
-79.494045 147.931767 -2.597486 5.678398 292.300548 -0.693311
-79.494306 147.931773 -2.595982 5.680747 292.304379 -0.692857
-79.494568 147.931778 -2.594479 5.683096 292.308210 -0.692404
-79.494830 147.931784 -2.592977 5.685445 292.312041 -0.691951
-79.495092 147.931789 -2.591475 5.687794 292.315872 -0.691499
-79.495354 147.931795 -2.589973 5.690143 292.319703 -0.691046
-79.495616 147.931800 -2.588471 5.692493 292.323534 -0.690593
-79.495878 147.931806 -2.586969 5.694842 292.327365 -0.690141
-79.496141 147.931811 -2.585468 5.697192 292.331196 -0.689689
-79.496403 147.931817 -2.583968 5.699541 292.335028 -0.689237
-79.496666 147.931823 -2.582467 5.701891 292.338859 -0.688785
-79.496928 147.931828 -2.580967 5.704240 292.342691 -0.688333
-79.497191 147.931834 -2.579467 5.706590 292.346522 -0.687881
-79.497454 147.931840 -2.577967 5.708940 292.350354 -0.687429
-79.497717 147.931846 -2.576468 5.711290 292.354186 -0.686978
-79.497980 147.931851 -2.574969 5.713640 292.358018 -0.686526
-79.498243 147.931857 -2.573471 5.715990 292.361850 -0.686075
-79.498507 147.931863 -2.571972 5.718340 292.365682 -0.685624
-79.498770 147.931869 -2.570474 5.720690 292.369514 -0.685173
-79.499034 147.931875 -2.568976 5.723040 292.373346 -0.684722
-79.499297 147.931881 -2.567479 5.725391 292.377178 -0.684271
-79.499561 147.931886 -2.565982 5.727741 292.381011 -0.683820
-79.499825 147.931892 -2.564485 5.730092 292.384843 -0.683370
-79.500089 147.931898 -2.562988 5.732442 292.388676 -0.682919
-79.500353 147.931904 -2.561492 5.734793 292.392508 -0.682469
-79.500617 147.931910 -2.559996 5.737143 292.396341 -0.682019
-79.500881 147.931916 -2.558501 5.739494 292.400174 -0.681569
-79.501145 147.931922 -2.557005 5.741845 292.404006 -0.681119
-79.501410 147.931929 -2.555510 5.744196 292.407839 -0.680669
-79.501674 147.931935 -2.554015 5.746547 292.411672 -0.680220
-79.501939 147.931941 -2.552521 5.748898 292.415505 -0.679770
-79.502204 147.931947 -2.551027 5.751249 292.419339 -0.679321
-79.502469 147.931953 -2.549533 5.753600 292.423172 -0.678871
-79.502734 147.931959 -2.548039 5.755951 292.427005 -0.678422
-79.502999 147.931966 -2.546546 5.758302 292.430839 -0.677973
-79.503264 147.931972 -2.545053 5.760653 292.434672 -0.677524
-79.503529 147.931978 -2.543561 5.763005 292.438506 -0.677076
-79.503794 147.931984 -2.542068 5.765356 292.442339 -0.676627
-79.504060 147.931991 -2.540576 5.767708 292.446173 -0.676178
-79.504326 147.931997 -2.539085 5.770059 292.450007 -0.675730
-79.504591 147.932004 -2.537593 5.772411 292.453841 -0.675282
-79.504857 147.932010 -2.536102 5.774763 292.457675 -0.674834
-79.505123 147.932016 -2.534611 5.777114 292.461509 -0.674386
-79.505389 147.932023 -2.533121 5.779466 292.465343 -0.673938
-79.505655 147.932029 -2.531630 5.781818 292.469177 -0.673490
-79.505921 147.932036 -2.530140 5.784170 292.473012 -0.673042
-79.506187 147.932042 -2.528651 5.786522 292.476846 -0.672595
-79.506454 147.932049 -2.527161 5.788874 292.480681 -0.672147
-79.506720 147.932056 -2.525672 5.791226 292.484515 -0.671700
-79.506987 147.932062 -2.524183 5.793578 292.488350 -0.671253
-79.507253 147.932069 -2.522695 5.795931 292.492185 -0.670806
-79.507520 147.932076 -2.521207 5.798283 292.496019 -0.670359
-79.507787 147.932082 -2.519719 5.800635 292.499854 -0.669912
-79.508054 147.932089 -2.518231 5.802988 292.503689 -0.669465
-79.508321 147.932096 -2.516744 5.805340 292.507524 -0.669019
-79.508588 147.932102 -2.515257 5.807693 292.511360 -0.668572
-79.508855 147.932109 -2.513770 5.810045 292.515195 -0.668126
-79.509123 147.932116 -2.512284 5.812398 292.519030 -0.667680
-79.509390 147.932123 -2.510798 5.814751 292.522866 -0.667234
-79.509658 147.932130 -2.509312 5.817104 292.526701 -0.666788
-79.509926 147.932137 -2.507827 5.819456 292.530537 -0.666342
-79.510193 147.932144 -2.506341 5.821809 292.534372 -0.665896
-79.510461 147.932151 -2.504856 5.824162 292.538208 -0.665451
-79.510729 147.932158 -2.503372 5.826515 292.542044 -0.665006
-79.510997 147.932165 -2.501887 5.828868 292.545880 -0.664560
-79.511265 147.932172 -2.500403 5.831222 292.549716 -0.664115
-79.511533 147.932179 -2.498920 5.833575 292.553552 -0.663670
-79.511802 147.932186 -2.497436 5.835928 292.557388 -0.663225
-79.512070 147.932193 -2.495953 5.838281 292.561225 -0.662780
-79.512339 147.932200 -2.494470 5.840635 292.565061 -0.662336
-79.512607 147.932207 -2.492987 5.842988 292.568898 -0.661891
-79.512876 147.932214 -2.491505 5.845341 292.572734 -0.661447
-79.513145 147.932221 -2.490023 5.847695 292.576571 -0.661002
-79.513414 147.932229 -2.488541 5.850048 292.580407 -0.660558
-79.513683 147.932236 -2.487060 5.852402 292.584244 -0.660114
-79.513952 147.932243 -2.485579 5.854756 292.588081 -0.659670
-79.514221 147.932250 -2.484098 5.857109 292.591918 -0.659226
-79.514490 147.932258 -2.482618 5.859463 292.595755 -0.658782
-79.514760 147.932265 -2.481137 5.861817 292.599592 -0.658339
-79.515029 147.932272 -2.479657 5.864171 292.603430 -0.657895
-79.515299 147.932280 -2.478178 5.866525 292.607267 -0.657452
-79.515569 147.932287 -2.476698 5.868879 292.611104 -0.657009
-79.515838 147.932295 -2.475219 5.871233 292.614942 -0.656566
-79.516108 147.932302 -2.473740 5.873587 292.618779 -0.656123
-79.516378 147.932310 -2.472262 5.875941 292.622617 -0.655680
-79.516648 147.932317 -2.470784 5.878295 292.626455 -0.655237
-79.516918 147.932325 -2.469306 5.880649 292.630293 -0.654795
-79.517189 147.932332 -2.467828 5.883004 292.634131 -0.654352
-79.517459 147.932340 -2.466351 5.885358 292.637969 -0.653910
-79.517729 147.932348 -2.464874 5.887712 292.641807 -0.653468
-79.518000 147.932355 -2.463397 5.890067 292.645645 -0.653026
-79.518270 147.932363 -2.461920 5.892421 292.649483 -0.652584
-79.518541 147.932371 -2.460444 5.894776 292.653322 -0.652142
-79.518812 147.932378 -2.458968 5.897130 292.657160 -0.651700
-79.519083 147.932386 -2.457493 5.899485 292.660999 -0.651258
-79.519354 147.932394 -2.456017 5.901839 292.664837 -0.650817
-79.519625 147.932402 -2.454542 5.904194 292.668676 -0.650375
-79.519896 147.932410 -2.453067 5.906549 292.672515 -0.649934
-79.520167 147.932417 -2.451593 5.908904 292.676354 -0.649493
-79.520439 147.932425 -2.450119 5.911259 292.680193 -0.649052
-79.520710 147.932433 -2.448645 5.913613 292.684032 -0.648611
-79.520982 147.932441 -2.447171 5.915968 292.687871 -0.648170
-79.521253 147.932449 -2.445698 5.918323 292.691710 -0.647730
-79.521525 147.932457 -2.444225 5.920678 292.695550 -0.647289
-79.521797 147.932465 -2.442752 5.923033 292.699389 -0.646849
-79.522069 147.932473 -2.441280 5.925389 292.703229 -0.646409
-79.522341 147.932481 -2.439807 5.927744 292.707068 -0.645968
-79.522613 147.932489 -2.438335 5.930099 292.710908 -0.645528
-79.522885 147.932497 -2.436864 5.932454 292.714748 -0.645089
-79.523157 147.932506 -2.435392 5.934809 292.718588 -0.644649
-79.523429 147.932514 -2.433921 5.937165 292.722428 -0.644209
-79.523702 147.932522 -2.432451 5.939520 292.726268 -0.643770
-79.523974 147.932530 -2.430980 5.941875 292.730108 -0.643330
-79.524247 147.932538 -2.429510 5.944231 292.733948 -0.642891
-79.524520 147.932547 -2.428040 5.946586 292.737789 -0.642452
-79.524792 147.932555 -2.426570 5.948942 292.741629 -0.642013
-79.525065 147.932563 -2.425101 5.951297 292.745470 -0.641574
-79.525338 147.932572 -2.423632 5.953653 292.749310 -0.641135
-79.525611 147.932580 -2.422163 5.956009 292.753151 -0.640696
-79.525884 147.932588 -2.420695 5.958364 292.756992 -0.640258
-79.526158 147.932597 -2.419226 5.960720 292.760833 -0.639819
-79.526431 147.932605 -2.417758 5.963076 292.764674 -0.639381
-79.526704 147.932614 -2.416291 5.965432 292.768515 -0.638943
-79.526978 147.932622 -2.414823 5.967788 292.772356 -0.638504
-79.527251 147.932631 -2.413356 5.970143 292.776197 -0.638067
-79.527525 147.932639 -2.411889 5.972499 292.780038 -0.637629
-79.527799 147.932648 -2.410423 5.974855 292.783880 -0.637191
-79.528073 147.932657 -2.408957 5.977211 292.787721 -0.636753
-79.528347 147.932665 -2.407491 5.979567 292.791563 -0.636316
-79.528621 147.932674 -2.406025 5.981923 292.795405 -0.635878
-79.528895 147.932682 -2.404560 5.984280 292.799246 -0.635441
-79.529169 147.932691 -2.403094 5.986636 292.803088 -0.635004
-79.529443 147.932700 -2.401630 5.988992 292.806930 -0.634567
-79.529717 147.932709 -2.400165 5.991348 292.810772 -0.634130
-79.529992 147.932717 -2.398701 5.993704 292.814615 -0.633694
-79.530266 147.932726 -2.397237 5.996061 292.818457 -0.633257
-79.530541 147.932735 -2.395773 5.998417 292.822299 -0.632820
-79.530816 147.932744 -2.394309 6.000773 292.826142 -0.632384
-79.531091 147.932753 -2.392846 6.003130 292.829984 -0.631948
-79.531365 147.932762 -2.391383 6.005486 292.833827 -0.631512
-79.531640 147.932771 -2.389921 6.007843 292.837670 -0.631076
-79.531915 147.932780 -2.388458 6.010199 292.841512 -0.630640
-79.532191 147.932789 -2.386996 6.012556 292.845355 -0.630204
-79.532466 147.932798 -2.385534 6.014912 292.849198 -0.629768
-79.532741 147.932807 -2.384073 6.017269 292.853041 -0.629333
-79.533016 147.932816 -2.382612 6.019625 292.856885 -0.628897
-79.533292 147.932825 -2.381151 6.021982 292.860728 -0.628462
-79.533567 147.932834 -2.379690 6.024339 292.864571 -0.628027
-79.533843 147.932843 -2.378230 6.026695 292.868415 -0.627592
-79.534119 147.932852 -2.376769 6.029052 292.872258 -0.627157
-79.534395 147.932862 -2.375310 6.031409 292.876102 -0.626722
-79.534670 147.932871 -2.373850 6.033766 292.879946 -0.626287
-79.534946 147.932880 -2.372391 6.036123 292.883789 -0.625852
-79.535222 147.932889 -2.370932 6.038479 292.887633 -0.625418
-79.535499 147.932899 -2.369473 6.040836 292.891477 -0.624984
-79.535775 147.932908 -2.368014 6.043193 292.895322 -0.624549
-79.536051 147.932917 -2.366556 6.045550 292.899166 -0.624115
-79.536327 147.932927 -2.365098 6.047907 292.903010 -0.623681
-79.536604 147.932936 -2.363641 6.050264 292.906854 -0.623247
-79.536880 147.932946 -2.362183 6.052621 292.910699 -0.622814
-79.537157 147.932955 -2.360726 6.054978 292.914544 -0.622380
-79.537434 147.932965 -2.359269 6.057335 292.918388 -0.621947
-79.537711 147.932974 -2.357813 6.059692 292.922233 -0.621513
-79.537987 147.932984 -2.356356 6.062050 292.926078 -0.621080
-79.538264 147.932993 -2.354900 6.064407 292.929923 -0.620647
-79.538541 147.933003 -2.353445 6.066764 292.933768 -0.620214
-79.538819 147.933012 -2.351989 6.069121 292.937613 -0.619781
-79.539096 147.933022 -2.350534 6.071478 292.941458 -0.619348
-79.539373 147.933032 -2.349079 6.073836 292.945304 -0.618915
-79.539650 147.933041 -2.347624 6.076193 292.949149 -0.618483
-79.539928 147.933051 -2.346170 6.078550 292.952995 -0.618050
-79.540205 147.933061 -2.344716 6.080908 292.956840 -0.617618
-79.540483 147.933071 -2.343262 6.083265 292.960686 -0.617186
-79.540761 147.933080 -2.341809 6.085622 292.964532 -0.616754
-79.541038 147.933090 -2.340355 6.087980 292.968378 -0.616322
-79.541316 147.933100 -2.338902 6.090337 292.972224 -0.615890
-79.541594 147.933110 -2.337450 6.092695 292.976070 -0.615458
-79.541872 147.933120 -2.335997 6.095052 292.979916 -0.615027
-79.542150 147.933130 -2.334545 6.097410 292.983762 -0.614595
-79.542428 147.933140 -2.333093 6.099767 292.987609 -0.614164
-79.542706 147.933150 -2.331641 6.102125 292.991455 -0.613733
-79.542985 147.933160 -2.330190 6.104482 292.995302 -0.613301
-79.543263 147.933170 -2.328739 6.106840 292.999149 -0.612870
-79.543542 147.933180 -2.327288 6.109198 293.002995 -0.612439
-79.543820 147.933190 -2.325837 6.111555 293.006842 -0.612009
-79.544099 147.933200 -2.324387 6.113913 293.010689 -0.611578
-79.544377 147.933210 -2.322937 6.116271 293.014536 -0.611148
-79.544656 147.933220 -2.321487 6.118628 293.018384 -0.610717
-79.544935 147.933231 -2.320038 6.120986 293.022231 -0.610287
-79.545214 147.933241 -2.318588 6.123344 293.026078 -0.609857
-79.545493 147.933251 -2.317139 6.125701 293.029926 -0.609427
-79.545772 147.933261 -2.315691 6.128059 293.033773 -0.608997
-79.546051 147.933272 -2.314242 6.130417 293.037621 -0.608567
-79.546330 147.933282 -2.312794 6.132775 293.041469 -0.608137
-79.546610 147.933292 -2.311346 6.135133 293.045316 -0.607708
-79.546889 147.933303 -2.309898 6.137490 293.049164 -0.607278
-79.547168 147.933313 -2.308451 6.139848 293.053012 -0.606849
-79.547448 147.933324 -2.307004 6.142206 293.056861 -0.606419
-79.547728 147.933334 -2.305557 6.144564 293.060709 -0.605990
-79.548007 147.933345 -2.304110 6.146922 293.064557 -0.605561
-79.548287 147.933355 -2.302664 6.149280 293.068406 -0.605132
-79.548567 147.933366 -2.301218 6.151638 293.072254 -0.604704
-79.548847 147.933376 -2.299772 6.153996 293.076103 -0.604275
-79.549127 147.933387 -2.298327 6.156354 293.079952 -0.603847
-79.549407 147.933397 -2.296882 6.158712 293.083800 -0.603418
-79.549687 147.933408 -2.295437 6.161070 293.087649 -0.602990
-79.549967 147.933419 -2.293992 6.163428 293.091498 -0.602562
-79.550247 147.933429 -2.292547 6.165786 293.095347 -0.602134
-79.550528 147.933440 -2.291103 6.168144 293.099197 -0.601706
-79.550808 147.933451 -2.289659 6.170502 293.103046 -0.601278
-79.551089 147.933462 -2.288216 6.172860 293.106895 -0.600850
-79.551369 147.933472 -2.286772 6.175218 293.110745 -0.600423
-79.551650 147.933483 -2.285329 6.177576 293.114595 -0.599995
-79.551931 147.933494 -2.283886 6.179934 293.118444 -0.599568
-79.552211 147.933505 -2.282444 6.182292 293.122294 -0.599141
-79.552492 147.933516 -2.281001 6.184650 293.126144 -0.598713
-79.552773 147.933527 -2.279559 6.187009 293.129994 -0.598286
-79.553054 147.933538 -2.278117 6.189367 293.133844 -0.597860
-79.553335 147.933549 -2.276676 6.191725 293.137694 -0.597433
-79.553617 147.933560 -2.275234 6.194083 293.141545 -0.597006
-79.553898 147.933571 -2.273793 6.196441 293.145395 -0.596580
-79.554179 147.933582 -2.272353 6.198799 293.149246 -0.596153
-79.554460 147.933593 -2.270912 6.201158 293.153096 -0.595727
-79.554742 147.933604 -2.269472 6.203516 293.156947 -0.595301
-79.555023 147.933615 -2.268032 6.205874 293.160798 -0.594875
-79.555305 147.933626 -2.266592 6.208232 293.164649 -0.594449
-79.555587 147.933638 -2.265153 6.210590 293.168500 -0.594023
-79.555868 147.933649 -2.263713 6.212949 293.172351 -0.593597
-79.556150 147.933660 -2.262274 6.215307 293.176202 -0.593172
-79.556432 147.933671 -2.260836 6.217665 293.180053 -0.592746
-79.556714 147.933683 -2.259397 6.220023 293.183905 -0.592321
-79.556996 147.933694 -2.257959 6.222382 293.187756 -0.591896
-79.557278 147.933705 -2.256521 6.224740 293.191608 -0.591470
-79.557560 147.933717 -2.255084 6.227098 293.195460 -0.591045
-79.557843 147.933728 -2.253646 6.229457 293.199311 -0.590621
-79.558125 147.933740 -2.252209 6.231815 293.203163 -0.590196
-79.558407 147.933751 -2.250772 6.234173 293.207015 -0.589771
-79.558690 147.933763 -2.249336 6.236531 293.210868 -0.589347
-79.558972 147.933774 -2.247899 6.238890 293.214720 -0.588922
-79.559255 147.933786 -2.246463 6.241248 293.218572 -0.588498
-79.559537 147.933797 -2.245027 6.243606 293.222425 -0.588074
-79.559820 147.933809 -2.243592 6.245965 293.226277 -0.587650
-79.560103 147.933821 -2.242156 6.248323 293.230130 -0.587226
-79.560386 147.933832 -2.240721 6.250681 293.233982 -0.586802
-79.560669 147.933844 -2.239286 6.253040 293.237835 -0.586378
-79.560952 147.933856 -2.237852 6.255398 293.241688 -0.585954
-79.561235 147.933867 -2.236418 6.257756 293.245541 -0.585531
-79.561518 147.933879 -2.234984 6.260115 293.249394 -0.585108
-79.561801 147.933891 -2.233550 6.262473 293.253248 -0.584684
-79.562084 147.933903 -2.232116 6.264831 293.257101 -0.584261
-79.562367 147.933915 -2.230683 6.267189 293.260954 -0.583838
-79.562651 147.933927 -2.229250 6.269548 293.264808 -0.583415
-79.562934 147.933938 -2.227817 6.271906 293.268662 -0.582992
-79.563218 147.933950 -2.226385 6.274264 293.272515 -0.582570
-79.563501 147.933962 -2.224952 6.276623 293.276369 -0.582147
-79.563785 147.933974 -2.223520 6.278981 293.280223 -0.581725
-79.564069 147.933986 -2.222089 6.281339 293.284077 -0.581302
-79.564353 147.933998 -2.220657 6.283698 293.287932 -0.580880
-79.564636 147.934010 -2.219226 6.286056 293.291786 -0.580458
-79.564920 147.934022 -2.217795 6.288414 293.295640 -0.580036
-79.565204 147.934035 -2.216364 6.290773 293.299495 -0.579614
-79.565488 147.934047 -2.214934 6.293131 293.303349 -0.579192
-79.565772 147.934059 -2.213503 6.295489 293.307204 -0.578771
-79.566057 147.934071 -2.212074 6.297848 293.311059 -0.578349
-79.566341 147.934083 -2.210644 6.300206 293.314914 -0.577928
-79.566625 147.934096 -2.209214 6.302564 293.318769 -0.577507
-79.566910 147.934108 -2.207785 6.304923 293.322624 -0.577085
-79.567194 147.934120 -2.206356 6.307281 293.326479 -0.576664
-79.567479 147.934133 -2.204927 6.309639 293.330334 -0.576243
-79.567763 147.934145 -2.203499 6.311997 293.334190 -0.575823
-79.568048 147.934157 -2.202071 6.314356 293.338045 -0.575402
-79.568332 147.934170 -2.200643 6.316714 293.341901 -0.574981
-79.568617 147.934182 -2.199215 6.319072 293.345757 -0.574561
-79.568902 147.934195 -2.197788 6.321431 293.349612 -0.574140
-79.569187 147.934207 -2.196360 6.323789 293.353468 -0.573720
-79.569472 147.934220 -2.194934 6.326147 293.357324 -0.573300
-79.569757 147.934232 -2.193507 6.328505 293.361180 -0.572880
-79.570042 147.934245 -2.192080 6.330864 293.365037 -0.572460
-79.570327 147.934257 -2.190654 6.333222 293.368893 -0.572040
-79.570612 147.934270 -2.189228 6.335580 293.372750 -0.571621
-79.570898 147.934283 -2.187803 6.337938 293.376606 -0.571201
-79.571183 147.934295 -2.186377 6.340296 293.380463 -0.570782
-79.571468 147.934308 -2.184952 6.342655 293.384320 -0.570362
-79.571754 147.934321 -2.183527 6.345013 293.388176 -0.569943
-79.572039 147.934334 -2.182102 6.347371 293.392033 -0.569524
-79.572325 147.934346 -2.180678 6.349729 293.395891 -0.569105
-79.572610 147.934359 -2.179254 6.352087 293.399748 -0.568686
-79.572896 147.934372 -2.177830 6.354446 293.403605 -0.568267
-79.573182 147.934385 -2.176406 6.356804 293.407462 -0.567849
-79.573468 147.934398 -2.174982 6.359162 293.411320 -0.567430
-79.573754 147.934411 -2.173559 6.361520 293.415178 -0.567012
-79.574040 147.934424 -2.172136 6.363878 293.419035 -0.566593
-79.574326 147.934437 -2.170714 6.366236 293.422893 -0.566175
-79.574612 147.934450 -2.169291 6.368594 293.426751 -0.565757
-79.574898 147.934463 -2.167869 6.370952 293.430609 -0.565339
-79.575184 147.934476 -2.166447 6.373310 293.434467 -0.564921
-79.575470 147.934489 -2.165025 6.375668 293.438326 -0.564503
-79.575756 147.934502 -2.163604 6.378026 293.442184 -0.564086
-79.576043 147.934515 -2.162182 6.380384 293.446042 -0.563668
-79.576329 147.934528 -2.160761 6.382742 293.449901 -0.563251
-79.576616 147.934542 -2.159341 6.385100 293.453760 -0.562834
-79.576902 147.934555 -2.157920 6.387458 293.457619 -0.562416
-79.577189 147.934568 -2.156500 6.389816 293.461477 -0.561999
-79.577475 147.934581 -2.155080 6.392174 293.465336 -0.561582
-79.577762 147.934595 -2.153660 6.394532 293.469196 -0.561166
-79.578049 147.934608 -2.152241 6.396890 293.473055 -0.560749
-79.578336 147.934621 -2.150821 6.399248 293.476914 -0.560332
-79.578623 147.934635 -2.149402 6.401606 293.480774 -0.559916
-79.578910 147.934648 -2.147984 6.403964 293.484633 -0.559499
-79.579197 147.934662 -2.146565 6.406322 293.488493 -0.559083
-79.579484 147.934675 -2.145147 6.408680 293.492353 -0.558667
-79.579771 147.934689 -2.143729 6.411037 293.496212 -0.558251
-79.580058 147.934702 -2.142311 6.413395 293.500072 -0.557835
-79.580345 147.934716 -2.140893 6.415753 293.503932 -0.557419
-79.580633 147.934729 -2.139476 6.418111 293.507793 -0.557004
-79.580920 147.934743 -2.138059 6.420468 293.511653 -0.556588
-79.581207 147.934756 -2.136642 6.422826 293.515513 -0.556173
-79.581495 147.934770 -2.135225 6.425184 293.519374 -0.555757
-79.581782 147.934784 -2.133809 6.427542 293.523235 -0.555342
-79.582070 147.934798 -2.132393 6.429899 293.527095 -0.554927
-79.582357 147.934811 -2.130977 6.432257 293.530956 -0.554512
-79.582645 147.934825 -2.129561 6.434614 293.534817 -0.554097
-79.582933 147.934839 -2.128146 6.436972 293.538678 -0.553682
-79.583221 147.934853 -2.126731 6.439330 293.542539 -0.553268
-79.583509 147.934867 -2.125316 6.441687 293.546401 -0.552853
-79.583796 147.934881 -2.123901 6.444045 293.550262 -0.552439
-79.584084 147.934894 -2.122487 6.446402 293.554124 -0.552024
-79.584372 147.934908 -2.121073 6.448760 293.557985 -0.551610
-79.584661 147.934922 -2.119659 6.451117 293.561847 -0.551196
-79.584949 147.934936 -2.118245 6.453475 293.565709 -0.550782
-79.585237 147.934950 -2.116831 6.455832 293.569571 -0.550368
-79.585525 147.934964 -2.115418 6.458190 293.573433 -0.549954
-79.585813 147.934979 -2.114005 6.460547 293.577295 -0.549541
-79.586102 147.934993 -2.112592 6.462904 293.581157 -0.549127
-79.586390 147.935007 -2.111180 6.465262 293.585020 -0.548714
-79.586679 147.935021 -2.109768 6.467619 293.588882 -0.548300
-79.586967 147.935035 -2.108356 6.469976 293.592745 -0.547887
-79.587256 147.935049 -2.106944 6.472334 293.596607 -0.547474
-79.587544 147.935064 -2.105532 6.474691 293.600470 -0.547061
-79.587833 147.935078 -2.104121 6.477048 293.604333 -0.546648
-79.588122 147.935092 -2.102710 6.479405 293.608196 -0.546235
-79.588410 147.935106 -2.101299 6.481762 293.612059 -0.545823
-79.588699 147.935121 -2.099888 6.484120 293.615923 -0.545410
-79.588988 147.935135 -2.098478 6.486477 293.619786 -0.544998
-79.589277 147.935150 -2.097068 6.488834 293.623649 -0.544585
-79.589566 147.935164 -2.095658 6.491191 293.627513 -0.544173
-79.589855 147.935179 -2.094248 6.493548 293.631377 -0.543761
-79.590144 147.935193 -2.092839 6.495905 293.635241 -0.543349
-79.590433 147.935208 -2.091430 6.498262 293.639104 -0.542937
-79.590722 147.935222 -2.090021 6.500619 293.642969 -0.542526
-79.591012 147.935237 -2.088612 6.502976 293.646833 -0.542114
-79.591301 147.935251 -2.087203 6.505333 293.650697 -0.541702
-79.591590 147.935266 -2.085795 6.507689 293.654561 -0.541291
-79.591880 147.935281 -2.084387 6.510046 293.658426 -0.540880
-79.592169 147.935295 -2.082979 6.512403 293.662290 -0.540468
-79.592459 147.935310 -2.081572 6.514760 293.666155 -0.540057
-79.592748 147.935325 -2.080165 6.517116 293.670020 -0.539646
-79.593038 147.935340 -2.078757 6.519473 293.673885 -0.539236
-79.593327 147.935354 -2.077351 6.521830 293.677750 -0.538825
-79.593617 147.935369 -2.075944 6.524186 293.681615 -0.538414
-79.593907 147.935384 -2.074538 6.526543 293.685480 -0.538004
-79.594197 147.935399 -2.073131 6.528900 293.689346 -0.537593
-79.594487 147.935414 -2.071726 6.531256 293.693211 -0.537183
-79.594776 147.935429 -2.070320 6.533613 293.697077 -0.536773
-79.595066 147.935444 -2.068914 6.535969 293.700943 -0.536363
-79.595356 147.935459 -2.067509 6.538326 293.704808 -0.535953
-79.595646 147.935474 -2.066104 6.540682 293.708674 -0.535543
-79.595937 147.935489 -2.064699 6.543038 293.712540 -0.535133
-79.596227 147.935504 -2.063295 6.545395 293.716407 -0.534724
-79.596517 147.935519 -2.061891 6.547751 293.720273 -0.534314
-79.596807 147.935534 -2.060487 6.550107 293.724139 -0.533905
-79.597097 147.935549 -2.059083 6.552464 293.728006 -0.533495
-79.597388 147.935565 -2.057679 6.554820 293.731872 -0.533086
-79.597678 147.935580 -2.056276 6.557176 293.735739 -0.532677
-79.597968 147.935595 -2.054873 6.559532 293.739606 -0.532268
-79.598259 147.935610 -2.053470 6.561888 293.743473 -0.531859
-79.598549 147.935626 -2.052067 6.564244 293.747340 -0.531451
-79.598840 147.935641 -2.050665 6.566600 293.751207 -0.531042
-79.599131 147.935656 -2.049262 6.568956 293.755075 -0.530633
-79.599421 147.935672 -2.047860 6.571312 293.758942 -0.530225
-79.599712 147.935687 -2.046459 6.573668 293.762810 -0.529817
-79.600003 147.935703 -2.045057 6.576024 293.766677 -0.529408
-79.600294 147.935718 -2.043656 6.578380 293.770545 -0.529000
-79.600584 147.935734 -2.042255 6.580736 293.774413 -0.528592
-79.600875 147.935749 -2.040854 6.583091 293.778281 -0.528185
-79.601166 147.935765 -2.039453 6.585447 293.782149 -0.527777
-79.601457 147.935780 -2.038053 6.587803 293.786017 -0.527369
-79.601748 147.935796 -2.036653 6.590158 293.789886 -0.526962
-79.602039 147.935811 -2.035253 6.592514 293.793754 -0.526554
-79.602330 147.935827 -2.033853 6.594870 293.797623 -0.526147
-79.602622 147.935843 -2.032454 6.597225 293.801491 -0.525740
-79.602913 147.935859 -2.031054 6.599581 293.805360 -0.525333
-79.603204 147.935874 -2.029655 6.601936 293.809229 -0.524926
-79.603495 147.935890 -2.028257 6.604291 293.813098 -0.524519
-79.603787 147.935906 -2.026858 6.606647 293.816967 -0.524112
-79.604078 147.935922 -2.025460 6.609002 293.820837 -0.523705
-79.604369 147.935938 -2.024062 6.611357 293.824706 -0.523299
-79.604661 147.935954 -2.022664 6.613713 293.828575 -0.522892
-79.604952 147.935969 -2.021266 6.616068 293.832445 -0.522486
-79.605244 147.935985 -2.019869 6.618423 293.836315 -0.522080
-79.605536 147.936001 -2.018471 6.620778 293.840185 -0.521674
-79.605827 147.936017 -2.017074 6.623133 293.844055 -0.521268
-79.606119 147.936033 -2.015678 6.625488 293.847925 -0.520862
-79.606411 147.936049 -2.014281 6.627843 293.851795 -0.520456
-79.606702 147.936066 -2.012885 6.630198 293.855665 -0.520051
-79.606994 147.936082 -2.011489 6.632553 293.859536 -0.519645
-79.607286 147.936098 -2.010093 6.634908 293.863406 -0.519240
-79.607578 147.936114 -2.008697 6.637262 293.867277 -0.518834
-79.607870 147.936130 -2.007302 6.639617 293.871148 -0.518429
-79.608162 147.936146 -2.005907 6.641972 293.875018 -0.518024
-79.608454 147.936163 -2.004512 6.644326 293.878889 -0.517619
-79.608746 147.936179 -2.003117 6.646681 293.882761 -0.517214
-79.609038 147.936195 -2.001722 6.649036 293.886632 -0.516809
-79.609330 147.936212 -2.000328 6.651390 293.890503 -0.516405
-79.609622 147.936228 -1.998934 6.653744 293.894375 -0.516000
-79.609915 147.936244 -1.997540 6.656099 293.898246 -0.515596
-79.610207 147.936261 -1.996146 6.658453 293.902118 -0.515191
-79.610499 147.936277 -1.994753 6.660808 293.905990 -0.514787
-79.610792 147.936294 -1.993360 6.663162 293.909862 -0.514383
-79.611084 147.936310 -1.991967 6.665516 293.913734 -0.513979
-79.611376 147.936327 -1.990574 6.667870 293.917606 -0.513575
-79.611669 147.936344 -1.989182 6.670224 293.921478 -0.513171
-79.611961 147.936360 -1.987789 6.672578 293.925351 -0.512768
-79.612254 147.936377 -1.986397 6.674932 293.929223 -0.512364
-79.612547 147.936393 -1.985005 6.677286 293.933096 -0.511960
-79.612839 147.936410 -1.983614 6.679640 293.936969 -0.511557
-79.613132 147.936427 -1.982222 6.681994 293.940842 -0.511154
-79.613425 147.936444 -1.980831 6.684348 293.944715 -0.510751
-79.613717 147.936460 -1.979440 6.686702 293.948588 -0.510348
-79.614010 147.936477 -1.978049 6.689055 293.952461 -0.509945
-79.614303 147.936494 -1.976659 6.691409 293.956334 -0.509542
-79.614596 147.936511 -1.975268 6.693763 293.960208 -0.509139
-79.614889 147.936528 -1.973878 6.696116 293.964081 -0.508737
-79.615182 147.936545 -1.972488 6.698470 293.967955 -0.508334
-79.615475 147.936562 -1.971099 6.700823 293.971829 -0.507932
-79.615768 147.936579 -1.969709 6.703176 293.975703 -0.507529
-79.616061 147.936596 -1.968320 6.705530 293.979577 -0.507127
-79.616354 147.936613 -1.966931 6.707883 293.983451 -0.506725
-79.616647 147.936630 -1.965542 6.710236 293.987326 -0.506323
-79.616940 147.936647 -1.964154 6.712589 293.991200 -0.505921
