-18.665703 150.000000 20.000000 20.000000 0.000000 -0.000000
-18.670463 150.000000 20.000000 20.000000 0.000000 -0.000000
-18.675223 150.000000 20.000000 20.000000 0.000000 -0.000000
-18.679983 150.000000 20.000000 20.000000 0.000000 -0.000000
-18.684743 150.000000 20.000000 20.000000 0.000000 -0.000000
-18.689503 150.000000 20.000000 20.000000 0.000000 -0.000000
-18.694263 150.000000 20.000000 20.000000 0.000000 -0.000000
-18.699023 150.000000 20.000000 20.000000 0.000000 -0.000000
-18.703783 150.000000 20.000000 20.000000 0.000000 -0.000000
-18.708543 150.000000 20.000000 20.000000 0.000000 -0.000000
-18.713303 150.000000 20.000000 20.000000 0.000000 -0.000000
-18.718063 150.000000 20.000000 20.000000 0.000000 -0.000000
-18.722823 150.000000 20.000000 20.000000 0.000000 -0.000000
-18.727582 150.000000 20.000000 20.000000 0.000000 -0.000000
-18.732342 150.000000 20.000000 20.000000 0.000000 -0.000000
-18.737102 150.000000 20.000000 20.000000 0.000000 -0.000000
-18.741862 150.000000 20.000000 20.000000 0.000000 -0.000000
-18.746621 150.000000 20.000000 20.000000 0.000000 -0.000000
-18.751381 150.000000 20.000000 20.000000 0.000000 -0.000000
-18.756141 150.000000 20.000000 20.000000 0.000000 -0.000000
-18.760900 150.000000 20.000000 20.000000 0.000000 -0.000000
-18.765660 150.000000 20.000000 20.000000 0.000000 -0.000000
-18.770420 150.000000 20.000000 20.000000 0.000000 -0.000000
-18.775179 150.000000 20.000000 20.000000 0.000000 -0.000000
-18.779939 150.000000 20.000000 20.000000 0.000000 -0.000000
-18.784698 150.000000 20.000000 20.000000 0.000000 -0.000000
-18.789458 150.000000 20.000000 20.000000 0.000000 -0.000000
-18.794217 150.000000 20.000000 20.000000 0.000000 -0.000000
-18.798977 150.000000 20.000000 20.000000 0.000000 -0.000000
-18.803736 150.000000 20.000000 20.000000 0.000000 -0.000000
-18.808496 150.000000 20.000000 20.000000 0.000000 -0.000000
-18.813255 150.000000 20.000000 20.000000 0.000000 -0.000000
-18.818015 150.000000 20.000000 20.000000 0.000000 -0.000000
-18.822774 150.000000 20.000000 20.000000 0.000000 -0.000000
-18.827534 150.000000 20.000000 20.000000 0.000000 -0.000000
-18.832293 150.000000 20.000000 20.000000 0.000000 -0.000000
-18.837052 150.000000 20.000000 20.000000 0.000000 -0.000000
-18.841812 150.000000 20.000000 20.000000 0.000000 -0.000000
-18.846571 150.000000 20.000000 20.000000 0.000000 -0.000000
-18.851331 150.000000 20.000000 20.000000 0.000000 -0.000000
-18.856090 150.000000 20.000000 20.000000 0.000000 -0.000000
-18.860849 150.000000 20.000000 20.000000 0.000000 -0.000000
-18.865609 150.000000 20.000000 20.000000 0.000000 -0.000000
-18.870368 150.000000 20.000000 20.000000 0.000000 -0.000000
-18.875127 150.000000 20.000000 20.000000 0.000000 -0.000000
-18.879886 150.000000 20.000000 20.000000 0.000000 -0.000000
-18.884646 150.000000 20.000000 20.000000 0.000000 -0.000000
-18.889405 150.000000 20.000000 20.000000 0.000000 -0.000000
-18.894164 150.000000 20.000000 20.000000 0.000000 -0.000000
-18.898923 150.000000 20.000000 20.000000 0.000000 -0.000000
-18.903683 150.000000 20.000000 20.000000 0.000000 -0.000000
-18.908442 150.000000 20.000000 20.000000 0.000000 -0.000000
-18.913201 150.000000 20.000000 20.000000 0.000000 -0.000000
-18.917960 150.000000 20.000000 20.000000 0.000000 -0.000000
-18.922720 150.000000 20.000000 20.000000 0.000000 -0.000000
-18.927479 150.000000 20.000000 20.000000 0.000000 -0.000000
-18.932238 150.000000 20.000000 20.000000 0.000000 -0.000000
-18.936997 150.000000 20.000000 20.000000 0.000000 -0.000000
-18.941756 150.000000 20.000000 20.000000 0.000000 -0.000000
-18.946515 150.000000 20.000000 20.000000 0.000000 -0.000000
-18.951275 150.000000 20.000000 20.000000 0.000000 -0.000000
-18.956034 150.000000 20.000000 20.000000 0.000000 -0.000000
-18.960793 150.000000 20.000000 20.000000 0.000000 -0.000000
-18.965552 150.000000 20.000000 20.000000 0.000000 -0.000000
-18.970311 150.000000 20.000000 20.000000 0.000000 -0.000000
-18.975070 150.000000 20.000000 20.000000 0.000000 -0.000000
-18.979829 150.000000 20.000000 20.000000 0.000000 -0.000000
-18.984589 150.000000 20.000000 20.000000 0.000000 -0.000000
-18.989348 150.000000 20.000000 20.000000 0.000000 -0.000000
-18.994107 150.000000 20.000000 20.000000 0.000000 -0.000000
-18.998866 150.000000 20.000000 20.000000 0.000000 -0.000000
-19.003625 150.000000 20.000000 20.000000 0.000000 -0.000000
-19.008384 150.000000 20.000000 20.000000 0.000000 -0.000000
-19.013143 150.000000 20.000000 20.000000 0.000000 -0.000000
-19.017903 150.000000 20.000000 20.000000 0.000000 -0.000000
-19.022662 150.000000 20.000000 20.000000 0.000000 -0.000000
-19.027421 150.000000 20.000000 20.000000 0.000000 -0.000000
-19.032180 150.000000 20.000000 20.000000 0.000000 -0.000000
-19.036939 150.000000 20.000000 20.000000 0.000000 -0.000000
-19.041698 150.000000 20.000000 20.000000 0.000000 -0.000000
-19.046457 150.000000 20.000000 20.000000 0.000000 -0.000000
-19.051216 150.000000 20.000000 20.000000 0.000000 -0.000000
-19.055976 150.000000 20.000000 20.000000 0.000000 -0.000000
-19.060735 150.000000 20.000000 20.000000 0.000000 -0.000000
-19.065494 150.000000 20.000000 20.000000 0.000000 -0.000000
-19.070253 150.000000 20.000000 20.000000 0.000000 -0.000000
-19.075012 150.000000 20.000000 20.000000 0.000000 -0.000000
-19.079771 150.000000 20.000000 20.000000 0.000000 -0.000000
-19.084530 150.000000 20.000000 20.000000 0.000000 -0.000000
-19.089290 150.000000 20.000000 20.000000 0.000000 -0.000000
-19.094049 150.000000 20.000000 20.000000 0.000000 -0.000000
-19.098808 150.000000 20.000000 20.000000 0.000000 -0.000000
-19.103567 150.000000 20.000000 20.000000 0.000000 -0.000000
-19.108326 150.000000 20.000000 20.000000 0.000000 -0.000000
-19.113086 150.000000 20.000000 20.000000 0.000000 -0.000000
-19.117845 150.000000 20.000000 20.000000 0.000000 -0.000000
-19.122604 150.000000 20.000000 20.000000 0.000000 -0.000000
-19.127363 150.000000 20.000000 20.000000 0.000000 -0.000000
-19.132122 150.000000 20.000000 20.000000 0.000000 -0.000000
-19.136882 150.000000 20.000000 20.000000 0.000000 -0.000000
-19.141641 150.000000 20.000000 20.000000 0.000000 -0.000000
-19.146400 150.000000 20.000000 20.000000 0.000000 -0.000000
-19.151159 150.000000 20.000000 20.000000 0.000000 -0.000000
-19.155919 150.000000 20.000000 20.000000 0.000000 -0.000000
-19.160678 150.000000 20.000000 20.000000 0.000000 -0.000000
-19.165437 150.000000 20.000000 20.000000 0.000000 -0.000000
-19.170197 150.000000 20.000000 20.000000 0.000000 -0.000000
-19.174956 150.000000 20.000000 20.000000 0.000000 -0.000000
-19.179715 150.000000 20.000000 20.000000 0.000000 -0.000000
-19.184475 150.000000 20.000000 20.000000 0.000000 -0.000000
-19.189234 150.000000 20.000000 20.000000 0.000000 -0.000000
-19.193993 150.000000 20.000000 20.000000 0.000000 -0.000000
-19.198753 150.000000 20.000000 20.000000 0.000000 -0.000000
-19.203512 150.000000 20.000000 20.000000 0.000000 -0.000000
-19.208271 150.000000 20.000000 20.000000 0.000000 -0.000000
-19.213031 150.000000 20.000000 20.000000 0.000000 -0.000000
-19.217790 150.000000 20.000000 20.000000 0.000000 -0.000000
-19.222550 150.000000 20.000000 20.000000 0.000000 -0.000000
-19.227309 150.000000 20.000000 20.000000 0.000000 -0.000000
-19.232069 150.000000 20.000000 20.000000 0.000000 -0.000000
-19.236828 150.000000 20.000000 20.000000 0.000000 -0.000000
-19.241588 150.000000 20.000000 20.000000 0.000000 -0.000000
-19.246347 150.000000 20.000000 20.000000 0.000000 -0.000000
-19.251107 150.000000 20.000000 20.000000 0.000000 -0.000000
-19.255866 150.000000 20.000000 20.000000 0.000000 -0.000000
-19.260626 150.000000 20.000000 20.000000 0.000000 -0.000000
-19.265386 150.000000 20.000000 20.000000 0.000000 -0.000000
-19.270145 150.000000 20.000000 20.000000 0.000000 -0.000000
-19.274905 150.000000 20.000000 20.000000 0.000000 -0.000000
-19.279664 150.000000 20.000000 20.000000 0.000000 -0.000000
-19.284424 150.000000 20.000000 20.000000 0.000000 -0.000000
-19.289184 150.000000 20.000000 20.000000 0.000000 -0.000000
-19.293944 150.000000 20.000000 20.000000 0.000000 -0.000000
-19.298703 150.000000 20.000000 20.000000 0.000000 -0.000000
-19.303463 150.000000 20.000000 20.000000 0.000000 -0.000000
-19.308223 150.000000 20.000000 20.000000 0.000000 -0.000000
-19.312983 150.000000 20.000000 20.000000 0.000000 -0.000000
-19.317743 150.000000 20.000000 20.000000 0.000000 -0.000000
-19.322502 150.000000 20.000000 20.000000 0.000000 -0.000000
-19.327262 150.000000 20.000000 20.000000 0.000000 -0.000000
-19.332022 150.000000 20.000000 20.000000 0.000000 -0.000000
-19.336782 150.000000 20.000000 20.000000 0.000000 -0.000000
-19.341542 150.000000 20.000000 20.000000 0.000000 -0.000000
-19.346302 150.000000 20.000000 20.000000 0.000000 -0.000000
-19.351062 150.000000 20.000000 20.000000 0.000000 -0.000000
-19.355822 150.000000 20.000000 20.000000 0.000000 -0.000000
-19.360582 150.000000 20.000000 20.000000 0.000000 -0.000000
-19.365342 150.000000 20.000000 20.000000 0.000000 -0.000000
-19.370102 150.000000 20.000000 20.000000 0.000000 -0.000000
-19.374862 150.000000 20.000000 20.000000 0.000000 -0.000000
-19.379623 150.000000 20.000000 20.000000 0.000000 -0.000000
-19.384383 150.000000 20.000000 20.000000 0.000000 -0.000000
-19.389143 150.000000 20.000000 20.000000 0.000000 -0.000000
-19.393903 150.000000 20.000000 20.000000 0.000000 -0.000000
-19.398663 150.000000 20.000000 20.000000 0.000000 -0.000000
-19.403424 150.000000 20.000000 20.000000 0.000000 -0.000000
-19.408184 150.000000 20.000000 20.000000 0.000000 -0.000000
-19.412944 150.000000 20.000000 20.000000 0.000000 -0.000000
-19.417705 150.000000 20.000000 20.000000 0.000000 -0.000000
-19.422465 150.000000 20.000000 20.000000 0.000000 -0.000000
-19.427226 150.000000 20.000000 20.000000 0.000000 -0.000000
-19.431986 150.000000 20.000000 20.000000 0.000000 -0.000000
-19.436747 150.000000 20.000000 20.000000 0.000000 -0.000000
-19.441507 150.000000 20.000000 20.000000 0.000000 -0.000000
-19.446268 150.000000 20.000000 20.000000 0.000000 -0.000000
-19.451028 150.000000 20.000000 20.000000 0.000000 -0.000000
-19.455789 150.000000 20.000000 20.000000 0.000000 -0.000000
-19.460550 150.000000 20.000000 20.000000 0.000000 -0.000000
-19.465310 150.000000 20.000000 20.000000 0.000000 -0.000000
-19.470071 150.000000 20.000000 20.000000 0.000000 -0.000000
-19.474832 150.000000 20.000000 20.000000 0.000000 -0.000000
-19.479593 150.000000 20.000000 20.000000 0.000000 -0.000000
-19.484354 150.000000 20.000000 20.000000 0.000000 -0.000000
-19.489114 150.000000 20.000000 20.000000 0.000000 -0.000000
-19.493875 150.000000 20.000000 20.000000 0.000000 -0.000000
-19.498636 150.000000 20.000000 20.000000 0.000000 -0.000000
-19.503397 150.000000 20.000000 20.000000 0.000000 -0.000000
-19.508158 150.000000 20.000000 20.000000 0.000000 -0.000000
-19.512919 150.000000 20.000000 20.000000 -0.000000 0.000000
-19.517680 150.000000 20.000000 20.000000 -0.000000 0.000000
-19.522442 150.000000 20.000000 20.000000 -0.000000 0.000000
-19.527203 150.000000 20.000000 20.000000 -0.000000 0.000000
-19.531964 150.000000 20.000000 20.000000 -0.000000 0.000000
-19.536725 150.000000 20.000000 20.000000 -0.000000 0.000000
-19.541487 150.000000 20.000000 20.000000 -0.000000 0.000000
-19.546248 150.000000 20.000000 20.000000 -0.000000 0.000000
-19.551009 150.000000 20.000000 20.000000 -0.000000 0.000000
-19.555771 150.000000 20.000000 20.000000 -0.000000 0.000000
-19.560532 150.000000 20.000000 20.000000 -0.000000 0.000000
-19.565293 150.000000 20.000000 20.000000 -0.000000 0.000000
-19.570055 150.000000 20.000000 20.000000 -0.000000 0.000000
-19.574817 150.000000 20.000000 20.000000 -0.000000 0.000000
-19.579578 150.000000 20.000000 20.000000 -0.000000 0.000000
-19.584340 150.000000 20.000000 20.000000 -0.000000 0.000000
-19.589101 150.000000 20.000000 20.000000 -0.000000 0.000000
-19.593863 150.000000 20.000000 20.000000 -0.000000 0.000000
-19.598625 150.000000 20.000000 20.000000 -0.000000 0.000000
-19.603387 150.000000 20.000000 20.000000 -0.000000 0.000000
-19.608148 150.000000 20.000000 20.000000 -0.000000 0.000000
-19.612910 150.000000 20.000000 20.000000 -0.000000 0.000000
-19.617672 150.000000 20.000000 20.000000 -0.000000 0.000000
-19.622434 150.000000 20.000000 20.000000 -0.000000 0.000000
-19.627196 150.000000 20.000000 20.000000 -0.000000 0.000000
-19.631958 150.000000 20.000000 20.000000 -0.000000 0.000000
-19.636720 150.000000 20.000000 20.000000 -0.000000 0.000000
-19.641482 150.000000 20.000000 20.000000 -0.000000 0.000000
-19.646244 150.000000 20.000000 20.000000 -0.000000 0.000000
-19.651006 150.000000 20.000000 20.000000 -0.000000 0.000000
-19.655768 150.000000 20.000000 20.000000 -0.000000 0.000000
-19.660530 150.000000 20.000000 20.000000 -0.000000 0.000000
-19.665293 150.000000 20.000000 20.000000 -0.000000 0.000000
-19.670055 150.000000 20.000000 20.000000 -0.000000 0.000000
-19.674817 150.000000 20.000000 20.000000 -0.000000 0.000000
-19.679579 150.000000 20.000000 20.000000 -0.000000 0.000000
-19.684342 150.000000 20.000000 20.000000 -0.000000 0.000000
-19.689104 150.000000 20.000000 20.000000 -0.000000 0.000000
-19.693867 150.000000 20.000000 20.000000 -0.000000 0.000000
-19.698629 150.000000 20.000000 20.000000 -0.000000 0.000000
-19.703392 150.000000 20.000000 20.000000 -0.000000 0.000000
-19.708154 150.000000 20.000000 20.000000 -0.000000 0.000000
-19.712917 150.000000 20.000000 20.000000 -0.000000 0.000000
-19.717679 150.000000 20.000000 20.000000 -0.000000 0.000000
-19.722442 150.000000 20.000000 20.000000 -0.000000 0.000000
-19.727204 150.000000 20.000000 20.000000 -0.000000 0.000000
-19.731967 150.000000 20.000000 20.000000 -0.000000 0.000000
-19.736730 150.000000 20.000000 20.000000 -0.000000 0.000000
-19.741493 150.000000 20.000000 20.000000 -0.000000 0.000000
-19.746255 150.000000 20.000000 20.000000 -0.000000 0.000000
-19.751018 150.000000 20.000000 20.000000 -0.000000 0.000000
-19.755781 150.000000 20.000000 20.000000 -0.000000 0.000000
-19.760544 150.000000 20.000000 20.000000 -0.000000 0.000000
-19.765307 150.000000 20.000000 20.000000 -0.000000 0.000000
-19.770070 150.000000 20.000000 20.000000 -0.000000 0.000000
-19.774833 150.000000 20.000000 20.000000 -0.000000 0.000000
-19.779596 150.000000 20.000000 20.000000 -0.000000 0.000000
-19.784359 150.000000 20.000000 20.000000 -0.000000 0.000000
-19.789122 150.000000 20.000000 20.000000 -0.000000 0.000000
-19.793885 150.000000 20.000000 20.000000 -0.000000 0.000000
-19.798648 150.000000 20.000000 20.000000 -0.000000 0.000000
-19.803412 150.000000 20.000000 20.000000 -0.000000 0.000000
-19.808175 150.000000 20.000000 20.000000 -0.000000 0.000000
-19.812938 150.000000 20.000000 20.000000 -0.000000 0.000000
-19.817701 150.000000 20.000000 20.000000 -0.000000 0.000000
-19.822465 150.000000 20.000000 20.000000 -0.000000 0.000000
-19.827228 150.000000 20.000000 20.000000 -0.000000 0.000000
-19.831991 150.000000 20.000000 20.000000 -0.000000 0.000000
-19.836755 150.000000 20.000000 20.000000 -0.000000 0.000000
-19.841518 150.000000 20.000000 20.000000 -0.000000 0.000000
-19.846282 150.000000 20.000000 20.000000 -0.000000 0.000000
-19.851045 150.000000 20.000000 20.000000 -0.000000 0.000000
-19.855809 150.000000 20.000000 20.000000 -0.000000 0.000000
-19.860572 150.000000 20.000000 20.000000 -0.000000 0.000000
-19.865336 150.000000 20.000000 20.000000 -0.000000 0.000000
-19.870099 150.000000 20.000000 20.000000 -0.000000 0.000000
-19.874863 150.000000 20.000000 20.000000 -0.000000 0.000000
-19.879627 150.000000 20.000000 20.000000 -0.000000 0.000000
-19.884390 150.000000 20.000000 20.000000 -0.000000 0.000000
-19.889154 150.000000 20.000000 20.000000 -0.000000 0.000000
-19.893918 150.000000 20.000000 20.000000 -0.000000 0.000000
-19.898682 150.000000 20.000000 20.000000 -0.000000 0.000000
-19.903446 150.000000 20.000000 20.000000 -0.000000 0.000000
-19.908209 150.000000 20.000000 20.000000 -0.000000 0.000000
-19.912973 150.000000 20.000000 20.000000 -0.000000 0.000000
-19.917737 150.000000 20.000000 20.000000 -0.000000 0.000000
-19.922501 150.000000 20.000000 20.000000 -0.000000 0.000000
-19.927265 150.000000 20.000000 20.000000 -0.000000 0.000000
-19.932029 150.000000 20.000000 20.000000 -0.000000 0.000000
-19.936793 150.000000 20.000000 20.000000 -0.000000 0.000000
-19.941557 150.000000 20.000000 20.000000 -0.000000 0.000000
-19.946322 150.000000 20.000000 20.000000 -0.000000 0.000000
-19.951086 150.000000 20.000000 20.000000 -0.000000 0.000000
-19.955850 150.000000 20.000000 20.000000 -0.000000 0.000000
-19.960614 150.000000 20.000000 20.000000 -0.000000 0.000000
-19.965378 150.000000 20.000000 20.000000 -0.000000 0.000000
-19.970142 150.000000 20.000000 20.000000 -0.000000 0.000000
-19.974907 150.000000 20.000000 20.000000 -0.000000 0.000000
-19.979671 150.000000 20.000000 20.000000 -0.000000 0.000000
-19.984435 150.000000 20.000000 20.000000 -0.000000 0.000000
-19.989200 150.000000 20.000000 20.000000 -0.000000 0.000000
-19.993964 150.000000 20.000000 20.000000 -0.000000 0.000000
-19.998729 150.000000 20.000000 20.000000 -0.000000 0.000000
-20.003493 150.000000 20.000000 20.000000 -0.000000 0.000000
-20.008258 150.000000 20.000000 20.000000 -0.000000 0.000000
-20.013022 150.000000 20.000000 20.000000 -0.000000 0.000000
-20.017787 150.000000 20.000000 20.000000 -0.000000 0.000000
-20.022551 150.000000 20.000000 20.000000 -0.000000 0.000000
-20.027316 150.000000 20.000000 20.000000 -0.000000 0.000000
-20.032080 150.000000 20.000000 20.000000 -0.000000 0.000000
-20.036845 150.000000 20.000000 20.000000 -0.000000 0.000000
-20.041610 150.000000 20.000000 20.000000 -0.000000 0.000000
-20.046374 150.000000 20.000000 20.000000 -0.000000 0.000000
-20.051139 150.000000 20.000000 20.000000 -0.000000 0.000000
-20.055904 150.000000 20.000000 20.000000 -0.000000 0.000000
-20.060669 150.000000 20.000000 20.000000 -0.000000 0.000000
-20.065433 150.000000 20.000000 20.000000 -0.000000 0.000000
-20.070198 150.000000 20.000000 20.000000 -0.000000 0.000000
-20.074963 150.000000 20.000000 20.000000 -0.000000 0.000000
-20.079728 150.000000 20.000000 20.000000 -0.000000 0.000000
-20.084493 150.000000 20.000000 20.000000 -0.000000 0.000000
-20.089258 150.000000 20.000000 20.000000 -0.000000 0.000000
-20.094023 150.000000 20.000000 20.000000 -0.000000 0.000000
-20.098788 150.000000 20.000000 20.000000 -0.000000 0.000000
-20.103553 150.000000 20.000000 20.000000 -0.000000 0.000000
-20.108318 150.000000 20.000000 20.000000 -0.000000 0.000000
-20.113083 150.000000 20.000000 20.000000 -0.000000 0.000000
-20.117848 150.000000 20.000000 20.000000 -0.000000 0.000000
-20.122613 150.000000 20.000000 20.000000 -0.000000 0.000000
-20.127379 150.000000 20.000000 20.000000 -0.000000 0.000000
-20.132144 150.000000 20.000000 20.000000 -0.000000 0.000000
-20.136909 150.000000 20.000000 20.000000 -0.000000 0.000000
-20.141674 150.000000 20.000000 20.000000 -0.000000 0.000000
-20.146439 150.000000 20.000000 20.000000 -0.000000 0.000000
-20.151205 150.000000 20.000000 20.000000 -0.000000 0.000000
-20.155970 150.000000 20.000000 20.000000 -0.000000 0.000000
-20.160735 150.000000 20.000000 20.000000 -0.000000 0.000000
-20.165501 150.000000 20.000000 20.000000 -0.000000 0.000000
-20.170266 150.000000 20.000000 20.000000 -0.000000 0.000000
-20.175032 150.000000 20.000000 20.000000 -0.000000 0.000000
-20.179797 150.000000 20.000000 20.000000 -0.000000 0.000000
-20.184562 150.000000 20.000000 20.000000 -0.000000 0.000000
-20.189328 150.000000 20.000000 20.000000 -0.000000 0.000000
-20.194093 150.000000 20.000000 20.000000 -0.000000 0.000000
-20.198859 150.000000 20.000000 20.000000 -0.000000 0.000000
-20.203625 150.000000 20.000000 20.000000 -0.000000 0.000000
-20.208390 150.000000 20.000000 20.000000 -0.000000 0.000000
-20.213156 150.000000 20.000000 20.000000 -0.000000 0.000000
-20.217921 150.000000 20.000000 20.000000 -0.000000 0.000000
-20.222687 150.000000 20.000000 20.000000 -0.000000 0.000000
-20.227453 150.000000 20.000000 20.000000 -0.000000 0.000000
-20.232218 150.000000 20.000000 20.000000 -0.000000 0.000000
-20.236984 150.000000 20.000000 20.000000 -0.000000 0.000000
-20.241750 150.000000 20.000000 20.000000 -0.000000 0.000000
-20.246516 150.000000 20.000000 20.000000 -0.000000 0.000000
-20.251282 150.000000 20.000000 20.000000 -0.000000 0.000000
-20.256047 150.000000 20.000000 20.000000 -0.000000 0.000000
-20.260813 150.000000 20.000000 20.000000 -0.000000 0.000000
-20.265579 150.000000 20.000000 20.000000 -0.000000 0.000000
-20.270345 150.000000 20.000000 20.000000 -0.000000 0.000000
-20.275111 150.000000 20.000000 20.000000 -0.000000 0.000000
-20.279877 150.000000 20.000000 20.000000 -0.000000 0.000000
-20.284643 150.000000 20.000000 20.000000 -0.000000 0.000000
-20.289409 150.000000 20.000000 20.000000 -0.000000 0.000000
-20.294175 150.000000 20.000000 20.000000 -0.000000 0.000000
-20.298941 150.000000 20.000000 20.000000 -0.000000 0.000000
-20.303707 150.000000 20.000000 20.000000 -0.000000 0.000000
-20.308473 150.000000 20.000000 20.000000 -0.000000 0.000000
-20.313239 150.000000 20.000000 20.000000 -0.000000 0.000000
-20.318005 150.000000 20.000000 20.000000 -0.000000 0.000000
-20.322772 150.000000 20.000000 20.000000 -0.000000 0.000000
-20.327538 150.000000 20.000000 20.000000 -0.000000 0.000000
-20.332304 150.000000 20.000000 20.000000 -0.000000 0.000000
-20.337070 150.000000 20.000000 20.000000 -0.000000 0.000000
-20.341836 150.000000 20.000000 20.000000 -0.000000 0.000000
-20.346603 150.000000 20.000000 20.000000 -0.000000 0.000000
-20.351369 150.000000 20.000000 20.000000 -0.000000 0.000000
-20.356135 150.000000 20.000000 20.000000 -0.000000 0.000000
-20.360902 150.000000 20.000000 20.000000 -0.000000 0.000000
-20.365668 150.000000 20.000000 20.000000 -0.000000 0.000000
-20.370434 150.000000 20.000000 20.000000 -0.000000 0.000000
-20.375201 150.000000 20.000000 20.000000 -0.000000 0.000000
-20.379967 150.000000 20.000000 20.000000 -0.000000 0.000000
-20.384734 150.000000 20.000000 20.000000 -0.000000 0.000000
-20.389500 150.000000 20.000000 20.000000 -0.000000 0.000000
-20.394266 150.000000 20.000000 20.000000 -0.000000 0.000000
-20.399033 150.000000 20.000000 20.000000 -0.000000 0.000000
-20.403800 150.000000 20.000000 20.000000 -0.000000 0.000000
-20.408566 150.000000 20.000000 20.000000 -0.000000 0.000000
-20.413333 150.000000 20.000000 20.000000 -0.000000 0.000000
-20.418099 150.000000 20.000000 20.000000 -0.000000 0.000000
-20.422866 150.000000 20.000000 20.000000 -0.000000 0.000000
-20.427632 150.000000 20.000000 20.000000 -0.000000 0.000000
-20.432399 150.000000 20.000000 20.000000 -0.000000 0.000000
-20.437166 150.000000 20.000000 20.000000 -0.000000 0.000000
-20.441932 150.000000 20.000000 20.000000 -0.000000 0.000000
-20.446699 150.000000 20.000000 20.000000 -0.000000 0.000000
-20.451466 150.000000 20.000000 20.000000 -0.000000 0.000000
-20.456233 150.000000 20.000000 20.000000 -0.000000 0.000000
-20.460999 150.000000 20.000000 20.000000 -0.000000 0.000000
-20.465766 150.000000 20.000000 20.000000 -0.000000 0.000000
-20.470533 150.000000 20.000000 20.000000 -0.000000 0.000000
-20.475300 150.000000 20.000000 20.000000 -0.000000 0.000000
-20.480067 150.000000 20.000000 20.000000 -0.000000 0.000000
-20.484834 150.000000 20.000000 20.000000 -0.000000 0.000000
-20.489600 150.000000 20.000000 20.000000 -0.000000 0.000000
-20.494367 150.000000 20.000000 20.000000 -0.000000 0.000000
-20.499134 150.000000 20.000000 20.000000 -0.000000 0.000000
-20.503901 150.000000 20.000000 20.000000 -0.000000 0.000000
-20.508668 150.000000 20.000000 20.000000 -0.000000 0.000000
-20.513435 150.000000 20.000000 20.000000 -0.000000 0.000000
-20.518202 150.000000 20.000000 20.000000 -0.000000 0.000000
-20.522969 150.000000 20.000000 20.000000 -0.000000 0.000000
-20.527736 150.000000 20.000000 20.000000 -0.000000 0.000000
-20.532503 150.000000 20.000000 20.000000 -0.000000 0.000000
-20.537270 150.000000 20.000000 20.000000 -0.000000 0.000000
-20.542037 150.000000 20.000000 20.000000 -0.000000 0.000000
-20.546805 150.000000 20.000000 20.000000 -0.000000 0.000000
-20.551572 150.000000 20.000000 20.000000 -0.000000 0.000000
-20.556339 150.000000 20.000000 20.000000 -0.000000 0.000000
-20.561106 150.000000 20.000000 20.000000 -0.000000 0.000000
-20.565873 150.000000 20.000000 20.000000 -0.000000 0.000000
-20.570640 150.000000 20.000000 20.000000 -0.000000 0.000000
-20.575408 150.000000 20.000000 20.000000 -0.000000 0.000000
-20.580175 150.000000 20.000000 20.000000 -0.000000 0.000000
-20.584942 150.000000 20.000000 20.000000 -0.000000 0.000000
-20.589709 150.000000 20.000000 20.000000 -0.000000 0.000000
-20.594477 150.000000 20.000000 20.000000 -0.000000 0.000000
-20.599244 150.000000 20.000000 20.000000 -0.000000 0.000000
-20.604011 150.000000 20.000000 20.000000 -0.000000 0.000000
-20.608779 150.000000 20.000000 20.000000 -0.000000 0.000000
-20.613546 150.000000 20.000000 20.000000 -0.000000 0.000000
-20.618313 150.000000 20.000000 20.000000 -0.000000 0.000000
-20.623081 150.000000 20.000000 20.000000 -0.000000 0.000000
-20.627848 150.000000 20.000000 20.000000 -0.000000 0.000000
-20.632616 150.000000 20.000000 20.000000 -0.000000 0.000000
-20.637383 150.000000 20.000000 20.000000 -0.000000 0.000000
-20.642151 150.000000 20.000000 20.000000 -0.000000 0.000000
-20.646918 150.000000 20.000000 20.000000 -0.000000 0.000000
-20.651686 150.000000 20.000000 20.000000 -0.000000 0.000000
-20.656453 150.000000 20.000000 20.000000 -0.000000 0.000000
-20.661221 150.000000 20.000000 20.000000 -0.000000 0.000000
-20.665988 150.000000 20.000000 20.000000 -0.000000 0.000000
-20.670756 150.000000 20.000000 20.000000 -0.000000 0.000000
-20.675523 150.000000 20.000000 20.000000 -0.000000 0.000000
-20.680291 150.000000 20.000000 20.000000 -0.000000 0.000000
-20.685058 150.000000 20.000000 20.000000 -0.000000 0.000000
-20.689826 150.000000 20.000000 20.000000 -0.000000 0.000000
-20.694594 150.000000 20.000000 20.000000 -0.000000 0.000000
-20.699361 150.000000 20.000000 20.000000 -0.000000 0.000000
-20.704129 150.000000 20.000000 20.000000 -0.000000 0.000000
-20.708897 150.000000 20.000000 20.000000 -0.000000 0.000000
-20.713664 150.000000 20.000000 20.000000 -0.000000 0.000000
-20.718432 150.000000 20.000000 20.000000 -0.000000 0.000000
-20.723200 150.000000 20.000000 20.000000 -0.000000 0.000000
-20.727968 150.000000 20.000000 20.000000 -0.000000 0.000000
-20.732735 150.000000 20.000000 20.000000 -0.000000 0.000000
-20.737503 150.000000 20.000000 20.000000 -0.000000 0.000000
-20.742271 150.000000 20.000000 20.000000 -0.000000 0.000000
-20.747039 150.000000 20.000000 20.000000 -0.000000 0.000000
-20.751807 150.000000 20.000000 20.000000 -0.000000 0.000000
-20.756574 150.000000 20.000000 20.000000 -0.000000 0.000000
-20.761342 150.000000 20.000000 20.000000 -0.000000 0.000000
-20.766110 150.000000 20.000000 20.000000 -0.000000 0.000000
-20.770878 150.000000 20.000000 20.000000 -0.000000 0.000000
-20.775646 150.000000 20.000000 20.000000 -0.000000 0.000000
-20.780414 150.000000 20.000000 20.000000 -0.000000 0.000000
-20.785182 150.000000 20.000000 20.000000 -0.000000 0.000000
-20.789950 150.000000 20.000000 20.000000 -0.000000 0.000000
-20.794718 150.000000 20.000000 20.000000 -0.000000 0.000000
-20.799486 150.000000 20.000000 20.000000 -0.000000 0.000000
-20.804253 150.000000 20.000000 20.000000 -0.000000 0.000000
-20.809021 150.000000 20.000000 20.000000 -0.000000 0.000000
-20.813789 150.000000 20.000000 20.000000 -0.000000 0.000000
-20.818557 150.000000 20.000000 20.000000 -0.000000 0.000000
-20.823326 150.000000 20.000000 20.000000 -0.000000 0.000000
-20.828094 150.000000 20.000000 20.000000 -0.000000 0.000000
-20.832862 150.000000 20.000000 20.000000 -0.000000 0.000000
-20.837630 150.000000 20.000000 20.000000 -0.000000 0.000000
-20.842398 150.000000 20.000000 20.000000 -0.000000 0.000000
-20.847166 150.000000 20.000000 20.000000 -0.000000 0.000000
-20.851934 150.000000 20.000000 20.000000 -0.000000 0.000000
-20.856702 150.000000 20.000000 20.000000 -0.000000 0.000000
-20.861470 150.000000 20.000000 20.000000 -0.000000 0.000000
-20.866238 150.000000 20.000000 20.000000 -0.000000 0.000000
-20.871006 150.000000 20.000000 20.000000 -0.000000 0.000000
-20.875775 150.000000 20.000000 20.000000 -0.000000 0.000000
-20.880543 150.000000 20.000000 20.000000 -0.000000 0.000000
-20.885311 150.000000 20.000000 20.000000 -0.000000 0.000000
-20.890079 150.000000 20.000000 20.000000 -0.000000 0.000000
-20.894847 150.000000 20.000000 20.000000 -0.000000 0.000000
-20.899616 150.000000 20.000000 20.000000 -0.000000 0.000000
-20.904384 150.000000 20.000000 20.000000 -0.000000 0.000000
-20.909152 150.000000 20.000000 20.000000 -0.000000 0.000000
-20.913920 150.000000 20.000000 20.000000 -0.000000 0.000000
-20.918689 150.000000 20.000000 20.000000 -0.000000 0.000000
-20.923457 150.000000 20.000000 20.000000 -0.000000 0.000000
-20.928225 150.000000 20.000000 20.000000 -0.000000 0.000000
-20.932994 150.000000 20.000000 20.000000 -0.000000 0.000000
-20.937762 150.000000 20.000000 20.000000 -0.000000 0.000000
-20.942530 150.000000 20.000000 20.000000 -0.000000 0.000000
-20.947299 150.000000 20.000000 20.000000 -0.000000 0.000000
