-79.534532 150.000000 20.000000 20.000000 -0.000000 -0.627188
-79.537665 150.000000 20.000000 20.000000 -0.000000 -0.623535
-79.540795 150.000000 20.000000 20.000000 -0.000000 -0.619880
-79.543922 150.000000 20.000000 20.000000 -0.000000 -0.616222
-79.547045 150.000000 20.000000 20.000000 -0.000000 -0.612562
-79.550164 150.000000 20.000000 20.000000 -0.000000 -0.608900
-79.553280 150.000000 20.000000 20.000000 -0.000000 -0.605234
-79.556393 150.000000 20.000000 20.000000 -0.000000 -0.601566
-79.559503 150.000000 20.000000 20.000000 -0.000000 -0.597896
-79.562609 150.000000 20.000000 20.000000 -0.000000 -0.594223
-79.565711 150.000000 20.000000 20.000000 -0.000000 -0.590548
-79.568810 150.000000 20.000000 20.000000 -0.000000 -0.586870
-79.571906 150.000000 20.000000 20.000000 -0.000000 -0.583190
-79.574998 150.000000 20.000000 20.000000 -0.000000 -0.579507
-79.578087 150.000000 20.000000 20.000000 -0.000000 -0.575822
-79.581172 150.000000 20.000000 20.000000 -0.000000 -0.572134
-79.584254 150.000000 20.000000 20.000000 -0.000000 -0.568444
-79.587332 150.000000 20.000000 20.000000 -0.000000 -0.564751
-79.590407 150.000000 20.000000 20.000000 0.000000 -0.561056
-79.593479 150.000000 20.000000 20.000000 0.000000 -0.557358
-79.596547 150.000000 20.000000 20.000000 0.000000 -0.553658
-79.599611 150.000000 20.000000 20.000000 0.000000 -0.549956
-79.602672 150.000000 20.000000 20.000000 0.000000 -0.546251
-79.605730 150.000000 20.000000 20.000000 0.000000 -0.542544
-79.608784 150.000000 20.000000 20.000000 0.000000 -0.538834
-79.611835 150.000000 20.000000 20.000000 0.000000 -0.535122
-79.614883 150.000000 20.000000 20.000000 0.000000 -0.531407
-79.617927 150.000000 20.000000 20.000000 0.000000 -0.527690
-79.620967 150.000000 20.000000 20.000000 0.000000 -0.523971
-79.624004 150.000000 20.000000 20.000000 0.000000 -0.520249
-79.627038 150.000000 20.000000 20.000000 0.000000 -0.516525
-79.630068 150.000000 20.000000 20.000000 0.000000 -0.512798
-79.633095 150.000000 20.000000 20.000000 0.000000 -0.509069
-79.636119 150.000000 20.000000 20.000000 0.000000 -0.505338
-79.639139 150.000000 20.000000 20.000000 0.000000 -0.501604
-79.642156 150.000000 20.000000 20.000000 0.000000 -0.497868
-79.645169 150.000000 20.000000 20.000000 0.000000 -0.494130
-79.648179 150.000000 20.000000 20.000000 0.000000 -0.490389
-79.651185 150.000000 20.000000 20.000000 0.000000 -0.486645
-79.654188 150.000000 20.000000 20.000000 0.000000 -0.482900
-79.657188 150.000000 20.000000 20.000000 0.000000 -0.479152
-79.660184 150.000000 20.000000 20.000000 0.000000 -0.475402
-79.663177 150.000000 20.000000 20.000000 0.000000 -0.471649
-79.666167 150.000000 20.000000 20.000000 0.000000 -0.467894
-79.669153 150.000000 20.000000 20.000000 0.000000 -0.464136
-79.672136 150.000000 20.000000 20.000000 0.000000 -0.460377
-79.675115 150.000000 20.000000 20.000000 0.000000 -0.456614
-79.678091 150.000000 20.000000 20.000000 0.000000 -0.452850
-79.681064 150.000000 20.000000 20.000000 0.000000 -0.449083
-79.684033 150.000000 20.000000 20.000000 0.000000 -0.445314
-79.686999 150.000000 20.000000 20.000000 0.000000 -0.441543
-79.689962 150.000000 20.000000 20.000000 0.000000 -0.437769
-79.692921 150.000000 20.000000 20.000000 0.000000 -0.433993
-79.695877 150.000000 20.000000 20.000000 0.000000 -0.430215
-79.698829 150.000000 20.000000 20.000000 0.000000 -0.426434
-79.701779 150.000000 20.000000 20.000000 0.000000 -0.422651
-79.704725 150.000000 20.000000 20.000000 0.000000 -0.418866
-79.707667 150.000000 20.000000 20.000000 0.000000 -0.415078
-79.710606 150.000000 20.000000 20.000000 0.000000 -0.411288
-79.713542 150.000000 20.000000 20.000000 0.000000 -0.407496
-79.716475 150.000000 20.000000 20.000000 0.000000 -0.403701
-79.719404 150.000000 20.000000 20.000000 0.000000 -0.399905
-79.722330 150.000000 20.000000 20.000000 0.000000 -0.396105
-79.725252 150.000000 20.000000 20.000000 0.000000 -0.392304
-79.728172 150.000000 20.000000 20.000000 0.000000 -0.388500
-79.731087 150.000000 20.000000 20.000000 0.000000 -0.384695
-79.734000 150.000000 20.000000 20.000000 0.000000 -0.380886
-79.736909 150.000000 20.000000 20.000000 0.000000 -0.377076
-79.739815 150.000000 20.000000 20.000000 0.000000 -0.373263
-79.742718 150.000000 20.000000 20.000000 0.000000 -0.369448
-79.745617 150.000000 20.000000 20.000000 0.000000 -0.365631
-79.748514 150.000000 20.000000 20.000000 0.000000 -0.361812
-79.751406 150.000000 20.000000 20.000000 0.000000 -0.357990
-79.754296 150.000000 20.000000 20.000000 0.000000 -0.354166
-79.757182 150.000000 20.000000 20.000000 0.000000 -0.350340
-79.760065 150.000000 20.000000 20.000000 0.000000 -0.346512
-79.762945 150.000000 20.000000 20.000000 0.000000 -0.342681
-79.765821 150.000000 20.000000 20.000000 0.000000 -0.338848
-79.768694 150.000000 20.000000 20.000000 0.000000 -0.335013
-79.771564 150.000000 20.000000 20.000000 0.000000 -0.331176
-79.774431 150.000000 20.000000 20.000000 0.000000 -0.327336
-79.777294 150.000000 20.000000 20.000000 0.000000 -0.323494
-79.780154 150.000000 20.000000 20.000000 0.000000 -0.319650
-79.783011 150.000000 20.000000 20.000000 0.000000 -0.315804
-79.785864 150.000000 20.000000 20.000000 0.000000 -0.311956
-79.788714 150.000000 20.000000 20.000000 0.000000 -0.308105
-79.791561 150.000000 20.000000 20.000000 0.000000 -0.304253
-79.794405 150.000000 20.000000 20.000000 0.000000 -0.300398
-79.797246 150.000000 20.000000 20.000000 0.000000 -0.296540
-79.800083 150.000000 20.000000 20.000000 0.000000 -0.292681
-79.802917 150.000000 20.000000 20.000000 0.000000 -0.288820
-79.805748 150.000000 20.000000 20.000000 0.000000 -0.284956
-79.808575 150.000000 20.000000 20.000000 0.000000 -0.281090
-79.811400 150.000000 20.000000 20.000000 0.000000 -0.277222
-79.814221 150.000000 20.000000 20.000000 0.000000 -0.273352
-79.817038 150.000000 20.000000 20.000000 0.000000 -0.269480
-79.819853 150.000000 20.000000 20.000000 0.000000 -0.265605
-79.822664 150.000000 20.000000 20.000000 0.000000 -0.261729
-79.825473 150.000000 20.000000 20.000000 0.000000 -0.257850
-79.828278 150.000000 20.000000 20.000000 0.000000 -0.253969
-79.831079 150.000000 20.000000 20.000000 0.000000 -0.250086
-79.833878 150.000000 20.000000 20.000000 0.000000 -0.246200
-79.836673 150.000000 20.000000 20.000000 0.000000 -0.242313
-79.839465 150.000000 20.000000 20.000000 0.000000 -0.238424
-79.842254 150.000000 20.000000 20.000000 0.000000 -0.234532
-79.845040 150.000000 20.000000 20.000000 0.000000 -0.230638
-79.847823 150.000000 20.000000 20.000000 0.000000 -0.226742
-79.850602 150.000000 20.000000 20.000000 0.000000 -0.222844
-79.853378 150.000000 20.000000 20.000000 0.000000 -0.218944
-79.856151 150.000000 20.000000 20.000000 0.000000 -0.215042
-79.858921 150.000000 20.000000 20.000000 0.000000 -0.211138
-79.861688 150.000000 20.000000 20.000000 0.000000 -0.207231
-79.864451 150.000000 20.000000 20.000000 0.000000 -0.203323
-79.867211 150.000000 20.000000 20.000000 0.000000 -0.199412
-79.869969 150.000000 20.000000 20.000000 0.000000 -0.195500
-79.872722 150.000000 20.000000 20.000000 0.000000 -0.191585
-79.875473 150.000000 20.000000 20.000000 0.000000 -0.187668
-79.878221 150.000000 20.000000 20.000000 0.000000 -0.183749
-79.880965 150.000000 20.000000 20.000000 0.000000 -0.179828
-79.883707 150.000000 20.000000 20.000000 0.000000 -0.175905
-79.886445 150.000000 20.000000 20.000000 0.000000 -0.171980
-79.889180 150.000000 20.000000 20.000000 0.000000 -0.168052
-79.891912 150.000000 20.000000 20.000000 0.000000 -0.164123
-79.894640 150.000000 20.000000 20.000000 0.000000 -0.160192
-79.897366 150.000000 20.000000 20.000000 0.000000 -0.156258
-79.900088 150.000000 20.000000 20.000000 0.000000 -0.152323
-79.902808 150.000000 20.000000 20.000000 0.000000 -0.148385
-79.905524 150.000000 20.000000 20.000000 0.000000 -0.144446
-79.908237 150.000000 20.000000 20.000000 0.000000 -0.140504
-79.910947 150.000000 20.000000 20.000000 0.000000 -0.136561
-79.913654 150.000000 20.000000 20.000000 0.000000 -0.132615
-79.916357 150.000000 20.000000 20.000000 0.000000 -0.128667
-79.919058 150.000000 20.000000 20.000000 0.000000 -0.124718
-79.921755 150.000000 20.000000 20.000000 0.000000 -0.120766
-79.924450 150.000000 20.000000 20.000000 0.000000 -0.116812
-79.927141 150.000000 20.000000 20.000000 0.000000 -0.112856
-79.929829 150.000000 20.000000 20.000000 0.000000 -0.108899
-79.932514 150.000000 20.000000 20.000000 0.000000 -0.104939
-79.935196 150.000000 20.000000 20.000000 0.000000 -0.100977
-79.937875 150.000000 20.000000 20.000000 0.000000 -0.097013
-79.940550 150.000000 20.000000 20.000000 0.000000 -0.093048
-79.943223 150.000000 20.000000 20.000000 0.000000 -0.089080
-79.945893 150.000000 20.000000 20.000000 0.000000 -0.085110
-79.948559 150.000000 20.000000 20.000000 0.000000 -0.081138
-79.951222 150.000000 20.000000 20.000000 0.000000 -0.077165
-79.953883 150.000000 20.000000 20.000000 0.000000 -0.073189
-79.956540 150.000000 20.000000 20.000000 0.000000 -0.069211
-79.959194 150.000000 20.000000 20.000000 0.000000 -0.065232
-79.961845 150.000000 20.000000 20.000000 0.000000 -0.061250
-79.964493 150.000000 20.000000 20.000000 0.000000 -0.057267
-79.967138 150.000000 20.000000 20.000000 0.000000 -0.053281
-79.969780 150.000000 20.000000 20.000000 0.000000 -0.049294
-79.972419 150.000000 20.000000 20.000000 0.000000 -0.045304
-79.975055 150.000000 20.000000 20.000000 0.000000 -0.041313
-79.977687 150.000000 20.000000 20.000000 0.000000 -0.037319
-79.980317 150.000000 20.000000 20.000000 0.000000 -0.033324
-79.982944 150.000000 20.000000 20.000000 0.000000 -0.029327
-79.985567 150.000000 20.000000 20.000000 0.000000 -0.025328
-79.988188 150.000000 20.000000 20.000000 0.000000 -0.021327
-79.990805 150.000000 20.000000 20.000000 0.000000 -0.017324
-79.993420 150.000000 20.000000 20.000000 0.000000 -0.013319
-79.996031 150.000000 20.000000 20.000000 0.000000 -0.009312
-79.998640 150.000000 20.000000 20.000000 0.000000 -0.005303
-80.001245 150.000000 20.000000 20.000000 0.000000 -0.001293
-80.003847 150.000000 20.000000 20.000000 0.000000 0.002720
-80.006447 150.000000 20.000000 20.000000 0.000000 0.006734
-80.009043 150.000000 20.000000 20.000000 0.000000 0.010751
-80.011636 150.000000 20.000000 20.000000 0.000000 0.014769
-80.014227 150.000000 20.000000 20.000000 0.000000 0.018789
-80.016814 150.000000 20.000000 20.000000 0.000000 0.022811
-80.019398 150.000000 20.000000 20.000000 0.000000 0.026835
-80.021980 150.000000 20.000000 20.000000 0.000000 0.030861
-80.024558 150.000000 20.000000 20.000000 0.000000 0.034888
-80.027133 150.000000 20.000000 20.000000 0.000000 0.038918
-80.029706 150.000000 20.000000 20.000000 0.000000 0.042949
-80.032275 150.000000 20.000000 20.000000 0.000000 0.046983
-80.034841 150.000000 20.000000 20.000000 0.000000 0.051018
-80.037405 150.000000 20.000000 20.000000 0.000000 0.055055
-80.039965 150.000000 20.000000 20.000000 0.000000 0.059094
-80.042522 150.000000 20.000000 20.000000 0.000000 0.063134
-80.045077 150.000000 20.000000 20.000000 0.000000 0.067177
-80.047628 150.000000 20.000000 20.000000 0.000000 0.071221
-80.050177 150.000000 20.000000 20.000000 0.000000 0.075267
-80.052722 150.000000 20.000000 20.000000 0.000000 0.079316
-80.055265 150.000000 20.000000 20.000000 0.000000 0.083365
-80.057804 150.000000 20.000000 20.000000 0.000000 0.087417
-80.060341 150.000000 20.000000 20.000000 0.000000 0.091471
-80.062875 150.000000 20.000000 20.000000 0.000000 0.095526
-80.065405 150.000000 20.000000 20.000000 0.000000 0.099583
-80.067933 150.000000 20.000000 20.000000 0.000000 0.103642
-80.070458 150.000000 20.000000 20.000000 0.000000 0.107703
-80.072980 150.000000 20.000000 20.000000 0.000000 0.111766
-80.075499 150.000000 20.000000 20.000000 0.000000 0.115830
-80.078015 150.000000 20.000000 20.000000 0.000000 0.119896
-80.080528 150.000000 20.000000 20.000000 0.000000 0.123964
-80.083038 150.000000 20.000000 20.000000 0.000000 0.128034
-80.085545 150.000000 20.000000 20.000000 0.000000 0.132106
-80.088050 150.000000 20.000000 20.000000 0.000000 0.136179
-80.090551 150.000000 20.000000 20.000000 0.000000 0.140254
-80.093049 150.000000 20.000000 20.000000 0.000000 0.144331
-80.095545 150.000000 20.000000 20.000000 0.000000 0.148410
-80.098038 150.000000 20.000000 20.000000 0.000000 0.152491
-80.100527 150.000000 20.000000 20.000000 0.000000 0.156573
-80.103014 150.000000 20.000000 20.000000 0.000000 0.160657
-80.105498 150.000000 20.000000 20.000000 0.000000 0.164743
-80.107979 150.000000 20.000000 20.000000 0.000000 0.168830
-80.110457 150.000000 20.000000 20.000000 0.000000 0.172920
-80.112932 150.000000 20.000000 20.000000 0.000000 0.177011
-80.115405 150.000000 20.000000 20.000000 0.000000 0.181103
-80.117874 150.000000 20.000000 20.000000 0.000000 0.185198
-80.120341 150.000000 20.000000 20.000000 0.000000 0.189294
-80.122804 150.000000 20.000000 20.000000 0.000000 0.193392
-80.125265 150.000000 20.000000 20.000000 0.000000 0.197492
-80.127723 150.000000 20.000000 20.000000 0.000000 0.201593
-80.130178 150.000000 20.000000 20.000000 0.000000 0.205696
-80.132630 150.000000 20.000000 20.000000 0.000000 0.209801
-80.135080 150.000000 20.000000 20.000000 0.000000 0.213908
-80.137526 150.000000 20.000000 20.000000 0.000000 0.218016
-80.139970 150.000000 20.000000 20.000000 0.000000 0.222126
-80.142410 150.000000 20.000000 20.000000 0.000000 0.226238
-80.144848 150.000000 20.000000 20.000000 0.000000 0.230351
-80.147283 150.000000 20.000000 20.000000 0.000000 0.234467
-80.149715 150.000000 20.000000 20.000000 0.000000 0.238583
-80.152145 150.000000 20.000000 20.000000 0.000000 0.242702
-80.154571 150.000000 20.000000 20.000000 0.000000 0.246822
-80.156995 150.000000 20.000000 20.000000 0.000000 0.250944
-80.159415 150.000000 20.000000 20.000000 0.000000 0.255068
-80.161833 150.000000 20.000000 20.000000 0.000000 0.259193
-80.164248 150.000000 20.000000 20.000000 0.000000 0.263320
-80.166661 150.000000 20.000000 20.000000 0.000000 0.267448
-80.169070 150.000000 20.000000 20.000000 0.000000 0.271578
-80.171477 150.000000 20.000000 20.000000 0.000000 0.275710
-80.173881 150.000000 20.000000 20.000000 0.000000 0.279844
-80.176282 150.000000 20.000000 20.000000 0.000000 0.283979
-80.178680 150.000000 20.000000 20.000000 0.000000 0.288116
-80.181075 150.000000 20.000000 20.000000 0.000000 0.292254
-80.183468 150.000000 20.000000 20.000000 0.000000 0.296394
-80.185857 150.000000 20.000000 20.000000 0.000000 0.300536
-80.188244 150.000000 20.000000 20.000000 0.000000 0.304680
-80.190628 150.000000 20.000000 20.000000 0.000000 0.308825
-80.193010 150.000000 20.000000 20.000000 0.000000 0.312971
-80.195388 150.000000 20.000000 20.000000 0.000000 0.317120
-80.197764 150.000000 20.000000 20.000000 0.000000 0.321269
-80.200137 150.000000 20.000000 20.000000 0.000000 0.325421
-80.202507 150.000000 20.000000 20.000000 0.000000 0.329574
-80.204875 150.000000 20.000000 20.000000 0.000000 0.333729
-80.207239 150.000000 20.000000 20.000000 0.000000 0.337885
-80.209601 150.000000 20.000000 20.000000 0.000000 0.342043
-80.211960 150.000000 20.000000 20.000000 0.000000 0.346203
-80.214316 150.000000 20.000000 20.000000 0.000000 0.350364
-80.216670 150.000000 20.000000 20.000000 0.000000 0.354526
-80.219021 150.000000 20.000000 20.000000 0.000000 0.358691
-80.221369 150.000000 20.000000 20.000000 0.000000 0.362857
-80.223714 150.000000 20.000000 20.000000 0.000000 0.367024
-80.226056 150.000000 20.000000 20.000000 0.000000 0.371193
-80.228396 150.000000 20.000000 20.000000 0.000000 0.375364
-80.230733 150.000000 20.000000 20.000000 0.000000 0.379536
-80.233067 150.000000 20.000000 20.000000 0.000000 0.383710
-80.235399 150.000000 20.000000 20.000000 0.000000 0.387885
-80.237728 150.000000 20.000000 20.000000 0.000000 0.392062
-80.240054 150.000000 20.000000 20.000000 0.000000 0.396240
-80.242377 150.000000 20.000000 20.000000 0.000000 0.400420
-80.244698 150.000000 20.000000 20.000000 0.000000 0.404602
-80.247015 150.000000 20.000000 20.000000 0.000000 0.408785
-80.249330 150.000000 20.000000 20.000000 0.000000 0.412969
-80.251643 150.000000 20.000000 20.000000 0.000000 0.417155
-80.253952 150.000000 20.000000 20.000000 0.000000 0.421343
-80.256259 150.000000 20.000000 20.000000 0.000000 0.425532
-80.258564 150.000000 20.000000 20.000000 0.000000 0.429723
-80.260865 150.000000 20.000000 20.000000 0.000000 0.433915
-80.263164 150.000000 20.000000 20.000000 0.000000 0.438109
-80.265460 150.000000 20.000000 20.000000 0.000000 0.442304
-80.267753 150.000000 20.000000 20.000000 0.000000 0.446501
-80.270044 150.000000 20.000000 20.000000 0.000000 0.450699
-80.272332 150.000000 20.000000 20.000000 0.000000 0.454899
-80.274617 150.000000 20.000000 20.000000 0.000000 0.459100
-80.276900 150.000000 20.000000 20.000000 0.000000 0.463303
-80.279180 150.000000 20.000000 20.000000 0.000000 0.467507
-80.281457 150.000000 20.000000 20.000000 0.000000 0.471713
-80.283732 150.000000 20.000000 20.000000 0.000000 0.475920
-80.286004 150.000000 20.000000 20.000000 0.000000 0.480128
-80.288273 150.000000 20.000000 20.000000 0.000000 0.484339
-80.290539 150.000000 20.000000 20.000000 0.000000 0.488550
-80.292803 150.000000 20.000000 20.000000 0.000000 0.492763
-80.295064 150.000000 20.000000 20.000000 0.000000 0.496978
-80.297323 150.000000 20.000000 20.000000 0.000000 0.501194
-80.299579 150.000000 20.000000 20.000000 0.000000 0.505411
-80.301832 150.000000 20.000000 20.000000 0.000000 0.509630
-80.304082 150.000000 20.000000 20.000000 0.000000 0.513851
-80.306330 150.000000 20.000000 20.000000 0.000000 0.518072
-80.308576 150.000000 20.000000 20.000000 0.000000 0.522296
-80.310818 150.000000 20.000000 20.000000 0.000000 0.526520
-80.313058 150.000000 20.000000 20.000000 0.000000 0.530746
-80.315295 150.000000 20.000000 20.000000 0.000000 0.534974
-80.317530 150.000000 20.000000 20.000000 0.000000 0.539203
-80.319762 150.000000 20.000000 20.000000 0.000000 0.543433
-80.321992 150.000000 20.000000 20.000000 0.000000 0.547665
-80.324218 150.000000 20.000000 20.000000 0.000000 0.551898
-80.326442 150.000000 20.000000 20.000000 0.000000 0.556133
-80.328664 150.000000 20.000000 20.000000 0.000000 0.560369
-80.330883 150.000000 20.000000 20.000000 0.000000 0.564607
-80.333099 150.000000 20.000000 20.000000 0.000000 0.568845
-80.335313 150.000000 20.000000 20.000000 0.000000 0.573086
-80.337524 150.000000 20.000000 20.000000 0.000000 0.577327
-80.339732 150.000000 20.000000 20.000000 0.000000 0.581570
-80.341938 150.000000 20.000000 20.000000 0.000000 0.585815
-80.344142 150.000000 20.000000 20.000000 0.000000 0.590061
-80.346342 150.000000 20.000000 20.000000 0.000000 0.594308
-80.348540 150.000000 20.000000 20.000000 0.000000 0.598556
-80.350736 150.000000 20.000000 20.000000 0.000000 0.602806
-80.352929 150.000000 20.000000 20.000000 0.000000 0.607058
-80.355119 150.000000 20.000000 20.000000 0.000000 0.611310
-80.357307 150.000000 20.000000 20.000000 0.000000 0.615564
-80.359492 150.000000 20.000000 20.000000 0.000000 0.619820
-80.361674 150.000000 20.000000 20.000000 0.000000 0.624077
-80.363854 150.000000 20.000000 20.000000 0.000000 0.628335
-80.366032 150.000000 20.000000 20.000000 0.000000 0.632594
-80.368206 150.000000 20.000000 20.000000 0.000000 0.636855
-80.370379 150.000000 20.000000 20.000000 0.000000 0.641117
-80.372548 150.000000 20.000000 20.000000 0.000000 0.645380
-80.374716 150.000000 20.000000 20.000000 0.000000 0.649645
-80.376880 150.000000 20.000000 20.000000 0.000000 0.653911
-80.379042 150.000000 20.000000 20.000000 0.000000 0.658179
-80.381202 150.000000 20.000000 20.000000 0.000000 0.662448
-80.383359 150.000000 20.000000 20.000000 0.000000 0.666718
-80.385513 150.000000 20.000000 20.000000 0.000000 0.670989
-80.387665 150.000000 20.000000 20.000000 0.000000 0.675262
-80.389814 150.000000 20.000000 20.000000 0.000000 0.679536
-80.391961 150.000000 20.000000 20.000000 0.000000 0.683811
-80.394105 150.000000 20.000000 20.000000 0.000000 0.688088
-80.396247 150.000000 20.000000 20.000000 0.000000 0.692366
-80.398386 150.000000 20.000000 20.000000 0.000000 0.696645
-80.400523 150.000000 20.000000 20.000000 0.000000 0.700925
-80.402657 150.000000 20.000000 20.000000 0.000000 0.705207
-80.404788 150.000000 20.000000 20.000000 0.000000 0.709490
-80.406917 150.000000 20.000000 20.000000 0.000000 0.713774
-80.409044 150.000000 20.000000 20.000000 0.000000 0.718060
-80.411168 150.000000 20.000000 20.000000 0.000000 0.722347
-80.413290 150.000000 20.000000 20.000000 0.000000 0.726635
-80.415409 150.000000 20.000000 20.000000 0.000000 0.730924
-80.417525 150.000000 20.000000 20.000000 0.000000 0.735215
-80.419639 150.000000 20.000000 20.000000 0.000000 0.739507
-80.421751 150.000000 20.000000 20.000000 0.000000 0.743800
-80.423860 150.000000 20.000000 20.000000 0.000000 0.748094
-80.425966 150.000000 20.000000 20.000000 0.000000 0.752390
-80.428070 150.000000 20.000000 20.000000 0.000000 0.756687
-80.430172 150.000000 20.000000 20.000000 0.000000 0.760985
-80.432271 150.000000 20.000000 20.000000 0.000000 0.765284
-80.434368 150.000000 20.000000 20.000000 0.000000 0.769585
-80.436462 150.000000 20.000000 20.000000 0.000000 0.773886
-80.438554 150.000000 20.000000 20.000000 0.000000 0.778189
-80.440643 150.000000 20.000000 20.000000 0.000000 0.782494
-80.442730 150.000000 20.000000 20.000000 0.000000 0.786799
-80.444814 150.000000 20.000000 20.000000 0.000000 0.791106
-80.446896 150.000000 20.000000 20.000000 0.000000 0.795414
-80.448975 150.000000 20.000000 20.000000 0.000000 0.799723
-80.451052 150.000000 20.000000 20.000000 0.000000 0.804033
-80.453126 150.000000 20.000000 20.000000 0.000000 0.808344
-80.455199 150.000000 20.000000 20.000000 0.000000 0.812657
-80.457268 150.000000 20.000000 20.000000 0.000000 0.816971
-80.459335 150.000000 20.000000 20.000000 0.000000 0.821286
-80.461400 150.000000 20.000000 20.000000 0.000000 0.825602
-80.463462 150.000000 20.000000 20.000000 0.000000 0.829919
-80.465522 150.000000 20.000000 20.000000 0.000000 0.834238
-80.467579 150.000000 20.000000 20.000000 0.000000 0.838558
-80.469634 150.000000 20.000000 20.000000 0.000000 0.842878
-80.471687 150.000000 20.000000 20.000000 0.000000 0.847200
-80.473737 150.000000 20.000000 20.000000 0.000000 0.851524
-80.475785 150.000000 20.000000 20.000000 0.000000 0.855848
-80.477830 150.000000 20.000000 20.000000 0.000000 0.860173
-80.479873 150.000000 20.000000 20.000000 0.000000 0.864500
-80.481913 150.000000 20.000000 20.000000 0.000000 0.868828
-80.483951 150.000000 20.000000 20.000000 0.000000 0.873157
-80.485987 150.000000 20.000000 20.000000 0.000000 0.877487
-80.488020 150.000000 20.000000 20.000000 0.000000 0.881818
-80.490051 150.000000 20.000000 20.000000 0.000000 0.886150
-80.492080 150.000000 20.000000 20.000000 0.000000 0.890484
-80.494106 150.000000 20.000000 20.000000 0.000000 0.894818
-80.496129 150.000000 20.000000 20.000000 0.000000 0.899154
-80.498151 150.000000 20.000000 20.000000 0.000000 0.903491
-80.500170 150.000000 20.000000 20.000000 0.000000 0.907829
-80.502186 150.000000 20.000000 20.000000 0.000000 0.912168
-80.504200 150.000000 20.000000 20.000000 0.000000 0.916508
-80.506212 150.000000 20.000000 20.000000 0.000000 0.920849
-80.508221 150.000000 20.000000 20.000000 0.000000 0.925191
-80.510229 150.000000 20.000000 20.000000 0.000000 0.929535
-80.512233 150.000000 20.000000 20.000000 0.000000 0.933879
-80.514236 150.000000 20.000000 20.000000 0.000000 0.938225
-80.516235 150.000000 20.000000 20.000000 0.000000 0.942571
-80.518233 150.000000 20.000000 20.000000 0.000000 0.946919
-80.520228 150.000000 20.000000 20.000000 0.000000 0.951268
-80.522221 150.000000 20.000000 20.000000 0.000000 0.955618
-80.524212 150.000000 20.000000 20.000000 0.000000 0.959968
-80.526200 150.000000 20.000000 20.000000 0.000000 0.964320
-80.528186 150.000000 20.000000 20.000000 0.000000 0.968673
-80.530169 150.000000 20.000000 20.000000 0.000000 0.973028
-80.532150 150.000000 20.000000 20.000000 0.000000 0.977383
-80.534129 150.000000 20.000000 20.000000 0.000000 0.981739
-80.536106 150.000000 20.000000 20.000000 0.000000 0.986096
-80.538080 150.000000 20.000000 20.000000 0.000000 0.990454
-80.540052 150.000000 20.000000 20.000000 0.000000 0.994814
-80.542021 150.000000 20.000000 20.000000 0.000000 0.999174
-80.543989 150.000000 20.000000 20.000000 0.000000 1.003535
-80.545954 150.000000 20.000000 20.000000 0.000000 1.007898
-80.547916 150.000000 20.000000 20.000000 0.000000 1.012261
-80.549877 150.000000 20.000000 20.000000 0.000000 1.016626
-80.551835 150.000000 20.000000 20.000000 0.000000 1.020991
-80.553790 150.000000 20.000000 20.000000 0.000000 1.025358
-80.555744 150.000000 20.000000 20.000000 0.000000 1.029725
-80.557695 150.000000 20.000000 20.000000 0.000000 1.034093
-80.559643 150.000000 20.000000 20.000000 0.000000 1.038463
-80.561590 150.000000 20.000000 20.000000 0.000000 1.042833
-80.563534 150.000000 20.000000 20.000000 0.000000 1.047205
-80.565476 150.000000 20.000000 20.000000 0.000000 1.051577
-80.567416 150.000000 20.000000 20.000000 0.000000 1.055951
-80.569353 150.000000 20.000000 20.000000 0.000000 1.060325
-80.571288 150.000000 20.000000 20.000000 0.000000 1.064700
-80.573221 150.000000 20.000000 20.000000 0.000000 1.069077
-80.575152 150.000000 20.000000 20.000000 0.000000 1.073454
-80.577080 150.000000 20.000000 20.000000 0.000000 1.077832
-80.579006 150.000000 20.000000 20.000000 0.000000 1.082212
-80.580930 150.000000 20.000000 20.000000 0.000000 1.086592
-80.582851 150.000000 20.000000 20.000000 0.000000 1.090973
-80.584770 150.000000 20.000000 20.000000 0.000000 1.095355
-80.586687 150.000000 20.000000 20.000000 0.000000 1.099738
-80.588602 150.000000 20.000000 20.000000 0.000000 1.104122
-80.590515 150.000000 20.000000 20.000000 0.000000 1.108507
-80.592425 150.000000 20.000000 20.000000 0.000000 1.112893
-80.594333 150.000000 20.000000 20.000000 0.000000 1.117280
-80.596239 150.000000 20.000000 20.000000 0.000000 1.121668
-80.598142 150.000000 20.000000 20.000000 0.000000 1.126056
-80.600043 150.000000 20.000000 20.000000 0.000000 1.130446
-80.601942 150.000000 20.000000 20.000000 0.000000 1.134836
-80.603839 150.000000 20.000000 20.000000 0.000000 1.139228
-80.605734 150.000000 20.000000 20.000000 0.000000 1.143620
-80.607626 150.000000 20.000000 20.000000 0.000000 1.148013
-80.609516 150.000000 20.000000 20.000000 0.000000 1.152407
-80.611404 150.000000 20.000000 20.000000 0.000000 1.156802
-80.613290 150.000000 20.000000 20.000000 0.000000 1.161198
-80.615174 150.000000 20.000000 20.000000 0.000000 1.165595
-80.617055 150.000000 20.000000 20.000000 0.000000 1.169993
-80.618934 150.000000 20.000000 20.000000 0.000000 1.174392
-80.620811 150.000000 20.000000 20.000000 0.000000 1.178791
-80.622686 150.000000 20.000000 20.000000 0.000000 1.183191
-80.624558 150.000000 20.000000 20.000000 0.000000 1.187593
-80.626429 150.000000 20.000000 20.000000 0.000000 1.191995
-80.628297 150.000000 20.000000 20.000000 0.000000 1.196398
-80.630163 150.000000 20.000000 20.000000 0.000000 1.200801
-80.632027 150.000000 20.000000 20.000000 0.000000 1.205206
-80.633888 150.000000 20.000000 20.000000 0.000000 1.209612
-80.635748 150.000000 20.000000 20.000000 0.000000 1.214018
-80.637605 150.000000 20.000000 20.000000 0.000000 1.218425
-80.639460 150.000000 20.000000 20.000000 0.000000 1.222833
-80.641313 150.000000 20.000000 20.000000 0.000000 1.227242
-80.643164 150.000000 20.000000 20.000000 0.000000 1.231652
-80.645012 150.000000 20.000000 20.000000 0.000000 1.236063
-80.646859 150.000000 20.000000 20.000000 0.000000 1.240474
-80.648703 150.000000 20.000000 20.000000 0.000000 1.244886
-80.650545 150.000000 20.000000 20.000000 0.000000 1.249299
-80.652385 150.000000 20.000000 20.000000 0.000000 1.253713
-80.654223 150.000000 20.000000 20.000000 0.000000 1.258128
-80.656059 150.000000 20.000000 20.000000 0.000000 1.262543
-80.657892 150.000000 20.000000 20.000000 0.000000 1.266960
-80.659724 150.000000 20.000000 20.000000 0.000000 1.271377
-80.661553 150.000000 20.000000 20.000000 0.000000 1.275795
-80.663380 150.000000 20.000000 20.000000 0.000000 1.280214
-80.665205 150.000000 20.000000 20.000000 0.000000 1.284633
-80.667028 150.000000 20.000000 20.000000 0.000000 1.289053
-80.668849 150.000000 20.000000 20.000000 0.000000 1.293474
-80.670668 150.000000 20.000000 20.000000 0.000000 1.297896
-80.672484 150.000000 20.000000 20.000000 0.000000 1.302319
-80.674299 150.000000 20.000000 20.000000 0.000000 1.306742
-80.676111 150.000000 20.000000 20.000000 0.000000 1.311167
-80.677921 150.000000 20.000000 20.000000 0.000000 1.315591
-80.679729 150.000000 20.000000 20.000000 -0.000000 1.320017
-80.681535 150.000000 20.000000 20.000000 -0.000000 1.324444
-80.683339 150.000000 20.000000 20.000000 -0.000000 1.328871
-80.685141 150.000000 20.000000 20.000000 -0.000000 1.333299
-80.686941 150.000000 20.000000 20.000000 -0.000000 1.337728
-80.688738 150.000000 20.000000 20.000000 -0.000000 1.342157
