80.061370 151.756902 -6.119148 -0.005479 156.373056 0.016749
80.061449 151.756486 -6.122457 -0.005483 156.376427 0.016746
80.061529 151.756069 -6.125766 -0.005488 156.379797 0.016743
80.061608 151.755652 -6.129075 -0.005492 156.383168 0.016740
80.061688 151.755234 -6.132384 -0.005496 156.386539 0.016737
80.061767 151.754817 -6.135693 -0.005500 156.389909 0.016734
80.061846 151.754398 -6.139003 -0.005504 156.393279 0.016731
80.061925 151.753980 -6.142312 -0.005508 156.396649 0.016728
80.062004 151.753561 -6.145622 -0.005512 156.400019 0.016725
80.062083 151.753141 -6.148932 -0.005517 156.403388 0.016722
80.062161 151.752721 -6.152242 -0.005521 156.406758 0.016719
80.062240 151.752301 -6.155552 -0.005525 156.410127 0.016716
80.062318 151.751881 -6.158862 -0.005529 156.413496 0.016713
80.062397 151.751460 -6.162173 -0.005533 156.416865 0.016710
80.062475 151.751038 -6.165483 -0.005537 156.420234 0.016706
80.062553 151.750616 -6.168794 -0.005541 156.423602 0.016703
80.062631 151.750194 -6.172105 -0.005545 156.426970 0.016700
80.062709 151.749771 -6.175416 -0.005549 156.430338 0.016697
80.062787 151.749348 -6.178727 -0.005553 156.433706 0.016694
80.062865 151.748925 -6.182039 -0.005557 156.437074 0.016691
80.062942 151.748501 -6.185350 -0.005561 156.440442 0.016687
80.063019 151.748077 -6.188662 -0.005565 156.443809 0.016684
80.063097 151.747652 -6.191974 -0.005569 156.447176 0.016681
80.063174 151.747227 -6.195286 -0.005573 156.450543 0.016677
80.063251 151.746802 -6.198598 -0.005577 156.453910 0.016674
80.063327 151.746376 -6.201911 -0.005581 156.457277 0.016671
80.063404 151.745950 -6.205224 -0.005585 156.460643 0.016667
80.063480 151.745523 -6.208536 -0.005589 156.464009 0.016664
80.063557 151.745096 -6.211849 -0.005593 156.467375 0.016661
80.063633 151.744668 -6.215163 -0.005597 156.470741 0.016657
80.063709 151.744240 -6.218476 -0.005601 156.474107 0.016654
80.063785 151.743812 -6.221789 -0.005604 156.477472 0.016650
80.063860 151.743383 -6.225103 -0.005608 156.480837 0.016647
80.063936 151.742954 -6.228417 -0.005612 156.484202 0.016643
80.064011 151.742524 -6.231731 -0.005616 156.487567 0.016640
80.064087 151.742094 -6.235046 -0.005620 156.490932 0.016636
80.064162 151.741664 -6.238360 -0.005624 156.494296 0.016633
80.064236 151.741233 -6.241675 -0.005627 156.497660 0.016629
80.064311 151.740802 -6.244990 -0.005631 156.501024 0.016626
80.064385 151.740370 -6.248305 -0.005635 156.504388 0.016622
80.064460 151.739938 -6.251620 -0.005639 156.507751 0.016618
80.064534 151.739505 -6.254936 -0.005643 156.511114 0.016615
80.064608 151.739072 -6.258252 -0.005646 156.514478 0.016611
80.064681 151.738639 -6.261568 -0.005650 156.517840 0.016607
80.064755 151.738205 -6.264884 -0.005654 156.521203 0.016604
80.064828 151.737771 -6.268200 -0.005658 156.524566 0.016600
80.064901 151.737336 -6.271517 -0.005661 156.527928 0.016596
80.064974 151.736901 -6.274834 -0.005665 156.531290 0.016593
80.065047 151.736465 -6.278151 -0.005669 156.534652 0.016589
80.065119 151.736029 -6.281468 -0.005672 156.538013 0.016585
80.065191 151.735593 -6.284786 -0.005676 156.541374 0.016581
80.065263 151.735156 -6.288104 -0.005679 156.544735 0.016577
80.065335 151.734718 -6.291422 -0.005683 156.548096 0.016574
80.065407 151.734281 -6.294740 -0.005687 156.551457 0.016570
80.065478 151.733843 -6.298059 -0.005690 156.554817 0.016566
80.065549 151.733404 -6.301377 -0.005694 156.558178 0.016562
80.065620 151.732965 -6.304696 -0.005697 156.561538 0.016558
80.065691 151.732525 -6.308015 -0.005701 156.564897 0.016554
80.065761 151.732085 -6.311335 -0.005704 156.568257 0.016550
80.065832 151.731645 -6.314655 -0.005708 156.571616 0.016546
80.065902 151.731204 -6.317975 -0.005711 156.574975 0.016542
80.065971 151.730763 -6.321295 -0.005715 156.578334 0.016538
80.066041 151.730321 -6.324615 -0.005718 156.581692 0.016534
80.066110 151.729879 -6.327936 -0.005722 156.585051 0.016530
80.066179 151.729437 -6.331257 -0.005725 156.588409 0.016526
80.066248 151.728994 -6.334578 -0.005729 156.591767 0.016522
80.066316 151.728550 -6.337900 -0.005732 156.595124 0.016518
80.066384 151.728106 -6.341221 -0.005735 156.598482 0.016514
80.066452 151.727662 -6.344544 -0.005739 156.601839 0.016510
80.066520 151.727217 -6.347866 -0.005742 156.605195 0.016505
80.066587 151.726772 -6.351188 -0.005745 156.608552 0.016501
80.066655 151.726326 -6.354511 -0.005749 156.611908 0.016497
80.066721 151.725880 -6.357834 -0.005752 156.615265 0.016493
80.066788 151.725433 -6.361158 -0.005755 156.618620 0.016489
80.066854 151.724986 -6.364481 -0.005759 156.621976 0.016484
80.066920 151.724539 -6.367805 -0.005762 156.625331 0.016480
80.066986 151.724091 -6.371130 -0.005765 156.628687 0.016476
80.067052 151.723642 -6.374454 -0.005768 156.632041 0.016471
80.067117 151.723193 -6.377779 -0.005771 156.635396 0.016467
80.067182 151.722744 -6.381104 -0.005775 156.638750 0.016463
80.067246 151.722294 -6.384429 -0.005778 156.642104 0.016458
80.067311 151.721844 -6.387755 -0.005781 156.645458 0.016454
80.067375 151.721393 -6.391081 -0.005784 156.648812 0.016450
80.067438 151.720942 -6.394407 -0.005787 156.652165 0.016445
80.067502 151.720490 -6.397734 -0.005790 156.655518 0.016441
80.067565 151.720038 -6.401061 -0.005793 156.658871 0.016436
80.067628 151.719585 -6.404388 -0.005796 156.662223 0.016432
80.067690 151.719132 -6.407715 -0.005799 156.665576 0.016427
80.067752 151.718679 -6.411043 -0.005802 156.668928 0.016423
80.067814 151.718225 -6.414371 -0.005805 156.672279 0.016418
80.067876 151.717770 -6.417700 -0.005808 156.675631 0.016414
80.067937 151.717315 -6.421028 -0.005811 156.678982 0.016409
80.067998 151.716860 -6.424357 -0.005814 156.682333 0.016405
80.068058 151.716404 -6.427687 -0.005817 156.685684 0.016400
80.068118 151.715948 -6.431016 -0.005820 156.689034 0.016395
80.068178 151.715491 -6.434346 -0.005822 156.692384 0.016391
80.068238 151.715034 -6.437676 -0.005825 156.695734 0.016386
80.068297 151.714576 -6.441007 -0.005828 156.699083 0.016381
80.068356 151.714118 -6.444338 -0.005831 156.702433 0.016377
80.068414 151.713659 -6.447669 -0.005834 156.705782 0.016372
80.068473 151.713200 -6.451001 -0.005836 156.709130 0.016367
80.068530 151.712740 -6.454333 -0.005839 156.712479 0.016362
80.068588 151.712280 -6.457665 -0.005842 156.715827 0.016358
80.068645 151.711819 -6.460998 -0.005844 156.719175 0.016353
80.068702 151.711358 -6.464331 -0.005847 156.722522 0.016348
80.068758 151.710897 -6.467664 -0.005850 156.725870 0.016343
80.068814 151.710435 -6.470998 -0.005852 156.729217 0.016338
80.068870 151.709972 -6.474332 -0.005855 156.732563 0.016334
80.068925 151.709509 -6.477666 -0.005857 156.735910 0.016329
80.068980 151.709045 -6.481001 -0.005860 156.739256 0.016324
80.069034 151.708581 -6.484336 -0.005862 156.742602 0.016319
80.069089 151.708117 -6.487671 -0.005865 156.745947 0.016314
80.069142 151.707652 -6.491007 -0.005867 156.749293 0.016309
80.069196 151.707187 -6.494343 -0.005870 156.752638 0.016304
80.069249 151.706721 -6.497679 -0.005872 156.755982 0.016299
80.069301 151.706254 -6.501016 -0.005874 156.759327 0.016294
80.069354 151.705787 -6.504353 -0.005877 156.762671 0.016289
80.069406 151.705320 -6.507691 -0.005879 156.766014 0.016284
80.069457 151.704852 -6.511029 -0.005881 156.769358 0.016279
80.069508 151.704383 -6.514367 -0.005884 156.772701 0.016274
80.069559 151.703915 -6.517706 -0.005886 156.776044 0.016269
80.069609 151.703445 -6.521045 -0.005888 156.779387 0.016263
80.069659 151.702975 -6.524384 -0.005890 156.782729 0.016258
80.069708 151.702505 -6.527724 -0.005893 156.786071 0.016253
80.069757 151.702034 -6.531064 -0.005895 156.789412 0.016248
80.069806 151.701563 -6.534405 -0.005897 156.792754 0.016243
80.069854 151.701091 -6.537746 -0.005899 156.796095 0.016238
80.069902 151.700618 -6.541087 -0.005901 156.799436 0.016232
80.069949 151.700145 -6.544429 -0.005903 156.802776 0.016227
80.069996 151.699672 -6.547771 -0.005905 156.806116 0.016222
80.070043 151.699198 -6.551114 -0.005907 156.809456 0.016216
80.070089 151.698724 -6.554456 -0.005909 156.812795 0.016211
80.070134 151.698249 -6.557800 -0.005911 156.816135 0.016206
80.070180 151.697773 -6.561143 -0.005913 156.819473 0.016200
80.070224 151.697297 -6.564487 -0.005915 156.822812 0.016195
80.070269 151.696821 -6.567832 -0.005917 156.826150 0.016190
80.070313 151.696344 -6.571177 -0.005919 156.829488 0.016184
80.070356 151.695867 -6.574522 -0.005920 156.832826 0.016179
80.070399 151.695389 -6.577868 -0.005922 156.836163 0.016173
80.070442 151.694910 -6.581214 -0.005924 156.839500 0.016168
80.070484 151.694431 -6.584561 -0.005926 156.842836 0.016163
80.070525 151.693952 -6.587908 -0.005927 156.846173 0.016157
80.070566 151.693472 -6.591255 -0.005929 156.849509 0.016151
80.070607 151.692991 -6.594603 -0.005931 156.852844 0.016146
80.070647 151.692510 -6.597951 -0.005932 156.856180 0.016140
80.070687 151.692029 -6.601300 -0.005934 156.859515 0.016135
80.070726 151.691547 -6.604649 -0.005936 156.862849 0.016129
80.070765 151.691064 -6.607998 -0.005937 156.866184 0.016124
80.070804 151.690581 -6.611348 -0.005939 156.869518 0.016118
80.070841 151.690097 -6.614698 -0.005940 156.872851 0.016112
80.070879 151.689613 -6.618049 -0.005941 156.876184 0.016107
80.070916 151.689128 -6.621400 -0.005943 156.879517 0.016101
80.070952 151.688643 -6.624752 -0.005944 156.882850 0.016095
80.070988 151.688157 -6.628104 -0.005946 156.886182 0.016090
80.071024 151.687671 -6.631457 -0.005947 156.889514 0.016084
80.071058 151.687184 -6.634810 -0.005948 156.892846 0.016078
80.071093 151.686697 -6.638163 -0.005949 156.896177 0.016072
80.071127 151.686209 -6.641517 -0.005951 156.899508 0.016066
80.071160 151.685721 -6.644871 -0.005952 156.902839 0.016061
80.071193 151.685232 -6.648226 -0.005953 156.906169 0.016055
80.071226 151.684743 -6.651581 -0.005954 156.909499 0.016049
80.071258 151.684253 -6.654937 -0.005955 156.912828 0.016043
80.071289 151.683762 -6.658293 -0.005956 156.916158 0.016037
80.071320 151.683271 -6.661650 -0.005957 156.919486 0.016031
80.071350 151.682780 -6.665007 -0.005958 156.922815 0.016025
80.071380 151.682288 -6.668364 -0.005959 156.926143 0.016019
80.071409 151.681795 -6.671722 -0.005960 156.929471 0.016013
80.071438 151.681302 -6.675081 -0.005961 156.932798 0.016007
80.071467 151.680808 -6.678440 -0.005962 156.936125 0.016001
80.071494 151.680314 -6.681799 -0.005963 156.939452 0.015995
80.071521 151.679819 -6.685159 -0.005964 156.942778 0.015989
80.071548 151.679324 -6.688520 -0.005965 156.946104 0.015983
80.071574 151.678828 -6.691880 -0.005965 156.949430 0.015977
80.071600 151.678332 -6.695242 -0.005966 156.952755 0.015971
80.071625 151.677835 -6.698603 -0.005967 156.956080 0.015965
80.071649 151.677338 -6.701966 -0.005967 156.959405 0.015959
80.071673 151.676840 -6.705329 -0.005968 156.962729 0.015953
80.071697 151.676341 -6.708692 -0.005969 156.966053 0.015947
80.071720 151.675842 -6.712056 -0.005969 156.969376 0.015940
80.071742 151.675342 -6.715420 -0.005970 156.972700 0.015934
80.071764 151.674842 -6.718785 -0.005970 156.976022 0.015928
80.071785 151.674341 -6.722150 -0.005971 156.979345 0.015922
80.071805 151.673840 -6.725516 -0.005971 156.982667 0.015915
80.071825 151.673338 -6.728882 -0.005971 156.985988 0.015909
80.071845 151.672836 -6.732249 -0.005972 156.989309 0.015903
80.071864 151.672333 -6.735616 -0.005972 156.992630 0.015896
80.071882 151.671830 -6.738984 -0.005972 156.995951 0.015890
80.071900 151.671326 -6.742352 -0.005973 156.999271 0.015884
80.071917 151.670821 -6.745721 -0.005973 157.002591 0.015877
80.071933 151.670316 -6.749090 -0.005973 157.005910 0.015871
80.071949 151.669810 -6.752460 -0.005973 157.009229 0.015865
80.071965 151.669304 -6.755830 -0.005973 157.012548 0.015858
80.071979 151.668797 -6.759201 -0.005973 157.015866 0.015852
80.071994 151.668290 -6.762572 -0.005973 157.019184 0.015845
80.072007 151.667782 -6.765944 -0.005973 157.022501 0.015839
80.072020 151.667273 -6.769317 -0.005973 157.025818 0.015832
80.072033 151.666764 -6.772690 -0.005973 157.029135 0.015826
80.072044 151.666255 -6.776063 -0.005973 157.032451 0.015819
80.072055 151.665744 -6.779437 -0.005973 157.035767 0.015813
80.072066 151.665234 -6.782812 -0.005973 157.039083 0.015806
80.072076 151.664722 -6.786187 -0.005973 157.042398 0.015799
80.072085 151.664211 -6.789562 -0.005972 157.045713 0.015793
80.072094 151.663698 -6.792939 -0.005972 157.049027 0.015786
80.072102 151.663185 -6.796315 -0.005972 157.052341 0.015779
80.072109 151.662671 -6.799692 -0.005971 157.055654 0.015773
80.072116 151.662157 -6.803070 -0.005971 157.058968 0.015766
80.072122 151.661643 -6.806449 -0.005970 157.062280 0.015759
80.072128 151.661127 -6.809828 -0.005970 157.065593 0.015753
80.072133 151.660612 -6.813207 -0.005969 157.068905 0.015746
80.072137 151.660095 -6.816587 -0.005969 157.072216 0.015739
80.072141 151.659578 -6.819968 -0.005968 157.075527 0.015732
80.072144 151.659060 -6.823349 -0.005968 157.078838 0.015725
80.072146 151.658542 -6.826730 -0.005967 157.082148 0.015719
80.072148 151.658024 -6.830113 -0.005966 157.085458 0.015712
80.072149 151.657504 -6.833495 -0.005965 157.088768 0.015705
80.072149 151.656984 -6.836879 -0.005965 157.092077 0.015698
80.072149 151.656464 -6.840263 -0.005964 157.095386 0.015691
80.072148 151.655943 -6.843647 -0.005963 157.098694 0.015684
80.072146 151.655421 -6.847032 -0.005962 157.102002 0.015677
80.072144 151.654899 -6.850418 -0.005961 157.105310 0.015670
80.072141 151.654376 -6.853804 -0.005960 157.108617 0.015663
80.072138 151.653853 -6.857191 -0.005959 157.111923 0.015656
80.072133 151.653329 -6.860578 -0.005958 157.115230 0.015649
80.072128 151.652804 -6.863966 -0.005957 157.118535 0.015642
80.072123 151.652279 -6.867355 -0.005956 157.121841 0.015635
80.072117 151.651754 -6.870744 -0.005954 157.125146 0.015628
80.072110 151.651227 -6.874134 -0.005953 157.128450 0.015621
80.072102 151.650700 -6.877524 -0.005952 157.131755 0.015614
80.072093 151.650173 -6.880915 -0.005951 157.135058 0.015607
80.072084 151.649645 -6.884307 -0.005949 157.138362 0.015600
80.072075 151.649116 -6.887699 -0.005948 157.141664 0.015593
80.072064 151.648587 -6.891091 -0.005946 157.144967 0.015585
80.072053 151.648057 -6.894485 -0.005945 157.148269 0.015578
80.072041 151.647527 -6.897879 -0.005943 157.151571 0.015571
80.072029 151.646996 -6.901273 -0.005942 157.154872 0.015564
80.072015 151.646464 -6.904668 -0.005940 157.158172 0.015556
80.072001 151.645932 -6.908064 -0.005938 157.161473 0.015549
80.071987 151.645399 -6.911461 -0.005937 157.164773 0.015542
80.071971 151.644866 -6.914857 -0.005935 157.168072 0.015534
80.071955 151.644332 -6.918255 -0.005933 157.171371 0.015527
80.071938 151.643797 -6.921653 -0.005931 157.174670 0.015520
80.071921 151.643262 -6.925052 -0.005929 157.177968 0.015512
80.071902 151.642726 -6.928452 -0.005928 157.181266 0.015505
80.071883 151.642189 -6.931852 -0.005926 157.184563 0.015498
80.071864 151.641652 -6.935252 -0.005924 157.187860 0.015490
80.071843 151.641115 -6.938654 -0.005922 157.191156 0.015483
80.071822 151.640577 -6.942056 -0.005919 157.194452 0.015475
80.071800 151.640038 -6.945458 -0.005917 157.197748 0.015468
80.071777 151.639498 -6.948861 -0.005915 157.201043 0.015460
80.071754 151.638958 -6.952265 -0.005913 157.204337 0.015453
80.071729 151.638418 -6.955670 -0.005911 157.207631 0.015445
80.071704 151.637876 -6.959075 -0.005908 157.210925 0.015438
80.071679 151.637334 -6.962481 -0.005906 157.214218 0.015430
80.071652 151.636792 -6.965887 -0.005904 157.217511 0.015422
80.071625 151.636249 -6.969294 -0.005901 157.220804 0.015415
80.071597 151.635705 -6.972702 -0.005899 157.224096 0.015407
80.071568 151.635161 -6.976110 -0.005896 157.227387 0.015400
80.071539 151.634616 -6.979519 -0.005893 157.230678 0.015392
80.071508 151.634070 -6.982929 -0.005891 157.233969 0.015384
80.071477 151.633524 -6.986339 -0.005888 157.237259 0.015376
80.071446 151.632977 -6.989750 -0.005885 157.240548 0.015369
80.071413 151.632430 -6.993162 -0.005883 157.243838 0.015361
80.071379 151.631882 -6.996574 -0.005880 157.247126 0.015353
80.071345 151.631333 -6.999987 -0.005877 157.250415 0.015345
80.071310 151.630784 -7.003401 -0.005874 157.253702 0.015338
80.071275 151.630234 -7.006815 -0.005871 157.256990 0.015330
80.071238 151.629683 -7.010230 -0.005868 157.260277 0.015322
80.071201 151.629132 -7.013646 -0.005865 157.263563 0.015314
80.071162 151.628580 -7.017062 -0.005862 157.266849 0.015306
80.071124 151.628028 -7.020479 -0.005859 157.270134 0.015298
80.071084 151.627475 -7.023897 -0.005856 157.273419 0.015290
80.071043 151.626921 -7.027316 -0.005852 157.276704 0.015282
80.071002 151.626367 -7.030735 -0.005849 157.279988 0.015274
80.070960 151.625812 -7.034154 -0.005846 157.283272 0.015267
80.070917 151.625257 -7.037575 -0.005842 157.286555 0.015259
80.070873 151.624700 -7.040996 -0.005839 157.289837 0.015250
80.070828 151.624144 -7.044418 -0.005835 157.293120 0.015242
80.070783 151.623586 -7.047840 -0.005832 157.296401 0.015234
80.070737 151.623028 -7.051264 -0.005828 157.299682 0.015226
80.070689 151.622469 -7.054687 -0.005825 157.302963 0.015218
80.070642 151.621910 -7.058112 -0.005821 157.306243 0.015210
80.070593 151.621350 -7.061537 -0.005817 157.309523 0.015202
80.070543 151.620790 -7.064963 -0.005813 157.312803 0.015194
80.070493 151.620228 -7.068390 -0.005810 157.316081 0.015186
80.070442 151.619666 -7.071818 -0.005806 157.319360 0.015178
80.070389 151.619104 -7.075246 -0.005802 157.322638 0.015169
80.070337 151.618541 -7.078675 -0.005798 157.325915 0.015161
80.070283 151.617977 -7.082104 -0.005794 157.329192 0.015153
80.070228 151.617412 -7.085534 -0.005790 157.332468 0.015145
80.070173 151.616847 -7.088965 -0.005785 157.335744 0.015136
80.070116 151.616282 -7.092397 -0.005781 157.339019 0.015128
80.070059 151.615715 -7.095830 -0.005777 157.342294 0.015120
80.070001 151.615148 -7.099263 -0.005773 157.345569 0.015111
80.069942 151.614580 -7.102697 -0.005768 157.348843 0.015103
80.069882 151.614012 -7.106131 -0.005764 157.352116 0.015095
80.069822 151.613443 -7.109567 -0.005760 157.355389 0.015086
80.069760 151.612874 -7.113003 -0.005755 157.358662 0.015078
80.069698 151.612303 -7.116440 -0.005751 157.361933 0.015069
80.069634 151.611732 -7.119877 -0.005746 157.365205 0.015061
80.069570 151.611161 -7.123316 -0.005741 157.368476 0.015052
80.069505 151.610589 -7.126755 -0.005737 157.371746 0.015044
80.069439 151.610016 -7.130194 -0.005732 157.375016 0.015036
80.069372 151.609442 -7.133635 -0.005727 157.378286 0.015027
80.069305 151.608868 -7.137076 -0.005722 157.381555 0.015018
80.069236 151.608293 -7.140518 -0.005717 157.384823 0.015010
80.069166 151.607718 -7.143961 -0.005712 157.388091 0.015001
80.069096 151.607141 -7.147405 -0.005707 157.391358 0.014993
80.069025 151.606565 -7.150849 -0.005702 157.394625 0.014984
80.068953 151.605987 -7.154294 -0.005697 157.397892 0.014975
80.068879 151.605409 -7.157740 -0.005692 157.401157 0.014967
80.068805 151.604830 -7.161186 -0.005687 157.404423 0.014958
80.068730 151.604251 -7.164634 -0.005681 157.407688 0.014949
80.068655 151.603671 -7.168082 -0.005676 157.410952 0.014941
80.068578 151.603090 -7.171531 -0.005671 157.414216 0.014932
80.068500 151.602508 -7.174980 -0.005665 157.417479 0.014923
80.068422 151.601926 -7.178431 -0.005660 157.420742 0.014914
80.068342 151.601343 -7.181882 -0.005654 157.424004 0.014906
80.068262 151.600760 -7.185334 -0.005649 157.427266 0.014897
80.068180 151.600176 -7.188787 -0.005643 157.430527 0.014888
80.068098 151.599591 -7.192240 -0.005637 157.433788 0.014879
80.068015 151.599005 -7.195694 -0.005631 157.437048 0.014870
80.067930 151.598419 -7.199149 -0.005626 157.440307 0.014861
80.067845 151.597833 -7.202605 -0.005620 157.443567 0.014853
80.067759 151.597245 -7.206062 -0.005614 157.446825 0.014844
80.067672 151.596657 -7.209519 -0.005608 157.450083 0.014835
80.067584 151.596068 -7.212978 -0.005602 157.453341 0.014826
80.067495 151.595479 -7.216437 -0.005596 157.456598 0.014817
80.067405 151.594888 -7.219897 -0.005589 157.459854 0.014808
80.067314 151.594297 -7.223357 -0.005583 157.463110 0.014799
80.067223 151.593706 -7.226819 -0.005577 157.466366 0.014790
80.067130 151.593114 -7.230281 -0.005571 157.469620 0.014781
80.067036 151.592521 -7.233744 -0.005564 157.472875 0.014772
80.066941 151.591927 -7.237208 -0.005558 157.476128 0.014763
80.066846 151.591333 -7.240672 -0.005551 157.479382 0.014753
80.066749 151.590738 -7.244138 -0.005545 157.482634 0.014744
80.066652 151.590142 -7.247604 -0.005538 157.485887 0.014735
80.066553 151.589546 -7.251071 -0.005531 157.489138 0.014726
80.066453 151.588949 -7.254539 -0.005525 157.492389 0.014717
80.066353 151.588351 -7.258008 -0.005518 157.495640 0.014708
80.066251 151.587753 -7.261477 -0.005511 157.498890 0.014698
80.066149 151.587154 -7.264948 -0.005504 157.502139 0.014689
80.066045 151.586554 -7.268419 -0.005497 157.505388 0.014680
80.065941 151.585954 -7.271891 -0.005490 157.508637 0.014671
80.065835 151.585353 -7.275364 -0.005483 157.511884 0.014661
80.065729 151.584751 -7.278837 -0.005476 157.515132 0.014652
80.065621 151.584148 -7.282312 -0.005469 157.518378 0.014643
80.065513 151.583545 -7.285787 -0.005461 157.521624 0.014633
80.065403 151.582941 -7.289264 -0.005454 157.524870 0.014624
80.065292 151.582336 -7.292741 -0.005447 157.528115 0.014614
80.065181 151.581731 -7.296218 -0.005439 157.531360 0.014605
80.065068 151.581125 -7.299697 -0.005432 157.534603 0.014596
80.064955 151.580518 -7.303177 -0.005424 157.537847 0.014586
80.064840 151.579911 -7.306657 -0.005416 157.541090 0.014577
80.064725 151.579303 -7.310138 -0.005409 157.544332 0.014567
80.064608 151.578694 -7.313621 -0.005401 157.547574 0.014558
80.064490 151.578085 -7.317103 -0.005393 157.550815 0.014548
80.064371 151.577474 -7.320587 -0.005385 157.554055 0.014539
80.064252 151.576864 -7.324072 -0.005377 157.557295 0.014529
80.064131 151.576252 -7.327557 -0.005369 157.560535 0.014520
80.064009 151.575640 -7.331044 -0.005361 157.563773 0.014510
80.063886 151.575027 -7.334531 -0.005353 157.567012 0.014500
80.063762 151.574413 -7.338019 -0.005345 157.570249 0.014491
80.063637 151.573798 -7.341508 -0.005337 157.573487 0.014481
80.063511 151.573183 -7.344998 -0.005329 157.576723 0.014471
80.063384 151.572567 -7.348489 -0.005320 157.579959 0.014462
80.063256 151.571951 -7.351981 -0.005312 157.583195 0.014452
80.063127 151.571334 -7.355473 -0.005303 157.586429 0.014442
80.062997 151.570716 -7.358966 -0.005295 157.589664 0.014432
80.062865 151.570097 -7.362461 -0.005286 157.592897 0.014423
80.062733 151.569478 -7.365956 -0.005277 157.596130 0.014413
80.062599 151.568857 -7.369452 -0.005269 157.599363 0.014403
80.062465 151.568237 -7.372949 -0.005260 157.602595 0.014393
80.062329 151.567615 -7.376446 -0.005251 157.605826 0.014383
80.062193 151.566993 -7.379945 -0.005242 157.609057 0.014374
80.062055 151.566370 -7.383445 -0.005233 157.612287 0.014364
80.061916 151.565746 -7.386945 -0.005224 157.615517 0.014354
80.061776 151.565122 -7.390447 -0.005215 157.618746 0.014344
80.061635 151.564497 -7.393949 -0.005206 157.621974 0.014334
80.061493 151.563871 -7.397452 -0.005197 157.625202 0.014324
80.061350 151.563244 -7.400956 -0.005187 157.628430 0.014314
80.061205 151.562617 -7.404461 -0.005178 157.631656 0.014304
80.061060 151.561989 -7.407967 -0.005168 157.634882 0.014294
80.060913 151.561360 -7.411474 -0.005159 157.638108 0.014284
80.060766 151.560730 -7.414981 -0.005149 157.641333 0.014274
80.060617 151.560100 -7.418490 -0.005140 157.644557 0.014264
80.060467 151.559469 -7.422000 -0.005130 157.647781 0.014254
80.060316 151.558838 -7.425510 -0.005120 157.651004 0.014244
80.060164 151.558205 -7.429021 -0.005110 157.654226 0.014233
80.060011 151.557572 -7.432534 -0.005101 157.657448 0.014223
80.059857 151.556938 -7.436047 -0.005091 157.660670 0.014213
80.059701 151.556304 -7.439561 -0.005081 157.663890 0.014203
80.059545 151.555668 -7.443076 -0.005070 157.667110 0.014193
80.059387 151.555032 -7.446592 -0.005060 157.670330 0.014182
80.059228 151.554395 -7.450109 -0.005050 157.673549 0.014172
80.059069 151.553758 -7.453627 -0.005040 157.676767 0.014162
80.058907 151.553120 -7.457146 -0.005029 157.679985 0.014152
80.058745 151.552481 -7.460665 -0.005019 157.683202 0.014141
80.058582 151.551841 -7.464186 -0.005009 157.686418 0.014131
80.058417 151.551200 -7.467708 -0.004998 157.689634 0.014121
80.058252 151.550559 -7.471230 -0.004987 157.692849 0.014110
80.058085 151.549917 -7.474754 -0.004977 157.696064 0.014100
80.057917 151.549274 -7.478278 -0.004966 157.699278 0.014090
80.057748 151.548631 -7.481804 -0.004955 157.702491 0.014079
80.057578 151.547987 -7.485330 -0.004944 157.705704 0.014069
80.057406 151.547342 -7.488857 -0.004933 157.708916 0.014058
80.057234 151.546696 -7.492385 -0.004922 157.712128 0.014048
80.057060 151.546050 -7.495915 -0.004911 157.715339 0.014037
80.056885 151.545403 -7.499445 -0.004900 157.718549 0.014027
80.056709 151.544755 -7.502976 -0.004889 157.721759 0.014016
80.056532 151.544106 -7.506508 -0.004877 157.724968 0.014006
80.056353 151.543457 -7.510041 -0.004866 157.728176 0.013995
80.056174 151.542806 -7.513575 -0.004855 157.731384 0.013985
80.055993 151.542155 -7.517110 -0.004843 157.734591 0.013974
80.055811 151.541504 -7.520646 -0.004831 157.737798 0.013963
80.055628 151.540851 -7.524183 -0.004820 157.741004 0.013953
80.055443 151.540198 -7.527721 -0.004808 157.744209 0.013942
80.055258 151.539544 -7.531260 -0.004796 157.747414 0.013931
80.055071 151.538890 -7.534800 -0.004784 157.750618 0.013921
80.054883 151.538234 -7.538341 -0.004772 157.753821 0.013910
80.054694 151.537578 -7.541883 -0.004760 157.757024 0.013899
80.054504 151.536921 -7.545426 -0.004748 157.760226 0.013888
80.054312 151.536263 -7.548969 -0.004736 157.763427 0.013878
80.054119 151.535605 -7.552514 -0.004724 157.766628 0.013867
80.053925 151.534945 -7.556060 -0.004712 157.769828 0.013856
80.053730 151.534285 -7.559607 -0.004699 157.773028 0.013845
80.053534 151.533625 -7.563155 -0.004687 157.776227 0.013834
80.053336 151.532963 -7.566704 -0.004674 157.779425 0.013823
80.053137 151.532301 -7.570253 -0.004662 157.782623 0.013813
80.052937 151.531638 -7.573804 -0.004649 157.785820 0.013802
80.052736 151.530974 -7.577356 -0.004637 157.789016 0.013791
80.052533 151.530309 -7.580909 -0.004624 157.792212 0.013780
80.052330 151.529644 -7.584463 -0.004611 157.795407 0.013769
80.052125 151.528978 -7.588018 -0.004598 157.798602 0.013758
80.051918 151.528311 -7.591573 -0.004585 157.801795 0.013747
80.051711 151.527643 -7.595130 -0.004572 157.804988 0.013736
80.051502 151.526975 -7.598688 -0.004559 157.808181 0.013725
80.051292 151.526305 -7.602247 -0.004546 157.811373 0.013714
80.051081 151.525635 -7.605807 -0.004532 157.814564 0.013703
80.050869 151.524965 -7.609368 -0.004519 157.817754 0.013692
80.050655 151.524293 -7.612930 -0.004505 157.820944 0.013680
80.050440 151.523621 -7.616493 -0.004492 157.824133 0.013669
80.050224 151.522948 -7.620057 -0.004478 157.827322 0.013658
80.050006 151.522274 -7.623622 -0.004465 157.830510 0.013647
80.049787 151.521599 -7.627188 -0.004451 157.833697 0.013636
80.049567 151.520924 -7.630756 -0.004437 157.836883 0.013625
80.049346 151.520247 -7.634324 -0.004423 157.840069 0.013613
80.049124 151.519570 -7.637893 -0.004409 157.843255 0.013602
80.048900 151.518893 -7.641463 -0.004395 157.846439 0.013591
80.048675 151.518214 -7.645035 -0.004381 157.849623 0.013579
80.048448 151.517535 -7.648607 -0.004367 157.852806 0.013568
80.048221 151.516855 -7.652180 -0.004353 157.855989 0.013557
80.047992 151.516174 -7.655755 -0.004338 157.859171 0.013546
80.047761 151.515492 -7.659330 -0.004324 157.862352 0.013534
80.047530 151.514809 -7.662907 -0.004310 157.865532 0.013523
80.047297 151.514126 -7.666485 -0.004295 157.868712 0.013511
80.047063 151.513442 -7.670063 -0.004280 157.871891 0.013500
80.046827 151.512757 -7.673643 -0.004266 157.875070 0.013488
80.046591 151.512072 -7.677224 -0.004251 157.878248 0.013477
80.046353 151.511385 -7.680806 -0.004236 157.881425 0.013466
80.046113 151.510698 -7.684389 -0.004221 157.884601 0.013454
80.045873 151.510010 -7.687973 -0.004206 157.887777 0.013443
80.045631 151.509321 -7.691558 -0.004191 157.890952 0.013431
80.045387 151.508631 -7.695144 -0.004176 157.894127 0.013419
80.045143 151.507941 -7.698731 -0.004160 157.897301 0.013408
80.044897 151.507250 -7.702319 -0.004145 157.900474 0.013396
80.044649 151.506558 -7.705909 -0.004130 157.903646 0.013385
80.044401 151.505865 -7.709499 -0.004114 157.906818 0.013373
80.044151 151.505171 -7.713091 -0.004099 157.909989 0.013361
80.043900 151.504477 -7.716684 -0.004083 157.913159 0.013350
80.043647 151.503782 -7.720277 -0.004067 157.916329 0.013338
80.043393 151.503086 -7.723872 -0.004052 157.919498 0.013326
80.043138 151.502389 -7.727468 -0.004036 157.922666 0.013315
80.042881 151.501691 -7.731065 -0.004020 157.925833 0.013303
80.042623 151.500993 -7.734663 -0.004004 157.929000 0.013291
80.042364 151.500293 -7.738262 -0.003988 157.932166 0.013279
80.042103 151.499593 -7.741863 -0.003971 157.935332 0.013267
80.041841 151.498893 -7.745464 -0.003955 157.938497 0.013256
80.041578 151.498191 -7.749066 -0.003939 157.941661 0.013244
80.041313 151.497488 -7.752670 -0.003922 157.944824 0.013232
80.041047 151.496785 -7.756275 -0.003906 157.947987 0.013220
