80.129221 150.160198 18.257483 -0.012527 132.366881 0.043537
80.129337 150.160483 18.254407 -0.012538 132.370516 0.043577
80.129453 150.160768 18.251332 -0.012549 132.374151 0.043615
80.129569 150.161054 18.248255 -0.012560 132.377785 0.043654
80.129684 150.161339 18.245178 -0.012572 132.381419 0.043693
80.129799 150.161625 18.242100 -0.012583 132.385052 0.043732
80.129914 150.161911 18.239021 -0.012594 132.388684 0.043770
80.130029 150.162196 18.235941 -0.012605 132.392316 0.043809
80.130143 150.162482 18.232861 -0.012616 132.395948 0.043847
80.130257 150.162768 18.229780 -0.012627 132.399578 0.043886
80.130371 150.163054 18.226699 -0.012638 132.403208 0.043924
80.130484 150.163340 18.223617 -0.012649 132.406838 0.043962
80.130598 150.163626 18.220534 -0.012660 132.410467 0.044000
80.130711 150.163913 18.217450 -0.012671 132.414095 0.044038
80.130823 150.164199 18.214366 -0.012682 132.417723 0.044076
80.130936 150.164485 18.211281 -0.012693 132.421350 0.044114
80.131048 150.164772 18.208195 -0.012704 132.424976 0.044151
80.131160 150.165058 18.205109 -0.012714 132.428602 0.044189
80.131272 150.165345 18.202022 -0.012725 132.432227 0.044226
80.131383 150.165631 18.198934 -0.012736 132.435852 0.044264
80.131494 150.165918 18.195846 -0.012747 132.439476 0.044301
80.131605 150.166205 18.192757 -0.012757 132.443100 0.044338
80.131716 150.166492 18.189667 -0.012768 132.446723 0.044376
80.131826 150.166779 18.186576 -0.012779 132.450345 0.044413
80.131936 150.167066 18.183485 -0.012789 132.453967 0.044450
80.132046 150.167353 18.180393 -0.012800 132.457588 0.044487
80.132156 150.167640 18.177301 -0.012811 132.461209 0.044523
80.132265 150.167928 18.174207 -0.012821 132.464829 0.044560
80.132374 150.168215 18.171113 -0.012832 132.468448 0.044597
80.132483 150.168502 18.168019 -0.012842 132.472067 0.044633
80.132591 150.168790 18.164924 -0.012853 132.475686 0.044670
80.132699 150.169077 18.161828 -0.012863 132.479303 0.044706
80.132807 150.169365 18.158731 -0.012874 132.482920 0.044742
80.132915 150.169653 18.155634 -0.012884 132.486537 0.044779
80.133023 150.169941 18.152535 -0.012895 132.490153 0.044815
80.133130 150.170228 18.149437 -0.012905 132.493768 0.044851
80.133237 150.170516 18.146337 -0.012915 132.497383 0.044887
80.133343 150.170804 18.143237 -0.012926 132.500997 0.044922
80.133450 150.171093 18.140137 -0.012936 132.504611 0.044958
80.133556 150.171381 18.137035 -0.012946 132.508224 0.044994
80.133662 150.171669 18.133933 -0.012956 132.511836 0.045029
80.133767 150.171957 18.130830 -0.012967 132.515448 0.045065
80.133873 150.172246 18.127727 -0.012977 132.519059 0.045100
80.133978 150.172534 18.124623 -0.012987 132.522670 0.045136
80.134083 150.172823 18.121518 -0.012997 132.526280 0.045171
80.134187 150.173111 18.118412 -0.013007 132.529889 0.045206
80.134292 150.173400 18.115306 -0.013017 132.533498 0.045241
80.134396 150.173689 18.112200 -0.013027 132.537107 0.045276
80.134500 150.173978 18.109092 -0.013037 132.540714 0.045311
80.134603 150.174267 18.105984 -0.013047 132.544321 0.045346
80.134706 150.174556 18.102875 -0.013057 132.547928 0.045380
80.134809 150.174845 18.099766 -0.013067 132.551534 0.045415
80.134912 150.175134 18.096655 -0.013077 132.555139 0.045449
80.135015 150.175423 18.093545 -0.013087 132.558744 0.045484
80.135117 150.175713 18.090433 -0.013097 132.562348 0.045518
80.135219 150.176002 18.087321 -0.013107 132.565952 0.045552
80.135321 150.176291 18.084208 -0.013117 132.569555 0.045587
80.135422 150.176581 18.081095 -0.013127 132.573158 0.045621
80.135523 150.176871 18.077980 -0.013137 132.576760 0.045655
80.135624 150.177160 18.074866 -0.013146 132.580361 0.045688
80.135725 150.177450 18.071750 -0.013156 132.583962 0.045722
80.135825 150.177740 18.068634 -0.013166 132.587562 0.045756
80.135926 150.178030 18.065517 -0.013175 132.591161 0.045790
80.136025 150.178320 18.062400 -0.013185 132.594760 0.045823
80.136125 150.178610 18.059281 -0.013195 132.598359 0.045857
80.136225 150.178900 18.056163 -0.013204 132.601957 0.045890
80.136324 150.179190 18.053043 -0.013214 132.605554 0.045923
80.136423 150.179480 18.049923 -0.013223 132.609151 0.045957
80.136521 150.179771 18.046802 -0.013233 132.612747 0.045990
80.136620 150.180061 18.043681 -0.013243 132.616342 0.046023
80.136718 150.180352 18.040559 -0.013252 132.619937 0.046056
80.136816 150.180642 18.037436 -0.013262 132.623531 0.046089
80.136913 150.180933 18.034313 -0.013271 132.627125 0.046121
80.137011 150.181224 18.031188 -0.013280 132.630718 0.046154
80.137108 150.181514 18.028064 -0.013290 132.634311 0.046187
80.137204 150.181805 18.024938 -0.013299 132.637903 0.046219
80.137301 150.182096 18.021812 -0.013308 132.641495 0.046252
80.137397 150.182387 18.018686 -0.013318 132.645085 0.046284
80.137493 150.182678 18.015558 -0.013327 132.648676 0.046316
80.137589 150.182970 18.012430 -0.013336 132.652265 0.046348
80.137685 150.183261 18.009302 -0.013346 132.655855 0.046381
80.137780 150.183552 18.006172 -0.013355 132.659443 0.046413
80.137875 150.183843 18.003043 -0.013364 132.663031 0.046444
80.137970 150.184135 17.999912 -0.013373 132.666618 0.046476
80.138064 150.184426 17.996781 -0.013382 132.670205 0.046508
80.138159 150.184718 17.993649 -0.013391 132.673792 0.046540
80.138253 150.185010 17.990516 -0.013401 132.677377 0.046571
80.138347 150.185302 17.987383 -0.013410 132.680962 0.046603
80.138440 150.185593 17.984249 -0.013419 132.684547 0.046634
80.138533 150.185885 17.981115 -0.013428 132.688131 0.046666
80.138626 150.186177 17.977980 -0.013437 132.691714 0.046697
80.138719 150.186469 17.974844 -0.013446 132.695297 0.046728
80.138812 150.186761 17.971708 -0.013455 132.698879 0.046759
80.138904 150.187054 17.968571 -0.013464 132.702461 0.046790
80.138996 150.187346 17.965433 -0.013472 132.706042 0.046821
80.139088 150.187638 17.962295 -0.013481 132.709622 0.046852
80.139179 150.187931 17.959156 -0.013490 132.713202 0.046882
80.139270 150.188223 17.956016 -0.013499 132.716781 0.046913
80.139361 150.188516 17.952876 -0.013508 132.720360 0.046944
80.139452 150.188808 17.949735 -0.013517 132.723938 0.046974
80.139543 150.189101 17.946593 -0.013525 132.727516 0.047005
80.139633 150.189394 17.943451 -0.013534 132.731093 0.047035
80.139723 150.189687 17.940308 -0.013543 132.734669 0.047065
80.139813 150.189980 17.937165 -0.013551 132.738245 0.047095
80.139902 150.190273 17.934021 -0.013560 132.741821 0.047125
80.139991 150.190566 17.930876 -0.013569 132.745395 0.047155
80.140080 150.190859 17.927731 -0.013577 132.748970 0.047185
80.140169 150.191152 17.924585 -0.013586 132.752543 0.047215
80.140258 150.191445 17.921438 -0.013594 132.756116 0.047245
80.140346 150.191739 17.918291 -0.013603 132.759689 0.047274
80.140434 150.192032 17.915143 -0.013611 132.763260 0.047304
80.140522 150.192326 17.911995 -0.013620 132.766832 0.047333
80.140609 150.192619 17.908846 -0.013628 132.770402 0.047363
80.140696 150.192913 17.905696 -0.013637 132.773973 0.047392
80.140783 150.193207 17.902545 -0.013645 132.777542 0.047421
80.140870 150.193501 17.899394 -0.013654 132.781111 0.047450
80.140956 150.193794 17.896243 -0.013662 132.784680 0.047479
80.141043 150.194088 17.893091 -0.013670 132.788247 0.047508
80.141129 150.194382 17.889938 -0.013679 132.791815 0.047537
80.141214 150.194677 17.886784 -0.013687 132.795381 0.047566
80.141300 150.194971 17.883630 -0.013695 132.798947 0.047595
80.141385 150.195265 17.880475 -0.013704 132.802513 0.047623
80.141470 150.195559 17.877320 -0.013712 132.806078 0.047652
80.141555 150.195854 17.874164 -0.013720 132.809642 0.047680
80.141639 150.196148 17.871007 -0.013728 132.813206 0.047709
80.141724 150.196443 17.867850 -0.013736 132.816770 0.047737
80.141808 150.196737 17.864692 -0.013744 132.820332 0.047765
80.141891 150.197032 17.861534 -0.013752 132.823894 0.047793
80.141975 150.197327 17.858374 -0.013761 132.827456 0.047821
80.142058 150.197621 17.855215 -0.013769 132.831017 0.047849
80.142141 150.197916 17.852054 -0.013777 132.834577 0.047877
80.142224 150.198211 17.848893 -0.013785 132.838137 0.047905
80.142306 150.198506 17.845732 -0.013793 132.841697 0.047933
80.142389 150.198801 17.842570 -0.013801 132.845255 0.047960
80.142471 150.199097 17.839407 -0.013809 132.848813 0.047988
80.142553 150.199392 17.836243 -0.013816 132.852371 0.048015
80.142634 150.199687 17.833079 -0.013824 132.855928 0.048043
80.142715 150.199983 17.829915 -0.013832 132.859484 0.048070
80.142796 150.200278 17.826749 -0.013840 132.863040 0.048097
80.142877 150.200574 17.823583 -0.013848 132.866596 0.048124
80.142958 150.200869 17.820417 -0.013856 132.870150 0.048152
80.143038 150.201165 17.817250 -0.013863 132.873704 0.048179
80.143118 150.201461 17.814082 -0.013871 132.877258 0.048205
80.143198 150.201756 17.810914 -0.013879 132.880811 0.048232
80.143278 150.202052 17.807745 -0.013887 132.884364 0.048259
80.143357 150.202348 17.804575 -0.013894 132.887915 0.048286
80.143436 150.202644 17.801405 -0.013902 132.891467 0.048312
80.143515 150.202940 17.798234 -0.013910 132.895018 0.048339
80.143593 150.203237 17.795063 -0.013917 132.898568 0.048365
80.143672 150.203533 17.791891 -0.013925 132.902117 0.048391
80.143750 150.203829 17.788718 -0.013932 132.905666 0.048418
80.143828 150.204126 17.785545 -0.013940 132.909215 0.048444
80.143905 150.204422 17.782371 -0.013947 132.912763 0.048470
80.143983 150.204719 17.779197 -0.013955 132.916310 0.048496
80.144060 150.205015 17.776022 -0.013962 132.919857 0.048522
80.144137 150.205312 17.772846 -0.013970 132.923403 0.048548
80.144213 150.205609 17.769670 -0.013977 132.926949 0.048573
80.144290 150.205905 17.766493 -0.013985 132.930494 0.048599
80.144366 150.206202 17.763316 -0.013992 132.934039 0.048625
80.144442 150.206499 17.760138 -0.013999 132.937583 0.048650
80.144518 150.206796 17.756959 -0.014007 132.941126 0.048676
80.144593 150.207093 17.753780 -0.014014 132.944669 0.048701
80.144668 150.207391 17.750600 -0.014021 132.948211 0.048726
80.144743 150.207688 17.747420 -0.014028 132.951753 0.048751
80.144818 150.207985 17.744239 -0.014036 132.955294 0.048776
80.144892 150.208283 17.741057 -0.014043 132.958835 0.048801
80.144967 150.208580 17.737875 -0.014050 132.962375 0.048826
80.145041 150.208878 17.734692 -0.014057 132.965914 0.048851
80.145114 150.209175 17.731508 -0.014064 132.969453 0.048876
80.145188 150.209473 17.728324 -0.014071 132.972992 0.048901
80.145261 150.209771 17.725140 -0.014078 132.976529 0.048925
80.145334 150.210068 17.721955 -0.014086 132.980067 0.048950
80.145407 150.210366 17.718769 -0.014093 132.983603 0.048974
80.145480 150.210664 17.715582 -0.014100 132.987139 0.048999
80.145552 150.210962 17.712395 -0.014107 132.990675 0.049023
80.145624 150.211260 17.709208 -0.014114 132.994210 0.049047
80.145696 150.211558 17.706019 -0.014121 132.997745 0.049071
80.145767 150.211857 17.702831 -0.014127 133.001278 0.049095
80.145839 150.212155 17.699641 -0.014134 133.004812 0.049119
80.145910 150.212453 17.696451 -0.014141 133.008345 0.049143
80.145981 150.212752 17.693261 -0.014148 133.011877 0.049167
80.146051 150.213050 17.690070 -0.014155 133.015408 0.049191
80.146122 150.213349 17.686878 -0.014162 133.018940 0.049214
80.146192 150.213648 17.683685 -0.014169 133.022470 0.049238
80.146262 150.213946 17.680492 -0.014175 133.026000 0.049261
80.146331 150.214245 17.677299 -0.014182 133.029530 0.049285
80.146401 150.214544 17.674105 -0.014189 133.033059 0.049308
80.146470 150.214843 17.670910 -0.014195 133.036587 0.049331
80.146539 150.215142 17.667715 -0.014202 133.040115 0.049355
80.146608 150.215441 17.664519 -0.014209 133.043642 0.049378
80.146676 150.215740 17.661322 -0.014215 133.047169 0.049401
80.146745 150.216039 17.658125 -0.014222 133.050695 0.049424
80.146813 150.216339 17.654928 -0.014229 133.054220 0.049447
80.146880 150.216638 17.651729 -0.014235 133.057745 0.049469
80.146948 150.216938 17.648530 -0.014242 133.061270 0.049492
80.147015 150.217237 17.645331 -0.014248 133.064794 0.049515
80.147082 150.217537 17.642131 -0.014255 133.068317 0.049537
80.147149 150.217836 17.638930 -0.014261 133.071840 0.049560
80.147216 150.218136 17.635729 -0.014268 133.075362 0.049582
80.147282 150.218436 17.632527 -0.014274 133.078884 0.049604
80.147348 150.218736 17.629325 -0.014280 133.082405 0.049627
80.147414 150.219036 17.626122 -0.014287 133.085926 0.049649
80.147480 150.219336 17.622919 -0.014293 133.089446 0.049671
80.147545 150.219636 17.619715 -0.014299 133.092966 0.049693
80.147610 150.219936 17.616510 -0.014306 133.096485 0.049715
80.147675 150.220236 17.613305 -0.014312 133.100003 0.049736
80.147740 150.220536 17.610099 -0.014318 133.103521 0.049758
80.147805 150.220837 17.606892 -0.014325 133.107038 0.049780
80.147869 150.221137 17.603685 -0.014331 133.110555 0.049802
80.147933 150.221437 17.600478 -0.014337 133.114071 0.049823
80.147997 150.221738 17.597270 -0.014343 133.117587 0.049844
80.148060 150.222039 17.594061 -0.014349 133.121102 0.049866
80.148124 150.222339 17.590851 -0.014355 133.124617 0.049887
80.148187 150.222640 17.587642 -0.014362 133.128131 0.049908
80.148249 150.222941 17.584431 -0.014368 133.131644 0.049929
80.148312 150.223242 17.581220 -0.014374 133.135157 0.049950
80.148374 150.223543 17.578008 -0.014380 133.138670 0.049971
80.148437 150.223844 17.574796 -0.014386 133.142182 0.049992
80.148499 150.224145 17.571583 -0.014392 133.145693 0.050013
80.148560 150.224446 17.568370 -0.014398 133.149204 0.050034
80.148622 150.224747 17.565156 -0.014404 133.152714 0.050055
80.148683 150.225049 17.561942 -0.014410 133.156224 0.050075
80.148744 150.225350 17.558726 -0.014415 133.159733 0.050096
80.148805 150.225652 17.555511 -0.014421 133.163242 0.050116
80.148865 150.225953 17.552295 -0.014427 133.166750 0.050136
80.148925 150.226255 17.549078 -0.014433 133.170257 0.050157
80.148985 150.226556 17.545860 -0.014439 133.173764 0.050177
80.149045 150.226858 17.542642 -0.014445 133.177271 0.050197
80.149105 150.227160 17.539424 -0.014450 133.180777 0.050217
80.149164 150.227462 17.536205 -0.014456 133.184282 0.050237
80.149223 150.227764 17.532985 -0.014462 133.187787 0.050257
80.149282 150.228066 17.529765 -0.014468 133.191291 0.050277
80.149341 150.228368 17.526544 -0.014473 133.194795 0.050296
80.149399 150.228670 17.523323 -0.014479 133.198298 0.050316
80.149458 150.228972 17.520101 -0.014485 133.201801 0.050336
80.149516 150.229274 17.516878 -0.014490 133.205303 0.050355
80.149573 150.229577 17.513655 -0.014496 133.208805 0.050374
80.149631 150.229879 17.510431 -0.014501 133.212306 0.050394
80.149688 150.230182 17.507207 -0.014507 133.215806 0.050413
80.149745 150.230484 17.503982 -0.014512 133.219306 0.050432
80.149802 150.230787 17.500757 -0.014518 133.222806 0.050451
80.149859 150.231090 17.497531 -0.014523 133.226305 0.050470
80.149915 150.231392 17.494305 -0.014529 133.229803 0.050489
80.149971 150.231695 17.491078 -0.014534 133.233301 0.050508
80.150027 150.231998 17.487850 -0.014540 133.236798 0.050527
80.150083 150.232301 17.484622 -0.014545 133.240295 0.050546
80.150138 150.232604 17.481393 -0.014550 133.243791 0.050564
80.150194 150.232907 17.478164 -0.014556 133.247287 0.050583
80.150249 150.233211 17.474934 -0.014561 133.250782 0.050601
80.150303 150.233514 17.471703 -0.014566 133.254277 0.050620
80.150358 150.233817 17.468472 -0.014572 133.257771 0.050638
80.150412 150.234121 17.465241 -0.014577 133.261264 0.050656
80.150466 150.234424 17.462009 -0.014582 133.264757 0.050675
80.150520 150.234728 17.458776 -0.014587 133.268250 0.050693
80.150574 150.235031 17.455543 -0.014593 133.271742 0.050711
80.150627 150.235335 17.452309 -0.014598 133.275233 0.050729
80.150681 150.235639 17.449075 -0.014603 133.278724 0.050747
80.150733 150.235942 17.445840 -0.014608 133.282215 0.050764
80.150786 150.236246 17.442604 -0.014613 133.285705 0.050782
80.150839 150.236550 17.439368 -0.014618 133.289194 0.050800
80.150891 150.236854 17.436132 -0.014623 133.292683 0.050817
80.150943 150.237158 17.432894 -0.014628 133.296171 0.050835
80.150995 150.237462 17.429657 -0.014633 133.299659 0.050852
80.151047 150.237767 17.426419 -0.014638 133.303146 0.050870
80.151098 150.238071 17.423180 -0.014643 133.306633 0.050887
80.151149 150.238375 17.419940 -0.014648 133.310119 0.050904
80.151200 150.238680 17.416700 -0.014653 133.313604 0.050921
80.151251 150.238984 17.413460 -0.014658 133.317089 0.050938
80.151301 150.239289 17.410219 -0.014663 133.320574 0.050955
80.151351 150.239593 17.406977 -0.014668 133.324058 0.050972
80.151402 150.239898 17.403735 -0.014673 133.327541 0.050989
80.151451 150.240203 17.400492 -0.014678 133.331024 0.051006
80.151501 150.240508 17.397249 -0.014682 133.334507 0.051022
80.151550 150.240813 17.394005 -0.014687 133.337989 0.051039
80.151599 150.241118 17.390761 -0.014692 133.341470 0.051056
80.151648 150.241423 17.387516 -0.014697 133.344951 0.051072
80.151697 150.241728 17.384271 -0.014701 133.348431 0.051088
80.151746 150.242033 17.381025 -0.014706 133.351911 0.051105
80.151794 150.242338 17.377778 -0.014711 133.355391 0.051121
80.151842 150.242644 17.374531 -0.014715 133.358869 0.051137
80.151890 150.242949 17.371283 -0.014720 133.362348 0.051153
80.151937 150.243254 17.368035 -0.014725 133.365825 0.051169
80.151985 150.243560 17.364787 -0.014729 133.369303 0.051185
80.152032 150.243866 17.361537 -0.014734 133.372779 0.051201
80.152079 150.244171 17.358287 -0.014738 133.376255 0.051217
80.152125 150.244477 17.355037 -0.014743 133.379731 0.051232
80.152172 150.244783 17.351786 -0.014747 133.383206 0.051248
80.152218 150.245089 17.348535 -0.014752 133.386681 0.051264
80.152264 150.245394 17.345283 -0.014756 133.390155 0.051279
80.152310 150.245700 17.342030 -0.014761 133.393628 0.051294
80.152355 150.246007 17.338777 -0.014765 133.397101 0.051310
80.152401 150.246313 17.335523 -0.014769 133.400574 0.051325
80.152446 150.246619 17.332269 -0.014774 133.404046 0.051340
80.152491 150.246925 17.329014 -0.014778 133.407517 0.051355
80.152536 150.247231 17.325759 -0.014783 133.410988 0.051370
80.152580 150.247538 17.322503 -0.014787 133.414459 0.051385
80.152624 150.247844 17.319247 -0.014791 133.417929 0.051400
80.152668 150.248151 17.315990 -0.014795 133.421398 0.051415
80.152712 150.248458 17.312733 -0.014800 133.424867 0.051430
80.152756 150.248764 17.309475 -0.014804 133.428335 0.051444
80.152799 150.249071 17.306216 -0.014808 133.431803 0.051459
80.152842 150.249378 17.302957 -0.014812 133.435270 0.051474
80.152885 150.249685 17.299698 -0.014816 133.438737 0.051488
80.152928 150.249992 17.296437 -0.014821 133.442204 0.051502
80.152970 150.250299 17.293177 -0.014825 133.445669 0.051517
80.153013 150.250606 17.289916 -0.014829 133.449135 0.051531
80.153055 150.250913 17.286654 -0.014833 133.452599 0.051545
80.153097 150.251220 17.283392 -0.014837 133.456064 0.051559
80.153138 150.251527 17.280129 -0.014841 133.459527 0.051573
80.153180 150.251835 17.276865 -0.014845 133.462990 0.051587
80.153221 150.252142 17.273601 -0.014849 133.466453 0.051601
80.153262 150.252450 17.270337 -0.014853 133.469915 0.051615
80.153303 150.252757 17.267072 -0.014857 133.473377 0.051628
80.153343 150.253065 17.263807 -0.014861 133.476838 0.051642
80.153384 150.253372 17.260541 -0.014865 133.480299 0.051656
80.153424 150.253680 17.257274 -0.014869 133.483759 0.051669
80.153464 150.253988 17.254007 -0.014872 133.487218 0.051683
80.153503 150.254296 17.250739 -0.014876 133.490678 0.051696
80.153543 150.254604 17.247471 -0.014880 133.494136 0.051709
80.153582 150.254912 17.244203 -0.014884 133.497594 0.051722
80.153621 150.255220 17.240933 -0.014888 133.501052 0.051736
80.153660 150.255528 17.237664 -0.014891 133.504509 0.051749
80.153698 150.255836 17.234393 -0.014895 133.507965 0.051762
80.153737 150.256145 17.231123 -0.014899 133.511421 0.051774
80.153775 150.256453 17.227851 -0.014903 133.514877 0.051787
80.153813 150.256762 17.224579 -0.014906 133.518332 0.051800
80.153851 150.257070 17.221307 -0.014910 133.521786 0.051813
80.153888 150.257379 17.218034 -0.014913 133.525240 0.051825
80.153925 150.257687 17.214761 -0.014917 133.528694 0.051838
80.153963 150.257996 17.211487 -0.014921 133.532147 0.051850
80.153999 150.258305 17.208212 -0.014924 133.535599 0.051863
80.154036 150.258614 17.204937 -0.014928 133.539051 0.051875
80.154072 150.258922 17.201662 -0.014931 133.542503 0.051887
80.154109 150.259231 17.198386 -0.014935 133.545954 0.051900
80.154145 150.259540 17.195109 -0.014938 133.549404 0.051912
80.154181 150.259850 17.191832 -0.014942 133.552854 0.051924
80.154216 150.260159 17.188554 -0.014945 133.556303 0.051936
80.154252 150.260468 17.185276 -0.014949 133.559752 0.051948
80.154287 150.260777 17.181997 -0.014952 133.563201 0.051960
80.154322 150.261087 17.178718 -0.014955 133.566649 0.051971
80.154356 150.261396 17.175438 -0.014959 133.570096 0.051983
80.154391 150.261706 17.172158 -0.014962 133.573543 0.051995
80.154425 150.262015 17.168877 -0.014966 133.576989 0.052006
80.154459 150.262325 17.165596 -0.014969 133.580435 0.052018
80.154493 150.262634 17.162314 -0.014972 133.583881 0.052029
80.154527 150.262944 17.159032 -0.014975 133.587326 0.052040
80.154560 150.263254 17.155749 -0.014979 133.590770 0.052052
80.154594 150.263564 17.152466 -0.014982 133.594214 0.052063
80.154627 150.263874 17.149182 -0.014985 133.597657 0.052074
80.154659 150.264184 17.145898 -0.014988 133.601100 0.052085
80.154692 150.264494 17.142613 -0.014991 133.604542 0.052096
80.154724 150.264804 17.139327 -0.014995 133.607984 0.052107
80.154757 150.265114 17.136041 -0.014998 133.611426 0.052118
80.154789 150.265425 17.132755 -0.015001 133.614867 0.052128
80.154820 150.265735 17.129468 -0.015004 133.618307 0.052139
80.154852 150.266046 17.126180 -0.015007 133.621747 0.052150
80.154883 150.266356 17.122892 -0.015010 133.625186 0.052160
80.154914 150.266667 17.119604 -0.015013 133.628625 0.052171
80.154945 150.266977 17.116315 -0.015016 133.632063 0.052181
80.154976 150.267288 17.113025 -0.015019 133.635501 0.052192
80.155007 150.267599 17.109735 -0.015022 133.638939 0.052202
80.155037 150.267910 17.106445 -0.015025 133.642376 0.052212
80.155067 150.268220 17.103154 -0.015028 133.645812 0.052222
80.155097 150.268531 17.099862 -0.015031 133.649248 0.052232
80.155127 150.268842 17.096570 -0.015033 133.652683 0.052242
80.155156 150.269154 17.093277 -0.015036 133.656118 0.052252
80.155185 150.269465 17.089984 -0.015039 133.659553 0.052262
80.155214 150.269776 17.086690 -0.015042 133.662986 0.052272
80.155243 150.270087 17.083396 -0.015045 133.666420 0.052281
80.155272 150.270399 17.080102 -0.015048 133.669853 0.052291
80.155300 150.270710 17.076807 -0.015050 133.673285 0.052301
80.155328 150.271022 17.073511 -0.015053 133.676717 0.052310
80.155356 150.271333 17.070215 -0.015056 133.680148 0.052320
80.155384 150.271645 17.066918 -0.015058 133.683579 0.052329
80.155412 150.271956 17.063621 -0.015061 133.687010 0.052338
80.155439 150.272268 17.060323 -0.015064 133.690440 0.052347
80.155466 150.272580 17.057025 -0.015066 133.693869 0.052357
80.155493 150.272892 17.053726 -0.015069 133.697298 0.052366
80.155520 150.273204 17.050427 -0.015072 133.700727 0.052375
80.155547 150.273516 17.047127 -0.015074 133.704155 0.052384
80.155573 150.273828 17.043827 -0.015077 133.707582 0.052393
80.155599 150.274140 17.040526 -0.015079 133.711009 0.052401
80.155625 150.274452 17.037225 -0.015082 133.714436 0.052410
80.155651 150.274765 17.033923 -0.015084 133.717862 0.052419
80.155676 150.275077 17.030621 -0.015087 133.721287 0.052427
80.155702 150.275389 17.027319 -0.015089 133.724712 0.052436
80.155727 150.275702 17.024015 -0.015092 133.728137 0.052444
80.155752 150.276014 17.020712 -0.015094 133.731561 0.052453
80.155776 150.276327 17.017407 -0.015096 133.734984 0.052461
80.155801 150.276640 17.014103 -0.015099 133.738407 0.052469
80.155825 150.276952 17.010797 -0.015101 133.741830 0.052477
80.155849 150.277265 17.007492 -0.015103 133.745252 0.052486
80.155873 150.277578 17.004185 -0.015106 133.748674 0.052494
80.155897 150.277891 17.000879 -0.015108 133.752095 0.052502
80.155920 150.278204 16.997572 -0.015110 133.755515 0.052510
80.155944 150.278517 16.994264 -0.015113 133.758936 0.052517
80.155967 150.278830 16.990956 -0.015115 133.762355 0.052525
80.155989 150.279144 16.987647 -0.015117 133.765774 0.052533
80.156012 150.279457 16.984338 -0.015119 133.769193 0.052540
80.156035 150.279770 16.981028 -0.015121 133.772611 0.052548
80.156057 150.280084 16.977718 -0.015124 133.776029 0.052556
80.156079 150.280397 16.974407 -0.015126 133.779446 0.052563
80.156101 150.280711 16.971096 -0.015128 133.782863 0.052570
80.156122 150.281024 16.967784 -0.015130 133.786279 0.052578
80.156144 150.281338 16.964472 -0.015132 133.789695 0.052585
80.156165 150.281652 16.961159 -0.015134 133.793110 0.052592
80.156186 150.281965 16.957846 -0.015136 133.796525 0.052599
80.156207 150.282279 16.954533 -0.015138 133.799939 0.052606
80.156228 150.282593 16.951219 -0.015140 133.803353 0.052613
80.156248 150.282907 16.947904 -0.015142 133.806767 0.052620
80.156268 150.283221 16.944589 -0.015144 133.810179 0.052627
80.156288 150.283535 16.941273 -0.015146 133.813592 0.052634
80.156308 150.283849 16.937957 -0.015148 133.817004 0.052640
80.156328 150.284164 16.934641 -0.015150 133.820415 0.052647
80.156347 150.284478 16.931324 -0.015152 133.823826 0.052653
80.156366 150.284792 16.928006 -0.015154 133.827237 0.052660
80.156385 150.285107 16.924688 -0.015155 133.830647 0.052666
80.156404 150.285421 16.921369 -0.015157 133.834056 0.052673
80.156423 150.285736 16.918050 -0.015159 133.837465 0.052679
80.156441 150.286051 16.914731 -0.015161 133.840874 0.052685
80.156459 150.286365 16.911411 -0.015163 133.844282 0.052691
80.156477 150.286680 16.908090 -0.015164 133.847689 0.052697
80.156495 150.286995 16.904770 -0.015166 133.851096 0.052703
80.156513 150.287310 16.901448 -0.015168 133.854503 0.052709
80.156530 150.287625 16.898126 -0.015170 133.857909 0.052715
80.156547 150.287940 16.894804 -0.015171 133.861315 0.052721
80.156564 150.288255 16.891481 -0.015173 133.864720 0.052727
80.156581 150.288570 16.888157 -0.015174 133.868125 0.052732
80.156598 150.288885 16.884834 -0.015176 133.871529 0.052738
80.156614 150.289201 16.881509 -0.015178 133.874933 0.052744
80.156631 150.289516 16.878184 -0.015179 133.878336 0.052749
80.156647 150.289831 16.874859 -0.015181 133.881739 0.052754
80.156662 150.290147 16.871533 -0.015182 133.885141 0.052760
80.156678 150.290462 16.868207 -0.015184 133.888543 0.052765
80.156693 150.290778 16.864880 -0.015185 133.891945 0.052770
80.156709 150.291094 16.861553 -0.015187 133.895346 0.052775
80.156724 150.291409 16.858226 -0.015188 133.898746 0.052780
80.156739 150.291725 16.854897 -0.015190 133.902146 0.052785
80.156753 150.292041 16.851569 -0.015191 133.905545 0.052790
80.156768 150.292357 16.848240 -0.015193 133.908945 0.052795
80.156782 150.292673 16.844910 -0.015194 133.912343 0.052800
80.156796 150.292989 16.841580 -0.015195 133.915741 0.052805
80.156810 150.293305 16.838249 -0.015197 133.919139 0.052810
80.156823 150.293621 16.834918 -0.015198 133.922536 0.052814
80.156837 150.293938 16.831587 -0.015199 133.925933 0.052819
80.156850 150.294254 16.828255 -0.015201 133.929329 0.052823
80.156863 150.294570 16.824922 -0.015202 133.932725 0.052828
80.156876 150.294887 16.821589 -0.015203 133.936120 0.052832
80.156889 150.295203 16.818256 -0.015204 133.939515 0.052836
80.156901 150.295520 16.814922 -0.015206 133.942909 0.052840
80.156914 150.295837 16.811588 -0.015207 133.946303 0.052845
80.156926 150.296153 16.808253 -0.015208 133.949696 0.052849
80.156938 150.296470 16.804918 -0.015209 133.953089 0.052853
80.156949 150.296787 16.801582 -0.015210 133.956482 0.052857
80.156961 150.297104 16.798246 -0.015211 133.959874 0.052861
80.156972 150.297421 16.794909 -0.015212 133.963265 0.052864
80.156983 150.297738 16.791572 -0.015214 133.966656 0.052868
80.156994 150.298055 16.788234 -0.015215 133.970047 0.052872
80.157005 150.298372 16.784896 -0.015216 133.973437 0.052875
80.157015 150.298689 16.781558 -0.015217 133.976826 0.052879
80.157026 150.299006 16.778219 -0.015218 133.980216 0.052882
80.157036 150.299324 16.774879 -0.015219 133.983604 0.052886
80.157046 150.299641 16.771539 -0.015220 133.986993 0.052889
80.157056 150.299959 16.768199 -0.015221 133.990380 0.052893
80.157065 150.300276 16.764858 -0.015221 133.993768 0.052896
80.157075 150.300594 16.761516 -0.015222 133.997154 0.052899
80.157084 150.300912 16.758175 -0.015223 134.000541 0.052902
80.157093 150.301229 16.754832 -0.015224 134.003927 0.052905
80.157102 150.301547 16.751489 -0.015225 134.007312 0.052908
80.157110 150.301865 16.748146 -0.015226 134.010697 0.052911
80.157119 150.302183 16.744803 -0.015227 134.014082 0.052914
80.157127 150.302501 16.741458 -0.015227 134.017466 0.052917
80.157135 150.302819 16.738114 -0.015228 134.020849 0.052919
80.157143 150.303137 16.734769 -0.015229 134.024233 0.052922
80.157150 150.303455 16.731423 -0.015230 134.027615 0.052925
80.157158 150.303773 16.728077 -0.015230 134.030998 0.052927
80.157165 150.304092 16.724731 -0.015231 134.034379 0.052930
80.157172 150.304410 16.721384 -0.015232 134.037761 0.052932
80.157179 150.304729 16.718036 -0.015233 134.041141 0.052934
80.157186 150.305047 16.714689 -0.015233 134.044522 0.052937
