-9.630883 150.046329 -49.966529 0.015366 325.741484 -0.000000
-9.630449 150.046390 -49.966486 0.015386 325.751541 -0.000000
-9.630015 150.046450 -49.966442 0.015406 325.761599 -0.000000
-9.629582 150.046510 -49.966399 0.015426 325.771656 -0.000000
-9.629150 150.046570 -49.966356 0.015446 325.781714 -0.000000
-9.628718 150.046630 -49.966312 0.015466 325.791771 -0.000000
-9.628287 150.046690 -49.966269 0.015486 325.801829 -0.000000
-9.627856 150.046750 -49.966226 0.015506 325.811887 -0.000000
-9.627426 150.046809 -49.966183 0.015525 325.821944 -0.000000
-9.626996 150.046869 -49.966140 0.015545 325.832002 -0.000000
-9.626567 150.046929 -49.966097 0.015565 325.842060 -0.000000
-9.626138 150.046988 -49.966054 0.015585 325.852118 -0.000000
-9.625710 150.047048 -49.966011 0.015604 325.862175 -0.000000
-9.625283 150.047107 -49.965968 0.015624 325.872233 -0.000000
-9.624856 150.047167 -49.965925 0.015644 325.882291 -0.000000
-9.624429 150.047226 -49.965883 0.015663 325.892349 -0.000000
-9.624003 150.047285 -49.965840 0.015683 325.902407 -0.000000
-9.623578 150.047344 -49.965797 0.015702 325.912465 -0.000000
-9.623153 150.047404 -49.965755 0.015722 325.922523 -0.000000
-9.622729 150.047463 -49.965712 0.015742 325.932581 -0.000000
-9.622305 150.047522 -49.965670 0.015761 325.942639 -0.000000
-9.621881 150.047580 -49.965627 0.015781 325.952697 -0.000000
-9.621459 150.047639 -49.965585 0.015800 325.962755 -0.000000
-9.621036 150.047698 -49.965542 0.015820 325.972813 -0.000000
-9.620614 150.047757 -49.965500 0.015839 325.982871 -0.000000
-9.620193 150.047816 -49.965458 0.015858 325.992929 -0.000000
-9.619772 150.047874 -49.965415 0.015878 326.002988 -0.000000
-9.619352 150.047933 -49.965373 0.015897 326.013046 -0.000000
-9.618932 150.047991 -49.965331 0.015917 326.023104 -0.000000
-9.618513 150.048050 -49.965289 0.015936 326.033162 -0.000000
-9.618095 150.048108 -49.965247 0.015955 326.043220 -0.000000
-9.617676 150.048166 -49.965205 0.015974 326.053279 -0.000000
-9.617259 150.048224 -49.965163 0.015994 326.063337 -0.000000
-9.616842 150.048283 -49.965121 0.016013 326.073395 -0.000000
-9.616425 150.048341 -49.965079 0.016032 326.083454 -0.000000
-9.616009 150.048399 -49.965037 0.016051 326.093512 -0.000000
-9.615593 150.048457 -49.964995 0.016071 326.103571 -0.000000
-9.615178 150.048515 -49.964954 0.016090 326.113629 -0.000000
-9.614763 150.048572 -49.964912 0.016109 326.123688 -0.000000
-9.614349 150.048630 -49.964870 0.016128 326.133746 -0.000000
-9.613936 150.048688 -49.964829 0.016147 326.143805 -0.000000
-9.613522 150.048746 -49.964787 0.016166 326.153863 -0.000000
-9.613110 150.048803 -49.964746 0.016185 326.163922 -0.000000
-9.612698 150.048861 -49.964704 0.016204 326.173980 -0.000000
-9.612286 150.048918 -49.964663 0.016223 326.184039 -0.000000
-9.611875 150.048975 -49.964621 0.016242 326.194098 -0.000000
-9.611464 150.049033 -49.964580 0.016261 326.204156 -0.000000
-9.611054 150.049090 -49.964539 0.016280 326.214215 -0.000000
-9.610645 150.049147 -49.964498 0.016299 326.224274 -0.000000
-9.610235 150.049204 -49.964456 0.016318 326.234332 -0.000000
-9.609827 150.049261 -49.964415 0.016337 326.244391 -0.000000
-9.609419 150.049319 -49.964374 0.016356 326.254450 -0.000000
-9.609011 150.049375 -49.964333 0.016375 326.264509 -0.000000
-9.608604 150.049432 -49.964292 0.016394 326.274568 -0.000000
-9.608197 150.049489 -49.964251 0.016412 326.284627 -0.000000
-9.607791 150.049546 -49.964210 0.016431 326.294685 -0.000000
-9.607385 150.049603 -49.964169 0.016450 326.304744 -0.000000
-9.606980 150.049659 -49.964128 0.016469 326.314803 -0.000000
-9.606575 150.049716 -49.964088 0.016487 326.324862 -0.000000
-9.606171 150.049772 -49.964047 0.016506 326.334921 -0.000000
-9.605767 150.049829 -49.964006 0.016525 326.344980 -0.000000
-9.605364 150.049885 -49.963966 0.016543 326.355039 -0.000000
-9.604961 150.049941 -49.963925 0.016562 326.365098 -0.000000
-9.604558 150.049998 -49.963884 0.016581 326.375157 -0.000000
-9.604156 150.050054 -49.963844 0.016599 326.385216 -0.000000
-9.603755 150.050110 -49.963804 0.016618 326.395276 -0.000000
-9.603354 150.050166 -49.963763 0.016636 326.405335 -0.000000
-9.602954 150.050222 -49.963723 0.016655 326.415394 -0.000000
-9.602554 150.050278 -49.963682 0.016673 326.425453 -0.000000
-9.602154 150.050334 -49.963642 0.016692 326.435512 -0.000000
-9.601755 150.050390 -49.963602 0.016710 326.445571 -0.000000
-9.601356 150.050445 -49.963562 0.016729 326.455631 -0.000000
-9.600958 150.050501 -49.963522 0.016747 326.465690 -0.000000
-9.600561 150.050557 -49.963481 0.016766 326.475749 -0.000000
-9.600163 150.050612 -49.963441 0.016784 326.485809 -0.000000
-9.599767 150.050668 -49.963401 0.016802 326.495868 -0.000000
-9.599370 150.050723 -49.963361 0.016821 326.505927 -0.000000
-9.598975 150.050779 -49.963322 0.016839 326.515987 -0.000000
-9.598579 150.050834 -49.963282 0.016857 326.526046 -0.000000
-9.598184 150.050889 -49.963242 0.016876 326.536105 -0.000000
-9.597790 150.050944 -49.963202 0.016894 326.546165 -0.000000
-9.597396 150.051000 -49.963162 0.016912 326.556224 -0.000000
-9.597002 150.051055 -49.963123 0.016930 326.566284 -0.000000
-9.596609 150.051110 -49.963083 0.016949 326.576343 -0.000000
-9.596217 150.051165 -49.963043 0.016967 326.586403 -0.000000
-9.595825 150.051219 -49.963004 0.016985 326.596462 -0.000000
-9.595433 150.051274 -49.962964 0.017003 326.606522 -0.000000
-9.595042 150.051329 -49.962925 0.017021 326.616581 -0.000000
-9.594651 150.051384 -49.962885 0.017039 326.626641 -0.000000
-9.594260 150.051438 -49.962846 0.017057 326.636701 -0.000000
-9.593870 150.051493 -49.962807 0.017075 326.646760 -0.000000
-9.593481 150.051547 -49.962767 0.017093 326.656820 -0.000000
-9.593092 150.051602 -49.962728 0.017112 326.666880 -0.000000
-9.592703 150.051656 -49.962689 0.017130 326.676939 -0.000000
-9.592315 150.051711 -49.962650 0.017147 326.686999 -0.000000
-9.591928 150.051765 -49.962611 0.017165 326.697059 -0.000000
-9.591540 150.051819 -49.962572 0.017183 326.707118 -0.000000
-9.591154 150.051873 -49.962533 0.017201 326.717178 -0.000000
-9.590767 150.051927 -49.962494 0.017219 326.727238 -0.000000
-9.590381 150.051981 -49.962455 0.017237 326.737298 -0.000000
-9.589996 150.052035 -49.962416 0.017255 326.747358 -0.000000
-9.589611 150.052089 -49.962377 0.017273 326.757417 -0.000000
-9.589226 150.052143 -49.962338 0.017291 326.767477 -0.000000
-9.588842 150.052197 -49.962299 0.017308 326.777537 -0.000000
-9.588458 150.052251 -49.962261 0.017326 326.787597 -0.000000
-9.588075 150.052304 -49.962222 0.017344 326.797657 -0.000000
-9.587692 150.052358 -49.962183 0.017362 326.807717 -0.000000
-9.587309 150.052411 -49.962145 0.017379 326.817777 -0.000000
-9.586927 150.052465 -49.962106 0.017397 326.827837 -0.000000
-9.586546 150.052518 -49.962068 0.017415 326.837897 -0.000000
-9.586165 150.052572 -49.962029 0.017432 326.847957 -0.000000
-9.585784 150.052625 -49.961991 0.017450 326.858017 -0.000000
-9.585403 150.052678 -49.961953 0.017468 326.868077 -0.000000
-9.585024 150.052731 -49.961914 0.017485 326.878137 -0.000000
-9.584644 150.052784 -49.961876 0.017503 326.888197 -0.000000
-9.584265 150.052837 -49.961838 0.017520 326.898257 -0.000000
-9.583886 150.052890 -49.961800 0.017538 326.908317 -0.000000
-9.583508 150.052943 -49.961761 0.017555 326.918377 -0.000000
-9.583130 150.052996 -49.961723 0.017573 326.928438 -0.000000
-9.582753 150.053049 -49.961685 0.017590 326.938498 -0.000000
-9.582376 150.053102 -49.961647 0.017608 326.948558 -0.000000
-9.581999 150.053154 -49.961609 0.017625 326.958618 -0.000000
-9.581623 150.053207 -49.961571 0.017643 326.968678 -0.000000
-9.581247 150.053260 -49.961533 0.017660 326.978739 -0.000000
-9.580872 150.053312 -49.961496 0.017677 326.988799 -0.000000
-9.580497 150.053365 -49.961458 0.017695 326.998859 -0.000000
-9.580123 150.053417 -49.961420 0.017712 327.008919 -0.000000
-9.579748 150.053469 -49.961382 0.017729 327.018980 -0.000000
-9.579375 150.053521 -49.961345 0.017747 327.029040 -0.000000
-9.579001 150.053574 -49.961307 0.017764 327.039100 -0.000000
-9.578629 150.053626 -49.961270 0.017781 327.049161 -0.000000
-9.578256 150.053678 -49.961232 0.017798 327.059221 -0.000000
-9.577884 150.053730 -49.961194 0.017816 327.069281 -0.000000
-9.577512 150.053782 -49.961157 0.017833 327.079342 -0.000000
-9.577141 150.053834 -49.961120 0.017850 327.089402 -0.000000
-9.576770 150.053886 -49.961082 0.017867 327.099463 -0.000000
-9.576400 150.053937 -49.961045 0.017884 327.109523 -0.000000
-9.576029 150.053989 -49.961008 0.017901 327.119584 -0.000000
-9.575660 150.054041 -49.960970 0.017918 327.129644 -0.000000
-9.575290 150.054092 -49.960933 0.017936 327.139704 -0.000000
-9.574921 150.054144 -49.960896 0.017953 327.149765 -0.000000
-9.574553 150.054195 -49.960859 0.017970 327.159826 -0.000000
-9.574185 150.054247 -49.960822 0.017987 327.169886 -0.000000
-9.573817 150.054298 -49.960785 0.018004 327.179947 -0.000000
-9.573450 150.054350 -49.960748 0.018021 327.190007 -0.000000
-9.573083 150.054401 -49.960711 0.018038 327.200068 -0.000000
-9.572716 150.054452 -49.960674 0.018055 327.210128 -0.000000
-9.572350 150.054503 -49.960637 0.018071 327.220189 -0.000000
-9.571984 150.054554 -49.960600 0.018088 327.230250 -0.000000
-9.571619 150.054605 -49.960564 0.018105 327.240310 -0.000000
-9.571254 150.054656 -49.960527 0.018122 327.250371 -0.000000
-9.570889 150.054707 -49.960490 0.018139 327.260431 -0.000000
-9.570525 150.054758 -49.960454 0.018156 327.270492 -0.000000
-9.570161 150.054809 -49.960417 0.018173 327.280553 -0.000000
-9.569797 150.054859 -49.960381 0.018189 327.290614 -0.000000
-9.569434 150.054910 -49.960344 0.018206 327.300674 -0.000000
-9.569071 150.054961 -49.960308 0.018223 327.310735 -0.000000
-9.568709 150.055011 -49.960271 0.018240 327.320796 -0.000000
-9.568347 150.055062 -49.960235 0.018256 327.330856 -0.000000
-9.567985 150.055112 -49.960198 0.018273 327.340917 -0.000000
-9.567624 150.055162 -49.960162 0.018290 327.350978 -0.000000
-9.567263 150.055213 -49.960126 0.018306 327.361039 -0.000000
-9.566902 150.055263 -49.960090 0.018323 327.371100 -0.000000
-9.566542 150.055313 -49.960054 0.018339 327.381160 -0.000000
-9.566182 150.055363 -49.960017 0.018356 327.391221 -0.000000
-9.565823 150.055413 -49.959981 0.018373 327.401282 -0.000000
-9.565464 150.055463 -49.959945 0.018389 327.411343 -0.000000
-9.565105 150.055513 -49.959909 0.018406 327.421404 -0.000000
-9.564747 150.055563 -49.959873 0.018422 327.431465 -0.000000
-9.564389 150.055613 -49.959837 0.018439 327.441526 -0.000000
-9.564031 150.055663 -49.959802 0.018455 327.451586 -0.000000
-9.563674 150.055712 -49.959766 0.018472 327.461647 -0.000000
-9.563317 150.055762 -49.959730 0.018488 327.471708 -0.000000
-9.562960 150.055812 -49.959694 0.018504 327.481769 -0.000000
-9.562604 150.055861 -49.959658 0.018521 327.491830 -0.000000
-9.562248 150.055911 -49.959623 0.018537 327.501891 -0.000000
-9.561893 150.055960 -49.959587 0.018554 327.511952 -0.000000
-9.561538 150.056010 -49.959552 0.018570 327.522013 -0.000000
-9.561183 150.056059 -49.959516 0.018586 327.532074 -0.000000
-9.560828 150.056108 -49.959481 0.018602 327.542135 -0.000000
-9.560474 150.056157 -49.959445 0.018619 327.552196 -0.000000
-9.560121 150.056206 -49.959410 0.018635 327.562257 -0.000000
-9.559767 150.056256 -49.959374 0.018651 327.572318 -0.000000
-9.559414 150.056305 -49.959339 0.018667 327.582379 -0.000000
-9.559061 150.056354 -49.959304 0.018684 327.592440 -0.000000
-9.558709 150.056402 -49.959269 0.018700 327.602501 -0.000000
-9.558357 150.056451 -49.959233 0.018716 327.612562 -0.000000
-9.558005 150.056500 -49.959198 0.018732 327.622624 -0.000000
-9.557654 150.056549 -49.959163 0.018748 327.632685 -0.000000
-9.557303 150.056597 -49.959128 0.018764 327.642746 -0.000000
-9.556952 150.056646 -49.959093 0.018780 327.652807 -0.000000
-9.556602 150.056695 -49.959058 0.018797 327.662868 -0.000000
-9.556252 150.056743 -49.959023 0.018813 327.672929 -0.000000
-9.555902 150.056792 -49.958988 0.018829 327.682990 -0.000000
-9.555553 150.056840 -49.958953 0.018845 327.693052 -0.000000
-9.555204 150.056888 -49.958918 0.018861 327.703113 -0.000000
-9.554856 150.056937 -49.958884 0.018877 327.713174 -0.000000
-9.554507 150.056985 -49.958849 0.018893 327.723235 -0.000000
-9.554159 150.057033 -49.958814 0.018908 327.733296 -0.000000
-9.553812 150.057081 -49.958779 0.018924 327.743358 -0.000000
-9.553464 150.057129 -49.958745 0.018940 327.753419 -0.000000
-9.553117 150.057177 -49.958710 0.018956 327.763480 -0.000000
-9.552771 150.057225 -49.958676 0.018972 327.773541 -0.000000
-9.552424 150.057273 -49.958641 0.018988 327.783602 -0.000000
-9.552078 150.057321 -49.958607 0.019004 327.793664 -0.000000
-9.551732 150.057369 -49.958572 0.019019 327.803725 -0.000000
-9.551387 150.057416 -49.958538 0.019035 327.813786 -0.000000
-9.551042 150.057464 -49.958504 0.019051 327.823848 -0.000000
-9.550697 150.057511 -49.958469 0.019067 327.833909 -0.000000
-9.550353 150.057559 -49.958435 0.019082 327.843970 -0.000000
-9.550009 150.057606 -49.958401 0.019098 327.854031 -0.000000
-9.549665 150.057654 -49.958367 0.019114 327.864093 -0.000000
-9.549321 150.057701 -49.958332 0.019130 327.874154 -0.000000
-9.548978 150.057749 -49.958298 0.019145 327.884215 -0.000000
-9.548635 150.057796 -49.958264 0.019161 327.894277 -0.000000
-9.548293 150.057843 -49.958230 0.019176 327.904338 -0.000000
-9.547951 150.057890 -49.958196 0.019192 327.914399 -0.000000
-9.547609 150.057937 -49.958162 0.019208 327.924461 -0.000000
-9.547267 150.057984 -49.958129 0.019223 327.934522 -0.000000
-9.546926 150.058031 -49.958095 0.019239 327.944584 -0.000000
-9.546585 150.058078 -49.958061 0.019254 327.954645 -0.000000
-9.546244 150.058125 -49.958027 0.019270 327.964706 -0.000000
-9.545904 150.058172 -49.957993 0.019285 327.974768 -0.000000
-9.545564 150.058219 -49.957960 0.019301 327.984829 -0.000000
-9.545224 150.058265 -49.957926 0.019316 327.994891 -0.000000
-9.544884 150.058312 -49.957892 0.019332 328.004952 -0.000000
-9.544545 150.058358 -49.957859 0.019347 328.015013 -0.000000
-9.544206 150.058405 -49.957825 0.019362 328.025075 -0.000000
-9.543868 150.058451 -49.957792 0.019378 328.035136 -0.000000
-9.543529 150.058498 -49.957758 0.019393 328.045198 -0.000000
-9.543191 150.058544 -49.957725 0.019408 328.055259 -0.000000
-9.542854 150.058591 -49.957692 0.019424 328.065321 -0.000000
-9.542516 150.058637 -49.957658 0.019439 328.075382 -0.000000
-9.542179 150.058683 -49.957625 0.019454 328.085444 -0.000000
-9.541842 150.058729 -49.957592 0.019470 328.095505 -0.000000
-9.541506 150.058775 -49.957559 0.019485 328.105567 -0.000000
-9.541169 150.058821 -49.957525 0.019500 328.115628 -0.000000
-9.540833 150.058867 -49.957492 0.019515 328.125690 -0.000000
-9.540498 150.058913 -49.957459 0.019531 328.135751 -0.000000
-9.540162 150.058959 -49.957426 0.019546 328.145813 -0.000000
-9.539827 150.059005 -49.957393 0.019561 328.155874 -0.000000
-9.539492 150.059050 -49.957360 0.019576 328.165936 -0.000000
-9.539158 150.059096 -49.957327 0.019591 328.175997 -0.000000
-9.538824 150.059142 -49.957294 0.019606 328.186059 -0.000000
-9.538490 150.059187 -49.957261 0.019621 328.196120 -0.000000
-9.538156 150.059233 -49.957229 0.019636 328.206182 -0.000000
-9.537822 150.059278 -49.957196 0.019651 328.216243 -0.000000
-9.537489 150.059324 -49.957163 0.019666 328.226305 -0.000000
-9.537156 150.059369 -49.957130 0.019681 328.236366 -0.000000
-9.536824 150.059414 -49.957098 0.019696 328.246428 -0.000000
-9.536492 150.059460 -49.957065 0.019711 328.256489 -0.000000
-9.536159 150.059505 -49.957033 0.019726 328.266551 -0.000000
-9.535828 150.059550 -49.957000 0.019741 328.276613 -0.000000
-9.535496 150.059595 -49.956968 0.019756 328.286674 -0.000000
-9.535165 150.059640 -49.956935 0.019771 328.296736 -0.000000
-9.534834 150.059685 -49.956903 0.019786 328.306797 -0.000000
-9.534503 150.059730 -49.956870 0.019801 328.316859 -0.000000
-9.534173 150.059775 -49.956838 0.019816 328.326921 -0.000000
-9.533843 150.059820 -49.956806 0.019831 328.336982 -0.000000
-9.533513 150.059864 -49.956773 0.019845 328.347044 -0.000000
-9.533183 150.059909 -49.956741 0.019860 328.357105 -0.000000
-9.532854 150.059954 -49.956709 0.019875 328.367167 -0.000000
-9.532524 150.059998 -49.956677 0.019890 328.377229 -0.000000
-9.532196 150.060043 -49.956645 0.019904 328.387290 -0.000000
-9.531867 150.060087 -49.956613 0.019919 328.397352 -0.000000
-9.531539 150.060132 -49.956581 0.019934 328.407413 -0.000000
-9.531210 150.060176 -49.956549 0.019948 328.417475 -0.000000
-9.530883 150.060220 -49.956517 0.019963 328.427537 -0.000000
-9.530555 150.060265 -49.956485 0.019978 328.437598 -0.000000
-9.530228 150.060309 -49.956453 0.019992 328.447660 -0.000000
-9.529901 150.060353 -49.956421 0.020007 328.457722 -0.000000
-9.529574 150.060397 -49.956389 0.020022 328.467783 -0.000000
-9.529247 150.060441 -49.956358 0.020036 328.477845 -0.000000
-9.528921 150.060485 -49.956326 0.020051 328.487906 -0.000000
-9.528595 150.060529 -49.956294 0.020065 328.497968 -0.000000
-9.528269 150.060573 -49.956263 0.020080 328.508030 -0.000000
-9.527943 150.060617 -49.956231 0.020094 328.518091 0.000000
-9.527618 150.060661 -49.956199 0.020109 328.528153 0.000000
-9.527293 150.060704 -49.956168 0.020123 328.538215 0.000000
-9.526968 150.060748 -49.956136 0.020138 328.548276 0.000000
-9.526643 150.060792 -49.956105 0.020152 328.558338 0.000000
-9.526319 150.060835 -49.956074 0.020167 328.568400 0.000000
-9.525995 150.060879 -49.956042 0.020181 328.578461 0.000000
-9.525671 150.060922 -49.956011 0.020195 328.588523 0.000000
-9.525347 150.060966 -49.955980 0.020210 328.598585 0.000000
-9.525024 150.061009 -49.955948 0.020224 328.608646 0.000000
-9.524700 150.061052 -49.955917 0.020238 328.618708 0.000000
-9.524377 150.061095 -49.955886 0.020253 328.628770 0.000000
-9.524055 150.061139 -49.955855 0.020267 328.638831 0.000000
-9.523732 150.061182 -49.955824 0.020281 328.648893 0.000000
-9.523410 150.061225 -49.955793 0.020296 328.658955 0.000000
-9.523088 150.061268 -49.955762 0.020310 328.669016 0.000000
-9.522766 150.061311 -49.955731 0.020324 328.679078 0.000000
-9.522445 150.061354 -49.955700 0.020338 328.689140 0.000000
-9.522123 150.061397 -49.955669 0.020352 328.699201 0.000000
-9.521802 150.061439 -49.955638 0.020367 328.709263 0.000000
-9.521481 150.061482 -49.955607 0.020381 328.719325 0.000000
-9.521161 150.061525 -49.955576 0.020395 328.729386 0.000000
-9.520840 150.061568 -49.955546 0.020409 328.739448 0.000000
-9.520520 150.061610 -49.955515 0.020423 328.749510 0.000000
-9.520200 150.061653 -49.955484 0.020437 328.759571 0.000000
-9.519880 150.061695 -49.955454 0.020451 328.769633 0.000000
-9.519561 150.061738 -49.955423 0.020465 328.779695 0.000000
-9.519241 150.061780 -49.955392 0.020479 328.789756 0.000000
-9.518922 150.061822 -49.955362 0.020493 328.799818 0.000000
-9.518604 150.061865 -49.955331 0.020507 328.809880 0.000000
-9.518285 150.061907 -49.955301 0.020521 328.819941 0.000000
-9.517966 150.061949 -49.955271 0.020535 328.830003 0.000000
-9.517648 150.061991 -49.955240 0.020549 328.840065 0.000000
-9.517330 150.062033 -49.955210 0.020563 328.850127 0.000000
-9.517013 150.062075 -49.955180 0.020577 328.860188 0.000000
-9.516695 150.062117 -49.955149 0.020591 328.870250 0.000000
-9.516378 150.062159 -49.955119 0.020605 328.880312 0.000000
-9.516061 150.062201 -49.955089 0.020619 328.890373 0.000000
-9.515744 150.062243 -49.955059 0.020632 328.900435 0.000000
-9.515427 150.062284 -49.955029 0.020646 328.910497 0.000000
-9.515111 150.062326 -49.954999 0.020660 328.920558 0.000000
-9.514794 150.062368 -49.954969 0.020674 328.930620 0.000000
-9.514478 150.062409 -49.954939 0.020688 328.940682 0.000000
-9.514162 150.062451 -49.954909 0.020701 328.950744 0.000000
-9.513847 150.062492 -49.954879 0.020715 328.960805 0.000000
-9.513531 150.062534 -49.954849 0.020729 328.970867 0.000000
-9.513216 150.062575 -49.954819 0.020743 328.980929 0.000000
-9.512901 150.062617 -49.954789 0.020756 328.990990 0.000000
-9.512586 150.062658 -49.954760 0.020770 329.001052 0.000000
-9.512272 150.062699 -49.954730 0.020784 329.011114 0.000000
-9.511958 150.062740 -49.954700 0.020797 329.021176 0.000000
-9.511643 150.062781 -49.954671 0.020811 329.031237 0.000000
-9.511329 150.062822 -49.954641 0.020824 329.041299 0.000000
-9.511016 150.062863 -49.954611 0.020838 329.051361 0.000000
-9.510702 150.062904 -49.954582 0.020851 329.061423 0.000000
-9.510389 150.062945 -49.954552 0.020865 329.071484 0.000000
-9.510076 150.062986 -49.954523 0.020879 329.081546 0.000000
-9.509763 150.063027 -49.954494 0.020892 329.091608 0.000000
-9.509450 150.063068 -49.954464 0.020906 329.101669 0.000000
-9.509137 150.063108 -49.954435 0.020919 329.111731 0.000000
-9.508825 150.063149 -49.954406 0.020932 329.121793 0.000000
-9.508513 150.063189 -49.954376 0.020946 329.131855 0.000000
-9.508201 150.063230 -49.954347 0.020959 329.141916 0.000000
-9.507889 150.063270 -49.954318 0.020973 329.151978 0.000000
-9.507577 150.063311 -49.954289 0.020986 329.162040 0.000000
-9.507266 150.063351 -49.954260 0.020999 329.172102 0.000000
-9.506955 150.063392 -49.954231 0.021013 329.182163 0.000000
-9.506644 150.063432 -49.954201 0.021026 329.192225 0.000000
-9.506333 150.063472 -49.954172 0.021039 329.202287 0.000000
-9.506022 150.063512 -49.954144 0.021053 329.212349 0.000000
-9.505712 150.063552 -49.954115 0.021066 329.222410 0.000000
-9.505402 150.063592 -49.954086 0.021079 329.232472 0.000000
-9.505092 150.063632 -49.954057 0.021093 329.242534 0.000000
-9.504782 150.063672 -49.954028 0.021106 329.252596 0.000000
-9.504472 150.063712 -49.953999 0.021119 329.262657 0.000000
-9.504163 150.063752 -49.953971 0.021132 329.272719 0.000000
-9.503853 150.063792 -49.953942 0.021145 329.282781 0.000000
-9.503544 150.063831 -49.953913 0.021158 329.292843 0.000000
-9.503235 150.063871 -49.953885 0.021172 329.302904 0.000000
-9.502926 150.063911 -49.953856 0.021185 329.312966 0.000000
-9.502618 150.063950 -49.953827 0.021198 329.323028 0.000000
-9.502309 150.063990 -49.953799 0.021211 329.333090 0.000000
-9.502001 150.064029 -49.953771 0.021224 329.343151 0.000000
-9.501693 150.064069 -49.953742 0.021237 329.353213 0.000000
-9.501385 150.064108 -49.953714 0.021250 329.363275 0.000000
-9.501078 150.064147 -49.953685 0.021263 329.373337 0.000000
-9.500770 150.064187 -49.953657 0.021276 329.383398 0.000000
-9.500463 150.064226 -49.953629 0.021289 329.393460 0.000000
-9.500156 150.064265 -49.953600 0.021302 329.403522 0.000000
-9.499849 150.064304 -49.953572 0.021315 329.413584 0.000000
-9.499542 150.064343 -49.953544 0.021328 329.423645 0.000000
-9.499235 150.064382 -49.953516 0.021341 329.433707 0.000000
-9.498929 150.064421 -49.953488 0.021354 329.443769 0.000000
-9.498622 150.064460 -49.953460 0.021367 329.453831 0.000000
-9.498316 150.064499 -49.953432 0.021379 329.463892 0.000000
-9.498010 150.064538 -49.953404 0.021392 329.473954 0.000000
-9.497705 150.064576 -49.953376 0.021405 329.484016 0.000000
-9.497399 150.064615 -49.953348 0.021418 329.494078 0.000000
-9.497094 150.064654 -49.953320 0.021431 329.504139 0.000000
-9.496788 150.064692 -49.953292 0.021444 329.514201 0.000000
-9.496483 150.064731 -49.953265 0.021456 329.524263 0.000000
-9.496178 150.064769 -49.953237 0.021469 329.534325 0.000000
-9.495873 150.064808 -49.953209 0.021482 329.544386 0.000000
-9.495569 150.064846 -49.953181 0.021494 329.554448 0.000000
-9.495264 150.064884 -49.953154 0.021507 329.564510 0.000000
-9.494960 150.064923 -49.953126 0.021520 329.574572 0.000000
-9.494656 150.064961 -49.953099 0.021532 329.584634 0.000000
-9.494352 150.064999 -49.953071 0.021545 329.594695 0.000000
-9.494048 150.065037 -49.953044 0.021558 329.604757 0.000000
-9.493744 150.065075 -49.953016 0.021570 329.614819 0.000000
-9.493441 150.065113 -49.952989 0.021583 329.624881 0.000000
-9.493138 150.065151 -49.952961 0.021595 329.634942 0.000000
-9.492834 150.065189 -49.952934 0.021608 329.645004 0.000000
-9.492531 150.065227 -49.952907 0.021621 329.655066 0.000000
-9.492228 150.065265 -49.952879 0.021633 329.665128 0.000000
-9.491926 150.065303 -49.952852 0.021646 329.675189 0.000000
-9.491623 150.065340 -49.952825 0.021658 329.685251 0.000000
-9.491321 150.065378 -49.952798 0.021671 329.695313 0.000000
-9.491018 150.065416 -49.952771 0.021683 329.705375 0.000000
-9.490716 150.065453 -49.952744 0.021695 329.715437 0.000000
-9.490414 150.065491 -49.952717 0.021708 329.725498 0.000000
-9.490113 150.065528 -49.952690 0.021720 329.735560 0.000000
-9.489811 150.065565 -49.952663 0.021733 329.745622 0.000000
-9.489509 150.065603 -49.952636 0.021745 329.755684 0.000000
-9.489208 150.065640 -49.952609 0.021757 329.765745 0.000000
-9.488907 150.065677 -49.952582 0.021770 329.775807 0.000000
-9.488606 150.065714 -49.952555 0.021782 329.785869 0.000000
-9.488305 150.065752 -49.952528 0.021794 329.795931 0.000000
-9.488004 150.065789 -49.952502 0.021807 329.805993 0.000000
-9.487703 150.065826 -49.952475 0.021819 329.816054 0.000000
-9.487403 150.065863 -49.952448 0.021831 329.826116 0.000000
-9.487102 150.065900 -49.952422 0.021843 329.836178 0.000000
-9.486802 150.065936 -49.952395 0.021855 329.846240 0.000000
-9.486502 150.065973 -49.952368 0.021868 329.856301 0.000000
-9.486202 150.066010 -49.952342 0.021880 329.866363 0.000000
-9.485902 150.066047 -49.952315 0.021892 329.876425 0.000000
-9.485603 150.066083 -49.952289 0.021904 329.886487 0.000000
-9.485303 150.066120 -49.952263 0.021916 329.896548 0.000000
-9.485004 150.066156 -49.952236 0.021928 329.906610 0.000000
-9.484704 150.066193 -49.952210 0.021940 329.916672 0.000000
-9.484405 150.066229 -49.952184 0.021953 329.926734 0.000000
-9.484106 150.066266 -49.952157 0.021965 329.936796 0.000000
-9.483807 150.066302 -49.952131 0.021977 329.946857 0.000000
-9.483509 150.066339 -49.952105 0.021989 329.956919 0.000000
-9.483210 150.066375 -49.952079 0.022001 329.966981 0.000000
-9.482911 150.066411 -49.952053 0.022013 329.977043 0.000000
-9.482613 150.066447 -49.952026 0.022025 329.987104 0.000000
-9.482315 150.066483 -49.952000 0.022037 329.997166 0.000000
-9.482017 150.066519 -49.951974 0.022049 330.007228 0.000000
-9.481719 150.066555 -49.951948 0.022060 330.017290 0.000000
-9.481421 150.066591 -49.951923 0.022072 330.027352 0.000000
-9.481123 150.066627 -49.951897 0.022084 330.037413 0.000000
-9.480826 150.066663 -49.951871 0.022096 330.047475 0.000000
-9.480528 150.066699 -49.951845 0.022108 330.057537 0.000000
-9.480231 150.066734 -49.951819 0.022120 330.067599 0.000000
-9.479934 150.066770 -49.951793 0.022132 330.077660 0.000000
-9.479636 150.066806 -49.951768 0.022143 330.087722 0.000000
-9.479339 150.066841 -49.951742 0.022155 330.097784 0.000000
-9.479043 150.066877 -49.951716 0.022167 330.107846 0.000000
-9.478746 150.066912 -49.951691 0.022179 330.117907 0.000000
-9.478449 150.066948 -49.951665 0.022191 330.127969 0.000000
-9.478153 150.066983 -49.951640 0.022202 330.138031 0.000000
-9.477856 150.067018 -49.951614 0.022214 330.148093 0.000000
-9.477560 150.067054 -49.951589 0.022226 330.158155 0.000000
-9.477264 150.067089 -49.951563 0.022237 330.168216 0.000000
-9.476968 150.067124 -49.951538 0.022249 330.178278 0.000000
-9.476672 150.067159 -49.951513 0.022261 330.188340 0.000000
-9.476376 150.067194 -49.951487 0.022272 330.198402 0.000000
-9.476080 150.067229 -49.951462 0.022284 330.208463 0.000000
-9.475785 150.067264 -49.951437 0.022295 330.218525 0.000000
-9.475489 150.067299 -49.951412 0.022307 330.228587 0.000000
-9.475194 150.067334 -49.951386 0.022318 330.238649 0.000000
-9.474899 150.067369 -49.951361 0.022330 330.248710 0.000000
-9.474603 150.067404 -49.951336 0.022342 330.258772 0.000000
-9.474308 150.067438 -49.951311 0.022353 330.268834 0.000000
-9.474013 150.067473 -49.951286 0.022365 330.278896 0.000000
-9.473719 150.067508 -49.951261 0.022376 330.288958 0.000000
-9.473424 150.067542 -49.951236 0.022387 330.299019 0.000000
-9.473129 150.067577 -49.951211 0.022399 330.309081 0.000000
-9.472835 150.067611 -49.951187 0.022410 330.319143 0.000000
-9.472540 150.067646 -49.951162 0.022422 330.329205 0.000000
-9.472246 150.067680 -49.951137 0.022433 330.339266 0.000000
-9.471952 150.067714 -49.951112 0.022444 330.349328 0.000000
-9.471658 150.067749 -49.951087 0.022456 330.359390 0.000000
-9.471363 150.067783 -49.951063 0.022467 330.369452 0.000000
-9.471070 150.067817 -49.951038 0.022478 330.379513 0.000000
-9.470776 150.067851 -49.951013 0.022490 330.389575 0.000000
-9.470482 150.067885 -49.950989 0.022501 330.399637 0.000000
-9.470188 150.067919 -49.950964 0.022512 330.409699 0.000000
-9.469895 150.067953 -49.950940 0.022524 330.419760 0.000000
-9.469601 150.067987 -49.950915 0.022535 330.429822 0.000000
-9.469308 150.068021 -49.950891 0.022546 330.439884 0.000000
-9.469015 150.068055 -49.950867 0.022557 330.449946 0.000000
-9.468722 150.068088 -49.950842 0.022568 330.460007 0.000000
-9.468428 150.068122 -49.950818 0.022580 330.470069 0.000000
-9.468135 150.068156 -49.950794 0.022591 330.480131 0.000000
-9.467843 150.068189 -49.950769 0.022602 330.490193 0.000000
-9.467550 150.068223 -49.950745 0.022613 330.500254 0.000000
-9.467257 150.068256 -49.950721 0.022624 330.510316 0.000000
-9.466964 150.068290 -49.950697 0.022635 330.520378 0.000000
-9.466672 150.068323 -49.950673 0.022646 330.530440 0.000000
-9.466379 150.068356 -49.950649 0.022657 330.540501 0.000000
-9.466087 150.068390 -49.950625 0.022668 330.550563 0.000000
-9.465795 150.068423 -49.950601 0.022679 330.560625 0.000000
