-3.418131 150.012080 -49.991278 0.004004 358.250160 0.000000
-3.410320 150.012038 -49.991308 0.003991 358.256509 0.000000
-3.402501 150.011997 -49.991337 0.003977 358.262847 0.000000
-3.394674 150.011956 -49.991367 0.003963 358.269177 0.000000
-3.386839 150.011914 -49.991397 0.003950 358.275496 0.000000
-3.378996 150.011873 -49.991427 0.003936 358.281805 0.000000
-3.371145 150.011832 -49.991457 0.003922 358.288105 0.000000
-3.363286 150.011791 -49.991486 0.003909 358.294395 0.000000
-3.355419 150.011749 -49.991516 0.003895 358.300675 0.000000
-3.347544 150.011708 -49.991546 0.003881 358.306946 0.000000
-3.339661 150.011667 -49.991575 0.003868 358.313206 0.000000
-3.331769 150.011626 -49.991605 0.003854 358.319457 0.000000
-3.323870 150.011586 -49.991635 0.003841 358.325698 0.000000
-3.315963 150.011545 -49.991664 0.003827 358.331929 0.000000
-3.308048 150.011504 -49.991694 0.003813 358.338150 -0.000000
-3.300124 150.011463 -49.991723 0.003800 358.344361 -0.000000
-3.292193 150.011422 -49.991752 0.003786 358.350562 -0.000000
-3.284253 150.011382 -49.991782 0.003773 358.356753 -0.000000
-3.276306 150.011341 -49.991811 0.003760 358.362935 -0.000000
-3.268350 150.011301 -49.991840 0.003746 358.369106 -0.000000
-3.260387 150.011260 -49.991870 0.003733 358.375268 -0.000000
-3.252416 150.011220 -49.991899 0.003719 358.381420 -0.000000
-3.244436 150.011179 -49.991928 0.003706 358.387561 -0.000000
-3.236449 150.011139 -49.991957 0.003693 358.393693 -0.000000
-3.228454 150.011099 -49.991986 0.003679 358.399816 -0.000000
-3.220451 150.011058 -49.992015 0.003666 358.405928 -0.000000
-3.212440 150.011018 -49.992044 0.003652 358.412030 -0.000000
-3.204421 150.010978 -49.992073 0.003639 358.418123 -0.000000
-3.196395 150.010938 -49.992102 0.003626 358.424205 -0.000000
-3.188360 150.010898 -49.992131 0.003613 358.430278 -0.000000
-3.180318 150.010858 -49.992160 0.003599 358.436341 -0.000000
-3.172268 150.010818 -49.992189 0.003586 358.442394 -0.000000
-3.164210 150.010778 -49.992218 0.003573 358.448437 -0.000000
-3.156145 150.010738 -49.992246 0.003560 358.454471 -0.000000
-3.148071 150.010698 -49.992275 0.003547 358.460494 -0.000000
-3.139990 150.010659 -49.992304 0.003533 358.466508 -0.000000
-3.131901 150.010619 -49.992332 0.003520 358.472512 -0.000000
-3.123805 150.010579 -49.992361 0.003507 358.478506 -0.000000
-3.115701 150.010540 -49.992390 0.003494 358.484490 -0.000000
-3.107589 150.010500 -49.992418 0.003481 358.490465 -0.000000
-3.099470 150.010461 -49.992447 0.003468 358.496429 -0.000000
-3.091342 150.010421 -49.992475 0.003455 358.502384 -0.000000
-3.083208 150.010382 -49.992504 0.003442 358.508329 -0.000000
-3.075065 150.010343 -49.992532 0.003429 358.514264 -0.000000
-3.066915 150.010304 -49.992560 0.003416 358.520189 -0.000000
-3.058758 150.010264 -49.992589 0.003403 358.526105 -0.000000
-3.050593 150.010225 -49.992617 0.003390 358.532011 -0.000000
-3.042420 150.010186 -49.992645 0.003377 358.537907 -0.000000
-3.034240 150.010147 -49.992673 0.003364 358.543793 -0.000000
-3.026052 150.010108 -49.992701 0.003351 358.549669 -0.000000
-3.017857 150.010069 -49.992730 0.003338 358.555536 -0.000000
-3.009655 150.010030 -49.992758 0.003325 358.561392 -0.000000
-3.001444 150.009991 -49.992786 0.003312 358.567239 -0.000000
-2.993227 150.009953 -49.992814 0.003299 358.573077 -0.000000
-2.985002 150.009914 -49.992842 0.003286 358.578904 -0.000000
-2.976769 150.009875 -49.992870 0.003274 358.584722 -0.000000
-2.968530 150.009837 -49.992897 0.003261 358.590530 -0.000000
-2.960282 150.009798 -49.992925 0.003248 358.596328 -0.000000
-2.952028 150.009759 -49.992953 0.003235 358.602116 -0.000000
-2.943766 150.009721 -49.992981 0.003222 358.607895 -0.000000
-2.935497 150.009683 -49.993009 0.003210 358.613664 -0.000000
-2.927220 150.009644 -49.993036 0.003197 358.619423 -0.000000
-2.918936 150.009606 -49.993064 0.003184 358.625172 -0.000000
-2.910645 150.009568 -49.993092 0.003172 358.630912 -0.000000
-2.902346 150.009529 -49.993119 0.003159 358.636641 -0.000000
-2.894041 150.009491 -49.993147 0.003146 358.642362 -0.000000
-2.885728 150.009453 -49.993174 0.003134 358.648072 -0.000000
-2.877407 150.009415 -49.993202 0.003121 358.653773 -0.000000
-2.869080 150.009377 -49.993229 0.003108 358.659464 -0.000000
-2.860745 150.009339 -49.993257 0.003096 358.665145 -0.000000
-2.852403 150.009301 -49.993284 0.003083 358.670816 -0.000000
-2.844054 150.009263 -49.993311 0.003071 358.676478 -0.000000
-2.835698 150.009226 -49.993339 0.003058 358.682130 -0.000000
-2.827335 150.009188 -49.993366 0.003046 358.687772 -0.000000
-2.818964 150.009150 -49.993393 0.003033 358.693405 -0.000000
-2.810587 150.009113 -49.993420 0.003021 358.699028 -0.000000
-2.802202 150.009075 -49.993447 0.003008 358.704641 -0.000000
-2.793810 150.009037 -49.993474 0.002996 358.710245 -0.000000
-2.785412 150.009000 -49.993501 0.002983 358.715838 -0.000000
-2.777006 150.008963 -49.993528 0.002971 358.721423 -0.000000
-2.768593 150.008925 -49.993555 0.002959 358.726997 -0.000000
-2.760173 150.008888 -49.993582 0.002946 358.732562 -0.000000
-2.751746 150.008851 -49.993609 0.002934 358.738117 -0.000000
-2.743312 150.008813 -49.993636 0.002922 358.743662 -0.000000
-2.734871 150.008776 -49.993663 0.002909 358.749198 -0.000000
-2.726424 150.008739 -49.993690 0.002897 358.754724 -0.000000
-2.717969 150.008702 -49.993717 0.002885 358.760240 -0.000000
-2.709507 150.008665 -49.993743 0.002872 358.765747 -0.000000
-2.701039 150.008628 -49.993770 0.002860 358.771244 -0.000000
-2.692563 150.008591 -49.993797 0.002848 358.776731 -0.000000
-2.684081 150.008555 -49.993823 0.002836 358.782209 -0.000000
-2.675592 150.008518 -49.993850 0.002824 358.787677 -0.000000
-2.667096 150.008481 -49.993876 0.002811 358.793136 -0.000000
-2.658593 150.008444 -49.993903 0.002799 358.798584 -0.000000
-2.650083 150.008408 -49.993929 0.002787 358.804024 -0.000000
-2.641567 150.008371 -49.993956 0.002775 358.809453 -0.000000
-2.633044 150.008335 -49.993982 0.002763 358.814873 -0.000000
-2.624514 150.008298 -49.994008 0.002751 358.820283 -0.000000
-2.615977 150.008262 -49.994034 0.002739 358.825684 -0.000000
-2.607433 150.008225 -49.994061 0.002727 358.831075 -0.000000
-2.598883 150.008189 -49.994087 0.002715 358.836456 -0.000000
-2.590326 150.008153 -49.994113 0.002703 358.841828 -0.000000
-2.581763 150.008117 -49.994139 0.002691 358.847190 -0.000000
-2.573192 150.008081 -49.994165 0.002679 358.852542 -0.000000
-2.564615 150.008044 -49.994191 0.002667 358.857885 -0.000000
-2.556032 150.008008 -49.994217 0.002655 358.863219 -0.000000
-2.547442 150.007972 -49.994243 0.002643 358.868542 -0.000000
-2.538845 150.007937 -49.994269 0.002631 358.873856 -0.000000
-2.530242 150.007901 -49.994295 0.002619 358.879161 -0.000000
-2.521632 150.007865 -49.994321 0.002607 358.884456 -0.000000
-2.513015 150.007829 -49.994347 0.002595 358.889741 -0.000000
-2.504392 150.007793 -49.994373 0.002583 358.895017 -0.000000
-2.495762 150.007758 -49.994398 0.002572 358.900283 -0.000000
-2.487126 150.007722 -49.994424 0.002560 358.905539 -0.000000
-2.478484 150.007687 -49.994450 0.002548 358.910786 -0.000000
-2.469835 150.007651 -49.994475 0.002536 358.916024 -0.000000
-2.461179 150.007616 -49.994501 0.002525 358.921251 -0.000000
-2.452517 150.007580 -49.994527 0.002513 358.926470 -0.000000
-2.443849 150.007545 -49.994552 0.002501 358.931678 -0.000000
-2.435174 150.007510 -49.994578 0.002489 358.936877 -0.000000
-2.426492 150.007474 -49.994603 0.002478 358.942067 -0.000000
-2.417805 150.007439 -49.994628 0.002466 358.947247 -0.000000
-2.409111 150.007404 -49.994654 0.002454 358.952417 -0.000000
-2.400410 150.007369 -49.994679 0.002443 358.957578 -0.000000
-2.391704 150.007334 -49.994704 0.002431 358.962730 -0.000000
-2.382990 150.007299 -49.994730 0.002420 358.967872 -0.000000
-2.374271 150.007264 -49.994755 0.002408 358.973004 -0.000000
-2.365545 150.007229 -49.994780 0.002397 358.978127 -0.000000
-2.356813 150.007195 -49.994805 0.002385 358.983240 -0.000000
-2.348075 150.007160 -49.994830 0.002373 358.988343 -0.000000
-2.339331 150.007125 -49.994855 0.002362 358.993438 -0.000000
-2.330580 150.007091 -49.994880 0.002350 358.998522 -0.000000
-2.321823 150.007056 -49.994905 0.002339 359.003597 -0.000000
-2.313060 150.007021 -49.994930 0.002328 359.008663 -0.000000
-2.304291 150.006987 -49.994955 0.002316 359.013719 -0.000000
-2.295515 150.006953 -49.994980 0.002305 359.018766 -0.000000
-2.286733 150.006918 -49.995005 0.002293 359.023803 -0.000000
-2.277946 150.006884 -49.995029 0.002282 359.028830 -0.000000
-2.269152 150.006850 -49.995054 0.002271 359.033848 -0.000000
-2.260352 150.006815 -49.995079 0.002259 359.038857 -0.000000
-2.251546 150.006781 -49.995103 0.002248 359.043856 -0.000000
-2.242733 150.006747 -49.995128 0.002237 359.048846 -0.000000
-2.233915 150.006713 -49.995153 0.002225 359.053826 -0.000000
-2.225091 150.006679 -49.995177 0.002214 359.058796 -0.000000
-2.216260 150.006645 -49.995202 0.002203 359.063758 -0.000000
-2.207424 150.006611 -49.995226 0.002192 359.068709 -0.000000
-2.198582 150.006578 -49.995251 0.002180 359.073651 -0.000000
-2.189733 150.006544 -49.995275 0.002169 359.078584 -0.000000
-2.180879 150.006510 -49.995299 0.002158 359.083507 -0.000000
-2.172019 150.006476 -49.995324 0.002147 359.088421 -0.000000
-2.163153 150.006443 -49.995348 0.002136 359.093326 -0.000000
-2.154280 150.006409 -49.995372 0.002125 359.098221 -0.000000
-2.145402 150.006376 -49.995396 0.002114 359.103106 -0.000000
-2.136519 150.006342 -49.995420 0.002102 359.107982 -0.000000
-2.127629 150.006309 -49.995445 0.002091 359.112849 -0.000000
-2.118733 150.006276 -49.995469 0.002080 359.117706 -0.000000
-2.109832 150.006242 -49.995493 0.002069 359.122553 -0.000000
-2.100924 150.006209 -49.995517 0.002058 359.127392 -0.000000
-2.092011 150.006176 -49.995541 0.002047 359.132220 -0.000000
-2.083092 150.006143 -49.995564 0.002036 359.137040 -0.000000
-2.074167 150.006110 -49.995588 0.002025 359.141850 -0.000000
-2.065237 150.006077 -49.995612 0.002014 359.146650 -0.000000
-2.056301 150.006044 -49.995636 0.002004 359.151441 -0.000000
-2.047359 150.006011 -49.995660 0.001993 359.156223 -0.000000
-2.038411 150.005978 -49.995683 0.001982 359.160995 -0.000000
-2.029458 150.005945 -49.995707 0.001971 359.165758 -0.000000
-2.020499 150.005913 -49.995731 0.001960 359.170512 -0.000000
-2.011534 150.005880 -49.995754 0.001949 359.175256 -0.000000
-2.002563 150.005847 -49.995778 0.001938 359.179990 -0.000000
-1.993587 150.005815 -49.995801 0.001928 359.184716 -0.000000
-1.984606 150.005782 -49.995825 0.001917 359.189431 -0.000000
-1.975618 150.005750 -49.995848 0.001906 359.194138 -0.000000
-1.966626 150.005718 -49.995872 0.001895 359.198835 -0.000000
-1.957627 150.005685 -49.995895 0.001885 359.203523 -0.000000
-1.948623 150.005653 -49.995918 0.001874 359.208201 -0.000000
-1.939613 150.005621 -49.995942 0.001863 359.212870 -0.000000
-1.930598 150.005588 -49.995965 0.001853 359.217530 -0.000000
-1.921578 150.005556 -49.995988 0.001842 359.222180 -0.000000
-1.912552 150.005524 -49.996011 0.001831 359.226821 -0.000000
-1.903520 150.005492 -49.996034 0.001821 359.231452 -0.000000
-1.894483 150.005460 -49.996057 0.001810 359.236074 -0.000000
-1.885440 150.005428 -49.996080 0.001800 359.240687 -0.000000
-1.876392 150.005397 -49.996103 0.001789 359.245290 -0.000000
-1.867339 150.005365 -49.996126 0.001778 359.249884 -0.000000
-1.858280 150.005333 -49.996149 0.001768 359.254469 -0.000000
-1.849216 150.005301 -49.996172 0.001757 359.259044 -0.000000
-1.840147 150.005270 -49.996195 0.001747 359.263610 -0.000000
-1.831072 150.005238 -49.996218 0.001736 359.268167 -0.000000
-1.821991 150.005207 -49.996240 0.001726 359.272715 -0.000000
-1.812906 150.005175 -49.996263 0.001716 359.277253 -0.000000
-1.803815 150.005144 -49.996286 0.001705 359.281781 -0.000000
-1.794719 150.005112 -49.996308 0.001695 359.286301 -0.000000
-1.785617 150.005081 -49.996331 0.001684 359.290811 -0.000000
-1.776510 150.005050 -49.996354 0.001674 359.295311 -0.000000
-1.767398 150.005019 -49.996376 0.001664 359.299803 -0.000000
-1.758281 150.004988 -49.996399 0.001653 359.304285 -0.000000
-1.749159 150.004957 -49.996421 0.001643 359.308758 -0.000000
-1.740031 150.004926 -49.996443 0.001633 359.313221 -0.000000
-1.730898 150.004895 -49.996466 0.001623 359.317675 -0.000000
-1.721760 150.004864 -49.996488 0.001612 359.322120 -0.000000
-1.712617 150.004833 -49.996510 0.001602 359.326556 -0.000000
-1.703469 150.004802 -49.996533 0.001592 359.330982 -0.000000
-1.694315 150.004771 -49.996555 0.001582 359.335399 -0.000000
-1.685157 150.004741 -49.996577 0.001572 359.339807 -0.000000
-1.675993 150.004710 -49.996599 0.001561 359.344205 -0.000000
-1.666824 150.004679 -49.996621 0.001551 359.348595 -0.000000
-1.657650 150.004649 -49.996643 0.001541 359.352974 -0.000000
-1.648472 150.004619 -49.996665 0.001531 359.357345 -0.000000
-1.639288 150.004588 -49.996687 0.001521 359.361706 -0.000000
-1.630099 150.004558 -49.996709 0.001511 359.366059 -0.000000
-1.620905 150.004527 -49.996731 0.001501 359.370401 -0.000000
-1.611706 150.004497 -49.996753 0.001491 359.374735 -0.000000
-1.602502 150.004467 -49.996775 0.001481 359.379059 -0.000000
-1.593293 150.004437 -49.996796 0.001471 359.383374 -0.000000
-1.584080 150.004407 -49.996818 0.001461 359.387680 -0.000000
-1.574861 150.004377 -49.996840 0.001451 359.391977 -0.000000
-1.565637 150.004347 -49.996861 0.001441 359.396264 -0.000000
-1.556409 150.004317 -49.996883 0.001431 359.400542 -0.000000
-1.547176 150.004287 -49.996904 0.001421 359.404811 -0.000000
-1.537937 150.004257 -49.996926 0.001411 359.409071 -0.000000
-1.528694 150.004228 -49.996947 0.001401 359.413321 -0.000000
-1.519447 150.004198 -49.996969 0.001392 359.417562 -0.000000
-1.510194 150.004168 -49.996990 0.001382 359.421794 -0.000000
-1.500936 150.004139 -49.997012 0.001372 359.426017 -0.000000
-1.491674 150.004109 -49.997033 0.001362 359.430231 -0.000000
-1.482407 150.004080 -49.997054 0.001352 359.434435 -0.000000
-1.473135 150.004050 -49.997075 0.001343 359.438630 -0.000000
-1.463859 150.004021 -49.997097 0.001333 359.442816 -0.000000
-1.454578 150.003992 -49.997118 0.001323 359.446992 -0.000000
-1.445292 150.003963 -49.997139 0.001314 359.451160 -0.000000
-1.436001 150.003933 -49.997160 0.001304 359.455318 -0.000000
-1.426706 150.003904 -49.997181 0.001294 359.459467 -0.000000
-1.417406 150.003875 -49.997202 0.001285 359.463607 -0.000000
-1.408101 150.003846 -49.997223 0.001275 359.467738 -0.000000
-1.398792 150.003817 -49.997244 0.001265 359.471860 -0.000000
-1.389478 150.003788 -49.997265 0.001256 359.475972 -0.000000
-1.380160 150.003760 -49.997285 0.001246 359.480075 -0.000000
-1.370836 150.003731 -49.997306 0.001237 359.484169 -0.000000
-1.361509 150.003702 -49.997327 0.001227 359.488254 -0.000000
-1.352177 150.003673 -49.997348 0.001218 359.492330 -0.000000
-1.342840 150.003645 -49.997368 0.001208 359.496396 -0.000000
-1.333499 150.003616 -49.997389 0.001199 359.500454 -0.000000
-1.324153 150.003588 -49.997409 0.001189 359.504502 -0.000000
-1.314803 150.003559 -49.997430 0.001180 359.508541 -0.000000
-1.305448 150.003531 -49.997450 0.001171 359.512571 -0.000000
-1.296089 150.003503 -49.997471 0.001161 359.516591 -0.000000
-1.286726 150.003474 -49.997491 0.001152 359.520603 -0.000000
-1.277358 150.003446 -49.997512 0.001142 359.524606 -0.000000
-1.267986 150.003418 -49.997532 0.001133 359.528599 -0.000000
-1.258609 150.003390 -49.997552 0.001124 359.532583 -0.000000
-1.249228 150.003362 -49.997572 0.001114 359.536558 -0.000000
-1.239842 150.003334 -49.997593 0.001105 359.540524 -0.000000
-1.230452 150.003306 -49.997613 0.001096 359.544481 -0.000000
-1.221058 150.003278 -49.997633 0.001087 359.548429 -0.000000
-1.211660 150.003250 -49.997653 0.001077 359.552367 -0.000000
-1.202257 150.003223 -49.997673 0.001068 359.556297 -0.000000
-1.192850 150.003195 -49.997693 0.001059 359.560217 -0.000000
-1.183438 150.003167 -49.997713 0.001050 359.564128 -0.000000
-1.174023 150.003140 -49.997733 0.001041 359.568031 -0.000000
-1.164603 150.003112 -49.997753 0.001032 359.571924 -0.000000
-1.155179 150.003085 -49.997773 0.001023 359.575808 -0.000000
-1.145751 150.003057 -49.997793 0.001013 359.579682 -0.000000
-1.136318 150.003030 -49.997812 0.001004 359.583548 -0.000000
-1.126882 150.003003 -49.997832 0.000995 359.587405 -0.000000
-1.117441 150.002975 -49.997852 0.000986 359.591252 -0.000000
-1.107996 150.002948 -49.997871 0.000977 359.595091 -0.000000
-1.098547 150.002921 -49.997891 0.000968 359.598920 -0.000000
-1.089094 150.002894 -49.997910 0.000959 359.602741 -0.000000
-1.079637 150.002867 -49.997930 0.000950 359.606552 -0.000000
-1.070175 150.002840 -49.997949 0.000941 359.610354 -0.000000
-1.060710 150.002813 -49.997969 0.000933 359.614147 -0.000000
-1.051240 150.002786 -49.997988 0.000924 359.617932 -0.000000
-1.041767 150.002759 -49.998008 0.000915 359.621707 -0.000000
-1.032290 150.002733 -49.998027 0.000906 359.625473 -0.000000
-1.022808 150.002706 -49.998046 0.000897 359.629230 -0.000000
-1.013323 150.002679 -49.998065 0.000888 359.632977 -0.000000
-1.003833 150.002653 -49.998084 0.000879 359.636716 -0.000000
-0.994340 150.002626 -49.998104 0.000871 359.640446 -0.000000
-0.984842 150.002600 -49.998123 0.000862 359.644167 -0.000000
-0.975341 150.002573 -49.998142 0.000853 359.647879 -0.000000
-0.965836 150.002547 -49.998161 0.000844 359.651581 -0.000000
-0.956327 150.002521 -49.998180 0.000836 359.655275 -0.000000
-0.946814 150.002495 -49.998199 0.000827 359.658960 -0.000000
-0.937297 150.002469 -49.998218 0.000818 359.662635 -0.000000
-0.927777 150.002442 -49.998236 0.000810 359.666302 -0.000000
-0.918252 150.002416 -49.998255 0.000801 359.669960 -0.000000
-0.908724 150.002390 -49.998274 0.000792 359.673608 -0.000000
-0.899192 150.002364 -49.998293 0.000784 359.677248 -0.000000
-0.889656 150.002339 -49.998311 0.000775 359.680878 -0.000000
-0.880116 150.002313 -49.998330 0.000767 359.684500 -0.000000
-0.870573 150.002287 -49.998349 0.000758 359.688112 -0.000000
-0.861026 150.002261 -49.998367 0.000750 359.691716 -0.000000
-0.851475 150.002236 -49.998386 0.000741 359.695311 -0.000000
-0.841920 150.002210 -49.998404 0.000733 359.698896 -0.000000
-0.832362 150.002185 -49.998423 0.000724 359.702473 -0.000000
-0.822800 150.002159 -49.998441 0.000716 359.706040 -0.000000
-0.813234 150.002134 -49.998459 0.000707 359.709599 -0.000000
-0.803665 150.002108 -49.998478 0.000699 359.713149 -0.000000
-0.794092 150.002083 -49.998496 0.000691 359.716690 -0.000000
-0.784516 150.002058 -49.998514 0.000682 359.720221 -0.000000
-0.774936 150.002033 -49.998532 0.000674 359.723744 -0.000000
-0.765352 150.002008 -49.998550 0.000665 359.727258 -0.000000
-0.755765 150.001982 -49.998569 0.000657 359.730763 -0.000000
-0.746174 150.001957 -49.998587 0.000649 359.734259 -0.000000
-0.736580 150.001932 -49.998605 0.000641 359.737746 -0.000000
-0.726982 150.001908 -49.998623 0.000632 359.741224 -0.000000
-0.717381 150.001883 -49.998641 0.000624 359.744693 -0.000000
-0.707776 150.001858 -49.998658 0.000616 359.748153 -0.000000
-0.698168 150.001833 -49.998676 0.000608 359.751604 -0.000000
-0.688556 150.001809 -49.998694 0.000600 359.755046 -0.000000
-0.678941 150.001784 -49.998712 0.000591 359.758479 -0.000000
-0.669322 150.001759 -49.998730 0.000583 359.761904 -0.000000
-0.659700 150.001735 -49.998747 0.000575 359.765319 -0.000000
-0.650075 150.001711 -49.998765 0.000567 359.768726 -0.000000
-0.640446 150.001686 -49.998782 0.000559 359.772123 -0.000000
-0.630814 150.001662 -49.998800 0.000551 359.775512 -0.000000
-0.621179 150.001638 -49.998818 0.000543 359.778892 -0.000000
-0.611540 150.001613 -49.998835 0.000535 359.782263 -0.000000
-0.601898 150.001589 -49.998852 0.000527 359.785625 -0.000000
-0.592252 150.001565 -49.998870 0.000519 359.788978 -0.000000
-0.582604 150.001541 -49.998887 0.000511 359.792322 -0.000000
-0.572952 150.001517 -49.998904 0.000503 359.795657 -0.000000
-0.563296 150.001493 -49.998922 0.000495 359.798984 -0.000000
-0.553638 150.001469 -49.998939 0.000487 359.802301 -0.000000
-0.543976 150.001446 -49.998956 0.000479 359.805610 -0.000000
-0.534311 150.001422 -49.998973 0.000471 359.808909 -0.000000
-0.524643 150.001398 -49.998990 0.000464 359.812200 -0.000000
-0.514972 150.001375 -49.999007 0.000456 359.815482 -0.000000
-0.505298 150.001351 -49.999024 0.000448 359.818755 -0.000000
-0.495620 150.001328 -49.999041 0.000440 359.822020 -0.000000
-0.485939 150.001304 -49.999058 0.000432 359.825275 -0.000000
-0.476256 150.001281 -49.999075 0.000425 359.828521 -0.000000
-0.466569 150.001257 -49.999092 0.000417 359.831759 -0.000000
-0.456879 150.001234 -49.999109 0.000409 359.834988 -0.000000
-0.447186 150.001211 -49.999126 0.000401 359.838208 -0.000000
-0.437490 150.001188 -49.999142 0.000394 359.841419 -0.000000
-0.427791 150.001165 -49.999159 0.000386 359.844621 -0.000000
-0.418088 150.001142 -49.999176 0.000378 359.847814 -0.000000
-0.408383 150.001119 -49.999192 0.000371 359.850999 -0.000000
-0.398675 150.001096 -49.999209 0.000363 359.854175 -0.000000
-0.388964 150.001073 -49.999225 0.000356 359.857341 -0.000000
-0.379250 150.001050 -49.999242 0.000348 359.860499 -0.000000
-0.369533 150.001027 -49.999258 0.000341 359.863649 -0.000000
-0.359813 150.001005 -49.999274 0.000333 359.866789 -0.000000
-0.350090 150.000982 -49.999291 0.000326 359.869921 -0.000000
-0.340364 150.000960 -49.999307 0.000318 359.873043 -0.000000
-0.330636 150.000937 -49.999323 0.000311 359.876157 -0.000000
-0.320904 150.000915 -49.999340 0.000303 359.879262 -0.000000
-0.311170 150.000892 -49.999356 0.000296 359.882359 -0.000000
-0.301433 150.000870 -49.999372 0.000288 359.885446 -0.000000
-0.291693 150.000848 -49.999388 0.000281 359.888525 -0.000000
-0.281950 150.000826 -49.999404 0.000274 359.891595 -0.000000
-0.272205 150.000803 -49.999420 0.000266 359.894656 -0.000000
-0.262456 150.000781 -49.999436 0.000259 359.897708 -0.000000
-0.252705 150.000759 -49.999452 0.000252 359.900752 -0.000000
-0.242952 150.000737 -49.999468 0.000244 359.903787 -0.000000
-0.233195 150.000715 -49.999483 0.000237 359.906813 -0.000000
-0.223436 150.000694 -49.999499 0.000230 359.909830 -0.000000
-0.213674 150.000672 -49.999515 0.000223 359.912838 -0.000000
-0.203909 150.000650 -49.999531 0.000215 359.915838 -0.000000
-0.194142 150.000628 -49.999546 0.000208 359.918829 -0.000000
-0.184372 150.000607 -49.999562 0.000201 359.921811 -0.000000
-0.174600 150.000585 -49.999578 0.000194 359.924784 -0.000000
-0.164824 150.000564 -49.999593 0.000187 359.927749 -0.000000
-0.155047 150.000542 -49.999609 0.000180 359.930705 -0.000000
-0.145266 150.000521 -49.999624 0.000173 359.933652 -0.000000
-0.135484 150.000499 -49.999639 0.000166 359.936590 -0.000000
-0.125698 150.000478 -49.999655 0.000159 359.939520 -0.000000
-0.115910 150.000457 -49.999670 0.000152 359.942441 -0.000000
-0.106120 150.000436 -49.999685 0.000144 359.945353 -0.000000
-0.096327 150.000415 -49.999700 0.000138 359.948256 -0.000000
-0.086531 150.000394 -49.999716 0.000131 359.951151 -0.000000
-0.076733 150.000373 -49.999731 0.000124 359.954037 -0.000000
-0.066933 150.000352 -49.999746 0.000117 359.956914 -0.000000
-0.057130 150.000331 -49.999761 0.000110 359.959782 -0.000000
-0.047325 150.000310 -49.999776 0.000103 359.962642 -0.000000
-0.037517 150.000290 -49.999791 0.000096 359.965493 -0.000000
-0.027707 150.000269 -49.999806 0.000089 359.968336 -0.000000
-0.017895 150.000248 -49.999821 0.000082 359.971169 -0.000000
-0.008080 150.000228 -49.999836 0.000075 359.973994 -0.000000
0.001737 150.000207 -49.999850 0.000069 359.976810 -0.000000
0.011557 150.000187 -49.999865 0.000062 359.979618 -0.000000
0.021379 150.000166 -49.999880 0.000055 359.982417 -0.000000
0.031203 150.000146 -49.999895 0.000048 359.985207 -0.000000
0.041029 150.000126 -49.999909 0.000042 359.987988 -0.000000
0.050858 150.000106 -49.999924 0.000035 359.990761 -0.000000
0.060689 150.000085 -49.999938 0.000028 359.993525 -0.000000
0.070522 150.000065 -49.999953 0.000022 359.996280 -0.000000
0.080357 150.000045 -49.999967 0.000015 359.999027 -0.000000
0.090195 150.000025 -49.999982 0.000008 360.001765 -0.000000
0.100035 150.000006 -49.999996 0.000002 360.004495 -0.000000
0.109877 149.999986 -50.000010 -0.000005 360.007215 -0.000000
0.119721 149.999966 -50.000025 -0.000011 360.009927 -0.000000
0.129567 149.999946 -50.000039 -0.000018 360.012631 -0.000000
0.139415 149.999927 -50.000053 -0.000024 360.015326 -0.000000
0.149266 149.999907 -50.000067 -0.000031 360.018012 -0.000000
0.159118 149.999887 -50.000081 -0.000037 360.020689 -0.000000
0.168973 149.999868 -50.000095 -0.000044 360.023358 -0.000000
0.178830 149.999849 -50.000109 -0.000050 360.026018 -0.000000
0.188689 149.999829 -50.000123 -0.000057 360.028670 -0.000000
0.198550 149.999810 -50.000137 -0.000063 360.031312 -0.000000
0.208412 149.999791 -50.000151 -0.000069 360.033947 -0.000000
0.218277 149.999771 -50.000165 -0.000076 360.036572 -0.000000
0.228144 149.999752 -50.000179 -0.000082 360.039189 -0.000000
0.238013 149.999733 -50.000193 -0.000088 360.041798 -0.000000
0.247884 149.999714 -50.000206 -0.000095 360.044397 -0.000000
0.257756 149.999695 -50.000220 -0.000101 360.046988 -0.000000
0.267631 149.999676 -50.000234 -0.000107 360.049571 -0.000000
0.277508 149.999658 -50.000247 -0.000113 360.052145 -0.000000
0.287386 149.999639 -50.000261 -0.000120 360.054710 -0.000000
0.297266 149.999620 -50.000274 -0.000126 360.057267 -0.000000
0.307148 149.999602 -50.000288 -0.000132 360.059815 -0.000000
0.317033 149.999583 -50.000301 -0.000138 360.062354 -0.000000
0.326918 149.999564 -50.000314 -0.000144 360.064885 -0.000000
0.336806 149.999546 -50.000328 -0.000150 360.067408 -0.000000
0.346696 149.999528 -50.000341 -0.000157 360.069921 -0.000000
0.356587 149.999509 -50.000354 -0.000163 360.072427 -0.000000
0.366480 149.999491 -50.000368 -0.000169 360.074923 -0.000000
0.376375 149.999473 -50.000381 -0.000175 360.077411 -0.000000
0.386271 149.999455 -50.000394 -0.000181 360.079890 -0.000000
0.396169 149.999437 -50.000407 -0.000187 360.082361 -0.000000
0.406069 149.999418 -50.000420 -0.000193 360.084824 -0.000000
0.415971 149.999401 -50.000433 -0.000199 360.087277 -0.000000
0.425874 149.999383 -50.000446 -0.000205 360.089722 -0.000000
0.435779 149.999365 -50.000459 -0.000211 360.092159 -0.000000
0.445686 149.999347 -50.000472 -0.000216 360.094587 -0.000000
0.455594 149.999329 -50.000484 -0.000222 360.097007 -0.000000
0.465504 149.999312 -50.000497 -0.000228 360.099418 -0.000000
0.475416 149.999294 -50.000510 -0.000234 360.101820 -0.000000
0.485329 149.999276 -50.000522 -0.000240 360.104214 -0.000000
0.495243 149.999259 -50.000535 -0.000246 360.106599 -0.000000
0.505159 149.999241 -50.000548 -0.000251 360.108976 -0.000000
0.515077 149.999224 -50.000560 -0.000257 360.111344 -0.000000
0.524996 149.999207 -50.000573 -0.000263 360.113704 -0.000000
0.534917 149.999190 -50.000585 -0.000269 360.116055 -0.000000
0.544839 149.999172 -50.000598 -0.000274 360.118398 -0.000000
0.554763 149.999155 -50.000610 -0.000280 360.120732 -0.000000
0.564688 149.999138 -50.000622 -0.000286 360.123058 -0.000000
0.574615 149.999121 -50.000635 -0.000291 360.125375 -0.000000
0.584543 149.999104 -50.000647 -0.000297 360.127683 -0.000000
0.594472 149.999087 -50.000659 -0.000303 360.129984 -0.000000
0.604403 149.999070 -50.000671 -0.000308 360.132275 -0.000000
0.614335 149.999054 -50.000683 -0.000314 360.134558 -0.000000
0.624269 149.999037 -50.000695 -0.000319 360.136833 -0.000000
0.634204 149.999020 -50.000707 -0.000325 360.139099 -0.000000
0.644140 149.999004 -50.000719 -0.000330 360.141357 -0.000000
0.654077 149.998987 -50.000731 -0.000336 360.143606 -0.000000
0.664016 149.998971 -50.000743 -0.000341 360.145847 -0.000000
0.673956 149.998954 -50.000755 -0.000347 360.148079 -0.000000
0.683898 149.998938 -50.000767 -0.000352 360.150303 -0.000000
0.693840 149.998922 -50.000779 -0.000357 360.152518 -0.000000
0.703784 149.998906 -50.000790 -0.000363 360.154725 -0.000000
0.713730 149.998889 -50.000802 -0.000368 360.156923 -0.000000
0.723676 149.998873 -50.000814 -0.000373 360.159113 -0.000000
0.733623 149.998857 -50.000825 -0.000379 360.161294 -0.000000
0.743572 149.998841 -50.000837 -0.000384 360.163467 -0.000000
0.753522 149.998825 -50.000848 -0.000389 360.165632 -0.000000
0.763473 149.998810 -50.000860 -0.000395 360.167788 -0.000000
0.773425 149.998794 -50.000871 -0.000400 360.169935 -0.000000
0.783378 149.998778 -50.000882 -0.000405 360.172074 -0.000000
0.793333 149.998762 -50.000894 -0.000410 360.174205 -0.000000
0.803288 149.998747 -50.000905 -0.000415 360.176328 -0.000000
0.813245 149.998731 -50.000916 -0.000421 360.178441 -0.000000
0.823202 149.998716 -50.000927 -0.000426 360.180547 -0.000000
0.833161 149.998700 -50.000938 -0.000431 360.182644 -0.000000
0.843120 149.998685 -50.000950 -0.000436 360.184732 -0.000000
0.853081 149.998670 -50.000961 -0.000441 360.186813 -0.000000
0.863043 149.998654 -50.000972 -0.000446 360.188884 -0.000000
0.873005 149.998639 -50.000983 -0.000451 360.190948 -0.000000
0.882969 149.998624 -50.000993 -0.000456 360.193003 -0.000000
0.892933 149.998609 -50.001004 -0.000461 360.195049 -0.000000
0.902899 149.998594 -50.001015 -0.000466 360.197087 -0.000000
0.912865 149.998579 -50.001026 -0.000471 360.199117 -0.000000
0.922832 149.998564 -50.001037 -0.000476 360.201138 -0.000000
0.932800 149.998549 -50.001047 -0.000481 360.203151 -0.000000
0.942769 149.998535 -50.001058 -0.000486 360.205156 -0.000000
0.952739 149.998520 -50.001069 -0.000491 360.207152 -0.000000
0.962710 149.998505 -50.001079 -0.000495 360.209140 -0.000000
0.972681 149.998491 -50.001090 -0.000500 360.211119 -0.000000
0.982653 149.998476 -50.001100 -0.000505 360.213090 -0.000000
