14.222929 150.206640 50.101304 20.000411 -0.294174 -1.608288
14.212903 150.207102 50.101352 20.000411 -0.294740 -1.607738
14.202878 150.207564 50.101400 20.000411 -0.295307 -1.607188
14.192852 150.208027 50.101447 20.000411 -0.295873 -1.606639
14.182826 150.208490 50.101494 20.000412 -0.296439 -1.606090
14.172800 150.208953 50.101541 20.000412 -0.297005 -1.605541
14.162775 150.209417 50.101587 20.000412 -0.297571 -1.604993
14.152749 150.209880 50.101633 20.000412 -0.298136 -1.604445
14.142723 150.210344 50.101679 20.000412 -0.298701 -1.603897
14.132697 150.210809 50.101724 20.000413 -0.299266 -1.603350
14.122671 150.211273 50.101769 20.000413 -0.299830 -1.602803
14.112645 150.211738 50.101814 20.000413 -0.300394 -1.602256
14.102620 150.212203 50.101859 20.000413 -0.300958 -1.601710
14.092594 150.212668 50.101903 20.000413 -0.301522 -1.601164
14.082568 150.213134 50.101947 20.000414 -0.302086 -1.600618
14.072542 150.213600 50.101990 20.000414 -0.302649 -1.600073
14.062516 150.214066 50.102034 20.000414 -0.303212 -1.599528
14.052490 150.214533 50.102077 20.000414 -0.303774 -1.598983
14.042464 150.214999 50.102119 20.000414 -0.304337 -1.598439
14.032438 150.215466 50.102161 20.000414 -0.304899 -1.597895
14.022412 150.215934 50.102203 20.000415 -0.305461 -1.597351
14.012386 150.216401 50.102245 20.000415 -0.306022 -1.596808
14.002360 150.216869 50.102287 20.000415 -0.306584 -1.596265
13.992334 150.217337 50.102328 20.000415 -0.307144 -1.595722
13.982308 150.217805 50.102368 20.000415 -0.307705 -1.595180
13.972281 150.218274 50.102409 20.000416 -0.308266 -1.594637
13.962255 150.218743 50.102449 20.000416 -0.308826 -1.594096
13.952229 150.219212 50.102489 20.000416 -0.309385 -1.593554
13.942203 150.219682 50.102528 20.000416 -0.309945 -1.593013
13.932177 150.220151 50.102568 20.000416 -0.310504 -1.592472
13.922151 150.220621 50.102607 20.000416 -0.311063 -1.591932
13.912124 150.221091 50.102645 20.000417 -0.311622 -1.591391
13.902098 150.221562 50.102683 20.000417 -0.312180 -1.590851
13.892072 150.222033 50.102721 20.000417 -0.312738 -1.590312
13.882046 150.222504 50.102759 20.000417 -0.313295 -1.589773
13.872019 150.222975 50.102797 20.000417 -0.313853 -1.589234
13.861993 150.223447 50.102834 20.000417 -0.314410 -1.588695
13.851967 150.223918 50.102871 20.000418 -0.314966 -1.588157
13.841940 150.224391 50.102907 20.000418 -0.315523 -1.587619
13.831914 150.224863 50.102943 20.000418 -0.316079 -1.587081
13.821888 150.225335 50.102979 20.000418 -0.316635 -1.586543
13.811861 150.225808 50.103015 20.000418 -0.317190 -1.586006
13.801835 150.226282 50.103050 20.000418 -0.317745 -1.585470
13.791808 150.226755 50.103085 20.000418 -0.318300 -1.584933
13.781782 150.227229 50.103120 20.000419 -0.318854 -1.584397
13.771755 150.227703 50.103154 20.000419 -0.319409 -1.583861
13.761729 150.228177 50.103188 20.000419 -0.319962 -1.583325
13.751702 150.228651 50.103222 20.000419 -0.320516 -1.582790
13.741676 150.229126 50.103256 20.000419 -0.321069 -1.582255
13.731649 150.229601 50.103289 20.000419 -0.321622 -1.581721
13.721623 150.230076 50.103322 20.000420 -0.322174 -1.581186
13.711596 150.230552 50.103354 20.000420 -0.322726 -1.580652
13.701570 150.231027 50.103387 20.000420 -0.323278 -1.580119
13.691543 150.231503 50.103419 20.000420 -0.323830 -1.579585
13.681516 150.231980 50.103450 20.000420 -0.324381 -1.579052
13.671490 150.232456 50.103482 20.000420 -0.324931 -1.578520
13.661463 150.232933 50.103513 20.000420 -0.325482 -1.577987
13.651436 150.233410 50.103544 20.000420 -0.326032 -1.577455
13.641410 150.233887 50.103574 20.000421 -0.326582 -1.576923
13.631383 150.234365 50.103605 20.000421 -0.327131 -1.576392
13.621356 150.234843 50.103635 20.000421 -0.327680 -1.575860
13.611329 150.235321 50.103664 20.000421 -0.328229 -1.575329
13.601303 150.235799 50.103694 20.000421 -0.328777 -1.574799
13.591276 150.236278 50.103723 20.000421 -0.329325 -1.574268
13.581249 150.236757 50.103751 20.000421 -0.329872 -1.573738
13.571222 150.237236 50.103780 20.000422 -0.330419 -1.573209
13.561195 150.237715 50.103808 20.000422 -0.330966 -1.572679
13.551168 150.238195 50.103836 20.000422 -0.331513 -1.572150
13.541142 150.238675 50.103863 20.000422 -0.332059 -1.571621
13.531115 150.239155 50.103891 20.000422 -0.332605 -1.571093
13.521088 150.239635 50.103918 20.000422 -0.333150 -1.570565
13.511061 150.240116 50.103944 20.000422 -0.333695 -1.570037
13.501034 150.240597 50.103971 20.000422 -0.334239 -1.569509
13.491007 150.241078 50.103997 20.000423 -0.334784 -1.568982
13.480980 150.241560 50.104023 20.000423 -0.335328 -1.568455
13.470953 150.242041 50.104048 20.000423 -0.335871 -1.567928
13.460926 150.242523 50.104074 20.000423 -0.336414 -1.567402
13.450899 150.243005 50.104099 20.000423 -0.336957 -1.566876
13.440872 150.243488 50.104123 20.000423 -0.337499 -1.566350
13.430844 150.243970 50.104148 20.000423 -0.338041 -1.565825
13.420817 150.244453 50.104172 20.000423 -0.338582 -1.565300
13.410790 150.244937 50.104196 20.000423 -0.339124 -1.564775
13.400763 150.245420 50.104219 20.000424 -0.339664 -1.564250
13.390736 150.245904 50.104242 20.000424 -0.340205 -1.563726
13.380709 150.246388 50.104265 20.000424 -0.340745 -1.563202
13.370681 150.246872 50.104288 20.000424 -0.341284 -1.562678
13.360654 150.247356 50.104310 20.000424 -0.341823 -1.562155
13.350627 150.247841 50.104332 20.000424 -0.342362 -1.561632
13.340600 150.248326 50.104354 20.000424 -0.342900 -1.561109
13.330572 150.248811 50.104376 20.000424 -0.343438 -1.560586
13.320545 150.249297 50.104397 20.000424 -0.343976 -1.560064
13.310518 150.249782 50.104418 20.000424 -0.344513 -1.559542
13.300490 150.250268 50.104438 20.000425 -0.345050 -1.559021
13.290463 150.250755 50.104459 20.000425 -0.345586 -1.558499
13.280435 150.251241 50.104479 20.000425 -0.346122 -1.557978
13.270408 150.251728 50.104499 20.000425 -0.346657 -1.557458
13.260380 150.252215 50.104518 20.000425 -0.347192 -1.556937
13.250353 150.252702 50.104537 20.000425 -0.347727 -1.556417
13.240326 150.253189 50.104556 20.000425 -0.348261 -1.555897
13.230298 150.253677 50.104575 20.000425 -0.348795 -1.555378
13.220270 150.254165 50.104593 20.000425 -0.349329 -1.554859
13.210243 150.254653 50.104611 20.000425 -0.349861 -1.554340
13.200215 150.255142 50.104629 20.000425 -0.350394 -1.553821
13.190188 150.255630 50.104647 20.000425 -0.350926 -1.553303
13.180160 150.256119 50.104664 20.000426 -0.351458 -1.552785
13.170132 150.256608 50.104681 20.000426 -0.351989 -1.552267
13.160105 150.257098 50.104697 20.000426 -0.352520 -1.551749
13.150077 150.257587 50.104714 20.000426 -0.353050 -1.551232
13.140049 150.258077 50.104730 20.000426 -0.353580 -1.550715
13.130022 150.258568 50.104746 20.000426 -0.354109 -1.550199
13.119994 150.259058 50.104761 20.000426 -0.354638 -1.549682
13.109966 150.259549 50.104776 20.000426 -0.355167 -1.549166
13.099938 150.260039 50.104791 20.000426 -0.355695 -1.548650
13.089911 150.260531 50.104806 20.000426 -0.356223 -1.548135
13.079883 150.261022 50.104820 20.000426 -0.356750 -1.547620
13.069855 150.261514 50.104835 20.000426 -0.357277 -1.547105
13.059827 150.262005 50.104848 20.000426 -0.357803 -1.546590
13.049799 150.262498 50.104862 20.000427 -0.358329 -1.546076
13.039771 150.262990 50.104875 20.000427 -0.358855 -1.545562
13.029743 150.263482 50.104888 20.000427 -0.359380 -1.545048
13.019715 150.263975 50.104901 20.000427 -0.359904 -1.544535
13.009687 150.264468 50.104913 20.000427 -0.360428 -1.544022
12.999659 150.264962 50.104926 20.000427 -0.360952 -1.543509
12.989631 150.265455 50.104937 20.000427 -0.361475 -1.542996
12.979603 150.265949 50.104949 20.000427 -0.361998 -1.542484
12.969575 150.266443 50.104960 20.000427 -0.362520 -1.541972
12.959547 150.266937 50.104971 20.000427 -0.363041 -1.541460
12.949519 150.267432 50.104982 20.000427 -0.363563 -1.540949
12.939491 150.267927 50.104993 20.000427 -0.364084 -1.540438
12.929463 150.268421 50.105003 20.000427 -0.364604 -1.539927
12.919435 150.268917 50.105013 20.000427 -0.365124 -1.539416
12.909406 150.269412 50.105023 20.000427 -0.365643 -1.538906
12.899378 150.269908 50.105032 20.000427 -0.366162 -1.538396
12.889350 150.270404 50.105041 20.000427 -0.366680 -1.537886
12.879322 150.270900 50.105050 20.000427 -0.367198 -1.537377
12.869293 150.271396 50.105059 20.000428 -0.367716 -1.536868
12.859265 150.271893 50.105067 20.000428 -0.368233 -1.536359
12.849237 150.272390 50.105075 20.000428 -0.368749 -1.535850
12.839208 150.272887 50.105083 20.000428 -0.369265 -1.535342
12.829180 150.273384 50.105090 20.000428 -0.369780 -1.534834
12.819152 150.273882 50.105097 20.000428 -0.370295 -1.534326
12.809123 150.274380 50.105104 20.000428 -0.370810 -1.533819
12.799095 150.274878 50.105111 20.000428 -0.371324 -1.533312
12.789066 150.275376 50.105117 20.000428 -0.371837 -1.532805
12.779038 150.275875 50.105124 20.000428 -0.372350 -1.532298
12.769009 150.276374 50.105129 20.000428 -0.372863 -1.531792
12.758981 150.276873 50.105135 20.000428 -0.373375 -1.531286
12.748952 150.277372 50.105140 20.000428 -0.373886 -1.530780
12.738924 150.277871 50.105145 20.000428 -0.374397 -1.530274
12.728895 150.278371 50.105150 20.000428 -0.374908 -1.529769
12.718867 150.278871 50.105155 20.000428 -0.375418 -1.529264
12.708838 150.279371 50.105159 20.000428 -0.375927 -1.528759
12.698809 150.279871 50.105163 20.000428 -0.376436 -1.528255
12.688781 150.280372 50.105167 20.000428 -0.376944 -1.527751
12.678752 150.280873 50.105170 20.000428 -0.377452 -1.527247
12.668723 150.281374 50.105173 20.000428 -0.377960 -1.526743
12.658694 150.281875 50.105176 20.000428 -0.378466 -1.526240
12.648666 150.282377 50.105179 20.000428 -0.378973 -1.525737
12.638637 150.282879 50.105181 20.000428 -0.379479 -1.525234
12.628608 150.283381 50.105183 20.000428 -0.379984 -1.524732
12.618579 150.283883 50.105185 20.000428 -0.380489 -1.524230
12.608550 150.284385 50.105186 20.000428 -0.380993 -1.523728
12.598521 150.284888 50.105188 20.000428 -0.381496 -1.523226
12.588492 150.285391 50.105189 20.000428 -0.382000 -1.522725
12.578463 150.285894 50.105190 20.000428 -0.382502 -1.522224
12.568434 150.286398 50.105190 20.000428 -0.383004 -1.521723
12.558405 150.286901 50.105190 20.000428 -0.383506 -1.521222
12.548376 150.287405 50.105190 20.000428 -0.384007 -1.520722
12.538347 150.287909 50.105190 20.000428 -0.384507 -1.520222
12.528318 150.288414 50.105189 20.000428 -0.385007 -1.519722
12.518289 150.288918 50.105188 20.000428 -0.385506 -1.519223
12.508260 150.289423 50.105187 20.000428 -0.386005 -1.518724
12.498231 150.289928 50.105186 20.000428 -0.386504 -1.518225
12.488202 150.290433 50.105184 20.000428 -0.387001 -1.517726
12.478173 150.290938 50.105182 20.000428 -0.387498 -1.517228
12.468143 150.291444 50.105180 20.000428 -0.387995 -1.516730
12.458114 150.291950 50.105178 20.000428 -0.388491 -1.516232
12.448085 150.292456 50.105175 20.000428 -0.388986 -1.515734
12.438056 150.292962 50.105172 20.000428 -0.389481 -1.515237
12.428026 150.293469 50.105169 20.000428 -0.389976 -1.514740
12.417997 150.293976 50.105166 20.000428 -0.390470 -1.514243
12.407968 150.294483 50.105162 20.000428 -0.390963 -1.513747
12.397938 150.294990 50.105158 20.000428 -0.391455 -1.513250
12.387909 150.295498 50.105154 20.000428 -0.391948 -1.512754
12.377879 150.296005 50.105149 20.000428 -0.392439 -1.512259
12.367850 150.296513 50.105144 20.000428 -0.392930 -1.511763
12.357821 150.297021 50.105139 20.000428 -0.393420 -1.511268
12.347791 150.297530 50.105134 20.000428 -0.393910 -1.510773
12.337761 150.298038 50.105128 20.000428 -0.394400 -1.510279
12.327732 150.298547 50.105123 20.000428 -0.394888 -1.509784
12.317702 150.299056 50.105117 20.000428 -0.395376 -1.509290
12.307673 150.299565 50.105110 20.000428 -0.395864 -1.508796
12.297643 150.300075 50.105104 20.000428 -0.396351 -1.508303
12.287613 150.300584 50.105097 20.000428 -0.396837 -1.507810
12.277584 150.301094 50.105090 20.000428 -0.397323 -1.507316
12.267554 150.301605 50.105082 20.000428 -0.397808 -1.506824
12.257524 150.302115 50.105075 20.000428 -0.398292 -1.506331
12.247495 150.302625 50.105067 20.000428 -0.398776 -1.505839
12.237465 150.303136 50.105059 20.000428 -0.399260 -1.505347
12.227435 150.303647 50.105050 20.000428 -0.399743 -1.504855
12.217405 150.304158 50.105042 20.000428 -0.400225 -1.504364
12.207375 150.304670 50.105033 20.000428 -0.400706 -1.503873
12.197346 150.305182 50.105024 20.000428 -0.401187 -1.503382
12.187316 150.305693 50.105014 20.000428 -0.401668 -1.502891
12.177286 150.306206 50.105005 20.000428 -0.402147 -1.502401
12.167256 150.306718 50.104995 20.000428 -0.402627 -1.501910
12.157226 150.307230 50.104984 20.000428 -0.403105 -1.501421
12.147196 150.307743 50.104974 20.000428 -0.403583 -1.500931
12.137166 150.308256 50.104963 20.000428 -0.404060 -1.500442
12.127136 150.308769 50.104952 20.000428 -0.404537 -1.499953
12.117106 150.309283 50.104941 20.000428 -0.405013 -1.499464
12.107076 150.309796 50.104930 20.000428 -0.405489 -1.498975
12.097045 150.310310 50.104918 20.000428 -0.405963 -1.498487
12.087015 150.310824 50.104906 20.000428 -0.406438 -1.497999
12.076985 150.311338 50.104894 20.000428 -0.406911 -1.497511
12.066955 150.311853 50.104882 20.000428 -0.407384 -1.497023
12.056925 150.312368 50.104869 20.000428 -0.407857 -1.496536
12.046894 150.312882 50.104856 20.000428 -0.408328 -1.496049
12.036864 150.313398 50.104843 20.000428 -0.408800 -1.495562
12.026834 150.313913 50.104829 20.000428 -0.409270 -1.495076
12.016803 150.314428 50.104816 20.000428 -0.409740 -1.494589
12.006773 150.314944 50.104802 20.000427 -0.410209 -1.494103
11.996743 150.315460 50.104787 20.000427 -0.410678 -1.493618
11.986712 150.315976 50.104773 20.000427 -0.411146 -1.493132
11.976682 150.316493 50.104758 20.000427 -0.411613 -1.492647
11.966651 150.317009 50.104743 20.000427 -0.412080 -1.492162
11.956621 150.317526 50.104728 20.000427 -0.412546 -1.491677
11.946590 150.318043 50.104713 20.000427 -0.413011 -1.491193
11.936560 150.318560 50.104697 20.000427 -0.413476 -1.490708
11.926529 150.319078 50.104681 20.000427 -0.413940 -1.490224
11.916499 150.319596 50.104665 20.000427 -0.414403 -1.489741
11.906468 150.320113 50.104648 20.000427 -0.414866 -1.489257
11.896437 150.320632 50.104632 20.000427 -0.415328 -1.488774
11.886407 150.321150 50.104615 20.000427 -0.415790 -1.488291
11.876376 150.321668 50.104598 20.000427 -0.416250 -1.487808
11.866345 150.322187 50.104580 20.000427 -0.416711 -1.487326
11.856314 150.322706 50.104562 20.000427 -0.417170 -1.486844
11.846284 150.323225 50.104545 20.000427 -0.417629 -1.486362
11.836253 150.323744 50.104526 20.000427 -0.418087 -1.485880
11.826222 150.324264 50.104508 20.000427 -0.418545 -1.485399
11.816191 150.324784 50.104489 20.000426 -0.419001 -1.484917
11.806160 150.325304 50.104470 20.000426 -0.419458 -1.484436
11.796129 150.325824 50.104451 20.000426 -0.419913 -1.483956
11.786098 150.326344 50.104432 20.000426 -0.420368 -1.483475
11.776067 150.326865 50.104412 20.000426 -0.420822 -1.482995
11.766036 150.327386 50.104392 20.000426 -0.421276 -1.482515
11.756005 150.327906 50.104372 20.000426 -0.421728 -1.482035
11.745974 150.328428 50.104352 20.000426 -0.422180 -1.481556
11.735943 150.328949 50.104331 20.000426 -0.422632 -1.481077
11.725912 150.329471 50.104311 20.000426 -0.423083 -1.480598
11.715881 150.329992 50.104290 20.000426 -0.423533 -1.480119
11.705850 150.330515 50.104268 20.000426 -0.423982 -1.479641
11.695819 150.331037 50.104247 20.000426 -0.424431 -1.479162
11.685787 150.331559 50.104225 20.000426 -0.424879 -1.478684
11.675756 150.332082 50.104203 20.000425 -0.425326 -1.478207
11.665725 150.332605 50.104180 20.000425 -0.425773 -1.477729
11.655694 150.333128 50.104158 20.000425 -0.426219 -1.477252
11.645662 150.333651 50.104135 20.000425 -0.426664 -1.476775
11.635631 150.334174 50.104112 20.000425 -0.427108 -1.476298
11.625599 150.334698 50.104089 20.000425 -0.427552 -1.475822
11.615568 150.335222 50.104065 20.000425 -0.427995 -1.475345
11.605537 150.335746 50.104042 20.000425 -0.428438 -1.474869
11.595505 150.336270 50.104018 20.000425 -0.428880 -1.474393
11.585474 150.336795 50.103994 20.000425 -0.429321 -1.473918
11.575442 150.337319 50.103969 20.000425 -0.429761 -1.473443
11.565410 150.337844 50.103944 20.000425 -0.430200 -1.472968
11.555379 150.338369 50.103920 20.000424 -0.430639 -1.472493
11.545347 150.338894 50.103894 20.000424 -0.431077 -1.472018
11.535316 150.339420 50.103869 20.000424 -0.431515 -1.471544
11.525284 150.339945 50.103843 20.000424 -0.431952 -1.471070
11.515252 150.340471 50.103818 20.000424 -0.432388 -1.470596
11.505221 150.340997 50.103791 20.000424 -0.432823 -1.470122
11.495189 150.341523 50.103765 20.000424 -0.433257 -1.469649
11.485157 150.342050 50.103739 20.000424 -0.433691 -1.469176
11.475125 150.342577 50.103712 20.000424 -0.434124 -1.468703
11.465093 150.343103 50.103685 20.000424 -0.434557 -1.468230
11.455061 150.343630 50.103658 20.000424 -0.434988 -1.467758
11.445030 150.344158 50.103630 20.000423 -0.435419 -1.467286
11.434998 150.344685 50.103602 20.000423 -0.435850 -1.466814
11.424966 150.345213 50.103574 20.000423 -0.436279 -1.466342
11.414934 150.345741 50.103546 20.000423 -0.436708 -1.465870
11.404902 150.346269 50.103518 20.000423 -0.437136 -1.465399
11.394870 150.346797 50.103489 20.000423 -0.437563 -1.464928
11.384838 150.347325 50.103460 20.000423 -0.437990 -1.464457
11.374805 150.347854 50.103431 20.000423 -0.438415 -1.463987
11.364773 150.348383 50.103402 20.000423 -0.438840 -1.463517
11.354741 150.348912 50.103372 20.000422 -0.439265 -1.463047
11.344709 150.349441 50.103342 20.000422 -0.439688 -1.462577
11.334677 150.349970 50.103312 20.000422 -0.440111 -1.462107
11.324645 150.350500 50.103282 20.000422 -0.440533 -1.461638
11.314612 150.351029 50.103251 20.000422 -0.440954 -1.461169
11.304580 150.351559 50.103221 20.000422 -0.441375 -1.460700
11.294548 150.352090 50.103190 20.000422 -0.441794 -1.460231
11.284515 150.352620 50.103158 20.000422 -0.442213 -1.459763
11.274483 150.353150 50.103127 20.000422 -0.442632 -1.459295
11.264450 150.353681 50.103095 20.000421 -0.443049 -1.458827
11.254418 150.354212 50.103063 20.000421 -0.443466 -1.458359
11.244385 150.354743 50.103031 20.000421 -0.443882 -1.457892
11.234353 150.355275 50.102999 20.000421 -0.444297 -1.457424
11.224320 150.355806 50.102966 20.000421 -0.444711 -1.456957
11.214288 150.356338 50.102934 20.000421 -0.445125 -1.456491
11.204255 150.356870 50.102900 20.000421 -0.445538 -1.456024
11.194223 150.357402 50.102867 20.000421 -0.445950 -1.455558
11.184190 150.357934 50.102834 20.000421 -0.446361 -1.455092
11.174157 150.358466 50.102800 20.000420 -0.446772 -1.454626
11.164125 150.358999 50.102766 20.000420 -0.447181 -1.454160
11.154092 150.359532 50.102732 20.000420 -0.447590 -1.453695
11.144059 150.360065 50.102698 20.000420 -0.447998 -1.453230
11.134026 150.360598 50.102663 20.000420 -0.448406 -1.452765
11.123993 150.361131 50.102628 20.000420 -0.448812 -1.452300
11.113960 150.361665 50.102593 20.000420 -0.449218 -1.451835
11.103928 150.362199 50.102558 20.000419 -0.449623 -1.451371
11.093895 150.362733 50.102522 20.000419 -0.450028 -1.450907
11.083862 150.363267 50.102486 20.000419 -0.450431 -1.450443
11.073829 150.363801 50.102450 20.000419 -0.450834 -1.449980
11.063796 150.364336 50.102414 20.000419 -0.451235 -1.449516
11.053763 150.364870 50.102378 20.000419 -0.451636 -1.449053
11.043730 150.365405 50.102341 20.000419 -0.452037 -1.448590
11.033696 150.365940 50.102304 20.000419 -0.452436 -1.448128
11.023663 150.366476 50.102267 20.000418 -0.452835 -1.447665
11.013630 150.367011 50.102230 20.000418 -0.453233 -1.447203
11.003597 150.367547 50.102192 20.000418 -0.453630 -1.446741
10.993564 150.368082 50.102155 20.000418 -0.454026 -1.446279
10.983530 150.368618 50.102117 20.000418 -0.454421 -1.445818
10.973497 150.369155 50.102079 20.000418 -0.454816 -1.445356
10.963464 150.369691 50.102040 20.000418 -0.455210 -1.444895
10.953430 150.370227 50.102002 20.000417 -0.455603 -1.444434
10.943397 150.370764 50.101963 20.000417 -0.455995 -1.443974
10.933364 150.371301 50.101924 20.000417 -0.456386 -1.443513
10.923330 150.371838 50.101884 20.000417 -0.456777 -1.443053
10.913297 150.372375 50.101845 20.000417 -0.457166 -1.442593
10.903263 150.372913 50.101805 20.000417 -0.457555 -1.442133
10.893230 150.373451 50.101765 20.000417 -0.457943 -1.441674
10.883196 150.373988 50.101725 20.000416 -0.458330 -1.441215
10.873162 150.374526 50.101685 20.000416 -0.458717 -1.440755
10.863129 150.375065 50.101644 20.000416 -0.459102 -1.440297
10.853095 150.375603 50.101603 20.000416 -0.459487 -1.439838
10.843061 150.376141 50.101562 20.000416 -0.459871 -1.439380
10.833028 150.376680 50.101521 20.000416 -0.460254 -1.438921
10.822994 150.377219 50.101479 20.000415 -0.460636 -1.438463
10.812960 150.377758 50.101438 20.000415 -0.461017 -1.438006
10.802926 150.378297 50.101396 20.000415 -0.461398 -1.437548
10.792892 150.378837 50.101354 20.000415 -0.461777 -1.437091
10.782858 150.379376 50.101311 20.000415 -0.462156 -1.436633
10.772825 150.379916 50.101269 20.000415 -0.462534 -1.436177
10.762791 150.380456 50.101226 20.000414 -0.462911 -1.435720
10.752757 150.380996 50.101183 20.000414 -0.463288 -1.435263
10.742723 150.381537 50.101140 20.000414 -0.463663 -1.434807
10.732689 150.382077 50.101097 20.000414 -0.464038 -1.434351
10.722654 150.382618 50.101053 20.000414 -0.464411 -1.433895
10.712620 150.383159 50.101009 20.000414 -0.464784 -1.433440
10.702586 150.383700 50.100965 20.000414 -0.465156 -1.432984
10.692552 150.384241 50.100921 20.000413 -0.465527 -1.432529
10.682518 150.384782 50.100876 20.000413 -0.465897 -1.432074
10.672484 150.385324 50.100832 20.000413 -0.466267 -1.431619
10.662449 150.385866 50.100787 20.000413 -0.466635 -1.431165
10.652415 150.386408 50.100742 20.000413 -0.467003 -1.430711
10.642381 150.386950 50.100696 20.000412 -0.467370 -1.430256
10.632346 150.387492 50.100651 20.000412 -0.467736 -1.429802
10.622312 150.388034 50.100605 20.000412 -0.468101 -1.429349
10.612277 150.388577 50.100559 20.000412 -0.468465 -1.428895
10.602243 150.389120 50.100513 20.000412 -0.468828 -1.428442
10.592208 150.389663 50.100467 20.000412 -0.469191 -1.427989
10.582174 150.390206 50.100420 20.000411 -0.469552 -1.427536
10.572139 150.390749 50.100373 20.000411 -0.469913 -1.427084
10.562105 150.391293 50.100326 20.000411 -0.470272 -1.426631
10.552070 150.391836 50.100279 20.000411 -0.470631 -1.426179
10.542035 150.392380 50.100232 20.000411 -0.470989 -1.425727
10.532001 150.392924 50.100184 20.000411 -0.471346 -1.425275
10.521966 150.393468 50.100136 20.000410 -0.471703 -1.424824
10.511931 150.394013 50.100088 20.000410 -0.472058 -1.424372
10.501896 150.394557 50.100040 20.000410 -0.472412 -1.423921
10.491862 150.395102 50.099991 20.000410 -0.472766 -1.423470
10.481827 150.395647 50.099943 20.000410 -0.473119 -1.423019
10.471792 150.396192 50.099894 20.000409 -0.473470 -1.422569
10.461757 150.396737 50.099845 20.000409 -0.473821 -1.422119
10.451722 150.397282 50.099795 20.000409 -0.474171 -1.421668
10.441687 150.397828 50.099746 20.000409 -0.474520 -1.421219
10.431652 150.398373 50.099696 20.000409 -0.474868 -1.420769
10.421617 150.398919 50.099646 20.000408 -0.475215 -1.420319
10.411582 150.399465 50.099596 20.000408 -0.475562 -1.419870
10.401547 150.400011 50.099546 20.000408 -0.475907 -1.419421
10.391511 150.400558 50.099495 20.000408 -0.476251 -1.418972
10.381476 150.401104 50.099445 20.000408 -0.476595 -1.418523
10.371441 150.401651 50.099394 20.000408 -0.476938 -1.418075
10.361406 150.402198 50.099343 20.000407 -0.477279 -1.417627
10.351370 150.402745 50.099291 20.000407 -0.477620 -1.417179
10.341335 150.403292 50.099240 20.000407 -0.477960 -1.416731
10.331300 150.403839 50.099188 20.000407 -0.478299 -1.416283
10.321264 150.404387 50.099136 20.000407 -0.478637 -1.415836
10.311229 150.404935 50.099084 20.000406 -0.478974 -1.415389
10.301193 150.405482 50.099032 20.000406 -0.479310 -1.414941
10.291158 150.406030 50.098979 20.000406 -0.479645 -1.414495
10.281122 150.406579 50.098926 20.000406 -0.479980 -1.414048
10.271087 150.407127 50.098873 20.000406 -0.480313 -1.413602
10.261051 150.407675 50.098820 20.000405 -0.480645 -1.413155
10.251016 150.408224 50.098767 20.000405 -0.480977 -1.412709
10.240980 150.408773 50.098713 20.000405 -0.481307 -1.412264
10.230944 150.409322 50.098660 20.000405 -0.481637 -1.411818
10.220908 150.409871 50.098606 20.000405 -0.481966 -1.411372
10.210873 150.410420 50.098551 20.000404 -0.482293 -1.410927
10.200837 150.410970 50.098497 20.000404 -0.482620 -1.410482
10.190801 150.411520 50.098443 20.000404 -0.482946 -1.410037
10.180765 150.412069 50.098388 20.000404 -0.483271 -1.409593
10.170729 150.412619 50.098333 20.000403 -0.483595 -1.409148
10.160693 150.413169 50.098278 20.000403 -0.483918 -1.408704
10.150657 150.413720 50.098222 20.000403 -0.484240 -1.408260
10.140621 150.414270 50.098167 20.000403 -0.484561 -1.407816
10.130585 150.414821 50.098111 20.000403 -0.484881 -1.407373
10.120549 150.415372 50.098055 20.000402 -0.485200 -1.406929
10.110513 150.415922 50.097999 20.000402 -0.485518 -1.406486
10.100477 150.416474 50.097943 20.000402 -0.485835 -1.406043
10.090441 150.417025 50.097886 20.000402 -0.486152 -1.405600
10.080404 150.417576 50.097830 20.000402 -0.486467 -1.405157
10.070368 150.418128 50.097773 20.000401 -0.486781 -1.404715
10.060332 150.418680 50.097716 20.000401 -0.487095 -1.404273
10.050296 150.419231 50.097658 20.000401 -0.487407 -1.403831
10.040259 150.419783 50.097601 20.000401 -0.487718 -1.403389
10.030223 150.420336 50.097543 20.000400 -0.488029 -1.402947
10.020186 150.420888 50.097485 20.000400 -0.488338 -1.402506
10.010150 150.421441 50.097427 20.000400 -0.488647 -1.402064
10.000113 150.421993 50.097369 20.000400 -0.488954 -1.401623
9.990077 150.422546 50.097310 20.000400 -0.489261 -1.401182
9.980040 150.423099 50.097252 20.000399 -0.489566 -1.400742
9.970004 150.423652 50.097193 20.000399 -0.489871 -1.400301
9.959967 150.424205 50.097134 20.000399 -0.490174 -1.399861
9.949930 150.424759 50.097075 20.000399 -0.490477 -1.399421
9.939894 150.425312 50.097015 20.000398 -0.490778 -1.398981
9.929857 150.425866 50.096956 20.000398 -0.491079 -1.398541
9.919820 150.426420 50.096896 20.000398 -0.491378 -1.398101
9.909783 150.426974 50.096836 20.000398 -0.491677 -1.397662
9.899746 150.427528 50.096776 20.000397 -0.491974 -1.397223
9.889709 150.428083 50.096715 20.000397 -0.492271 -1.396784
9.879672 150.428637 50.096655 20.000397 -0.492567 -1.396345
9.869635 150.429192 50.096594 20.000397 -0.492861 -1.395907
9.859598 150.429747 50.096533 20.000397 -0.493155 -1.395468
9.849561 150.430302 50.096472 20.000396 -0.493447 -1.395030
9.839524 150.430857 50.096410 20.000396 -0.493739 -1.394592
9.829487 150.431412 50.096349 20.000396 -0.494029 -1.394154
9.819450 150.431968 50.096287 20.000396 -0.494319 -1.393716
9.809413 150.432523 50.096225 20.000395 -0.494607 -1.393279
9.799376 150.433079 50.096163 20.000395 -0.494895 -1.392842
9.789338 150.433635 50.096101 20.000395 -0.495181 -1.392405
9.779301 150.434191 50.096039 20.000395 -0.495467 -1.391968
9.769264 150.434747 50.095976 20.000394 -0.495751 -1.391531
9.759226 150.435303 50.095913 20.000394 -0.496035 -1.391094
9.749189 150.435860 50.095850 20.000394 -0.496317 -1.390658
9.739152 150.436417 50.095787 20.000394 -0.496598 -1.390222
9.729114 150.436973 50.095723 20.000393 -0.496879 -1.389786
9.719077 150.437530 50.095660 20.000393 -0.497158 -1.389350
9.709039 150.438087 50.095596 20.000393 -0.497436 -1.388914
9.699001 150.438645 50.095532 20.000393 -0.497713 -1.388479
9.688964 150.439202 50.095468 20.000392 -0.497989 -1.388044
9.678926 150.439759 50.095404 20.000392 -0.498265 -1.387609
9.668888 150.440317 50.095339 20.000392 -0.498539 -1.387174
9.658851 150.440875 50.095275 20.000392 -0.498812 -1.386739
9.648813 150.441433 50.095210 20.000391 -0.499084 -1.386305
9.638775 150.441991 50.095145 20.000391 -0.499355 -1.385870
9.628737 150.442549 50.095079 20.000391 -0.499625 -1.385436
9.618699 150.443108 50.095014 20.000391 -0.499894 -1.385002
9.608662 150.443666 50.094948 20.000390 -0.500162 -1.384568
9.598624 150.444225 50.094883 20.000390 -0.500428 -1.384135
9.588586 150.444784 50.094817 20.000390 -0.500694 -1.383701
9.578548 150.445343 50.094751 20.000390 -0.500959 -1.383268
9.568509 150.445902 50.094684 20.000389 -0.501222 -1.382835
9.558471 150.446461 50.094618 20.000389 -0.501485 -1.382402
9.548433 150.447021 50.094551 20.000389 -0.501746 -1.381970
9.538395 150.447580 50.094484 20.000389 -0.502007 -1.381537
9.528357 150.448140 50.094417 20.000388 -0.502266 -1.381105
9.518319 150.448700 50.094350 20.000388 -0.502525 -1.380672
9.508280 150.449260 50.094283 20.000388 -0.502782 -1.380240
9.498242 150.449820 50.094215 20.000388 -0.503038 -1.379809
9.488204 150.450380 50.094147 20.000387 -0.503293 -1.379377
9.478165 150.450940 50.094079 20.000387 -0.503547 -1.378946
9.468127 150.451501 50.094011 20.000387 -0.503800 -1.378514
9.458088 150.452062 50.093943 20.000386 -0.504052 -1.378083
9.448050 150.452623 50.093874 20.000386 -0.504303 -1.377652
9.438011 150.453184 50.093806 20.000386 -0.504553 -1.377222
9.427973 150.453745 50.093737 20.000386 -0.504801 -1.376791
9.417934 150.454306 50.093668 20.000385 -0.505049 -1.376361
