-18.310876 149.320368 -50.336502 -0.154488 288.297832 -0.000000
-18.307216 149.320612 -50.336481 -0.154479 288.307205 -0.000000
-18.303555 149.320856 -50.336460 -0.154469 288.316579 -0.000000
-18.299895 149.321101 -50.336439 -0.154459 288.325953 -0.000000
-18.296236 149.321345 -50.336418 -0.154450 288.335327 -0.000000
-18.292576 149.321589 -50.336397 -0.154440 288.344700 -0.000000
-18.288917 149.321833 -50.336375 -0.154430 288.354074 -0.000000
-18.285258 149.322077 -50.336354 -0.154420 288.363448 -0.000000
-18.281599 149.322322 -50.336332 -0.154410 288.372822 -0.000000
-18.277940 149.322566 -50.336311 -0.154400 288.382197 -0.000000
-18.274281 149.322810 -50.336289 -0.154390 288.391571 -0.000000
-18.270623 149.323055 -50.336267 -0.154380 288.400945 -0.000000
-18.266965 149.323299 -50.336244 -0.154370 288.410320 -0.000000
-18.263307 149.323544 -50.336222 -0.154360 288.419694 -0.000000
-18.259649 149.323788 -50.336200 -0.154349 288.429069 -0.000000
-18.255992 149.324033 -50.336177 -0.154339 288.438443 -0.000000
-18.252335 149.324277 -50.336154 -0.154329 288.447818 -0.000000
-18.248678 149.324522 -50.336131 -0.154318 288.457193 -0.000000
-18.245021 149.324767 -50.336108 -0.154307 288.466568 -0.000000
-18.241364 149.325011 -50.336085 -0.154297 288.475943 -0.000000
-18.237708 149.325256 -50.336062 -0.154286 288.485318 -0.000000
-18.234051 149.325501 -50.336039 -0.154275 288.494693 -0.000000
-18.230395 149.325746 -50.336015 -0.154265 288.504068 -0.000000
-18.226740 149.325990 -50.335991 -0.154254 288.513443 -0.000000
-18.223084 149.326235 -50.335968 -0.154243 288.522819 -0.000000
-18.219429 149.326480 -50.335944 -0.154232 288.532194 -0.000000
-18.215774 149.326725 -50.335919 -0.154221 288.541570 -0.000000
-18.212119 149.326970 -50.335895 -0.154210 288.550945 -0.000000
-18.208464 149.327215 -50.335871 -0.154198 288.560321 -0.000000
-18.204810 149.327460 -50.335846 -0.154187 288.569697 -0.000000
-18.201155 149.327705 -50.335822 -0.154176 288.579073 -0.000000
-18.197501 149.327950 -50.335797 -0.154165 288.588449 -0.000000
-18.193847 149.328195 -50.335772 -0.154153 288.597825 -0.000000
-18.190194 149.328441 -50.335747 -0.154142 288.607201 -0.000000
-18.186540 149.328686 -50.335722 -0.154130 288.616577 -0.000000
-18.182887 149.328931 -50.335697 -0.154118 288.625953 -0.000000
-18.179234 149.329176 -50.335671 -0.154107 288.635330 -0.000000
-18.175582 149.329422 -50.335646 -0.154095 288.644706 -0.000000
-18.171929 149.329667 -50.335620 -0.154083 288.654083 -0.000000
-18.168277 149.329912 -50.335594 -0.154071 288.663459 -0.000000
-18.164625 149.330158 -50.335568 -0.154059 288.672836 -0.000000
-18.160973 149.330403 -50.335542 -0.154048 288.682213 -0.000000
-18.157321 149.330649 -50.335516 -0.154035 288.691590 -0.000000
-18.153670 149.330894 -50.335490 -0.154023 288.700967 -0.000000
-18.150019 149.331140 -50.335463 -0.154011 288.710344 -0.000000
-18.146368 149.331385 -50.335436 -0.153999 288.719721 -0.000000
-18.142717 149.331631 -50.335410 -0.153987 288.729098 -0.000000
-18.139067 149.331876 -50.335383 -0.153974 288.738476 -0.000000
-18.135416 149.332122 -50.335356 -0.153962 288.747853 -0.000000
-18.131766 149.332368 -50.335329 -0.153949 288.757230 -0.000000
-18.128117 149.332613 -50.335301 -0.153937 288.766608 -0.000000
-18.124467 149.332859 -50.335274 -0.153924 288.775986 -0.000000
-18.120818 149.333105 -50.335246 -0.153912 288.785364 -0.000000
-18.117169 149.333351 -50.335219 -0.153899 288.794741 -0.000000
-18.113520 149.333597 -50.335191 -0.153886 288.804119 -0.000000
-18.109871 149.333842 -50.335163 -0.153873 288.813497 -0.000000
-18.106223 149.334088 -50.335135 -0.153861 288.822876 -0.000000
-18.102575 149.334334 -50.335107 -0.153848 288.832254 -0.000000
-18.098927 149.334580 -50.335078 -0.153835 288.841632 -0.000000
-18.095279 149.334826 -50.335050 -0.153821 288.851010 -0.000000
-18.091632 149.335072 -50.335021 -0.153808 288.860389 -0.000000
-18.087984 149.335318 -50.334992 -0.153795 288.869768 -0.000000
-18.084337 149.335565 -50.334964 -0.153782 288.879146 -0.000000
-18.080691 149.335811 -50.334935 -0.153769 288.888525 -0.000000
-18.077044 149.336057 -50.334905 -0.153755 288.897904 -0.000000
-18.073398 149.336303 -50.334876 -0.153742 288.907283 -0.000000
-18.069752 149.336549 -50.334847 -0.153728 288.916662 -0.000000
-18.066106 149.336795 -50.334817 -0.153715 288.926041 -0.000000
-18.062461 149.337042 -50.334788 -0.153701 288.935420 -0.000000
-18.058815 149.337288 -50.334758 -0.153687 288.944800 -0.000000
-18.055170 149.337534 -50.334728 -0.153674 288.954179 -0.000000
-18.051525 149.337781 -50.334698 -0.153660 288.963558 -0.000000
-18.047881 149.338027 -50.334668 -0.153646 288.972938 -0.000000
-18.044237 149.338274 -50.334637 -0.153632 288.982318 -0.000000
-18.040592 149.338520 -50.334607 -0.153618 288.991697 -0.000000
-18.036949 149.338767 -50.334576 -0.153604 289.001077 -0.000000
-18.033305 149.339013 -50.334546 -0.153590 289.010457 -0.000000
-18.029662 149.339260 -50.334515 -0.153576 289.019837 -0.000000
-18.026019 149.339506 -50.334484 -0.153562 289.029218 -0.000000
-18.022376 149.339753 -50.334453 -0.153547 289.038598 -0.000000
-18.018733 149.340000 -50.334422 -0.153533 289.047978 -0.000000
-18.015091 149.340246 -50.334390 -0.153519 289.057359 -0.000000
-18.011449 149.340493 -50.334359 -0.153504 289.066739 -0.000000
-18.007807 149.340740 -50.334327 -0.153490 289.076120 -0.000000
-18.004165 149.340987 -50.334295 -0.153475 289.085501 -0.000000
-18.000524 149.341233 -50.334263 -0.153460 289.094881 -0.000000
-17.996883 149.341480 -50.334232 -0.153446 289.104262 -0.000000
-17.993242 149.341727 -50.334199 -0.153431 289.113643 -0.000000
-17.989601 149.341974 -50.334167 -0.153416 289.123024 -0.000000
-17.985961 149.342221 -50.334135 -0.153401 289.132406 -0.000000
-17.982321 149.342468 -50.334102 -0.153386 289.141787 -0.000000
-17.978681 149.342715 -50.334070 -0.153371 289.151168 -0.000000
-17.975041 149.342962 -50.334037 -0.153356 289.160550 -0.000000
-17.971402 149.343209 -50.334004 -0.153341 289.169932 -0.000000
-17.967763 149.343456 -50.333971 -0.153326 289.179313 -0.000000
-17.964124 149.343703 -50.333938 -0.153311 289.188695 -0.000000
-17.960486 149.343950 -50.333904 -0.153296 289.198077 -0.000000
-17.956847 149.344197 -50.333871 -0.153280 289.207459 -0.000000
-17.953209 149.344445 -50.333838 -0.153265 289.216841 -0.000000
-17.949571 149.344692 -50.333804 -0.153249 289.226223 -0.000000
-17.945934 149.344939 -50.333770 -0.153234 289.235606 -0.000000
-17.942297 149.345186 -50.333736 -0.153218 289.244988 -0.000000
-17.938660 149.345434 -50.333702 -0.153203 289.254371 -0.000000
-17.935023 149.345681 -50.333668 -0.153187 289.263753 -0.000000
-17.931386 149.345928 -50.333634 -0.153171 289.273136 -0.000000
-17.927750 149.346176 -50.333599 -0.153156 289.282519 -0.000000
-17.924114 149.346423 -50.333565 -0.153140 289.291902 -0.000000
-17.920478 149.346671 -50.333530 -0.153124 289.301285 -0.000000
-17.916843 149.346918 -50.333495 -0.153108 289.310668 -0.000000
-17.913208 149.347166 -50.333460 -0.153092 289.320051 -0.000000
-17.909573 149.347413 -50.333425 -0.153076 289.329434 -0.000000
-17.905938 149.347661 -50.333390 -0.153059 289.338818 -0.000000
-17.902304 149.347908 -50.333355 -0.153043 289.348201 -0.000000
-17.898670 149.348156 -50.333319 -0.153027 289.357585 -0.000000
-17.895036 149.348404 -50.333284 -0.153011 289.366968 -0.000000
-17.891402 149.348651 -50.333248 -0.152994 289.376352 -0.000000
-17.887769 149.348899 -50.333212 -0.152978 289.385736 -0.000000
-17.884136 149.349147 -50.333176 -0.152961 289.395120 -0.000000
-17.880503 149.349394 -50.333140 -0.152945 289.404504 -0.000000
-17.876871 149.349642 -50.333104 -0.152928 289.413889 -0.000000
-17.873238 149.349890 -50.333068 -0.152911 289.423273 -0.000000
-17.869607 149.350138 -50.333031 -0.152895 289.432657 -0.000000
-17.865975 149.350386 -50.332995 -0.152878 289.442042 -0.000000
-17.862343 149.350634 -50.332958 -0.152861 289.451427 -0.000000
-17.858712 149.350882 -50.332921 -0.152844 289.460811 -0.000000
-17.855081 149.351130 -50.332884 -0.152827 289.470196 -0.000000
-17.851451 149.351378 -50.332847 -0.152810 289.479581 -0.000000
-17.847821 149.351626 -50.332810 -0.152793 289.488966 -0.000000
-17.844190 149.351874 -50.332773 -0.152776 289.498352 -0.000000
-17.840561 149.352122 -50.332735 -0.152759 289.507737 -0.000000
-17.836931 149.352370 -50.332697 -0.152742 289.517122 -0.000000
-17.833302 149.352618 -50.332660 -0.152724 289.526508 -0.000000
-17.829673 149.352866 -50.332622 -0.152707 289.535893 -0.000000
-17.826044 149.353114 -50.332584 -0.152689 289.545279 -0.000000
-17.822416 149.353362 -50.332546 -0.152672 289.554665 -0.000000
-17.818788 149.353611 -50.332508 -0.152654 289.564051 -0.000000
-17.815160 149.353859 -50.332469 -0.152637 289.573437 -0.000000
-17.811533 149.354107 -50.332431 -0.152619 289.582823 -0.000000
-17.807905 149.354355 -50.332392 -0.152601 289.592209 -0.000000
-17.804278 149.354604 -50.332354 -0.152584 289.601596 -0.000000
-17.800652 149.354852 -50.332315 -0.152566 289.610982 -0.000000
-17.797025 149.355101 -50.332276 -0.152548 289.620369 -0.000000
-17.793399 149.355349 -50.332237 -0.152530 289.629755 -0.000000
-17.789773 149.355597 -50.332198 -0.152512 289.639142 -0.000000
-17.786148 149.355846 -50.332158 -0.152494 289.648529 -0.000000
-17.782522 149.356094 -50.332119 -0.152476 289.657916 -0.000000
-17.778898 149.356343 -50.332079 -0.152458 289.667303 -0.000000
-17.775273 149.356591 -50.332040 -0.152440 289.676690 -0.000000
-17.771648 149.356840 -50.332000 -0.152421 289.686078 -0.000000
-17.768024 149.357089 -50.331960 -0.152403 289.695465 -0.000000
-17.764400 149.357337 -50.331920 -0.152385 289.704853 -0.000000
-17.760777 149.357586 -50.331880 -0.152366 289.714241 -0.000000
-17.757154 149.357834 -50.331839 -0.152348 289.723628 -0.000000
-17.753531 149.358083 -50.331799 -0.152329 289.733016 -0.000000
-17.749908 149.358332 -50.331758 -0.152310 289.742404 -0.000000
-17.746286 149.358581 -50.331718 -0.152292 289.751792 -0.000000
-17.742664 149.358829 -50.331677 -0.152273 289.761181 -0.000000
-17.739042 149.359078 -50.331636 -0.152254 289.770569 -0.000000
-17.735420 149.359327 -50.331595 -0.152235 289.779958 -0.000000
-17.731799 149.359576 -50.331554 -0.152216 289.789346 -0.000000
-17.728178 149.359825 -50.331513 -0.152198 289.798735 -0.000000
-17.724557 149.360074 -50.331471 -0.152179 289.808124 -0.000000
-17.720937 149.360323 -50.331430 -0.152159 289.817513 -0.000000
-17.717317 149.360571 -50.331388 -0.152140 289.826902 -0.000000
-17.713697 149.360820 -50.331346 -0.152121 289.836291 -0.000000
-17.710078 149.361069 -50.331304 -0.152102 289.845680 -0.000000
-17.706459 149.361318 -50.331262 -0.152083 289.855069 -0.000000
-17.702840 149.361567 -50.331220 -0.152063 289.864459 -0.000000
-17.699221 149.361817 -50.331178 -0.152044 289.873848 -0.000000
-17.695603 149.362066 -50.331136 -0.152024 289.883238 -0.000000
-17.691985 149.362315 -50.331093 -0.152005 289.892628 -0.000000
-17.688368 149.362564 -50.331050 -0.151985 289.902018 -0.000000
-17.684750 149.362813 -50.331008 -0.151966 289.911408 -0.000000
-17.681133 149.363062 -50.330965 -0.151946 289.920798 -0.000000
-17.677516 149.363311 -50.330922 -0.151926 289.930189 -0.000000
-17.673900 149.363561 -50.330879 -0.151907 289.939579 -0.000000
-17.670284 149.363810 -50.330836 -0.151887 289.948970 -0.000000
-17.666668 149.364059 -50.330792 -0.151867 289.958360 -0.000000
-17.663053 149.364309 -50.330749 -0.151847 289.967751 -0.000000
-17.659437 149.364558 -50.330705 -0.151827 289.977142 -0.000000
-17.655822 149.364807 -50.330662 -0.151807 289.986533 -0.000000
-17.652208 149.365057 -50.330618 -0.151787 289.995924 -0.000000
-17.648594 149.365306 -50.330574 -0.151767 290.005315 -0.000000
-17.644980 149.365555 -50.330530 -0.151746 290.014707 -0.000000
-17.641366 149.365805 -50.330486 -0.151726 290.024098 -0.000000
-17.637752 149.366054 -50.330441 -0.151706 290.033490 -0.000000
-17.634139 149.366304 -50.330397 -0.151685 290.042881 -0.000000
-17.630527 149.366553 -50.330352 -0.151665 290.052273 -0.000000
-17.626914 149.366803 -50.330308 -0.151644 290.061665 -0.000000
-17.623302 149.367053 -50.330263 -0.151624 290.071057 -0.000000
-17.619690 149.367302 -50.330218 -0.151603 290.080450 -0.000000
-17.616079 149.367552 -50.330173 -0.151583 290.089842 -0.000000
-17.612468 149.367801 -50.330128 -0.151562 290.099234 -0.000000
-17.608857 149.368051 -50.330083 -0.151541 290.108627 -0.000000
-17.605246 149.368301 -50.330037 -0.151520 290.118020 -0.000000
-17.601636 149.368550 -50.329992 -0.151499 290.127412 -0.000000
-17.598026 149.368800 -50.329946 -0.151478 290.136805 -0.000000
-17.594416 149.369050 -50.329900 -0.151457 290.146198 -0.000000
-17.590807 149.369300 -50.329855 -0.151436 290.155591 -0.000000
-17.587198 149.369549 -50.329809 -0.151415 290.164985 -0.000000
-17.583589 149.369799 -50.329762 -0.151394 290.174378 -0.000000
-17.579981 149.370049 -50.329716 -0.151373 290.183772 -0.000000
-17.576373 149.370299 -50.329670 -0.151352 290.193165 -0.000000
-17.572765 149.370549 -50.329624 -0.151330 290.202559 -0.000000
-17.569158 149.370799 -50.329577 -0.151309 290.211953 -0.000000
-17.565551 149.371049 -50.329530 -0.151287 290.221347 -0.000000
-17.561944 149.371299 -50.329484 -0.151266 290.230741 -0.000000
-17.558338 149.371549 -50.329437 -0.151244 290.240136 -0.000000
-17.554731 149.371799 -50.329390 -0.151223 290.249530 -0.000000
-17.551126 149.372049 -50.329342 -0.151201 290.258924 -0.000000
-17.547520 149.372299 -50.329295 -0.151180 290.268319 -0.000000
-17.543915 149.372549 -50.329248 -0.151158 290.277714 -0.000000
-17.540310 149.372799 -50.329200 -0.151136 290.287109 -0.000000
-17.536706 149.373049 -50.329153 -0.151114 290.296504 -0.000000
-17.533102 149.373299 -50.329105 -0.151092 290.305899 -0.000000
-17.529498 149.373549 -50.329057 -0.151070 290.315294 -0.000000
-17.525894 149.373799 -50.329009 -0.151048 290.324690 -0.000000
-17.522291 149.374049 -50.328961 -0.151026 290.334085 -0.000000
-17.518688 149.374300 -50.328913 -0.151004 290.343481 -0.000000
-17.515086 149.374550 -50.328865 -0.150982 290.352877 -0.000000
-17.511483 149.374800 -50.328816 -0.150960 290.362272 -0.000000
-17.507882 149.375050 -50.328768 -0.150937 290.371668 -0.000000
-17.504280 149.375301 -50.328719 -0.150915 290.381065 -0.000000
-17.500679 149.375551 -50.328670 -0.150893 290.390461 -0.000000
-17.497078 149.375801 -50.328621 -0.150870 290.399857 -0.000000
-17.493477 149.376052 -50.328572 -0.150848 290.409254 -0.000000
-17.489877 149.376302 -50.328523 -0.150825 290.418651 -0.000000
-17.486277 149.376553 -50.328474 -0.150803 290.428047 -0.000000
-17.482678 149.376803 -50.328425 -0.150780 290.437444 -0.000000
-17.479079 149.377053 -50.328375 -0.150757 290.446841 -0.000000
-17.475480 149.377304 -50.328326 -0.150734 290.456239 -0.000000
-17.471881 149.377554 -50.328276 -0.150712 290.465636 -0.000000
-17.468283 149.377805 -50.328226 -0.150689 290.475033 -0.000000
-17.464685 149.378055 -50.328176 -0.150666 290.484431 -0.000000
-17.461087 149.378306 -50.328126 -0.150643 290.493829 -0.000000
-17.457490 149.378556 -50.328076 -0.150620 290.503226 -0.000000
-17.453893 149.378807 -50.328026 -0.150597 290.512624 -0.000000
-17.450297 149.379058 -50.327975 -0.150574 290.522022 -0.000000
-17.446701 149.379308 -50.327925 -0.150550 290.531421 -0.000000
-17.443105 149.379559 -50.327874 -0.150527 290.540819 -0.000000
-17.439509 149.379809 -50.327823 -0.150504 290.550218 -0.000000
-17.435914 149.380060 -50.327773 -0.150481 290.559616 -0.000000
-17.432319 149.380311 -50.327722 -0.150457 290.569015 -0.000000
-17.428725 149.380562 -50.327671 -0.150434 290.578414 -0.000000
-17.425131 149.380812 -50.327619 -0.150410 290.587813 -0.000000
-17.421537 149.381063 -50.327568 -0.150387 290.597212 0.000000
-17.417944 149.381314 -50.327517 -0.150363 290.606611 0.000000
-17.414351 149.381565 -50.327465 -0.150339 290.616011 0.000000
-17.410758 149.381815 -50.327414 -0.150316 290.625410 0.000000
-17.407165 149.382066 -50.327362 -0.150292 290.634810 0.000000
-17.403573 149.382317 -50.327310 -0.150268 290.644210 0.000000
-17.399982 149.382568 -50.327258 -0.150244 290.653610 0.000000
-17.396390 149.382819 -50.327206 -0.150220 290.663010 0.000000
-17.392799 149.383070 -50.327154 -0.150196 290.672410 0.000000
-17.389209 149.383321 -50.327101 -0.150172 290.681810 0.000000
-17.385618 149.383572 -50.327049 -0.150148 290.691211 0.000000
-17.382028 149.383823 -50.326996 -0.150124 290.700611 0.000000
-17.378439 149.384074 -50.326944 -0.150100 290.710012 0.000000
-17.374849 149.384325 -50.326891 -0.150076 290.719413 0.000000
-17.371260 149.384576 -50.326838 -0.150051 290.728814 0.000000
-17.367672 149.384827 -50.326785 -0.150027 290.738215 0.000000
-17.364084 149.385078 -50.326732 -0.150003 290.747617 0.000000
-17.360496 149.385329 -50.326679 -0.149978 290.757018 0.000000
-17.356908 149.385580 -50.326625 -0.149954 290.766420 0.000000
-17.353321 149.385831 -50.326572 -0.149929 290.775821 0.000000
-17.349734 149.386082 -50.326518 -0.149905 290.785223 0.000000
-17.346148 149.386333 -50.326465 -0.149880 290.794625 0.000000
-17.342562 149.386584 -50.326411 -0.149855 290.804027 0.000000
-17.338976 149.386836 -50.326357 -0.149831 290.813429 0.000000
-17.335391 149.387087 -50.326303 -0.149806 290.822832 0.000000
-17.331806 149.387338 -50.326249 -0.149781 290.832234 0.000000
-17.328221 149.387589 -50.326195 -0.149756 290.841637 0.000000
-17.324637 149.387841 -50.326140 -0.149731 290.851040 0.000000
-17.321053 149.388092 -50.326086 -0.149706 290.860443 0.000000
-17.317469 149.388343 -50.326031 -0.149681 290.869846 0.000000
-17.313886 149.388594 -50.325977 -0.149656 290.879249 0.000000
-17.310303 149.388846 -50.325922 -0.149631 290.888652 0.000000
-17.306720 149.389097 -50.325867 -0.149606 290.898056 0.000000
-17.303138 149.389348 -50.325812 -0.149580 290.907459 0.000000
-17.299556 149.389600 -50.325757 -0.149555 290.916863 0.000000
-17.295975 149.389851 -50.325702 -0.149530 290.926267 0.000000
-17.292394 149.390103 -50.325646 -0.149504 290.935671 0.000000
-17.288813 149.390354 -50.325591 -0.149479 290.945075 0.000000
-17.285233 149.390606 -50.325535 -0.149453 290.954479 0.000000
-17.281653 149.390857 -50.325480 -0.149428 290.963884 0.000000
-17.278073 149.391109 -50.325424 -0.149402 290.973288 0.000000
-17.274494 149.391360 -50.325368 -0.149377 290.982693 0.000000
-17.270915 149.391612 -50.325312 -0.149351 290.992098 0.000000
-17.267336 149.391863 -50.325256 -0.149325 291.001503 0.000000
-17.263758 149.392115 -50.325200 -0.149299 291.010908 0.000000
-17.260181 149.392366 -50.325143 -0.149273 291.020313 0.000000
-17.256603 149.392618 -50.325087 -0.149247 291.029719 0.000000
-17.253026 149.392869 -50.325030 -0.149221 291.039124 0.000000
-17.249449 149.393121 -50.324974 -0.149195 291.048530 0.000000
-17.245873 149.393373 -50.324917 -0.149169 291.057936 0.000000
-17.242297 149.393624 -50.324860 -0.149143 291.067342 0.000000
-17.238721 149.393876 -50.324803 -0.149117 291.076748 0.000000
-17.235146 149.394128 -50.324746 -0.149091 291.086154 0.000000
-17.231571 149.394379 -50.324689 -0.149065 291.095561 0.000000
-17.227997 149.394631 -50.324631 -0.149038 291.104967 0.000000
-17.224423 149.394883 -50.324574 -0.149012 291.114374 0.000000
-17.220849 149.395135 -50.324516 -0.148986 291.123781 0.000000
-17.217276 149.395386 -50.324459 -0.148959 291.133188 0.000000
-17.213703 149.395638 -50.324401 -0.148933 291.142595 0.000000
-17.210130 149.395890 -50.324343 -0.148906 291.152002 0.000000
-17.206558 149.396142 -50.324285 -0.148879 291.161409 0.000000
-17.202986 149.396394 -50.324227 -0.148853 291.170817 0.000000
-17.199414 149.396645 -50.324169 -0.148826 291.180225 0.000000
-17.195843 149.396897 -50.324110 -0.148799 291.189632 0.000000
-17.192272 149.397149 -50.324052 -0.148772 291.199040 0.000000
-17.188702 149.397401 -50.323994 -0.148746 291.208448 0.000000
-17.185132 149.397653 -50.323935 -0.148719 291.217857 0.000000
-17.181562 149.397905 -50.323876 -0.148692 291.227265 0.000000
-17.177993 149.398157 -50.323817 -0.148665 291.236674 0.000000
-17.174424 149.398409 -50.323758 -0.148638 291.246082 0.000000
-17.170856 149.398661 -50.323699 -0.148610 291.255491 0.000000
-17.167288 149.398913 -50.323640 -0.148583 291.264900 0.000000
-17.163720 149.399165 -50.323581 -0.148556 291.274309 0.000000
-17.160152 149.399417 -50.323521 -0.148529 291.283718 0.000000
-17.156586 149.399669 -50.323462 -0.148502 291.293128 0.000000
-17.153019 149.399921 -50.323402 -0.148474 291.302537 0.000000
-17.149453 149.400173 -50.323343 -0.148447 291.311947 0.000000
-17.145887 149.400425 -50.323283 -0.148419 291.321357 0.000000
-17.142321 149.400677 -50.323223 -0.148392 291.330767 0.000000
-17.138756 149.400929 -50.323163 -0.148364 291.340177 0.000000
-17.135192 149.401181 -50.323103 -0.148337 291.349587 0.000000
-17.131627 149.401433 -50.323043 -0.148309 291.358997 0.000000
-17.128063 149.401685 -50.322982 -0.148281 291.368408 0.000000
-17.124500 149.401938 -50.322922 -0.148253 291.377819 0.000000
-17.120937 149.402190 -50.322861 -0.148226 291.387230 0.000000
-17.117374 149.402442 -50.322801 -0.148198 291.396641 0.000000
-17.113812 149.402694 -50.322740 -0.148170 291.406052 0.000000
-17.110250 149.402946 -50.322679 -0.148142 291.415463 0.000000
-17.106688 149.403199 -50.322618 -0.148114 291.424874 0.000000
-17.103127 149.403451 -50.322557 -0.148086 291.434286 0.000000
-17.099566 149.403703 -50.322496 -0.148058 291.443698 0.000000
-17.096005 149.403955 -50.322434 -0.148030 291.453109 0.000000
-17.092445 149.404208 -50.322373 -0.148002 291.462521 0.000000
-17.088886 149.404460 -50.322311 -0.147973 291.471934 0.000000
-17.085327 149.404712 -50.322250 -0.147945 291.481346 0.000000
-17.081768 149.404965 -50.322188 -0.147917 291.490758 0.000000
-17.078209 149.405217 -50.322126 -0.147888 291.500171 0.000000
-17.074651 149.405469 -50.322064 -0.147860 291.509584 0.000000
-17.071093 149.405722 -50.322002 -0.147831 291.518997 0.000000
-17.067536 149.405974 -50.321940 -0.147803 291.528410 0.000000
-17.063979 149.406227 -50.321878 -0.147774 291.537823 0.000000
-17.060423 149.406479 -50.321815 -0.147746 291.547236 0.000000
-17.056866 149.406731 -50.321753 -0.147717 291.556650 0.000000
-17.053311 149.406984 -50.321690 -0.147688 291.566063 0.000000
-17.049755 149.407236 -50.321628 -0.147659 291.575477 0.000000
-17.046200 149.407489 -50.321565 -0.147631 291.584891 0.000000
-17.042646 149.407741 -50.321502 -0.147602 291.594305 0.000000
-17.039092 149.407994 -50.321439 -0.147573 291.603719 0.000000
-17.035538 149.408246 -50.321376 -0.147544 291.613134 0.000000
-17.031985 149.408499 -50.321313 -0.147515 291.622548 0.000000
-17.028432 149.408751 -50.321249 -0.147486 291.631963 0.000000
-17.024879 149.409004 -50.321186 -0.147457 291.641378 0.000000
-17.021327 149.409256 -50.321123 -0.147427 291.650793 0.000000
-17.017775 149.409509 -50.321059 -0.147398 291.660208 0.000000
-17.014224 149.409762 -50.320995 -0.147369 291.669623 0.000000
-17.010673 149.410014 -50.320931 -0.147340 291.679038 0.000000
-17.007122 149.410267 -50.320867 -0.147310 291.688454 0.000000
-17.003572 149.410520 -50.320803 -0.147281 291.697870 0.000000
-17.000022 149.410772 -50.320739 -0.147252 291.707286 0.000000
-16.996473 149.411025 -50.320675 -0.147222 291.716702 0.000000
-16.992924 149.411277 -50.320611 -0.147192 291.726118 0.000000
-16.989375 149.411530 -50.320546 -0.147163 291.735534 0.000000
-16.985827 149.411783 -50.320482 -0.147133 291.744951 0.000000
-16.982279 149.412036 -50.320417 -0.147104 291.754367 0.000000
-16.978732 149.412288 -50.320352 -0.147074 291.763784 0.000000
-16.975185 149.412541 -50.320287 -0.147044 291.773201 0.000000
-16.971639 149.412794 -50.320222 -0.147014 291.782618 0.000000
-16.968093 149.413046 -50.320157 -0.146984 291.792035 0.000000
-16.964547 149.413299 -50.320092 -0.146954 291.801453 0.000000
-16.961002 149.413552 -50.320027 -0.146924 291.810870 0.000000
-16.957457 149.413805 -50.319962 -0.146894 291.820288 0.000000
-16.953912 149.414058 -50.319896 -0.146864 291.829706 0.000000
-16.950368 149.414310 -50.319831 -0.146834 291.839124 0.000000
-16.946824 149.414563 -50.319765 -0.146804 291.848542 0.000000
-16.943281 149.414816 -50.319699 -0.146774 291.857960 0.000000
-16.939738 149.415069 -50.319633 -0.146744 291.867379 0.000000
-16.936196 149.415322 -50.319567 -0.146713 291.876797 0.000000
-16.932654 149.415575 -50.319501 -0.146683 291.886216 0.000000
-16.929112 149.415827 -50.319435 -0.146653 291.895635 0.000000
-16.925571 149.416080 -50.319369 -0.146622 291.905054 0.000000
-16.922030 149.416333 -50.319302 -0.146592 291.914473 0.000000
-16.918490 149.416586 -50.319236 -0.146561 291.923893 0.000000
-16.914950 149.416839 -50.319169 -0.146531 291.933312 0.000000
-16.911410 149.417092 -50.319102 -0.146500 291.942732 0.000000
-16.907871 149.417345 -50.319036 -0.146469 291.952152 0.000000
-16.904332 149.417598 -50.318969 -0.146439 291.961572 0.000000
-16.900794 149.417851 -50.318902 -0.146408 291.970992 0.000000
-16.897256 149.418104 -50.318835 -0.146377 291.980412 0.000000
-16.893719 149.418357 -50.318767 -0.146346 291.989833 0.000000
-16.890182 149.418610 -50.318700 -0.146315 291.999254 0.000000
-16.886645 149.418863 -50.318633 -0.146284 292.008674 0.000000
-16.883109 149.419116 -50.318565 -0.146253 292.018095 0.000000
-16.879573 149.419369 -50.318497 -0.146222 292.027516 0.000000
-16.876038 149.419622 -50.318430 -0.146191 292.036938 0.000000
-16.872503 149.419875 -50.318362 -0.146160 292.046359 0.000000
-16.868968 149.420128 -50.318294 -0.146129 292.055781 0.000000
-16.865434 149.420381 -50.318226 -0.146098 292.065202 0.000000
-16.861900 149.420634 -50.318158 -0.146066 292.074624 0.000000
-16.858367 149.420887 -50.318090 -0.146035 292.084046 0.000000
-16.854834 149.421140 -50.318021 -0.146004 292.093468 0.000000
-16.851302 149.421394 -50.317953 -0.145972 292.102891 0.000000
-16.847770 149.421647 -50.317884 -0.145941 292.112313 0.000000
-16.844238 149.421900 -50.317816 -0.145909 292.121736 0.000000
-16.840707 149.422153 -50.317747 -0.145878 292.131159 0.000000
-16.837176 149.422406 -50.317678 -0.145846 292.140582 0.000000
-16.833646 149.422659 -50.317609 -0.145815 292.150005 0.000000
-16.830116 149.422912 -50.317540 -0.145783 292.159428 0.000000
-16.826586 149.423166 -50.317471 -0.145751 292.168852 0.000000
-16.823057 149.423419 -50.317402 -0.145719 292.178275 0.000000
-16.819529 149.423672 -50.317333 -0.145688 292.187699 0.000000
-16.816001 149.423925 -50.317263 -0.145656 292.197123 0.000000
-16.812473 149.424178 -50.317194 -0.145624 292.206547 0.000000
-16.808946 149.424432 -50.317124 -0.145592 292.215971 0.000000
-16.805419 149.424685 -50.317054 -0.145560 292.225396 0.000000
-16.801892 149.424938 -50.316985 -0.145528 292.234820 0.000000
-16.798366 149.425191 -50.316915 -0.145496 292.244245 0.000000
-16.794841 149.425445 -50.316845 -0.145464 292.253670 0.000000
-16.791315 149.425698 -50.316775 -0.145431 292.263095 0.000000
-16.787791 149.425951 -50.316704 -0.145399 292.272520 0.000000
-16.784266 149.426205 -50.316634 -0.145367 292.281946 0.000000
-16.780742 149.426458 -50.316564 -0.145335 292.291371 0.000000
-16.777219 149.426711 -50.316493 -0.145302 292.300797 0.000000
-16.773696 149.426965 -50.316423 -0.145270 292.310223 0.000000
-16.770173 149.427218 -50.316352 -0.145237 292.319649 0.000000
-16.766651 149.427471 -50.316281 -0.145205 292.329075 0.000000
-16.763129 149.427725 -50.316210 -0.145172 292.338501 0.000000
-16.759608 149.427978 -50.316139 -0.145140 292.347928 0.000000
-16.756087 149.428231 -50.316068 -0.145107 292.357355 0.000000
-16.752567 149.428485 -50.315997 -0.145074 292.366781 0.000000
-16.749047 149.428738 -50.315926 -0.145042 292.376208 0.000000
-16.745527 149.428991 -50.315854 -0.145009 292.385635 0.000000
-16.742008 149.429245 -50.315783 -0.144976 292.395063 0.000000
-16.738490 149.429498 -50.315711 -0.144943 292.404490 0.000000
-16.734971 149.429752 -50.315640 -0.144910 292.413918 0.000000
-16.731454 149.430005 -50.315568 -0.144877 292.423346 0.000000
-16.727936 149.430259 -50.315496 -0.144844 292.432774 0.000000
-16.724419 149.430512 -50.315424 -0.144811 292.442202 0.000000
-16.720903 149.430765 -50.315352 -0.144778 292.451630 0.000000
-16.717387 149.431019 -50.315280 -0.144745 292.461059 0.000000
-16.713871 149.431272 -50.315207 -0.144712 292.470487 0.000000
-16.710356 149.431526 -50.315135 -0.144679 292.479916 0.000000
-16.706842 149.431779 -50.315063 -0.144645 292.489345 0.000000
-16.703327 149.432033 -50.314990 -0.144612 292.498774 0.000000
-16.699814 149.432286 -50.314917 -0.144579 292.508203 0.000000
-16.696300 149.432540 -50.314845 -0.144545 292.517633 0.000000
-16.692787 149.432793 -50.314772 -0.144512 292.527062 0.000000
-16.689275 149.433047 -50.314699 -0.144478 292.536492 0.000000
-16.685763 149.433300 -50.314626 -0.144445 292.545922 0.000000
-16.682251 149.433554 -50.314553 -0.144411 292.555352 0.000000
-16.678740 149.433807 -50.314480 -0.144378 292.564782 0.000000
-16.675229 149.434061 -50.314406 -0.144344 292.574213 0.000000
-16.671719 149.434314 -50.314333 -0.144310 292.583643 0.000000
-16.668209 149.434568 -50.314259 -0.144277 292.593074 0.000000
-16.664700 149.434822 -50.314186 -0.144243 292.602505 0.000000
-16.661191 149.435075 -50.314112 -0.144209 292.611936 0.000000
-16.657683 149.435329 -50.314038 -0.144175 292.621367 0.000000
-16.654175 149.435582 -50.313964 -0.144141 292.630799 0.000000
-16.650667 149.435836 -50.313890 -0.144107 292.640230 0.000000
-16.647160 149.436090 -50.313816 -0.144073 292.649662 0.000000
-16.643654 149.436343 -50.313742 -0.144039 292.659094 0.000000
-16.640147 149.436597 -50.313668 -0.144005 292.668526 0.000000
-16.636642 149.436850 -50.313593 -0.143971 292.677958 0.000000
-16.633136 149.437104 -50.313519 -0.143937 292.687391 0.000000
-16.629632 149.437358 -50.313444 -0.143902 292.696823 0.000000
-16.626127 149.437611 -50.313370 -0.143868 292.706256 0.000000
-16.622623 149.437865 -50.313295 -0.143834 292.715689 0.000000
-16.619120 149.438119 -50.313220 -0.143799 292.725122 0.000000
-16.615617 149.438372 -50.313145 -0.143765 292.734555 0.000000
-16.612114 149.438626 -50.313070 -0.143731 292.743989 0.000000
-16.608612 149.438880 -50.312995 -0.143696 292.753422 0.000000
-16.605111 149.439133 -50.312920 -0.143662 292.762856 0.000000
-16.601609 149.439387 -50.312845 -0.143627 292.772290 0.000000
-16.598109 149.439641 -50.312769 -0.143592 292.781724 0.000000
-16.594608 149.439894 -50.312694 -0.143558 292.791159 0.000000
-16.591109 149.440148 -50.312618 -0.143523 292.800593 0.000000
