-50.028247 150.067974 -7.966153 13.204850 179.949118 0.000000
-50.028191 150.067839 -7.971119 13.204386 179.949219 0.000000
-50.028135 150.067703 -7.976084 13.203921 179.949320 0.000000
-50.028079 150.067568 -7.981050 13.203457 179.949421 0.000000
-50.028023 150.067432 -7.986015 13.202992 179.949522 0.000000
-50.027967 150.067296 -7.990981 13.202527 179.949624 0.000000
-50.027910 150.067160 -7.995946 13.202062 179.949725 0.000000
-50.027854 150.067024 -8.000912 13.201596 179.949827 0.000000
-50.027798 150.066887 -8.005877 13.201131 179.949928 0.000000
-50.027741 150.066751 -8.010843 13.200665 179.950030 0.000000
-50.027685 150.066614 -8.015808 13.200199 179.950132 0.000000
-50.027628 150.066478 -8.020773 13.199733 179.950234 0.000000
-50.027571 150.066341 -8.025739 13.199267 179.950336 0.000000
-50.027515 150.066204 -8.030704 13.198801 179.950438 0.000000
-50.027458 150.066066 -8.035669 13.198335 179.950540 0.000000
-50.027401 150.065929 -8.040635 13.197868 179.950643 0.000000
-50.027344 150.065792 -8.045600 13.197401 179.950745 0.000000
-50.027287 150.065654 -8.050565 13.196934 179.950848 0.000000
-50.027230 150.065516 -8.055530 13.196467 179.950951 0.000000
-50.027173 150.065378 -8.060496 13.196000 179.951053 0.000000
-50.027116 150.065240 -8.065461 13.195533 179.951156 0.000000
-50.027058 150.065102 -8.070426 13.195065 179.951259 0.000000
-50.027001 150.064964 -8.075391 13.194598 179.951363 0.000000
-50.026944 150.064826 -8.080356 13.194130 179.951466 0.000000
-50.026886 150.064687 -8.085321 13.193662 179.951569 0.000000
-50.026829 150.064548 -8.090286 13.193194 179.951673 0.000000
-50.026771 150.064409 -8.095251 13.192726 179.951776 0.000000
-50.026714 150.064270 -8.100217 13.192257 179.951880 0.000000
-50.026656 150.064131 -8.105182 13.191789 179.951984 0.000000
-50.026599 150.063992 -8.110147 13.191320 179.952088 0.000000
-50.026541 150.063852 -8.115111 13.190851 179.952192 0.000000
-50.026483 150.063713 -8.120076 13.190382 179.952296 0.000000
-50.026425 150.063573 -8.125041 13.189913 179.952401 0.000000
-50.026367 150.063433 -8.130006 13.189444 179.952505 0.000000
-50.026309 150.063293 -8.134971 13.188974 179.952609 0.000000
-50.026251 150.063153 -8.139936 13.188504 179.952714 0.000000
-50.026193 150.063012 -8.144901 13.188035 179.952819 0.000000
-50.026135 150.062872 -8.149866 13.187565 179.952924 0.000000
-50.026076 150.062731 -8.154830 13.187094 179.953029 0.000000
-50.026018 150.062591 -8.159795 13.186624 179.953134 0.000000
-50.025960 150.062450 -8.164760 13.186154 179.953239 0.000000
-50.025901 150.062309 -8.169725 13.185683 179.953344 0.000000
-50.025843 150.062167 -8.174689 13.185212 179.953450 0.000000
-50.025784 150.062026 -8.179654 13.184741 179.953555 0.000000
-50.025725 150.061885 -8.184619 13.184270 179.953661 0.000000
-50.025667 150.061743 -8.189583 13.183799 179.953766 0.000000
-50.025608 150.061601 -8.194548 13.183328 179.953872 0.000000
-50.025549 150.061459 -8.199512 13.182856 179.953978 0.000000
-50.025490 150.061317 -8.204477 13.182384 179.954084 0.000000
-50.025431 150.061175 -8.209442 13.181913 179.954191 0.000000
-50.025372 150.061033 -8.214406 13.181441 179.954297 0.000000
-50.025313 150.060890 -8.219371 13.180968 179.954403 0.000000
-50.025254 150.060747 -8.224335 13.180496 179.954510 0.000000
-50.025195 150.060605 -8.229300 13.180023 179.954616 0.000000
-50.025136 150.060462 -8.234264 13.179551 179.954723 0.000000
-50.025076 150.060319 -8.239228 13.179078 179.954830 0.000000
-50.025017 150.060175 -8.244193 13.178605 179.954937 0.000000
-50.024957 150.060032 -8.249157 13.178132 179.955044 0.000000
-50.024898 150.059888 -8.254121 13.177658 179.955151 0.000000
-50.024838 150.059745 -8.259086 13.177185 179.955259 0.000000
-50.024779 150.059601 -8.264050 13.176711 179.955366 0.000000
-50.024719 150.059457 -8.269014 13.176238 179.955474 0.000000
-50.024659 150.059313 -8.273979 13.175764 179.955581 0.000000
-50.024599 150.059169 -8.278943 13.175289 179.955689 0.000000
-50.024540 150.059024 -8.283907 13.174815 179.955797 0.000000
-50.024480 150.058880 -8.288871 13.174341 179.955905 0.000000
-50.024420 150.058735 -8.293835 13.173866 179.956013 0.000000
-50.024360 150.058590 -8.298799 13.173391 179.956121 0.000000
-50.024299 150.058445 -8.303763 13.172916 179.956229 0.000000
-50.024239 150.058300 -8.308728 13.172441 179.956338 0.000000
-50.024179 150.058155 -8.313692 13.171966 179.956446 0.000000
-50.024119 150.058009 -8.318656 13.171491 179.956555 0.000000
-50.024058 150.057864 -8.323620 13.171015 179.956664 0.000000
-50.023998 150.057718 -8.328584 13.170539 179.956773 0.000000
-50.023937 150.057572 -8.333548 13.170063 179.956882 0.000000
-50.023877 150.057426 -8.338511 13.169587 179.956991 0.000000
-50.023816 150.057280 -8.343475 13.169111 179.957100 0.000000
-50.023755 150.057134 -8.348439 13.168635 179.957210 0.000000
-50.023694 150.056987 -8.353403 13.168158 179.957319 0.000000
-50.023634 150.056840 -8.358367 13.167682 179.957429 0.000000
-50.023573 150.056694 -8.363331 13.167205 179.957538 0.000000
-50.023512 150.056547 -8.368295 13.166728 179.957648 0.000000
-50.023451 150.056400 -8.373258 13.166250 179.957758 0.000000
-50.023390 150.056253 -8.378222 13.165773 179.957868 0.000000
-50.023329 150.056105 -8.383186 13.165295 179.957978 0.000000
-50.023267 150.055958 -8.388150 13.164818 179.958089 0.000000
-50.023206 150.055810 -8.393113 13.164340 179.958199 0.000000
-50.023145 150.055662 -8.398077 13.163862 179.958309 0.000000
-50.023083 150.055514 -8.403040 13.163384 179.958420 0.000000
-50.023022 150.055366 -8.408004 13.162905 179.958531 0.000000
-50.022960 150.055218 -8.412968 13.162427 179.958642 0.000000
-50.022899 150.055070 -8.417931 13.161948 179.958753 0.000000
-50.022837 150.054921 -8.422895 13.161469 179.958864 0.000000
-50.022775 150.054772 -8.427858 13.160990 179.958975 0.000000
-50.022713 150.054624 -8.432822 13.160511 179.959086 0.000000
-50.022652 150.054475 -8.437785 13.160032 179.959198 0.000000
-50.022590 150.054326 -8.442749 13.159552 179.959309 0.000000
-50.022528 150.054176 -8.447712 13.159072 179.959421 0.000000
-50.022466 150.054027 -8.452675 13.158592 179.959532 0.000000
-50.022404 150.053877 -8.457639 13.158112 179.959644 0.000000
-50.022341 150.053728 -8.462602 13.157632 179.959756 0.000000
-50.022279 150.053578 -8.467565 13.157152 179.959868 0.000000
-50.022217 150.053428 -8.472529 13.156671 179.959981 0.000000
-50.022154 150.053278 -8.477492 13.156191 179.960093 0.000000
-50.022092 150.053127 -8.482455 13.155710 179.960205 0.000000
-50.022030 150.052977 -8.487418 13.155229 179.960318 0.000000
-50.021967 150.052826 -8.492382 13.154748 179.960431 0.000000
-50.021904 150.052675 -8.497345 13.154266 179.960544 0.000000
-50.021842 150.052524 -8.502308 13.153785 179.960656 0.000000
-50.021779 150.052373 -8.507271 13.153303 179.960770 0.000000
-50.021716 150.052222 -8.512234 13.152821 179.960883 0.000000
-50.021653 150.052071 -8.517197 13.152339 179.960996 0.000000
-50.021590 150.051919 -8.522160 13.151857 179.961109 0.000000
-50.021527 150.051768 -8.527123 13.151374 179.961223 0.000000
-50.021464 150.051616 -8.532086 13.150892 179.961336 0.000000
-50.021401 150.051464 -8.537049 13.150409 179.961450 0.000000
-50.021338 150.051312 -8.542012 13.149926 179.961564 0.000000
-50.021275 150.051160 -8.546975 13.149443 179.961678 0.000000
-50.021211 150.051007 -8.551938 13.148960 179.961792 0.000000
-50.021148 150.050855 -8.556901 13.148476 179.961906 0.000000
-50.021084 150.050702 -8.561864 13.147993 179.962021 0.000000
-50.021021 150.050549 -8.566826 13.147509 179.962135 0.000000
-50.020957 150.050396 -8.571789 13.147025 179.962250 0.000000
-50.020894 150.050243 -8.576752 13.146541 179.962364 0.000000
-50.020830 150.050090 -8.581715 13.146057 179.962479 0.000000
-50.020766 150.049936 -8.586677 13.145572 179.962594 0.000000
-50.020702 150.049783 -8.591640 13.145088 179.962709 0.000000
-50.020638 150.049629 -8.596603 13.144603 179.962824 0.000000
-50.020574 150.049475 -8.601565 13.144118 179.962939 0.000000
-50.020510 150.049321 -8.606528 13.143633 179.963055 0.000000
-50.020446 150.049167 -8.611491 13.143148 179.963170 0.000000
-50.020382 150.049012 -8.616453 13.142662 179.963286 0.000000
-50.020318 150.048858 -8.621416 13.142177 179.963402 0.000000
-50.020253 150.048703 -8.626378 13.141691 179.963517 0.000000
-50.020189 150.048548 -8.631341 13.141205 179.963633 0.000000
-50.020125 150.048393 -8.636303 13.140719 179.963749 0.000000
-50.020060 150.048238 -8.641266 13.140232 179.963866 0.000000
-50.019996 150.048083 -8.646228 13.139746 179.963982 0.000000
-50.019931 150.047928 -8.651190 13.139259 179.964098 0.000000
-50.019866 150.047772 -8.656153 13.138772 179.964215 0.000000
-50.019801 150.047616 -8.661115 13.138285 179.964332 0.000000
-50.019737 150.047460 -8.666077 13.137798 179.964448 0.000000
-50.019672 150.047304 -8.671040 13.137311 179.964565 0.000000
-50.019607 150.047148 -8.676002 13.136823 179.964682 0.000000
-50.019542 150.046992 -8.680964 13.136336 179.964800 0.000000
-50.019477 150.046836 -8.685926 13.135848 179.964917 0.000000
-50.019411 150.046679 -8.690889 13.135360 179.965034 0.000000
-50.019346 150.046522 -8.695851 13.134871 179.965152 0.000000
-50.019281 150.046365 -8.700813 13.134383 179.965269 0.000000
-50.019216 150.046208 -8.705775 13.133894 179.965387 0.000000
-50.019150 150.046051 -8.710737 13.133406 179.965505 0.000000
-50.019085 150.045894 -8.715699 13.132917 179.965623 0.000000
-50.019019 150.045736 -8.720661 13.132428 179.965741 0.000000
-50.018953 150.045578 -8.725623 13.131938 179.965859 0.000000
-50.018888 150.045420 -8.730585 13.131449 179.965977 0.000000
-50.018822 150.045262 -8.735547 13.130959 179.966096 0.000000
-50.018756 150.045104 -8.740509 13.130470 179.966214 0.000000
-50.018690 150.044946 -8.745471 13.129980 179.966333 0.000000
-50.018624 150.044788 -8.750433 13.129489 179.966452 0.000000
-50.018558 150.044629 -8.755395 13.128999 179.966571 0.000000
-50.018492 150.044470 -8.760356 13.128509 179.966690 0.000000
-50.018426 150.044311 -8.765318 13.128018 179.966809 0.000000
-50.018360 150.044152 -8.770280 13.127527 179.966928 0.000000
-50.018294 150.043993 -8.775242 13.127036 179.967048 0.000000
-50.018227 150.043834 -8.780203 13.126545 179.967167 0.000000
-50.018161 150.043674 -8.785165 13.126053 179.967287 0.000000
-50.018094 150.043515 -8.790127 13.125562 179.967407 0.000000
-50.018028 150.043355 -8.795088 13.125070 179.967527 0.000000
-50.017961 150.043195 -8.800050 13.124578 179.967647 0.000000
-50.017894 150.043035 -8.805012 13.124086 179.967767 0.000000
-50.017828 150.042874 -8.809973 13.123594 179.967887 0.000000
-50.017761 150.042714 -8.814935 13.123101 179.968007 0.000000
-50.017694 150.042553 -8.819896 13.122608 179.968128 0.000000
-50.017627 150.042393 -8.824858 13.122116 179.968248 0.000000
-50.017560 150.042232 -8.829819 13.121623 179.968369 0.000000
-50.017493 150.042071 -8.834780 13.121129 179.968490 0.000000
-50.017426 150.041909 -8.839742 13.120636 179.968611 0.000000
-50.017359 150.041748 -8.844703 13.120143 179.968732 0.000000
-50.017291 150.041587 -8.849665 13.119649 179.968853 0.000000
-50.017224 150.041425 -8.854626 13.119155 179.968975 0.000000
-50.017156 150.041263 -8.859587 13.118661 179.969096 0.000000
-50.017089 150.041101 -8.864548 13.118167 179.969218 0.000000
-50.017021 150.040939 -8.869510 13.117672 179.969339 0.000000
-50.016954 150.040777 -8.874471 13.117178 179.969461 0.000000
-50.016886 150.040614 -8.879432 13.116683 179.969583 0.000000
-50.016818 150.040452 -8.884393 13.116188 179.969705 0.000000
-50.016751 150.040289 -8.889354 13.115693 179.969827 0.000000
-50.016683 150.040126 -8.894315 13.115197 179.969949 0.000000
-50.016615 150.039963 -8.899276 13.114702 179.970072 0.000000
-50.016547 150.039800 -8.904238 13.114206 179.970194 0.000000
-50.016479 150.039637 -8.909199 13.113710 179.970317 0.000000
-50.016410 150.039473 -8.914160 13.113214 179.970440 0.000000
-50.016342 150.039309 -8.919121 13.112718 179.970563 0.000000
-50.016274 150.039146 -8.924081 13.112221 179.970686 0.000000
-50.016206 150.038982 -8.929042 13.111725 179.970809 0.000000
-50.016137 150.038817 -8.934003 13.111228 179.970932 0.000000
-50.016069 150.038653 -8.938964 13.110731 179.971056 0.000000
-50.016000 150.038489 -8.943925 13.110234 179.971179 0.000000
-50.015931 150.038324 -8.948886 13.109736 179.971303 0.000000
-50.015863 150.038159 -8.953846 13.109239 179.971426 0.000000
-50.015794 150.037994 -8.958807 13.108741 179.971550 0.000000
-50.015725 150.037829 -8.963768 13.108243 179.971674 0.000000
-50.015656 150.037664 -8.968729 13.107745 179.971798 0.000000
-50.015587 150.037499 -8.973689 13.107247 179.971923 0.000000
-50.015518 150.037333 -8.978650 13.106749 179.972047 0.000000
-50.015449 150.037168 -8.983611 13.106250 179.972171 0.000000
-50.015380 150.037002 -8.988571 13.105751 179.972296 0.000000
-50.015311 150.036836 -8.993532 13.105252 179.972421 0.000000
-50.015241 150.036670 -8.998492 13.104753 179.972546 0.000000
-50.015172 150.036503 -9.003453 13.104254 179.972671 0.000000
-50.015103 150.036337 -9.008413 13.103754 179.972796 0.000000
-50.015033 150.036170 -9.013374 13.103254 179.972921 0.000000
-50.014963 150.036004 -9.018334 13.102754 179.973046 0.000000
-50.014894 150.035837 -9.023294 13.102254 179.973172 0.000000
-50.014824 150.035670 -9.028255 13.101754 179.973297 0.000000
-50.014754 150.035502 -9.033215 13.101254 179.973423 0.000000
-50.014684 150.035335 -9.038175 13.100753 179.973549 0.000000
-50.014615 150.035167 -9.043136 13.100252 179.973675 0.000000
-50.014545 150.035000 -9.048096 13.099751 179.973801 0.000000
-50.014474 150.034832 -9.053056 13.099250 179.973927 0.000000
-50.014404 150.034664 -9.058016 13.098748 179.974053 0.000000
-50.014334 150.034496 -9.062976 13.098247 179.974180 0.000000
-50.014264 150.034327 -9.067937 13.097745 179.974306 0.000000
-50.014194 150.034159 -9.072897 13.097243 179.974433 0.000000
-50.014123 150.033990 -9.077857 13.096741 179.974560 0.000000
-50.014053 150.033821 -9.082817 13.096239 179.974687 0.000000
-50.013982 150.033652 -9.087777 13.095736 179.974814 0.000000
-50.013912 150.033483 -9.092737 13.095233 179.974941 0.000000
-50.013841 150.033314 -9.097697 13.094730 179.975068 0.000000
-50.013770 150.033145 -9.102657 13.094227 179.975196 0.000000
-50.013699 150.032975 -9.107617 13.093724 179.975323 0.000000
-50.013628 150.032805 -9.112576 13.093221 179.975451 0.000000
-50.013557 150.032635 -9.117536 13.092717 179.975579 0.000000
-50.013486 150.032465 -9.122496 13.092213 179.975707 0.000000
-50.013415 150.032295 -9.127456 13.091709 179.975835 0.000000
-50.013344 150.032125 -9.132416 13.091205 179.975963 0.000000
-50.013273 150.031954 -9.137375 13.090701 179.976091 0.000000
-50.013202 150.031784 -9.142335 13.090196 179.976220 0.000000
-50.013130 150.031613 -9.147295 13.089691 179.976348 0.000000
-50.013059 150.031442 -9.152254 13.089186 179.976477 0.000000
-50.012987 150.031271 -9.157214 13.088681 179.976606 0.000000
-50.012916 150.031099 -9.162174 13.088176 179.976735 0.000000
-50.012844 150.030928 -9.167133 13.087670 179.976864 0.000000
-50.012772 150.030756 -9.172093 13.087164 179.976993 0.000000
-50.012701 150.030584 -9.177052 13.086659 179.977122 0.000000
-50.012629 150.030412 -9.182012 13.086152 179.977252 0.000000
-50.012557 150.030240 -9.186971 13.085646 179.977381 0.000000
-50.012485 150.030068 -9.191931 13.085140 179.977511 0.000000
-50.012413 150.029896 -9.196890 13.084633 179.977641 0.000000
-50.012341 150.029723 -9.201849 13.084126 179.977771 0.000000
-50.012268 150.029550 -9.206809 13.083619 179.977901 0.000000
-50.012196 150.029377 -9.211768 13.083112 179.978031 0.000000
-50.012124 150.029204 -9.216727 13.082604 179.978161 0.000000
-50.012051 150.029031 -9.221686 13.082097 179.978292 0.000000
-50.011979 150.028858 -9.226646 13.081589 179.978422 0.000000
-50.011906 150.028684 -9.231605 13.081081 179.978553 0.000000
-50.011834 150.028511 -9.236564 13.080573 179.978684 0.000000
-50.011761 150.028337 -9.241523 13.080064 179.978815 0.000000
-50.011688 150.028163 -9.246482 13.079556 179.978946 0.000000
-50.011616 150.027988 -9.251441 13.079047 179.979077 0.000000
-50.011543 150.027814 -9.256400 13.078538 179.979208 0.000000
-50.011470 150.027640 -9.261359 13.078029 179.979340 0.000000
-50.011397 150.027465 -9.266318 13.077519 179.979471 0.000000
-50.011324 150.027290 -9.271277 13.077010 179.979603 0.000000
-50.011250 150.027115 -9.276236 13.076500 179.979735 0.000000
-50.011177 150.026940 -9.281195 13.075990 179.979867 0.000000
-50.011104 150.026765 -9.286154 13.075480 179.979999 0.000000
-50.011030 150.026589 -9.291113 13.074970 179.980131 0.000000
-50.010957 150.026414 -9.296072 13.074459 179.980263 0.000000
-50.010883 150.026238 -9.301030 13.073948 179.980396 0.000000
-50.010810 150.026062 -9.305989 13.073438 179.980528 0.000000
-50.010736 150.025886 -9.310948 13.072926 179.980661 0.000000
-50.010662 150.025710 -9.315907 13.072415 179.980794 0.000000
-50.010589 150.025533 -9.320865 13.071904 179.980927 0.000000
-50.010515 150.025357 -9.325824 13.071392 179.981060 0.000000
-50.010441 150.025180 -9.330782 13.070880 179.981193 0.000000
-50.010367 150.025003 -9.335741 13.070368 179.981326 0.000000
-50.010293 150.024826 -9.340700 13.069856 179.981460 -0.000000
-50.010219 150.024649 -9.345658 13.069343 179.981593 -0.000000
-50.010144 150.024472 -9.350617 13.068831 179.981727 -0.000000
-50.010070 150.024294 -9.355575 13.068318 179.981861 -0.000000
-50.009996 150.024117 -9.360533 13.067805 179.981995 -0.000000
-50.009921 150.023939 -9.365492 13.067292 179.982129 -0.000000
-50.009847 150.023761 -9.370450 13.066778 179.982263 -0.000000
-50.009772 150.023583 -9.375408 13.066264 179.982397 -0.000000
-50.009698 150.023404 -9.380367 13.065751 179.982532 -0.000000
-50.009623 150.023226 -9.385325 13.065237 179.982666 -0.000000
-50.009548 150.023047 -9.390283 13.064722 179.982801 -0.000000
-50.009473 150.022868 -9.395241 13.064208 179.982936 -0.000000
-50.009398 150.022689 -9.400200 13.063693 179.983071 -0.000000
-50.009323 150.022510 -9.405158 13.063178 179.983206 -0.000000
-50.009248 150.022331 -9.410116 13.062663 179.983341 -0.000000
-50.009173 150.022152 -9.415074 13.062148 179.983477 -0.000000
-50.009098 150.021972 -9.420032 13.061633 179.983612 -0.000000
-50.009023 150.021792 -9.424990 13.061117 179.983748 -0.000000
-50.008947 150.021612 -9.429948 13.060601 179.983883 -0.000000
-50.008872 150.021432 -9.434906 13.060085 179.984019 -0.000000
-50.008796 150.021252 -9.439864 13.059569 179.984155 -0.000000
-50.008721 150.021072 -9.444822 13.059053 179.984291 -0.000000
-50.008645 150.020891 -9.449780 13.058536 179.984427 -0.000000
-50.008570 150.020710 -9.454738 13.058019 179.984564 -0.000000
-50.008494 150.020530 -9.459695 13.057502 179.984700 -0.000000
-50.008418 150.020349 -9.464653 13.056985 179.984837 -0.000000
-50.008342 150.020167 -9.469611 13.056468 179.984973 -0.000000
-50.008266 150.019986 -9.474569 13.055950 179.985110 -0.000000
-50.008190 150.019805 -9.479526 13.055433 179.985247 -0.000000
-50.008114 150.019623 -9.484484 13.054915 179.985384 -0.000000
-50.008038 150.019441 -9.489442 13.054396 179.985521 -0.000000
-50.007962 150.019259 -9.494399 13.053878 179.985659 -0.000000
-50.007885 150.019077 -9.499357 13.053359 179.985796 -0.000000
-50.007809 150.018895 -9.504314 13.052841 179.985934 -0.000000
-50.007733 150.018712 -9.509272 13.052322 179.986071 -0.000000
-50.007656 150.018530 -9.514229 13.051803 179.986209 -0.000000
-50.007579 150.018347 -9.519187 13.051283 179.986347 -0.000000
-50.007503 150.018164 -9.524144 13.050764 179.986485 -0.000000
-50.007426 150.017981 -9.529102 13.050244 179.986623 -0.000000
-50.007349 150.017798 -9.534059 13.049724 179.986761 -0.000000
-50.007273 150.017614 -9.539016 13.049204 179.986900 -0.000000
-50.007196 150.017431 -9.543974 13.048683 179.987038 -0.000000
-50.007119 150.017247 -9.548931 13.048163 179.987177 -0.000000
-50.007042 150.017063 -9.553888 13.047642 179.987316 -0.000000
-50.006965 150.016879 -9.558845 13.047121 179.987455 -0.000000
-50.006887 150.016695 -9.563803 13.046600 179.987594 -0.000000
-50.006810 150.016510 -9.568760 13.046079 179.987733 -0.000000
-50.006733 150.016326 -9.573717 13.045557 179.987872 -0.000000
-50.006656 150.016141 -9.578674 13.045035 179.988011 -0.000000
-50.006578 150.015956 -9.583631 13.044513 179.988151 -0.000000
-50.006501 150.015771 -9.588588 13.043991 179.988290 -0.000000
-50.006423 150.015586 -9.593545 13.043469 179.988430 -0.000000
-50.006345 150.015401 -9.598502 13.042946 179.988570 -0.000000
-50.006268 150.015216 -9.603459 13.042423 179.988710 -0.000000
-50.006190 150.015030 -9.608416 13.041900 179.988850 -0.000000
-50.006112 150.014844 -9.613373 13.041377 179.988990 -0.000000
-50.006034 150.014658 -9.618329 13.040854 179.989130 -0.000000
-50.005956 150.014472 -9.623286 13.040330 179.989271 -0.000000
-50.005878 150.014286 -9.628243 13.039806 179.989411 -0.000000
-50.005800 150.014100 -9.633200 13.039282 179.989552 -0.000000
-50.005722 150.013913 -9.638156 13.038758 179.989693 -0.000000
-50.005644 150.013726 -9.643113 13.038234 179.989833 -0.000000
-50.005566 150.013539 -9.648070 13.037709 179.989974 -0.000000
-50.005487 150.013352 -9.653026 13.037185 179.990116 -0.000000
-50.005409 150.013165 -9.657983 13.036660 179.990257 -0.000000
-50.005331 150.012978 -9.662939 13.036134 179.990398 -0.000000
-50.005252 150.012790 -9.667896 13.035609 179.990540 -0.000000
-50.005173 150.012603 -9.672853 13.035083 179.990681 -0.000000
-50.005095 150.012415 -9.677809 13.034558 179.990823 -0.000000
-50.005016 150.012227 -9.682765 13.034032 179.990965 -0.000000
-50.004937 150.012039 -9.687722 13.033505 179.991107 -0.000000
-50.004858 150.011850 -9.692678 13.032979 179.991249 -0.000000
-50.004779 150.011662 -9.697634 13.032452 179.991391 -0.000000
-50.004700 150.011473 -9.702591 13.031925 179.991533 -0.000000
-50.004621 150.011285 -9.707547 13.031398 179.991675 -0.000000
-50.004542 150.011096 -9.712503 13.030871 179.991818 -0.000000
-50.004463 150.010907 -9.717460 13.030344 179.991960 -0.000000
-50.004384 150.010717 -9.722416 13.029816 179.992103 -0.000000
-50.004305 150.010528 -9.727372 13.029288 179.992246 -0.000000
-50.004225 150.010339 -9.732328 13.028760 179.992389 -0.000000
-50.004146 150.010149 -9.737284 13.028232 179.992532 -0.000000
-50.004066 150.009959 -9.742240 13.027704 179.992675 -0.000000
-50.003987 150.009769 -9.747196 13.027175 179.992818 -0.000000
-50.003907 150.009579 -9.752152 13.026646 179.992962 -0.000000
-50.003828 150.009389 -9.757108 13.026117 179.993105 -0.000000
-50.003748 150.009198 -9.762064 13.025588 179.993249 -0.000000
-50.003668 150.009007 -9.767020 13.025058 179.993393 -0.000000
-50.003588 150.008817 -9.771976 13.024529 179.993537 -0.000000
-50.003508 150.008626 -9.776932 13.023999 179.993680 -0.000000
-50.003428 150.008435 -9.781887 13.023469 179.993825 -0.000000
-50.003348 150.008243 -9.786843 13.022938 179.993969 -0.000000
-50.003268 150.008052 -9.791799 13.022408 179.994113 -0.000000
-50.003188 150.007860 -9.796755 13.021877 179.994257 -0.000000
-50.003108 150.007669 -9.801710 13.021346 179.994402 -0.000000
-50.003028 150.007477 -9.806666 13.020815 179.994547 -0.000000
-50.002947 150.007285 -9.811621 13.020284 179.994691 -0.000000
-50.002867 150.007092 -9.816577 13.019752 179.994836 -0.000000
-50.002786 150.006900 -9.821533 13.019221 179.994981 -0.000000
-50.002706 150.006708 -9.826488 13.018689 179.995126 -0.000000
-50.002625 150.006515 -9.831444 13.018156 179.995271 -0.000000
-50.002544 150.006322 -9.836399 13.017624 179.995417 -0.000000
-50.002464 150.006129 -9.841354 13.017092 179.995562 -0.000000
-50.002383 150.005936 -9.846310 13.016559 179.995707 -0.000000
-50.002302 150.005743 -9.851265 13.016026 179.995853 -0.000000
-50.002221 150.005549 -9.856220 13.015493 179.995999 -0.000000
-50.002140 150.005356 -9.861176 13.014959 179.996145 -0.000000
-50.002059 150.005162 -9.866131 13.014426 179.996291 -0.000000
-50.001978 150.004968 -9.871086 13.013892 179.996437 -0.000000
-50.001897 150.004774 -9.876041 13.013358 179.996583 -0.000000
-50.001816 150.004580 -9.880997 13.012824 179.996729 -0.000000
-50.001735 150.004385 -9.885952 13.012289 179.996875 -0.000000
-50.001653 150.004191 -9.890907 13.011755 179.997022 -0.000000
-50.001572 150.003996 -9.895862 13.011220 179.997168 -0.000000
-50.001490 150.003801 -9.900817 13.010685 179.997315 -0.000000
-50.001409 150.003606 -9.905772 13.010149 179.997462 -0.000000
-50.001327 150.003411 -9.910727 13.009614 179.997609 -0.000000
-50.001246 150.003216 -9.915682 13.009078 179.997756 -0.000000
-50.001164 150.003020 -9.920637 13.008542 179.997903 -0.000000
-50.001082 150.002825 -9.925592 13.008006 179.998050 -0.000000
-50.001001 150.002629 -9.930546 13.007470 179.998198 -0.000000
-50.000919 150.002433 -9.935501 13.006934 179.998345 -0.000000
-50.000837 150.002237 -9.940456 13.006397 179.998493 -0.000000
-50.000755 150.002041 -9.945411 13.005860 179.998640 -0.000000
-50.000673 150.001844 -9.950365 13.005323 179.998788 -0.000000
-50.000591 150.001648 -9.955320 13.004785 179.998936 -0.000000
-50.000509 150.001451 -9.960275 13.004248 179.999084 -0.000000
-50.000426 150.001254 -9.965229 13.003710 179.999232 -0.000000
-50.000344 150.001057 -9.970184 13.003172 179.999380 -0.000000
-50.000262 150.000860 -9.975138 13.002634 179.999528 -0.000000
-50.000179 150.000663 -9.980093 13.002096 179.999677 -0.000000
-50.000097 150.000465 -9.985047 13.001557 179.999825 -0.000000
-50.000014 150.000268 -9.990002 13.001018 179.999974 -0.000000
-49.999932 150.000070 -9.994956 13.000479 180.000123 -0.000000
-49.999849 149.999872 -9.999911 12.999940 180.000271 -0.000000
-49.999767 149.999674 -10.004865 12.999401 180.000420 -0.000000
-49.999684 149.999476 -10.009819 12.998861 180.000569 -0.000000
-49.999601 149.999277 -10.014774 12.998321 180.000719 -0.000000
-49.999518 149.999079 -10.019728 12.997781 180.000868 -0.000000
-49.999435 149.998880 -10.024682 12.997241 180.001017 -0.000000
-49.999352 149.998681 -10.029636 12.996700 180.001167 -0.000000
-49.999269 149.998482 -10.034590 12.996160 180.001316 -0.000000
-49.999186 149.998283 -10.039545 12.995619 180.001466 -0.000000
-49.999103 149.998084 -10.044499 12.995077 180.001615 -0.000000
-49.999020 149.997884 -10.049453 12.994536 180.001765 -0.000000
-49.998937 149.997685 -10.054407 12.993995 180.001915 -0.000000
-49.998853 149.997485 -10.059361 12.993453 180.002065 -0.000000
-49.998770 149.997285 -10.064315 12.992911 180.002216 -0.000000
-49.998687 149.997085 -10.069269 12.992369 180.002366 -0.000000
-49.998603 149.996884 -10.074222 12.991826 180.002516 -0.000000
-49.998520 149.996684 -10.079176 12.991284 180.002667 -0.000000
-49.998436 149.996484 -10.084130 12.990741 180.002817 -0.000000
-49.998352 149.996283 -10.089084 12.990198 180.002968 -0.000000
-49.998269 149.996082 -10.094038 12.989655 180.003119 -0.000000
-49.998185 149.995881 -10.098991 12.989111 180.003269 -0.000000
-49.998101 149.995680 -10.103945 12.988568 180.003420 -0.000000
-49.998017 149.995478 -10.108899 12.988024 180.003571 -0.000000
-49.997933 149.995277 -10.113852 12.987480 180.003723 -0.000000
-49.997849 149.995075 -10.118806 12.986935 180.003874 -0.000000
-49.997765 149.994874 -10.123759 12.986391 180.004025 -0.000000
-49.997681 149.994672 -10.128713 12.985846 180.004177 -0.000000
-49.997597 149.994470 -10.133666 12.985301 180.004328 -0.000000
-49.997513 149.994267 -10.138620 12.984756 180.004480 -0.000000
-49.997429 149.994065 -10.143573 12.984211 180.004632 -0.000000
-49.997344 149.993862 -10.148527 12.983665 180.004784 -0.000000
-49.997260 149.993660 -10.153480 12.983119 180.004936 -0.000000
-49.997176 149.993457 -10.158433 12.982573 180.005088 -0.000000
-49.997091 149.993254 -10.163387 12.982027 180.005240 -0.000000
-49.997007 149.993051 -10.168340 12.981480 180.005392 -0.000000
-49.996922 149.992847 -10.173293 12.980934 180.005544 -0.000000
-49.996837 149.992644 -10.178246 12.980387 180.005697 -0.000000
-49.996753 149.992440 -10.183199 12.979840 180.005849 -0.000000
-49.996668 149.992237 -10.188153 12.979293 180.006002 -0.000000
-49.996583 149.992033 -10.193106 12.978745 180.006155 -0.000000
-49.996498 149.991829 -10.198059 12.978197 180.006308 -0.000000
-49.996413 149.991624 -10.203012 12.977649 180.006461 -0.000000
-49.996328 149.991420 -10.207965 12.977101 180.006614 -0.000000
-49.996243 149.991215 -10.212918 12.976553 180.006767 -0.000000
-49.996158 149.991011 -10.217871 12.976004 180.006920 -0.000000
-49.996073 149.990806 -10.222823 12.975456 180.007073 -0.000000
-49.995988 149.990601 -10.227776 12.974907 180.007227 -0.000000
-49.995903 149.990396 -10.232729 12.974357 180.007380 -0.000000
-49.995818 149.990190 -10.237682 12.973808 180.007534 -0.000000
-49.995732 149.989985 -10.242635 12.973258 180.007688 -0.000000
-49.995647 149.989779 -10.247587 12.972708 180.007841 -0.000000
-49.995561 149.989574 -10.252540 12.972158 180.007995 -0.000000
-49.995476 149.989368 -10.257493 12.971608 180.008149 -0.000000
-49.995390 149.989162 -10.262445 12.971057 180.008303 -0.000000
-49.995305 149.988956 -10.267398 12.970507 180.008458 -0.000000
-49.995219 149.988749 -10.272350 12.969956 180.008612 -0.000000
-49.995133 149.988543 -10.277303 12.969404 180.008766 -0.000000
-49.995048 149.988336 -10.282255 12.968853 180.008921 -0.000000
-49.994962 149.988129 -10.287208 12.968301 180.009075 -0.000000
-49.994876 149.987922 -10.292160 12.967750 180.009230 -0.000000
-49.994790 149.987715 -10.297113 12.967198 180.009385 -0.000000
-49.994704 149.987508 -10.302065 12.966645 180.009540 -0.000000
-49.994618 149.987300 -10.307017 12.966093 180.009695 -0.000000
-49.994532 149.987093 -10.311970 12.965540 180.009850 -0.000000
-49.994446 149.986885 -10.316922 12.964987 180.010005 -0.000000
-49.994360 149.986677 -10.321874 12.964434 180.010160 -0.000000
-49.994273 149.986469 -10.326826 12.963881 180.010315 -0.000000
-49.994187 149.986261 -10.331778 12.963327 180.010471 -0.000000
-49.994101 149.986053 -10.336730 12.962773 180.010626 -0.000000
-49.994014 149.985844 -10.341683 12.962219 180.010782 -0.000000
