0.078557 150.000000 -50.000000 19.851791 -0.000000 2.634955
0.078748 150.000000 -50.000000 19.851769 -0.000000 2.629969
0.078938 150.000000 -50.000000 19.851748 -0.000000 2.624982
0.079129 150.000000 -50.000000 19.851726 -0.000000 2.619995
0.079320 150.000000 -50.000000 19.851704 -0.000000 2.615008
0.079511 150.000000 -50.000000 19.851683 -0.000000 2.610022
0.079702 150.000000 -50.000000 19.851661 -0.000000 2.605035
0.079893 150.000000 -50.000000 19.851640 -0.000000 2.600048
0.080083 150.000000 -50.000000 19.851618 -0.000000 2.595062
0.080274 150.000000 -50.000000 19.851596 -0.000000 2.590075
0.080465 150.000000 -50.000000 19.851575 -0.000000 2.585088
0.080656 150.000000 -50.000000 19.851553 -0.000000 2.580102
0.080847 150.000000 -50.000000 19.851532 -0.000000 2.575115
0.081038 150.000000 -50.000000 19.851510 -0.000000 2.570128
0.081229 150.000000 -50.000000 19.851489 -0.000000 2.565141
0.081419 150.000000 -50.000000 19.851467 -0.000000 2.560155
0.081610 150.000000 -50.000000 19.851446 -0.000000 2.555168
0.081801 150.000000 -50.000000 19.851424 -0.000000 2.550181
0.081992 150.000000 -50.000000 19.851403 -0.000000 2.545195
0.082183 150.000000 -50.000000 19.851381 -0.000000 2.540208
0.082374 150.000000 -50.000000 19.851360 -0.000000 2.535221
0.082564 150.000000 -50.000000 19.851338 -0.000000 2.530235
0.082755 150.000000 -50.000000 19.851317 -0.000000 2.525248
0.082946 150.000000 -50.000000 19.851295 -0.000000 2.520261
0.083137 150.000000 -50.000000 19.851274 -0.000000 2.515275
0.083328 150.000000 -50.000000 19.851252 -0.000000 2.510288
0.083519 150.000000 -50.000000 19.851231 -0.000000 2.505302
0.083710 150.000000 -50.000000 19.851209 -0.000000 2.500315
0.083901 150.000000 -50.000000 19.851188 -0.000000 2.495328
0.084091 150.000000 -50.000000 19.851166 -0.000000 2.490342
0.084282 150.000000 -50.000000 19.851145 -0.000000 2.485355
0.084473 150.000000 -50.000000 19.851124 -0.000000 2.480368
0.084664 150.000000 -50.000000 19.851102 -0.000000 2.475382
0.084855 150.000000 -50.000000 19.851081 -0.000000 2.470395
0.085046 150.000000 -50.000000 19.851059 -0.000000 2.465409
0.085237 150.000000 -50.000000 19.851038 -0.000000 2.460422
0.085427 150.000000 -50.000000 19.851017 -0.000000 2.455435
0.085618 150.000000 -50.000000 19.850995 -0.000000 2.450449
0.085809 150.000000 -50.000000 19.850974 -0.000000 2.445462
0.086000 150.000000 -50.000000 19.850952 -0.000000 2.440475
0.086191 150.000000 -50.000000 19.850931 -0.000000 2.435489
0.086382 150.000000 -50.000000 19.850910 -0.000000 2.430502
0.086573 150.000000 -50.000000 19.850888 -0.000000 2.425516
0.086764 150.000000 -50.000000 19.850867 -0.000000 2.420529
0.086954 150.000000 -50.000000 19.850846 -0.000000 2.415542
0.087145 150.000000 -50.000000 19.850824 -0.000000 2.410556
0.087336 150.000000 -50.000000 19.850803 -0.000000 2.405569
0.087527 150.000000 -50.000000 19.850782 -0.000000 2.400583
0.087718 150.000000 -50.000000 19.850761 -0.000000 2.395596
0.087909 150.000000 -50.000000 19.850739 -0.000000 2.390610
0.088100 150.000000 -50.000000 19.850718 -0.000000 2.385623
0.088291 150.000000 -50.000000 19.850697 -0.000000 2.380636
0.088481 150.000000 -50.000000 19.850675 -0.000000 2.375650
0.088672 150.000000 -50.000000 19.850654 -0.000000 2.370663
0.088863 150.000000 -50.000000 19.850633 -0.000000 2.365677
0.089054 150.000000 -50.000000 19.850612 -0.000000 2.360690
0.089245 150.000000 -50.000000 19.850591 -0.000000 2.355704
0.089436 150.000000 -50.000000 19.850569 -0.000000 2.350717
0.089627 150.000000 -50.000000 19.850548 -0.000000 2.345730
0.089818 150.000000 -50.000000 19.850527 -0.000000 2.340744
0.090008 150.000000 -50.000000 19.850506 -0.000000 2.335757
0.090199 150.000000 -50.000000 19.850484 -0.000000 2.330771
0.090390 150.000000 -50.000000 19.850463 -0.000000 2.325784
0.090581 150.000000 -50.000000 19.850442 -0.000000 2.320798
0.090772 150.000000 -50.000000 19.850421 -0.000000 2.315811
0.090963 150.000000 -50.000000 19.850400 -0.000000 2.310825
0.091154 150.000000 -50.000000 19.850379 -0.000000 2.305838
0.091345 150.000000 -50.000000 19.850357 -0.000000 2.300852
0.091535 150.000000 -50.000000 19.850336 -0.000000 2.295865
0.091726 150.000000 -50.000000 19.850315 -0.000000 2.290879
0.091917 150.000000 -50.000000 19.850294 -0.000000 2.285892
0.092108 150.000000 -50.000000 19.850273 -0.000000 2.280906
0.092299 150.000000 -50.000000 19.850252 -0.000000 2.275919
0.092490 150.000000 -50.000000 19.850231 -0.000000 2.270932
0.092681 150.000000 -50.000000 19.850210 -0.000000 2.265946
0.092872 150.000000 -50.000000 19.850188 -0.000000 2.260959
0.093063 150.000000 -50.000000 19.850167 -0.000000 2.255973
0.093253 150.000000 -50.000000 19.850146 -0.000000 2.250986
0.093444 150.000000 -50.000000 19.850125 -0.000000 2.246000
0.093635 150.000000 -50.000000 19.850104 -0.000000 2.241013
0.093826 150.000000 -50.000000 19.850083 -0.000000 2.236027
0.094017 150.000000 -50.000000 19.850062 -0.000000 2.231040
0.094208 150.000000 -50.000000 19.850041 -0.000000 2.226054
0.094399 150.000000 -50.000000 19.850020 -0.000000 2.221067
0.094590 150.000000 -50.000000 19.849999 -0.000000 2.216081
0.094780 150.000000 -50.000000 19.849978 -0.000000 2.211094
0.094971 150.000000 -50.000000 19.849957 -0.000000 2.206108
0.095162 150.000000 -50.000000 19.849936 -0.000000 2.201122
0.095353 150.000000 -50.000000 19.849915 -0.000000 2.196135
0.095544 150.000000 -50.000000 19.849894 -0.000000 2.191149
0.095735 150.000000 -50.000000 19.849873 -0.000000 2.186162
0.095926 150.000000 -50.000000 19.849852 -0.000000 2.181176
0.096117 150.000000 -50.000000 19.849831 -0.000000 2.176189
0.096307 150.000000 -50.000000 19.849810 -0.000000 2.171203
0.096498 150.000000 -50.000000 19.849789 -0.000000 2.166216
0.096689 150.000000 -50.000000 19.849768 -0.000000 2.161230
0.096880 150.000000 -50.000000 19.849747 -0.000000 2.156243
0.097071 150.000000 -50.000000 19.849726 -0.000000 2.151257
0.097262 150.000000 -50.000000 19.849705 -0.000000 2.146270
0.097453 150.000000 -50.000000 19.849684 -0.000000 2.141284
0.097644 150.000000 -50.000000 19.849663 -0.000000 2.136297
0.097834 150.000000 -50.000000 19.849642 -0.000000 2.131311
0.098025 150.000000 -50.000000 19.849622 -0.000000 2.126325
0.098216 150.000000 -50.000000 19.849601 -0.000000 2.121338
0.098407 150.000000 -50.000000 19.849580 -0.000000 2.116352
0.098598 150.000000 -50.000000 19.849559 -0.000000 2.111365
0.098789 150.000000 -50.000000 19.849538 -0.000000 2.106379
0.098980 150.000000 -50.000000 19.849517 -0.000000 2.101392
0.099171 150.000000 -50.000000 19.849496 -0.000000 2.096406
0.099361 150.000000 -50.000000 19.849475 -0.000000 2.091420
0.099552 150.000000 -50.000000 19.849455 -0.000000 2.086433
0.099743 150.000000 -50.000000 19.849434 -0.000000 2.081447
0.099934 150.000000 -50.000000 19.849413 -0.000000 2.076460
0.100125 150.000000 -50.000000 19.849392 -0.000000 2.071474
0.100316 150.000000 -50.000000 19.849371 -0.000000 2.066487
0.100507 150.000000 -50.000000 19.849351 -0.000000 2.061501
0.100698 150.000000 -50.000000 19.849330 -0.000000 2.056515
0.100888 150.000000 -50.000000 19.849309 -0.000000 2.051528
0.101079 150.000000 -50.000000 19.849288 -0.000000 2.046542
0.101270 150.000000 -50.000000 19.849267 -0.000000 2.041555
0.101461 150.000000 -50.000000 19.849247 -0.000000 2.036569
0.101652 150.000000 -50.000000 19.849226 -0.000000 2.031583
0.101843 150.000000 -50.000000 19.849205 -0.000000 2.026596
0.102034 150.000000 -50.000000 19.849184 -0.000000 2.021610
0.102224 150.000000 -50.000000 19.849164 -0.000000 2.016623
0.102415 150.000000 -50.000000 19.849143 -0.000000 2.011637
0.102606 150.000000 -50.000000 19.849122 -0.000000 2.006651
0.102797 150.000000 -50.000000 19.849101 -0.000000 2.001664
0.102988 150.000000 -50.000000 19.849081 -0.000000 1.996678
0.103179 150.000000 -50.000000 19.849060 -0.000000 1.991691
0.103370 150.000000 -50.000000 19.849039 -0.000000 1.986705
0.103560 150.000000 -50.000000 19.849019 -0.000000 1.981719
0.103751 150.000000 -50.000000 19.848998 -0.000000 1.976732
0.103942 150.000000 -50.000000 19.848977 -0.000000 1.971746
0.104133 150.000000 -50.000000 19.848957 -0.000000 1.966759
0.104324 150.000000 -50.000000 19.848936 -0.000000 1.961773
0.104515 150.000000 -50.000000 19.848915 -0.000000 1.956787
0.104706 150.000000 -50.000000 19.848895 -0.000000 1.951800
0.104896 150.000000 -50.000000 19.848874 -0.000000 1.946814
0.105087 150.000000 -50.000000 19.848853 -0.000000 1.941828
0.105278 150.000000 -50.000000 19.848833 -0.000000 1.936841
0.105469 150.000000 -50.000000 19.848812 -0.000000 1.931855
0.105660 150.000000 -50.000000 19.848792 -0.000000 1.926869
0.105851 150.000000 -50.000000 19.848771 -0.000000 1.921882
0.106041 150.000000 -50.000000 19.848750 -0.000000 1.916896
0.106232 150.000000 -50.000000 19.848730 -0.000000 1.911909
0.106423 150.000000 -50.000000 19.848709 -0.000000 1.906923
0.106614 150.000000 -50.000000 19.848689 -0.000000 1.901937
0.106805 150.000000 -50.000000 19.848668 -0.000000 1.896950
0.106996 150.000000 -50.000000 19.848648 -0.000000 1.891964
0.107186 150.000000 -50.000000 19.848627 -0.000000 1.886978
0.107377 150.000000 -50.000000 19.848606 -0.000000 1.881991
0.107568 150.000000 -50.000000 19.848586 -0.000000 1.877005
0.107759 150.000000 -50.000000 19.848565 -0.000000 1.872019
0.107950 150.000000 -50.000000 19.848545 -0.000000 1.867032
0.108141 150.000000 -50.000000 19.848524 -0.000000 1.862046
0.108331 150.000000 -50.000000 19.848504 -0.000000 1.857060
0.108522 150.000000 -50.000000 19.848483 -0.000000 1.852073
0.108713 150.000000 -50.000000 19.848463 -0.000000 1.847087
0.108904 150.000000 -50.000000 19.848442 -0.000000 1.842101
0.109095 150.000000 -50.000000 19.848422 -0.000000 1.837114
0.109285 150.000000 -50.000000 19.848401 -0.000000 1.832128
0.109476 150.000000 -50.000000 19.848381 -0.000000 1.827142
0.109667 150.000000 -50.000000 19.848361 -0.000000 1.822155
0.109858 150.000000 -50.000000 19.848340 -0.000000 1.817169
0.110049 150.000000 -50.000000 19.848320 -0.000000 1.812183
0.110240 150.000000 -50.000000 19.848299 -0.000000 1.807196
0.110430 150.000000 -50.000000 19.848279 -0.000000 1.802210
0.110621 150.000000 -50.000000 19.848258 -0.000000 1.797224
0.110812 150.000000 -50.000000 19.848238 -0.000000 1.792238
0.111003 150.000000 -50.000000 19.848218 -0.000000 1.787251
0.111194 150.000000 -50.000000 19.848197 -0.000000 1.782265
0.111384 150.000000 -50.000000 19.848177 -0.000000 1.777279
0.111575 150.000000 -50.000000 19.848156 -0.000000 1.772292
0.111766 150.000000 -50.000000 19.848136 -0.000000 1.767306
0.111957 150.000000 -50.000000 19.848116 -0.000000 1.762320
0.112148 150.000000 -50.000000 19.848095 -0.000000 1.757333
0.112338 150.000000 -50.000000 19.848075 -0.000000 1.752347
0.112529 150.000000 -50.000000 19.848055 -0.000000 1.747361
0.112720 150.000000 -50.000000 19.848034 -0.000000 1.742374
0.112911 150.000000 -50.000000 19.848014 -0.000000 1.737388
0.113101 150.000000 -50.000000 19.847994 -0.000000 1.732402
0.113292 150.000000 -50.000000 19.847973 -0.000000 1.727416
0.113483 150.000000 -50.000000 19.847953 -0.000000 1.722429
0.113674 150.000000 -50.000000 19.847933 -0.000000 1.717443
0.113865 150.000000 -50.000000 19.847912 -0.000000 1.712457
0.114055 150.000000 -50.000000 19.847892 -0.000000 1.707470
0.114246 150.000000 -50.000000 19.847872 -0.000000 1.702484
0.114437 150.000000 -50.000000 19.847852 -0.000000 1.697498
0.114628 150.000000 -50.000000 19.847831 -0.000000 1.692512
0.114818 150.000000 -50.000000 19.847811 -0.000000 1.687525
0.115009 150.000000 -50.000000 19.847791 -0.000000 1.682539
0.115200 150.000000 -50.000000 19.847771 -0.000000 1.677553
0.115391 150.000000 -50.000000 19.847750 -0.000000 1.672567
0.115582 150.000000 -50.000000 19.847730 -0.000000 1.667580
0.115772 150.000000 -50.000000 19.847710 -0.000000 1.662594
0.115963 150.000000 -50.000000 19.847690 -0.000000 1.657608
0.116154 150.000000 -50.000000 19.847670 -0.000000 1.652621
0.116345 150.000000 -50.000000 19.847649 -0.000000 1.647635
0.116535 150.000000 -50.000000 19.847629 -0.000000 1.642649
0.116726 150.000000 -50.000000 19.847609 -0.000000 1.637663
0.116917 150.000000 -50.000000 19.847589 -0.000000 1.632676
0.117108 150.000000 -50.000000 19.847569 -0.000000 1.627690
0.117298 150.000000 -50.000000 19.847549 -0.000000 1.622704
0.117489 150.000000 -50.000000 19.847528 -0.000000 1.617718
0.117680 150.000000 -50.000000 19.847508 -0.000000 1.612731
0.117871 150.000000 -50.000000 19.847488 -0.000000 1.607745
0.118061 150.000000 -50.000000 19.847468 -0.000000 1.602759
0.118252 150.000000 -50.000000 19.847448 -0.000000 1.597773
0.118443 150.000000 -50.000000 19.847428 -0.000000 1.592786
0.118633 150.000000 -50.000000 19.847408 -0.000000 1.587800
0.118824 150.000000 -50.000000 19.847388 -0.000000 1.582814
0.119015 150.000000 -50.000000 19.847367 -0.000000 1.577828
0.119206 150.000000 -50.000000 19.847347 -0.000000 1.572841
0.119396 150.000000 -50.000000 19.847327 -0.000000 1.567855
0.119587 150.000000 -50.000000 19.847307 -0.000000 1.562869
0.119778 150.000000 -50.000000 19.847287 -0.000000 1.557883
0.119968 150.000000 -50.000000 19.847267 -0.000000 1.552896
0.120159 150.000000 -50.000000 19.847247 -0.000000 1.547910
0.120350 150.000000 -50.000000 19.847227 -0.000000 1.542924
0.120541 150.000000 -50.000000 19.847207 -0.000000 1.537938
0.120731 150.000000 -50.000000 19.847187 -0.000000 1.532951
0.120922 150.000000 -50.000000 19.847167 -0.000000 1.527965
0.121113 150.000000 -50.000000 19.847147 -0.000000 1.522979
0.121303 150.000000 -50.000000 19.847127 -0.000000 1.517993
0.121494 150.000000 -50.000000 19.847107 -0.000000 1.513007
0.121685 150.000000 -50.000000 19.847087 -0.000000 1.508020
0.121875 150.000000 -50.000000 19.847067 -0.000000 1.503034
0.122066 150.000000 -50.000000 19.847047 -0.000000 1.498048
0.122257 150.000000 -50.000000 19.847027 -0.000000 1.493062
0.122447 150.000000 -50.000000 19.847007 -0.000000 1.488075
0.122638 150.000000 -50.000000 19.846987 -0.000000 1.483089
0.122829 150.000000 -50.000000 19.846967 -0.000000 1.478103
0.123019 150.000000 -50.000000 19.846947 -0.000000 1.473117
0.123210 150.000000 -50.000000 19.846927 -0.000000 1.468131
0.123401 150.000000 -50.000000 19.846907 -0.000000 1.463144
0.123591 150.000000 -50.000000 19.846888 -0.000000 1.458158
0.123782 150.000000 -50.000000 19.846868 -0.000000 1.453172
0.123973 150.000000 -50.000000 19.846848 -0.000000 1.448186
0.124163 150.000000 -50.000000 19.846828 -0.000000 1.443199
0.124354 150.000000 -50.000000 19.846808 -0.000000 1.438213
0.124545 150.000000 -50.000000 19.846788 -0.000000 1.433227
0.124735 150.000000 -50.000000 19.846768 -0.000000 1.428241
0.124926 150.000000 -50.000000 19.846748 -0.000000 1.423255
0.125117 150.000000 -50.000000 19.846729 -0.000000 1.418268
0.125307 150.000000 -50.000000 19.846709 -0.000000 1.413282
0.125498 150.000000 -50.000000 19.846689 -0.000000 1.408296
0.125689 150.000000 -50.000000 19.846669 -0.000000 1.403310
0.125879 150.000000 -50.000000 19.846649 -0.000000 1.398324
0.126070 150.000000 -50.000000 19.846629 -0.000000 1.393337
0.126260 150.000000 -50.000000 19.846610 -0.000000 1.388351
0.126451 150.000000 -50.000000 19.846590 -0.000000 1.383365
0.126642 150.000000 -50.000000 19.846570 -0.000000 1.378379
0.126832 150.000000 -50.000000 19.846550 -0.000000 1.373393
0.127023 150.000000 -50.000000 19.846530 -0.000000 1.368406
0.127214 150.000000 -50.000000 19.846511 -0.000000 1.363420
0.127404 150.000000 -50.000000 19.846491 -0.000000 1.358434
0.127595 150.000000 -50.000000 19.846471 -0.000000 1.353448
0.127785 150.000000 -50.000000 19.846451 -0.000000 1.348462
0.127976 150.000000 -50.000000 19.846432 -0.000000 1.343475
0.128167 150.000000 -50.000000 19.846412 -0.000000 1.338489
0.128357 150.000000 -50.000000 19.846392 -0.000000 1.333503
0.128548 150.000000 -50.000000 19.846372 -0.000000 1.328517
0.128738 150.000000 -50.000000 19.846353 -0.000000 1.323531
0.128929 150.000000 -50.000000 19.846333 -0.000000 1.318544
0.129119 150.000000 -50.000000 19.846313 -0.000000 1.313558
0.129310 150.000000 -50.000000 19.846294 -0.000000 1.308572
0.129501 150.000000 -50.000000 19.846274 -0.000000 1.303586
0.129691 150.000000 -50.000000 19.846254 -0.000000 1.298600
0.129882 150.000000 -50.000000 19.846235 -0.000000 1.293614
0.130072 150.000000 -50.000000 19.846215 -0.000000 1.288627
0.130263 150.000000 -50.000000 19.846195 -0.000000 1.283641
0.130453 150.000000 -50.000000 19.846176 -0.000000 1.278655
0.130644 150.000000 -50.000000 19.846156 -0.000000 1.273669
0.130834 150.000000 -50.000000 19.846136 -0.000000 1.268683
0.131025 150.000000 -50.000000 19.846117 -0.000000 1.263696
0.131216 150.000000 -50.000000 19.846097 -0.000000 1.258710
0.131406 150.000000 -50.000000 19.846078 -0.000000 1.253724
0.131597 150.000000 -50.000000 19.846058 -0.000000 1.248738
0.131787 150.000000 -50.000000 19.846038 -0.000000 1.243752
0.131978 150.000000 -50.000000 19.846019 -0.000000 1.238766
0.132168 150.000000 -50.000000 19.845999 -0.000000 1.233779
0.132359 150.000000 -50.000000 19.845980 -0.000000 1.228793
0.132549 150.000000 -50.000000 19.845960 -0.000000 1.223807
0.132740 150.000000 -50.000000 19.845941 -0.000000 1.218821
0.132930 150.000000 -50.000000 19.845921 -0.000000 1.213835
0.133121 150.000000 -50.000000 19.845902 -0.000000 1.208849
0.133311 150.000000 -50.000000 19.845882 -0.000000 1.203862
0.133502 150.000000 -50.000000 19.845862 -0.000000 1.198876
0.133692 150.000000 -50.000000 19.845843 -0.000000 1.193890
0.133883 150.000000 -50.000000 19.845823 -0.000000 1.188904
0.134073 150.000000 -50.000000 19.845804 -0.000000 1.183918
0.134264 150.000000 -50.000000 19.845784 -0.000000 1.178932
0.134454 150.000000 -50.000000 19.845765 -0.000000 1.173945
0.134645 150.000000 -50.000000 19.845746 -0.000000 1.168959
0.134835 150.000000 -50.000000 19.845726 -0.000000 1.163973
0.135026 150.000000 -50.000000 19.845707 -0.000000 1.158987
0.135216 150.000000 -50.000000 19.845687 -0.000000 1.154001
0.135407 150.000000 -50.000000 19.845668 -0.000000 1.149015
0.135597 150.000000 -50.000000 19.845648 -0.000000 1.144028
0.135788 150.000000 -50.000000 19.845629 -0.000000 1.139042
0.135978 150.000000 -50.000000 19.845609 -0.000000 1.134056
0.136168 150.000000 -50.000000 19.845590 -0.000000 1.129070
0.136359 150.000000 -50.000000 19.845571 -0.000000 1.124084
0.136549 150.000000 -50.000000 19.845551 -0.000000 1.119098
0.136740 150.000000 -50.000000 19.845532 -0.000000 1.114112
0.136930 150.000000 -50.000000 19.845512 -0.000000 1.109125
0.137121 150.000000 -50.000000 19.845493 -0.000000 1.104139
0.137311 150.000000 -50.000000 19.845474 -0.000000 1.099153
0.137501 150.000000 -50.000000 19.845454 -0.000000 1.094167
0.137692 150.000000 -50.000000 19.845435 -0.000000 1.089181
0.137882 150.000000 -50.000000 19.845416 -0.000000 1.084195
0.138073 150.000000 -50.000000 19.845396 -0.000000 1.079208
0.138263 150.000000 -50.000000 19.845377 -0.000000 1.074222
0.138454 150.000000 -50.000000 19.845358 -0.000000 1.069236
0.138644 150.000000 -50.000000 19.845338 -0.000000 1.064250
0.138834 150.000000 -50.000000 19.845319 -0.000000 1.059264
0.139025 150.000000 -50.000000 19.845300 -0.000000 1.054278
0.139215 150.000000 -50.000000 19.845280 -0.000000 1.049292
0.139405 150.000000 -50.000000 19.845261 -0.000000 1.044305
0.139596 150.000000 -50.000000 19.845242 -0.000000 1.039319
0.139786 150.000000 -50.000000 19.845223 -0.000000 1.034333
0.139977 150.000000 -50.000000 19.845203 -0.000000 1.029347
0.140167 150.000000 -50.000000 19.845184 -0.000000 1.024361
0.140357 150.000000 -50.000000 19.845165 -0.000000 1.019375
0.140548 150.000000 -50.000000 19.845146 -0.000000 1.014389
0.140738 150.000000 -50.000000 19.845126 -0.000000 1.009402
0.140928 150.000000 -50.000000 19.845107 -0.000000 1.004416
0.141119 150.000000 -50.000000 19.845088 -0.000000 0.999430
0.141309 150.000000 -50.000000 19.845069 -0.000000 0.994444
0.141499 150.000000 -50.000000 19.845049 -0.000000 0.989458
0.141690 150.000000 -50.000000 19.845030 -0.000000 0.984472
0.141880 150.000000 -50.000000 19.845011 -0.000000 0.979486
0.142070 150.000000 -50.000000 19.844992 -0.000000 0.974499
0.142261 150.000000 -50.000000 19.844973 -0.000000 0.969513
0.142451 150.000000 -50.000000 19.844954 -0.000000 0.964527
0.142641 150.000000 -50.000000 19.844934 -0.000000 0.959541
0.142832 150.000000 -50.000000 19.844915 -0.000000 0.954555
0.143022 150.000000 -50.000000 19.844896 -0.000000 0.949569
0.143212 150.000000 -50.000000 19.844877 -0.000000 0.944583
0.143403 150.000000 -50.000000 19.844858 -0.000000 0.939596
0.143593 150.000000 -50.000000 19.844839 -0.000000 0.934610
0.143783 150.000000 -50.000000 19.844820 -0.000000 0.929624
0.143973 150.000000 -50.000000 19.844800 -0.000000 0.924638
0.144164 150.000000 -50.000000 19.844781 -0.000000 0.919652
0.144354 150.000000 -50.000000 19.844762 -0.000000 0.914666
0.144544 150.000000 -50.000000 19.844743 -0.000000 0.909680
0.144734 150.000000 -50.000000 19.844724 -0.000000 0.904693
0.144925 150.000000 -50.000000 19.844705 -0.000000 0.899707
0.145115 150.000000 -50.000000 19.844686 -0.000000 0.894721
0.145305 150.000000 -50.000000 19.844667 -0.000000 0.889735
0.145495 150.000000 -50.000000 19.844648 -0.000000 0.884749
0.145686 150.000000 -50.000000 19.844629 -0.000000 0.879763
0.145876 150.000000 -50.000000 19.844610 -0.000000 0.874777
0.146066 150.000000 -50.000000 19.844591 -0.000000 0.869790
0.146256 150.000000 -50.000000 19.844572 -0.000000 0.864804
0.146447 150.000000 -50.000000 19.844553 -0.000000 0.859818
0.146637 150.000000 -50.000000 19.844534 -0.000000 0.854832
0.146827 150.000000 -50.000000 19.844515 -0.000000 0.849846
0.147017 150.000000 -50.000000 19.844496 -0.000000 0.844860
0.147207 150.000000 -50.000000 19.844477 -0.000000 0.839874
0.147398 150.000000 -50.000000 19.844458 -0.000000 0.834887
0.147588 150.000000 -50.000000 19.844439 -0.000000 0.829901
0.147778 150.000000 -50.000000 19.844420 -0.000000 0.824915
0.147968 150.000000 -50.000000 19.844401 -0.000000 0.819929
0.148158 150.000000 -50.000000 19.844382 -0.000000 0.814943
0.148349 150.000000 -50.000000 19.844363 -0.000000 0.809957
0.148539 150.000000 -50.000000 19.844344 -0.000000 0.804971
0.148729 150.000000 -50.000000 19.844325 -0.000000 0.799985
0.148919 150.000000 -50.000000 19.844306 -0.000000 0.794998
0.149109 150.000000 -50.000000 19.844287 -0.000000 0.790012
0.149299 150.000000 -50.000000 19.844269 -0.000000 0.785026
0.149489 150.000000 -50.000000 19.844250 -0.000000 0.780040
0.149680 150.000000 -50.000000 19.844231 -0.000000 0.775054
0.149870 150.000000 -50.000000 19.844212 -0.000000 0.770068
0.150060 150.000000 -50.000000 19.844193 -0.000000 0.765082
0.150250 150.000000 -50.000000 19.844174 -0.000000 0.760095
0.150440 150.000000 -50.000000 19.844155 -0.000000 0.755109
0.150630 150.000000 -50.000000 19.844137 -0.000000 0.750123
0.150820 150.000000 -50.000000 19.844118 -0.000000 0.745137
0.151010 150.000000 -50.000000 19.844099 -0.000000 0.740151
0.151201 150.000000 -50.000000 19.844080 -0.000000 0.735165
0.151391 150.000000 -50.000000 19.844061 -0.000000 0.730179
0.151581 150.000000 -50.000000 19.844042 -0.000000 0.725193
0.151771 150.000000 -50.000000 19.844024 -0.000000 0.720206
0.151961 150.000000 -50.000000 19.844005 -0.000000 0.715220
0.152151 150.000000 -50.000000 19.843986 -0.000000 0.710234
0.152341 150.000000 -50.000000 19.843967 -0.000000 0.705248
0.152531 150.000000 -50.000000 19.843949 -0.000000 0.700262
0.152721 150.000000 -50.000000 19.843930 -0.000000 0.695276
0.152911 150.000000 -50.000000 19.843911 -0.000000 0.690290
0.153101 150.000000 -50.000000 19.843892 -0.000000 0.685303
0.153291 150.000000 -50.000000 19.843874 -0.000000 0.680317
0.153481 150.000000 -50.000000 19.843855 -0.000000 0.675331
0.153671 150.000000 -50.000000 19.843836 -0.000000 0.670345
0.153861 150.000000 -50.000000 19.843817 -0.000000 0.665359
0.154051 150.000000 -50.000000 19.843799 -0.000000 0.660373
0.154241 150.000000 -50.000000 19.843780 -0.000000 0.655387
0.154431 150.000000 -50.000000 19.843761 -0.000000 0.650400
0.154621 150.000000 -50.000000 19.843743 -0.000000 0.645414
0.154811 150.000000 -50.000000 19.843724 -0.000000 0.640428
0.155001 150.000000 -50.000000 19.843705 -0.000000 0.635442
0.155191 150.000000 -50.000000 19.843687 -0.000000 0.630456
0.155381 150.000000 -50.000000 19.843668 -0.000000 0.625470
0.155571 150.000000 -50.000000 19.843649 -0.000000 0.620484
0.155761 150.000000 -50.000000 19.843631 -0.000000 0.615497
0.155951 150.000000 -50.000000 19.843612 -0.000000 0.610511
0.156141 150.000000 -50.000000 19.843594 -0.000000 0.605525
0.156331 150.000000 -50.000000 19.843575 -0.000000 0.600539
0.156521 150.000000 -50.000000 19.843556 -0.000000 0.595553
0.156711 150.000000 -50.000000 19.843538 -0.000000 0.590567
0.156901 150.000000 -50.000000 19.843519 -0.000000 0.585581
0.157091 150.000000 -50.000000 19.843501 -0.000000 0.580594
0.157281 150.000000 -50.000000 19.843482 -0.000000 0.575608
0.157471 150.000000 -50.000000 19.843463 -0.000000 0.570622
0.157661 150.000000 -50.000000 19.843445 -0.000000 0.565636
0.157851 150.000000 -50.000000 19.843426 -0.000000 0.560650
0.158041 150.000000 -50.000000 19.843408 -0.000000 0.555664
0.158231 150.000000 -50.000000 19.843389 -0.000000 0.550678
0.158420 150.000000 -50.000000 19.843371 -0.000000 0.545691
0.158610 150.000000 -50.000000 19.843352 -0.000000 0.540705
0.158800 150.000000 -50.000000 19.843334 -0.000000 0.535719
0.158990 150.000000 -50.000000 19.843315 -0.000000 0.530733
0.159180 150.000000 -50.000000 19.843297 -0.000000 0.525747
0.159370 150.000000 -50.000000 19.843278 -0.000000 0.520761
0.159560 150.000000 -50.000000 19.843260 -0.000000 0.515775
0.159749 150.000000 -50.000000 19.843241 -0.000000 0.510788
0.159939 150.000000 -50.000000 19.843223 -0.000000 0.505802
0.160129 150.000000 -50.000000 19.843204 -0.000000 0.500816
0.160319 150.000000 -50.000000 19.843186 -0.000000 0.495830
0.160509 150.000000 -50.000000 19.843167 -0.000000 0.490844
0.160699 150.000000 -50.000000 19.843149 -0.000000 0.485858
0.160888 150.000000 -50.000000 19.843131 -0.000000 0.480872
0.161078 150.000000 -50.000000 19.843112 -0.000000 0.475885
0.161268 150.000000 -50.000000 19.843094 -0.000000 0.470899
0.161458 150.000000 -50.000000 19.843075 -0.000000 0.465913
0.161648 150.000000 -50.000000 19.843057 -0.000000 0.460927
0.161837 150.000000 -50.000000 19.843039 -0.000000 0.455941
0.162027 150.000000 -50.000000 19.843020 -0.000000 0.450955
0.162217 150.000000 -50.000000 19.843002 -0.000000 0.445969
0.162407 150.000000 -50.000000 19.842983 -0.000000 0.440982
0.162597 150.000000 -50.000000 19.842965 -0.000000 0.435996
0.162786 150.000000 -50.000000 19.842947 -0.000000 0.431010
0.162976 150.000000 -50.000000 19.842928 -0.000000 0.426024
0.163166 150.000000 -50.000000 19.842910 -0.000000 0.421038
0.163356 150.000000 -50.000000 19.842892 -0.000000 0.416052
0.163545 150.000000 -50.000000 19.842873 -0.000000 0.411065
0.163735 150.000000 -50.000000 19.842855 -0.000000 0.406079
0.163925 150.000000 -50.000000 19.842837 -0.000000 0.401093
0.164114 150.000000 -50.000000 19.842818 -0.000000 0.396107
0.164304 150.000000 -50.000000 19.842800 -0.000000 0.391121
0.164494 150.000000 -50.000000 19.842782 -0.000000 0.386135
0.164684 150.000000 -50.000000 19.842764 -0.000000 0.381148
0.164873 150.000000 -50.000000 19.842745 -0.000000 0.376162
0.165063 150.000000 -50.000000 19.842727 -0.000000 0.371176
0.165253 150.000000 -50.000000 19.842709 -0.000000 0.366190
0.165442 150.000000 -50.000000 19.842691 -0.000000 0.361204
0.165632 150.000000 -50.000000 19.842672 -0.000000 0.356218
0.165822 150.000000 -50.000000 19.842654 -0.000000 0.351232
0.166011 150.000000 -50.000000 19.842636 -0.000000 0.346245
0.166201 150.000000 -50.000000 19.842618 -0.000000 0.341259
0.166391 150.000000 -50.000000 19.842600 -0.000000 0.336273
0.166580 150.000000 -50.000000 19.842581 -0.000000 0.331287
0.166770 150.000000 -50.000000 19.842563 -0.000000 0.326301
0.166959 150.000000 -50.000000 19.842545 -0.000000 0.321315
0.167149 150.000000 -50.000000 19.842527 -0.000000 0.316328
0.167339 150.000000 -50.000000 19.842509 -0.000000 0.311342
0.167528 150.000000 -50.000000 19.842490 -0.000000 0.306356
0.167718 150.000000 -50.000000 19.842472 -0.000000 0.301370
0.167907 150.000000 -50.000000 19.842454 -0.000000 0.296384
0.168097 150.000000 -50.000000 19.842436 -0.000000 0.291397
0.168287 150.000000 -50.000000 19.842418 -0.000000 0.286411
0.168476 150.000000 -50.000000 19.842400 -0.000000 0.281425
0.168666 150.000000 -50.000000 19.842382 -0.000000 0.276439
0.168855 150.000000 -50.000000 19.842364 0.000000 0.271453
0.169045 150.000000 -50.000000 19.842345 0.000000 0.266467
0.169234 150.000000 -50.000000 19.842327 0.000000 0.261480
0.169424 150.000000 -50.000000 19.842309 0.000000 0.256494
0.169613 150.000000 -50.000000 19.842291 0.000000 0.251508
0.169803 150.000000 -50.000000 19.842273 0.000000 0.246522
