25.522686 150.038284 70.770034 24.566300 73.713189 25.757632
25.521314 150.038344 70.767614 24.582953 73.721392 25.772653
25.519944 150.038405 70.765193 24.599620 73.729593 25.787687
25.518573 150.038465 70.762770 24.616305 73.737793 25.802739
25.517202 150.038525 70.760348 24.633001 73.745992 25.817803
25.515830 150.038585 70.757927 24.649714 73.754191 25.832883
25.514459 150.038646 70.755503 24.666441 73.762387 25.847979
25.513087 150.038706 70.753080 24.683184 73.770583 25.863089
25.511716 150.038766 70.750657 24.699940 73.778778 25.878215
25.510344 150.038827 70.748233 24.716710 73.786971 25.893354
25.508972 150.038887 70.745809 24.733495 73.795163 25.908509
25.507600 150.038947 70.743385 24.750296 73.803354 25.923679
25.506228 150.039008 70.740960 24.767111 73.811544 25.938863
25.504855 150.039068 70.738534 24.783941 73.819733 25.954064
25.503483 150.039128 70.736108 24.800785 73.827921 25.969279
25.502110 150.039188 70.733682 24.817645 73.836108 25.984510
25.500738 150.039249 70.731256 24.834520 73.844294 25.999756
25.499364 150.039309 70.728829 24.851410 73.852478 26.015016
25.497992 150.039371 70.726401 24.868314 73.860662 26.030293
25.496618 150.039431 70.723974 24.885232 73.868844 26.045582
25.495245 150.039491 70.721545 24.902166 73.877025 26.060890
25.493871 150.039552 70.719116 24.919116 73.885205 26.076212
25.492498 150.039612 70.716688 24.936081 73.893383 26.091550
25.491125 150.039672 70.714259 24.953059 73.901562 26.106901
25.489750 150.039733 70.711829 24.970053 73.909737 26.122268
25.488377 150.039793 70.709399 24.987063 73.917913 26.137653
25.487002 150.039854 70.706969 25.004087 73.926087 26.153050
25.485628 150.039914 70.704538 25.021125 73.934260 26.168464
25.484253 150.039974 70.702107 25.038179 73.942432 26.183892
25.482879 150.040035 70.699676 25.055250 73.950603 26.199339
25.481504 150.040095 70.697244 25.072334 73.958773 26.214798
25.480129 150.040156 70.694811 25.089434 73.966941 26.230273
25.478754 150.040216 70.692379 25.106548 73.975108 26.245765
25.477379 150.040277 70.689945 25.123679 73.983274 26.261271
25.476003 150.040337 70.687512 25.140825 73.991439 26.276794
25.474628 150.040398 70.685078 25.157985 73.999603 26.292331
25.473252 150.040458 70.682644 25.175160 74.007765 26.307884
25.471877 150.040519 70.680210 25.192351 74.015927 26.323452
25.470500 150.040579 70.677775 25.209558 74.024087 26.339036
25.469125 150.040640 70.675339 25.226781 74.032246 26.354638
25.467748 150.040700 70.672903 25.244016 74.040404 26.370252
25.466372 150.040761 70.670467 25.261270 74.048561 26.385885
25.464995 150.040821 70.668031 25.278538 74.056716 26.401531
25.463619 150.040882 70.665594 25.295822 74.064871 26.417195
25.462242 150.040942 70.663156 25.313119 74.073024 26.432872
25.460866 150.041003 70.660719 25.330435 74.081176 26.448568
25.459488 150.041063 70.658282 25.347765 74.089327 26.464278
25.458111 150.041124 70.655843 25.365109 74.097476 26.480003
25.456734 150.041185 70.653404 25.382469 74.105625 26.495745
25.455357 150.041246 70.650964 25.399847 74.113773 26.511503
25.453979 150.041306 70.648525 25.417238 74.121919 26.527276
25.452601 150.041367 70.646085 25.434646 74.130064 26.543066
25.451224 150.041428 70.643645 25.452070 74.138207 26.558872
25.449846 150.041488 70.641205 25.469509 74.146350 26.574693
25.448468 150.041549 70.638763 25.486962 74.154492 26.590530
25.447089 150.041609 70.636322 25.504432 74.162631 26.606383
25.445711 150.041670 70.633880 25.521918 74.170770 26.622252
25.444332 150.041731 70.631438 25.539419 74.178908 26.638137
25.442954 150.041791 70.628995 25.556937 74.187045 26.654039
25.441575 150.041852 70.626553 25.574469 74.195179 26.669956
25.440196 150.041912 70.624109 25.592018 74.203314 26.685890
25.438817 150.041973 70.621665 25.609582 74.211446 26.701839
25.437438 150.042034 70.619222 25.627164 74.219579 26.717806
25.436058 150.042094 70.616777 25.644759 74.227709 26.733787
25.434679 150.042155 70.614332 25.662373 74.235838 26.749786
25.433299 150.042216 70.611886 25.680000 74.243966 26.765800
25.431919 150.042276 70.609441 25.697644 74.252093 26.781830
25.430539 150.042337 70.606995 25.715306 74.260219 26.797880
25.429159 150.042398 70.604549 25.732981 74.268343 26.813942
25.427779 150.042458 70.602102 25.750671 74.276467 26.830021
25.426399 150.042519 70.599655 25.768380 74.284588 26.846117
25.425018 150.042580 70.597207 25.786105 74.292709 26.862229
25.423638 150.042640 70.594759 25.803844 74.300829 26.878358
25.422256 150.042701 70.592311 25.821600 74.308947 26.894502
25.420876 150.042762 70.589862 25.839373 74.317064 26.910665
25.419494 150.042822 70.587414 25.857159 74.325179 26.926841
25.418114 150.042884 70.584965 25.874964 74.333294 26.943036
25.416732 150.042945 70.582515 25.892786 74.341408 26.959247
25.415351 150.043005 70.580064 25.910621 74.349519 26.975473
25.413969 150.043066 70.577614 25.928476 74.357630 26.991718
25.412588 150.043127 70.575163 25.946345 74.365740 27.007979
25.411205 150.043188 70.572712 25.964230 74.373848 27.024255
25.409824 150.043248 70.570260 25.982132 74.381955 27.040548
25.408441 150.043309 70.567808 26.000051 74.390061 27.056860
25.407059 150.043370 70.565356 26.017984 74.398166 27.073185
25.405676 150.043431 70.562903 26.035935 74.406269 27.089528
25.404294 150.043491 70.560450 26.053904 74.414372 27.105891
25.402912 150.043552 70.557996 26.071886 74.422472 27.122266
25.401529 150.043613 70.555541 26.089886 74.430572 27.138660
25.400146 150.043674 70.553087 26.107903 74.438670 27.155071
25.398763 150.043735 70.550633 26.125935 74.446767 27.171498
25.397380 150.043795 70.548177 26.143985 74.454863 27.187942
25.395996 150.043856 70.545722 26.162052 74.462958 27.204403
25.394613 150.043917 70.543266 26.180134 74.471051 27.220881
25.393229 150.043978 70.540810 26.198233 74.479143 27.237375
25.391845 150.044039 70.538354 26.216348 74.487233 27.253887
25.390461 150.044099 70.535897 26.234481 74.495323 27.270415
25.389077 150.044160 70.533439 26.252630 74.503412 27.286962
25.387693 150.044221 70.530981 26.270794 74.511498 27.303523
25.386309 150.044282 70.528523 26.288978 74.519584 27.320103
25.384924 150.044343 70.526065 26.307176 74.527668 27.336699
25.383539 150.044403 70.523606 26.325392 74.535751 27.353313
25.382154 150.044464 70.521147 26.343623 74.543833 27.369943
25.380770 150.044525 70.518687 26.361872 74.551913 27.386589
25.379384 150.044586 70.516227 26.380140 74.559993 27.403256
25.377999 150.044647 70.513767 26.398422 74.568071 27.419937
25.376614 150.044708 70.511306 26.416722 74.576147 27.436636
25.375229 150.044770 70.508844 26.435037 74.584222 27.453352
25.373843 150.044830 70.506383 26.453370 74.592296 27.470085
25.372457 150.044891 70.503921 26.471722 74.600369 27.486837
25.371071 150.044952 70.501459 26.490089 74.608441 27.503604
25.369685 150.045013 70.498996 26.508473 74.616511 27.520390
25.368299 150.045074 70.496533 26.526874 74.624580 27.537192
25.366913 150.045135 70.494070 26.545293 74.632647 27.554012
25.365526 150.045196 70.491606 26.563728 74.640713 27.570849
25.364140 150.045257 70.489142 26.582180 74.648778 27.587704
25.362753 150.045318 70.486677 26.600649 74.656842 27.604577
25.361367 150.045378 70.484212 26.619136 74.664904 27.621465
25.359979 150.045439 70.481747 26.637640 74.672965 27.638374
25.358592 150.045500 70.479281 26.656159 74.681024 27.655297
25.357205 150.045561 70.476815 26.674696 74.689082 27.672238
25.355818 150.045622 70.474349 26.693253 74.697140 27.689199
25.354430 150.045683 70.471882 26.711825 74.705195 27.706175
25.353043 150.045744 70.469415 26.730414 74.713249 27.723170
25.351654 150.045805 70.466947 26.749022 74.721303 27.740182
25.350267 150.045866 70.464480 26.767646 74.729355 27.757213
25.348878 150.045927 70.462011 26.786288 74.737405 27.774260
25.347491 150.045988 70.459543 26.804946 74.745454 27.791325
25.346102 150.046049 70.457073 26.823623 74.753501 27.808408
25.344714 150.046110 70.454604 26.842316 74.761548 27.825508
25.343326 150.046171 70.452134 26.861028 74.769593 27.842627
25.341937 150.046232 70.449664 26.879755 74.777636 27.859762
25.340548 150.046293 70.447193 26.898502 74.785678 27.876917
25.339159 150.046354 70.444722 26.917264 74.793720 27.894088
25.337770 150.046414 70.442251 26.936047 74.801759 27.911280
25.336380 150.046475 70.439780 26.954845 74.809797 27.928486
25.334991 150.046536 70.437307 26.973661 74.817835 27.945711
25.333601 150.046598 70.434835 26.992494 74.825870 27.962954
25.332212 150.046659 70.432362 27.011347 74.833904 27.980216
25.330822 150.046720 70.429889 27.030215 74.841937 27.997495
25.329432 150.046781 70.427415 27.049101 74.849968 28.014792
25.328041 150.046842 70.424941 27.068006 74.857999 28.032109
25.326652 150.046903 70.422467 27.086928 74.866027 28.049441
25.325261 150.046964 70.419992 27.105869 74.874054 28.066792
25.323871 150.047025 70.417517 27.124826 74.882080 28.084162
25.322480 150.047086 70.415042 27.143802 74.890105 28.101550
25.321089 150.047147 70.412566 27.162794 74.898128 28.118956
25.319698 150.047208 70.410089 27.181806 74.906150 28.136380
25.318307 150.047270 70.407613 27.200834 74.914171 28.153822
25.316916 150.047331 70.405136 27.219881 74.922190 28.171283
25.315525 150.047392 70.402658 27.238947 74.930208 28.188762
25.314133 150.047453 70.400180 27.258028 74.938224 28.206258
25.312742 150.047514 70.397703 27.277130 74.946239 28.223773
25.311350 150.047575 70.395224 27.296249 74.954253 28.241308
25.309958 150.047636 70.392745 27.315384 74.962265 28.258859
25.308566 150.047697 70.390266 27.334541 74.970276 28.276431
25.307174 150.047758 70.387787 27.353713 74.978285 28.294019
25.305781 150.047819 70.385306 27.372904 74.986292 28.311626
25.304389 150.047880 70.382826 27.392114 74.994300 28.329252
25.302996 150.047941 70.380345 27.411341 75.002304 28.346896
25.301604 150.048002 70.377864 27.430587 75.010308 28.364559
25.300211 150.048063 70.375383 27.449852 75.018311 28.382242
25.298818 150.048124 70.372901 27.469132 75.026312 28.399941
25.297425 150.048185 70.370419 27.488432 75.034312 28.417659
25.296032 150.048246 70.367936 27.507751 75.042310 28.435397
25.294638 150.048307 70.365453 27.527089 75.050306 28.453153
25.293245 150.048369 70.362970 27.546443 75.058302 28.470927
25.291851 150.048430 70.360486 27.565816 75.066295 28.488719
25.290458 150.048491 70.358002 27.585208 75.074288 28.506531
25.289064 150.048553 70.355517 27.604619 75.082279 28.524363
25.287670 150.048614 70.353032 27.624048 75.090269 28.542212
25.286275 150.048675 70.350547 27.643495 75.098256 28.560080
25.284882 150.048736 70.348062 27.662961 75.106244 28.577967
25.283487 150.048797 70.345575 27.682444 75.114228 28.595872
25.282093 150.048858 70.343089 27.701949 75.122213 28.613799
25.280697 150.048919 70.340603 27.721469 75.130195 28.631741
25.279303 150.048981 70.338116 27.741011 75.138176 28.649706
25.277908 150.049042 70.335628 27.760569 75.146156 28.667687
25.276513 150.049103 70.333140 27.780146 75.154134 28.685688
25.275117 150.049164 70.330652 27.799741 75.162110 28.703706
25.273722 150.049225 70.328163 27.819357 75.170086 28.721747
25.272326 150.049286 70.325674 27.838991 75.178060 28.739805
25.270931 150.049347 70.323185 27.858643 75.186032 28.757881
25.269535 150.049408 70.320695 27.878315 75.194003 28.775978
25.268140 150.049469 70.318205 27.898002 75.201972 28.794091
25.266743 150.049531 70.315714 27.917711 75.209940 28.812227
25.265347 150.049592 70.313224 27.937438 75.217907 28.830380
25.263951 150.049653 70.310732 27.957187 75.225872 28.848555
25.262555 150.049714 70.308241 27.976952 75.233836 28.866747
25.261158 150.049775 70.305749 27.996735 75.241797 28.884956
25.259761 150.049836 70.303256 28.016540 75.249758 28.903189
25.258364 150.049897 70.300764 28.036360 75.257717 28.921437
25.256968 150.049959 70.298271 28.056203 75.265675 28.939709
25.255570 150.050020 70.295777 28.076064 75.273631 28.957997
25.254173 150.050081 70.293283 28.095944 75.281586 28.976307
25.252775 150.050142 70.290788 28.115841 75.289540 28.994633
25.251378 150.050203 70.288294 28.135760 75.297491 29.012981
25.249980 150.050264 70.285799 28.155695 75.305441 29.031347
25.248583 150.050326 70.283304 28.175653 75.313390 29.049734
25.247185 150.050388 70.280809 28.195628 75.321337 29.068140
25.245787 150.050448 70.278312 28.215622 75.329283 29.086565
25.244389 150.050510 70.275815 28.235636 75.337227 29.105011
25.242991 150.050571 70.273318 28.255670 75.345170 29.123476
25.241593 150.050632 70.270822 28.275722 75.353111 29.141961
25.240194 150.050694 70.268324 28.295795 75.361051 29.160466
25.238795 150.050755 70.265826 28.315887 75.368990 29.178989
25.237396 150.050816 70.263328 28.335996 75.376926 29.197533
25.235998 150.050877 70.260829 28.356126 75.384862 29.216096
25.234598 150.050938 70.258330 28.376277 75.392796 29.234681
25.233199 150.050999 70.255831 28.396446 75.400728 29.253283
25.231799 150.051061 70.253331 28.416636 75.408659 29.271908
25.230400 150.051122 70.250830 28.436844 75.416588 29.290550
25.229000 150.051183 70.248329 28.457070 75.424515 29.309212
25.227601 150.051244 70.245829 28.477320 75.432442 29.327897
25.226201 150.051305 70.243327 28.497585 75.440367 29.346599
25.224801 150.051367 70.240826 28.517872 75.448290 29.365322
25.223400 150.051428 70.238324 28.538179 75.456211 29.384065
25.222001 150.051489 70.235821 28.558505 75.464131 29.402828
25.220600 150.051550 70.233318 28.578850 75.472050 29.421611
25.219200 150.051611 70.230815 28.599217 75.479966 29.440415
25.217798 150.051672 70.228311 28.619602 75.487882 29.459238
25.216398 150.051734 70.225807 28.640009 75.495796 29.478082
25.214997 150.051795 70.223303 28.660435 75.503709 29.496947
25.213596 150.051856 70.220799 28.680877 75.511619 29.515829
25.212194 150.051917 70.218293 28.701343 75.519528 29.534735
25.210793 150.051978 70.215788 28.721830 75.527436 29.553661
25.209392 150.052040 70.213282 28.742334 75.535342 29.572605
25.207990 150.052101 70.210775 28.762860 75.543247 29.591572
25.206588 150.052162 70.208270 28.783404 75.551150 29.610556
25.205187 150.052223 70.205762 28.803969 75.559051 29.629563
25.203784 150.052284 70.203255 28.824555 75.566951 29.648590
25.202383 150.052347 70.200748 28.845160 75.574850 29.667637
25.200980 150.052407 70.198239 28.865786 75.582746 29.686705
25.199578 150.052469 70.195731 28.886431 75.590641 29.705793
25.198175 150.052530 70.193222 28.907096 75.598535 29.724901
25.196773 150.052592 70.190713 28.927783 75.606427 29.744032
25.195370 150.052653 70.188203 28.948489 75.614317 29.763181
25.193967 150.052714 70.185693 28.969217 75.622206 29.782352
25.192564 150.052775 70.183183 28.989965 75.630093 29.801545
25.191161 150.052836 70.180673 29.010732 75.637979 29.820757
25.189757 150.052898 70.178162 29.031520 75.645864 29.839991
25.188354 150.052959 70.175650 29.052328 75.653745 29.859243
25.186950 150.053020 70.173138 29.073157 75.661627 29.878519
25.185547 150.053081 70.170626 29.094006 75.669507 29.897815
25.184142 150.053142 70.168113 29.114876 75.677384 29.917130
25.182739 150.053204 70.165600 29.135766 75.685260 29.936468
25.181334 150.053265 70.163087 29.156678 75.693134 29.955826
25.179931 150.053326 70.160574 29.177609 75.701007 29.975205
25.178526 150.053387 70.158059 29.198562 75.708879 29.994606
25.177122 150.053449 70.155546 29.219534 75.716748 30.014027
25.175717 150.053510 70.153030 29.240528 75.724616 30.033469
25.174312 150.053571 70.150516 29.261542 75.732483 30.052933
25.172907 150.053632 70.147999 29.282575 75.740347 30.072416
25.171502 150.053693 70.145484 29.303633 75.748210 30.091922
25.170097 150.053755 70.142968 29.324708 75.756072 30.111448
25.168692 150.053816 70.140450 29.345807 75.763932 30.130997
25.167286 150.053877 70.137934 29.366926 75.771791 30.150567
25.165881 150.053938 70.135416 29.388062 75.779647 30.170155
25.164475 150.053999 70.132899 29.409223 75.787502 30.189768
25.163069 150.054061 70.130381 29.430406 75.795356 30.209402
25.161663 150.054122 70.127862 29.451606 75.803207 30.229055
25.160257 150.054183 70.125343 29.472829 75.811057 30.248731
25.158851 150.054244 70.122824 29.494074 75.818905 30.268428
25.157445 150.054306 70.120305 29.515339 75.826753 30.288148
25.156038 150.054367 70.117784 29.536626 75.834597 30.307887
25.154632 150.054429 70.115264 29.557931 75.842441 30.327648
25.153225 150.054490 70.112743 29.579262 75.850283 30.347433
25.151818 150.054551 70.110222 29.600612 75.858123 30.367238
25.150411 150.054613 70.107700 29.621982 75.865962 30.387063
25.149004 150.054674 70.105179 29.643374 75.873799 30.406911
25.147596 150.054735 70.102656 29.664788 75.881634 30.426781
25.146190 150.054796 70.100134 29.686223 75.889467 30.446672
25.144782 150.054858 70.097611 29.707680 75.897299 30.466586
25.143374 150.054919 70.095088 29.729158 75.905129 30.486521
25.141966 150.054980 70.092564 29.750656 75.912957 30.506477
25.140559 150.055041 70.090041 29.772176 75.920784 30.526455
25.139150 150.055102 70.087516 29.793719 75.928610 30.546456
25.137743 150.055164 70.084991 29.815283 75.936432 30.566478
25.136334 150.055225 70.082466 29.836869 75.944255 30.586523
25.134926 150.055286 70.079940 29.858474 75.952074 30.606588
25.133517 150.055347 70.077415 29.880103 75.959893 30.626677
25.132109 150.055408 70.074888 29.901753 75.967709 30.646787
25.130700 150.055470 70.072361 29.923424 75.975524 30.666918
25.129291 150.055531 70.069834 29.945119 75.983338 30.687074
25.127882 150.055592 70.067307 29.966833 75.991149 30.707250
25.126473 150.055653 70.064779 29.988570 75.998959 30.727447
25.125063 150.055715 70.062250 30.010328 76.006767 30.747668
25.123654 150.055776 70.059723 30.032109 76.014573 30.767911
25.122244 150.055837 70.057193 30.053912 76.022378 30.788177
25.120835 150.055898 70.054665 30.075737 76.030181 30.808464
25.119424 150.055959 70.052134 30.097582 76.037983 30.828774
25.118015 150.056021 70.049604 30.119449 76.045781 30.849104
25.116604 150.056082 70.047074 30.141340 76.053579 30.869460
25.115195 150.056143 70.044543 30.163253 76.061376 30.889837
25.113784 150.056204 70.042012 30.185186 76.069169 30.910234
25.112374 150.056265 70.039480 30.207143 76.076962 30.930657
25.110963 150.056327 70.036948 30.229121 76.084753 30.951100
25.109553 150.056389 70.034417 30.251122 76.092542 30.971568
25.108141 150.056450 70.031884 30.273144 76.100329 30.992056
25.106731 150.056511 70.029351 30.295188 76.108115 31.012568
25.105319 150.056572 70.026818 30.317257 76.115899 31.033103
25.103908 150.056634 70.024284 30.339347 76.123681 31.053660
25.102497 150.056695 70.021750 30.361458 76.131461 31.074240
25.101086 150.056756 70.019215 30.383591 76.139240 31.094841
25.099673 150.056817 70.016680 30.405749 76.147017 31.115468
25.098262 150.056878 70.014145 30.427927 76.154792 31.136115
25.096850 150.056940 70.011610 30.450128 76.162565 31.156786
25.095438 150.057001 70.009074 30.472351 76.170336 31.177478
25.094026 150.057062 70.006537 30.494597 76.178106 31.198196
25.092614 150.057123 70.004000 30.516867 76.185874 31.218935
25.091201 150.057184 70.001464 30.539160 76.193640 31.239699
25.089789 150.057245 69.998926 30.561471 76.201405 31.260483
25.088376 150.057307 69.996389 30.583810 76.209167 31.281292
25.086963 150.057368 69.993850 30.606168 76.216928 31.302123
25.085550 150.057429 69.991312 30.628549 76.224687 31.322976
25.084138 150.057490 69.988772 30.650955 76.232444 31.343856
25.082724 150.057551 69.986233 30.673383 76.240199 31.364756
25.081311 150.057612 69.983694 30.695832 76.247953 31.385680
25.079897 150.057674 69.981154 30.718306 76.255704 31.406627
25.078484 150.057735 69.978614 30.740801 76.263454 31.427596
25.077070 150.057796 69.976073 30.763323 76.271203 31.448593
25.075657 150.057857 69.973532 30.785862 76.278949 31.469607
25.074242 150.057918 69.970990 30.808427 76.286694 31.490649
25.072829 150.057979 69.968448 30.831015 76.294436 31.511712
25.071414 150.058041 69.965906 30.853627 76.302178 31.532800
25.070000 150.058102 69.963363 30.876260 76.309917 31.553911
25.068585 150.058163 69.960820 30.898916 76.317654 31.575043
25.067171 150.058224 69.958277 30.921598 76.325389 31.596203
25.065756 150.058285 69.955733 30.944303 76.333123 31.617385
25.064342 150.058346 69.953189 30.967027 76.340855 31.638589
25.062926 150.058408 69.950644 30.989776 76.348584 31.659816
25.061512 150.058470 69.948100 31.012551 76.356313 31.681070
25.060096 150.058531 69.945555 31.035347 76.364039 31.702345
25.058681 150.058592 69.943009 31.058165 76.371763 31.723644
25.057265 150.058653 69.940463 31.081011 76.379486 31.744969
25.055850 150.058714 69.937916 31.103876 76.387207 31.766315
25.054434 150.058775 69.935370 31.126767 76.394925 31.787687
25.053018 150.058837 69.932823 31.149679 76.402643 31.809081
25.051602 150.058898 69.930275 31.172618 76.410357 31.830501
25.050186 150.058959 69.927728 31.195579 76.418071 31.851943
25.048770 150.059020 69.925180 31.218560 76.425781 31.873408
25.047354 150.059081 69.922631 31.241569 76.433491 31.894899
25.045937 150.059142 69.920083 31.264600 76.441199 31.916415
25.044521 150.059203 69.917533 31.287654 76.448904 31.937951
25.043104 150.059264 69.914984 31.310734 76.456608 31.959515
25.041687 150.059325 69.912434 31.333838 76.464311 31.981104
25.040270 150.059387 69.909883 31.356962 76.472011 32.002713
25.038853 150.059448 69.907332 31.380111 76.479708 32.024348
25.037435 150.059509 69.904782 31.403287 76.487405 32.046009
25.036019 150.059570 69.902229 31.426484 76.495099 32.067693
25.034601 150.059631 69.899678 31.449706 76.502791 32.089401
25.033183 150.059692 69.897126 31.472952 76.510482 32.111132
25.031765 150.059753 69.894573 31.496220 76.518171 32.132889
25.030348 150.059814 69.892020 31.519515 76.525857 32.154671
25.028929 150.059875 69.889467 31.542832 76.533542 32.176476
25.027512 150.059936 69.886913 31.566175 76.541225 32.198307
25.026093 150.059997 69.884359 31.589540 76.548906 32.220162
25.024675 150.060059 69.881805 31.612932 76.556586 32.242042
25.023256 150.060120 69.879250 31.636347 76.564263 32.263948
25.021838 150.060181 69.876695 31.659784 76.571938 32.285874
25.020419 150.060242 69.874139 31.683248 76.579611 32.307828
25.019000 150.060303 69.871583 31.706733 76.587282 32.329805
25.017581 150.060364 69.869027 31.730246 76.594952 32.351809
25.016162 150.060425 69.866470 31.753782 76.602619 32.373836
25.014742 150.060486 69.863913 31.777344 76.610285 32.395890
25.013324 150.060547 69.861356 31.800928 76.617949 32.417967
25.011904 150.060608 69.858798 31.824537 76.625610 32.440068
25.010485 150.060670 69.856240 31.848171 76.633269 32.462196
25.009064 150.060731 69.853682 31.871829 76.640927 32.484347
25.007645 150.060792 69.851122 31.895511 76.648583 32.506523
25.006224 150.060853 69.848563 31.919220 76.656236 32.528726
25.004805 150.060914 69.846004 31.942952 76.663888 32.550953
25.003384 150.060975 69.843443 31.966709 76.671538 32.573206
25.001964 150.061036 69.840884 31.990492 76.679186 32.595483
25.000543 150.061097 69.838323 32.014297 76.686832 32.617785
24.999123 150.061158 69.835762 32.038129 76.694476 32.640113
24.997702 150.061219 69.833200 32.061986 76.702118 32.662467
24.996282 150.061280 69.830638 32.085867 76.709757 32.684844
24.994860 150.061341 69.828076 32.109774 76.717396 32.707248
24.993439 150.061402 69.825514 32.133704 76.725031 32.729677
24.992018 150.061463 69.822950 32.157661 76.732666 32.752133
24.990597 150.061524 69.820388 32.181642 76.740298 32.774612
24.989175 150.061585 69.817823 32.205647 76.747927 32.797117
24.987754 150.061646 69.815259 32.229678 76.755555 32.819648
24.986331 150.061707 69.812696 32.253735 76.763181 32.842204
24.984910 150.061768 69.810131 32.277817 76.770805 32.864786
24.983488 150.061829 69.807566 32.301923 76.778426 32.887393
24.982066 150.061890 69.805001 32.326056 76.786046 32.910026
24.980643 150.061951 69.802435 32.350213 76.793664 32.932686
24.979221 150.062012 69.799868 32.374396 76.801280 32.955371
24.977798 150.062073 69.797302 32.398606 76.808894 32.978083
24.976376 150.062134 69.794734 32.422838 76.816505 33.000817
24.974953 150.062195 69.792168 32.447097 76.824115 33.023580
24.973531 150.062256 69.789600 32.471380 76.831723 33.046367
24.972107 150.062317 69.787031 32.495692 76.839329 33.069182
24.970684 150.062378 69.784463 32.520027 76.846932 33.092021
24.969261 150.062439 69.781894 32.544388 76.854534 33.114888
24.967838 150.062500 69.779325 32.568776 76.862133 33.137780
24.966414 150.062561 69.776756 32.593187 76.869730 33.160697
24.964991 150.062622 69.774186 32.617624 76.877325 33.183641
24.963567 150.062683 69.771616 32.642089 76.884918 33.206611
24.962143 150.062745 69.769045 32.666578 76.892509 33.229608
24.960719 150.062804 69.766473 32.691094 76.900098 33.252630
24.959295 150.062865 69.763902 32.715635 76.907686 33.275679
24.957870 150.062927 69.761331 32.740202 76.915271 33.298755
24.956446 150.062988 69.758758 32.764797 76.922854 33.321857
24.955021 150.063049 69.756186 32.789416 76.930435 33.344986
24.953597 150.063110 69.753613 32.814059 76.938013 33.368138
24.952172 150.063171 69.751040 32.838731 76.945590 33.391320
24.950748 150.063232 69.748466 32.863427 76.953164 33.414526
24.949322 150.063293 69.745893 32.888152 76.960737 33.437762
24.947898 150.063353 69.743318 32.912900 76.968306 33.461021
24.946472 150.063414 69.740743 32.937676 76.975874 33.484307
24.945047 150.063475 69.738168 32.962479 76.983441 33.507622
24.943621 150.063536 69.735593 32.987307 76.991005 33.530962
24.942196 150.063597 69.733017 33.012161 76.998566 33.554329
24.940770 150.063658 69.730441 33.037042 77.006126 33.577722
24.939345 150.063719 69.727865 33.061949 77.013683 33.601143
24.937918 150.063779 69.725287 33.086883 77.021239 33.624591
24.936493 150.063840 69.722711 33.111843 77.028792 33.648065
24.935066 150.063901 69.720133 33.136830 77.036343 33.671567
24.933640 150.063962 69.717555 33.161845 77.043892 33.695096
24.932213 150.064023 69.714977 33.186882 77.051439 33.718649
24.930787 150.064084 69.712398 33.211951 77.058984 33.742233
24.929360 150.064144 69.709819 33.237045 77.066527 33.765844
24.927933 150.064205 69.707239 33.262163 77.074067 33.789478
24.926506 150.064266 69.704659 33.287309 77.081604 33.813142
24.925079 150.064327 69.702080 33.312483 77.089141 33.836833
24.923652 150.064388 69.699498 33.337683 77.096675 33.860550
24.922225 150.064448 69.696918 33.362908 77.104206 33.884295
24.920797 150.064509 69.694336 33.388165 77.111736 33.908070
24.919370 150.064570 69.691755 33.413444 77.119264 33.931869
24.917942 150.064631 69.689174 33.438752 77.126789 33.955696
24.916514 150.064691 69.686590 33.464088 77.134312 33.979552
24.915086 150.064752 69.684008 33.489451 77.141832 34.003435
24.913658 150.064813 69.681425 33.514839 77.149351 34.027345
24.912230 150.064874 69.678842 33.540254 77.156867 34.051280
24.910802 150.064934 69.676257 33.565697 77.164381 34.075245
24.909373 150.064995 69.673673 33.591169 77.171894 34.099239
24.907945 150.065056 69.671089 33.616664 77.179403 34.123257
24.906516 150.065118 69.668504 33.642190 77.186911 34.147307
24.905088 150.065178 69.665918 33.667743 77.194416 34.171381
24.903658 150.065239 69.663333 33.693324 77.201919 34.195487
24.902230 150.065300 69.660746 33.718930 77.209420 34.219616
24.900800 150.065360 69.658160 33.744564 77.216918 34.243776
24.899371 150.065421 69.655574 33.770227 77.224416 34.267964
24.897941 150.065482 69.652987 33.795917 77.231910 34.292178
24.896512 150.065542 69.650399 33.821633 77.239402 34.316421
24.895082 150.065603 69.647811 33.847378 77.246891 34.340692
24.893653 150.065664 69.645223 33.873152 77.254379 34.364993
24.892223 150.065725 69.642634 33.898953 77.261864 34.389320
24.890793 150.065785 69.640045 33.924780 77.269347 34.413676
24.889363 150.065846 69.637456 33.950634 77.276827 34.438057
24.887933 150.065906 69.634866 33.976518 77.284306 34.462469
24.886502 150.065967 69.632276 34.002431 77.291782 34.486911
24.885072 150.066028 69.629685 34.028368 77.299256 34.511377
24.883641 150.066088 69.627095 34.054336 77.306728 34.535876
24.882211 150.066149 69.624503 34.080332 77.314197 34.560400
24.880779 150.066210 69.621912 34.106355 77.321665 34.584955
24.879349 150.066270 69.619320 34.132407 77.329129 34.609537
24.877917 150.066331 69.616728 34.158486 77.336591 34.634148
24.876487 150.066391 69.614135 34.184592 77.344051 34.658786
24.875055 150.066452 69.611542 34.210728 77.351509 34.683453
24.873624 150.066513 69.608949 34.236894 77.358966 34.708152
24.872192 150.066573 69.606356 34.263086 77.366419 34.732877
24.870761 150.066634 69.603761 34.289304 77.373869 34.757629
24.869328 150.066694 69.601167 34.315553 77.381318 34.782412
24.867897 150.066755 69.598572 34.341831 77.388764 34.807225
24.866464 150.066815 69.595977 34.368138 77.396209 34.832066
24.865033 150.066876 69.593382 34.394469 77.403650 34.856934
24.863600 150.066937 69.590785 34.420834 77.411090 34.881833
24.862168 150.066997 69.588189 34.447227 77.418527 34.906761
24.860735 150.067058 69.585593 34.473645 77.425961 34.931716
24.859303 150.067118 69.582995 34.500094 77.433393 34.956701
24.857869 150.067179 69.580398 34.526571 77.440824 34.981717
24.856437 150.067239 69.577801 34.553078 77.448251 35.006760
24.855003 150.067300 69.575202 34.579611 77.455676 35.031832
24.853571 150.067360 69.572603 34.606173 77.463099 35.056934
24.852137 150.067421 69.570005 34.632766 77.470520 35.082065
24.850704 150.067482 69.567406 34.659387 77.477938 35.107226
