-10.253267 152.452644 76.977862 14.940012 7.478030 11.437526
-10.253174 152.451833 76.987291 14.940234 7.474187 11.437709
-10.253081 152.451021 76.996721 14.940453 7.470349 11.437891
-10.252987 152.450208 77.006153 14.940669 7.466516 11.438072
-10.252893 152.449395 77.015587 14.940883 7.462689 11.438252
-10.252799 152.448582 77.025021 14.941094 7.458868 11.438432
-10.252705 152.447768 77.034457 14.941302 7.455051 11.438610
-10.252610 152.446954 77.043895 14.941507 7.451240 11.438788
-10.252514 152.446139 77.053334 14.941710 7.447434 11.438965
-10.252419 152.445323 77.062774 14.941909 7.443634 11.439140
-10.252322 152.444507 77.072216 14.942106 7.439839 11.439315
-10.252226 152.443691 77.081660 14.942300 7.436049 11.439489
-10.252129 152.442874 77.091105 14.942491 7.432265 11.439662
-10.252032 152.442056 77.100551 14.942679 7.428486 11.439834
-10.251934 152.441238 77.109998 14.942865 7.424712 11.440005
-10.251836 152.440420 77.119447 14.943048 7.420944 11.440176
-10.251737 152.439601 77.128898 14.943228 7.417182 11.440345
-10.251639 152.438781 77.138350 14.943404 7.413425 11.440513
-10.251539 152.437961 77.147803 14.943579 7.409673 11.440681
-10.251439 152.437141 77.157258 14.943750 7.405927 11.440847
-10.251339 152.436320 77.166713 14.943919 7.402186 11.441013
-10.251239 152.435498 77.176171 14.944085 7.398452 11.441178
-10.251138 152.434676 77.185630 14.944247 7.394722 11.441342
-10.251036 152.433854 77.195090 14.944408 7.390998 11.441505
-10.250934 152.433031 77.204551 14.944565 7.387280 11.441666
-10.250833 152.432207 77.214015 14.944719 7.383567 11.441827
-10.250730 152.431383 77.223480 14.944871 7.379859 11.441988
-10.250627 152.430558 77.232946 14.945020 7.376159 11.442147
-10.250524 152.429733 77.242412 14.945165 7.372463 11.442305
-10.250421 152.428908 77.251882 14.945307 7.368772 11.442462
-10.250316 152.428082 77.261352 14.945447 7.365087 11.442618
-10.250212 152.427255 77.270823 14.945584 7.361408 11.442773
-10.250107 152.426428 77.280296 14.945719 7.357735 11.442928
-10.250002 152.425601 77.289771 14.945851 7.354067 11.443082
-10.249896 152.424773 77.299247 14.945979 7.350405 11.443234
-10.249790 152.423944 77.308723 14.946104 7.346749 11.443385
-10.249683 152.423115 77.318202 14.946227 7.343098 11.443536
-10.249577 152.422285 77.327682 14.946346 7.339454 11.443685
-10.249470 152.421455 77.337163 14.946463 7.335815 11.443834
-10.249362 152.420625 77.346646 14.946577 7.332181 11.443982
-10.249254 152.419794 77.356130 14.946688 7.328554 11.444129
-10.249146 152.418962 77.365616 14.946796 7.324932 11.444274
-10.249037 152.418130 77.375103 14.946901 7.321316 11.444419
-10.248927 152.417298 77.384591 14.947003 7.317706 11.444563
-10.248817 152.416465 77.394081 14.947103 7.314102 11.444706
-10.248707 152.415631 77.403572 14.947198 7.310504 11.444847
-10.248597 152.414797 77.413064 14.947291 7.306911 11.444988
-10.248486 152.413962 77.422558 14.947382 7.303325 11.445128
-10.248375 152.413127 77.432053 14.947470 7.299743 11.445267
-10.248263 152.412292 77.441550 14.947554 7.296169 11.445405
-10.248151 152.411456 77.451048 14.947635 7.292600 11.445542
-10.248038 152.410619 77.460547 14.947714 7.289037 11.445678
-10.247925 152.409782 77.470049 14.947790 7.285480 11.445813
-10.247812 152.408945 77.479550 14.947862 7.281929 11.445947
-10.247698 152.408106 77.489054 14.947932 7.278384 11.446080
-10.247584 152.407268 77.498559 14.947998 7.274844 11.446212
-10.247469 152.406429 77.508065 14.948062 7.271311 11.446343
-10.247354 152.405589 77.517573 14.948122 7.267784 11.446473
-10.247239 152.404749 77.527081 14.948180 7.264263 11.446602
-10.247122 152.403909 77.536592 14.948234 7.260748 11.446730
-10.247006 152.403068 77.546104 14.948286 7.257239 11.446857
-10.246889 152.402226 77.555617 14.948335 7.253736 11.446983
-10.246772 152.401384 77.565132 14.948380 7.250240 11.447108
-10.246654 152.400542 77.574648 14.948423 7.246749 11.447232
-10.246537 152.399699 77.584165 14.948463 7.243264 11.447356
-10.246418 152.398855 77.593683 14.948499 7.239785 11.447477
-10.246299 152.398011 77.603203 14.948532 7.236313 11.447598
-10.246180 152.397166 77.612725 14.948563 7.232847 11.447718
-10.246061 152.396321 77.622247 14.948591 7.229386 11.447837
-10.245940 152.395476 77.631772 14.948614 7.225932 11.447955
-10.245819 152.394630 77.641297 14.948635 7.222484 11.448072
-10.245698 152.393783 77.650824 14.948654 7.219043 11.448188
-10.245577 152.392936 77.660352 14.948669 7.215608 11.448303
-10.245455 152.392089 77.669882 14.948682 7.212178 11.448417
-10.245333 152.391241 77.679412 14.948691 7.208755 11.448530
-10.245210 152.390392 77.688945 14.948697 7.205339 11.448641
-10.245087 152.389543 77.698479 14.948700 7.201929 11.448752
-10.244963 152.388694 77.708014 14.948699 7.198524 11.448862
-10.244840 152.387844 77.717550 14.948696 7.195126 11.448971
-10.244715 152.386994 77.727088 14.948690 7.191735 11.449078
-10.244590 152.386143 77.736627 14.948681 7.188349 11.449185
-10.244465 152.385291 77.746167 14.948668 7.184970 11.449291
-10.244339 152.384439 77.755709 14.948653 7.181598 11.449395
-10.244213 152.383587 77.765252 14.948634 7.178232 11.449498
-10.244086 152.382734 77.774797 14.948613 7.174872 11.449601
-10.243959 152.381880 77.784343 14.948588 7.171519 11.449703
-10.243831 152.381026 77.793890 14.948559 7.168172 11.449803
-10.243703 152.380172 77.803438 14.948528 7.164831 11.449902
-10.243575 152.379317 77.812988 14.948494 7.161497 11.450000
-10.243446 152.378462 77.822539 14.948457 7.158170 11.450098
-10.243317 152.377606 77.832092 14.948416 7.154848 11.450194
-10.243187 152.376749 77.841646 14.948373 7.151533 11.450289
-10.243057 152.375892 77.851202 14.948325 7.148225 11.450383
-10.242926 152.375035 77.860758 14.948276 7.144923 11.450476
-10.242796 152.374177 77.870316 14.948223 7.141627 11.450568
-10.242665 152.373319 77.879875 14.948167 7.138339 11.450659
-10.242533 152.372460 77.889436 14.948107 7.135056 11.450748
-10.242400 152.371601 77.898997 14.948045 7.131781 11.450837
-10.242267 152.370741 77.908561 14.947979 7.128511 11.450925
-10.242134 152.369880 77.918125 14.947911 7.125249 11.451011
-10.242000 152.369020 77.927691 14.947839 7.121993 11.451097
-10.241866 152.368158 77.937258 14.947763 7.118744 11.451181
-10.241732 152.367296 77.946828 14.947684 7.115501 11.451264
-10.241597 152.366434 77.956397 14.947603 7.112265 11.451347
-10.241460 152.365571 77.965968 14.947518 7.109036 11.451428
-10.241325 152.364708 77.975541 14.947430 7.105813 11.451508
-10.241189 152.363844 77.985116 14.947340 7.102595 11.451587
-10.241051 152.362980 77.994691 14.947245 7.099386 11.451665
-10.240915 152.362115 78.004267 14.947148 7.096184 11.451742
-10.240777 152.361250 78.013845 14.947047 7.092988 11.451817
-10.240638 152.360384 78.023424 14.946943 7.089798 11.451892
-10.240500 152.359518 78.033005 14.946836 7.086616 11.451966
-10.240361 152.358651 78.042587 14.946726 7.083439 11.452038
-10.240221 152.357784 78.052170 14.946611 7.080271 11.452109
-10.240081 152.356916 78.061754 14.946495 7.077107 11.452180
-10.239940 152.356048 78.071340 14.946375 7.073952 11.452249
-10.239799 152.355179 78.080928 14.946251 7.070804 11.452317
-10.239659 152.354310 78.090516 14.946125 7.067661 11.452384
-10.239516 152.353441 78.100106 14.945995 7.064526 11.452450
-10.239374 152.352571 78.109697 14.945862 7.061398 11.452514
-10.239231 152.351700 78.119290 14.945726 7.058277 11.452578
-10.239087 152.350829 78.128883 14.945586 7.055162 11.452640
-10.238944 152.349957 78.138479 14.945444 7.052054 11.452702
-10.238800 152.349085 78.148075 14.945298 7.048954 11.452762
-10.238655 152.348212 78.157673 14.945148 7.045860 11.452821
-10.238510 152.347339 78.167271 14.944995 7.042772 11.452879
-10.238365 152.346466 78.176872 14.944839 7.039693 11.452936
-10.238218 152.345592 78.186473 14.944681 7.036620 11.452992
-10.238072 152.344717 78.196076 14.944518 7.033553 11.453047
-10.237925 152.343842 78.205681 14.944352 7.030495 11.453100
-10.237777 152.342967 78.215286 14.944184 7.027442 11.453153
-10.237629 152.342091 78.224894 14.944011 7.024396 11.453204
-10.237481 152.341214 78.234502 14.943835 7.021359 11.453254
-10.237332 152.340337 78.244111 14.943657 7.018327 11.453303
-10.237183 152.339460 78.253722 14.943474 7.015303 11.453351
-10.237033 152.338582 78.263334 14.943289 7.012287 11.453397
-10.236883 152.337703 78.272947 14.943100 7.009277 11.453443
-10.236733 152.336824 78.282562 14.942907 7.006274 11.453487
-10.236581 152.335945 78.292178 14.942712 7.003278 11.453531
-10.236429 152.335065 78.301795 14.942513 7.000290 11.453573
-10.236277 152.334185 78.311414 14.942311 6.997308 11.453614
-10.236124 152.333304 78.321034 14.942105 6.994333 11.453654
-10.235972 152.332423 78.330655 14.941896 6.991367 11.453692
-10.235818 152.331541 78.340277 14.941684 6.988406 11.453730
-10.235664 152.330658 78.349901 14.941469 6.985453 11.453766
-10.235509 152.329776 78.359526 14.941250 6.982507 11.453802
-10.235354 152.328892 78.369153 14.941027 6.979569 11.453836
-10.235198 152.328009 78.378780 14.940801 6.976638 11.453868
-10.235043 152.327124 78.388409 14.940572 6.973714 11.453900
-10.234886 152.326240 78.398039 14.940340 6.970797 11.453931
-10.234729 152.325354 78.407671 14.940104 6.967887 11.453960
-10.234572 152.324469 78.417304 14.939865 6.964984 11.453989
-10.234414 152.323582 78.426938 14.939622 6.962090 11.454016
-10.234255 152.322696 78.436573 14.939377 6.959203 11.454041
-10.234097 152.321809 78.446210 14.939127 6.956321 11.454066
-10.233937 152.320921 78.455848 14.938874 6.953449 11.454090
-10.233777 152.320033 78.465487 14.938618 6.950584 11.454112
-10.233617 152.319144 78.475127 14.938359 6.947725 11.454133
-10.233456 152.318255 78.484769 14.938095 6.944874 11.454153
-10.233295 152.317365 78.494412 14.937829 6.942030 11.454172
-10.233133 152.316475 78.504057 14.937559 6.939193 11.454190
-10.232970 152.315585 78.513702 14.937286 6.936365 11.454206
-10.232808 152.314694 78.523349 14.937009 6.933543 11.454221
-10.232645 152.313802 78.532997 14.936729 6.930729 11.454235
-10.232480 152.312910 78.542646 14.936446 6.927923 11.454248
-10.232316 152.312018 78.552297 14.936159 6.925124 11.454260
-10.232151 152.311125 78.561949 14.935868 6.922332 11.454271
-10.231987 152.310231 78.571603 14.935575 6.919548 11.454280
-10.231821 152.309338 78.581257 14.935277 6.916772 11.454288
-10.231655 152.308443 78.590913 14.934976 6.914003 11.454295
-10.231488 152.307548 78.600570 14.934672 6.911241 11.454300
-10.231320 152.306653 78.610228 14.934364 6.908487 11.454305
-10.231153 152.305757 78.619888 14.934053 6.905740 11.454308
-10.230984 152.304861 78.629549 14.933738 6.903002 11.454310
-10.230816 152.303964 78.639211 14.933420 6.900270 11.454311
-10.230646 152.303067 78.648875 14.933099 6.897546 11.454311
-10.230477 152.302169 78.658539 14.932774 6.894830 11.454309
-10.230306 152.301271 78.668205 14.932445 6.892121 11.454306
-10.230136 152.300372 78.677872 14.932113 6.889421 11.454302
-10.229964 152.299473 78.687541 14.931777 6.886727 11.454297
-10.229793 152.298573 78.697210 14.931439 6.884042 11.454291
-10.229620 152.297673 78.706880 14.931096 6.881364 11.454283
-10.229448 152.296772 78.716553 14.930750 6.878694 11.454274
-10.229274 152.295871 78.726227 14.930400 6.876031 11.454264
-10.229101 152.294969 78.735901 14.930048 6.873376 11.454253
-10.228927 152.294067 78.745577 14.929691 6.870729 11.454240
-10.228752 152.293165 78.755255 14.929330 6.868090 11.454226
-10.228577 152.292262 78.764933 14.928967 6.865458 11.454211
-10.228400 152.291358 78.774613 14.928599 6.862834 11.454195
-10.228224 152.290454 78.784294 14.928229 6.860218 11.454177
-10.228047 152.289550 78.793975 14.927854 6.857610 11.454158
-10.227870 152.288645 78.803659 14.927476 6.855010 11.454138
-10.227692 152.287739 78.813344 14.927095 6.852417 11.454117
-10.227514 152.286833 78.823030 14.926710 6.849833 11.454094
-10.227335 152.285927 78.832717 14.926321 6.847255 11.454070
-10.227156 152.285020 78.842406 14.925929 6.844686 11.454046
-10.226976 152.284113 78.852095 14.925533 6.842125 11.454019
-10.226795 152.283205 78.861786 14.925134 6.839572 11.453992
-10.226614 152.282297 78.871478 14.924731 6.837027 11.453963
-10.226432 152.281388 78.881171 14.924325 6.834488 11.453933
-10.226251 152.280479 78.890866 14.923915 6.831959 11.453901
-10.226068 152.279569 78.900562 14.923502 6.829437 11.453869
-10.225885 152.278659 78.910259 14.923084 6.826924 11.453835
-10.225702 152.277748 78.919957 14.922663 6.824418 11.453800
-10.225518 152.276837 78.929657 14.922239 6.821920 11.453764
-10.225333 152.275925 78.939358 14.921811 6.819431 11.453726
-10.225149 152.275013 78.949060 14.921379 6.816949 11.453687
-10.224963 152.274100 78.958763 14.920944 6.814475 11.453647
-10.224777 152.273187 78.968468 14.920506 6.812010 11.453605
-10.224589 152.272274 78.978173 14.920063 6.809552 11.453563
-10.224403 152.271360 78.987881 14.919617 6.807102 11.453519
-10.224214 152.270445 78.997589 14.919167 6.804661 11.453473
-10.224027 152.269530 79.007298 14.918713 6.802227 11.453427
-10.223838 152.268615 79.017008 14.918257 6.799802 11.453379
-10.223648 152.267699 79.026720 14.917796 6.797385 11.453330
-10.223459 152.266783 79.036432 14.917332 6.794976 11.453279
-10.223268 152.265866 79.046147 14.916863 6.792575 11.453227
-10.223078 152.264949 79.055862 14.916392 6.790182 11.453174
-10.222887 152.264031 79.065578 14.915917 6.787797 11.453120
-10.222694 152.263113 79.075295 14.915438 6.785420 11.453065
-10.222502 152.262194 79.085014 14.914956 6.783052 11.453008
-10.222310 152.261275 79.094733 14.914470 6.780692 11.452950
-10.222116 152.260355 79.104454 14.913980 6.778340 11.452890
-10.221922 152.259435 79.114175 14.913487 6.775996 11.452829
-10.221728 152.258515 79.123897 14.912990 6.773660 11.452767
-10.221532 152.257594 79.133621 14.912490 6.771333 11.452704
-10.221337 152.256673 79.143346 14.911985 6.769013 11.452640
-10.221141 152.255751 79.153071 14.911477 6.766703 11.452574
-10.220944 152.254829 79.162798 14.910966 6.764400 11.452507
-10.220747 152.253906 79.172525 14.910450 6.762106 11.452438
-10.220550 152.252983 79.182253 14.909932 6.759819 11.452368
-10.220352 152.252059 79.191982 14.909410 6.757541 11.452297
-10.220153 152.251135 79.201713 14.908884 6.755271 11.452225
-10.219954 152.250211 79.211444 14.908354 6.753010 11.452151
-10.219754 152.249286 79.221175 14.907820 6.750757 11.452076
-10.219554 152.248361 79.230908 14.907283 6.748512 11.452000
-10.219353 152.247435 79.240642 14.906743 6.746275 11.451923
-10.219153 152.246509 79.250376 14.906199 6.744047 11.451844
-10.218951 152.245583 79.260111 14.905651 6.741827 11.451764
-10.218748 152.244656 79.269848 14.905100 6.739616 11.451682
-10.218546 152.243728 79.279584 14.904544 6.737412 11.451600
-10.218343 152.242800 79.289322 14.903986 6.735218 11.451516
-10.218139 152.241872 79.299060 14.903423 6.733031 11.451430
-10.217935 152.240944 79.308799 14.902857 6.730854 11.451344
-10.217730 152.240015 79.318539 14.902288 6.728684 11.451256
-10.217524 152.239085 79.328279 14.901714 6.726523 11.451167
-10.217319 152.238155 79.338021 14.901136 6.724370 11.451076
-10.217113 152.237225 79.347762 14.900556 6.722225 11.450984
-10.216906 152.236294 79.357505 14.899972 6.720089 11.450891
-10.216699 152.235363 79.367249 14.899384 6.717962 11.450797
-10.216490 152.234432 79.376992 14.898793 6.715843 11.450701
-10.216283 152.233500 79.386736 14.898197 6.713732 11.450604
-10.216074 152.232568 79.396482 14.897598 6.711631 11.450506
-10.215864 152.231635 79.406227 14.896995 6.709537 11.450406
-10.215654 152.230702 79.415973 14.896390 6.707452 11.450305
-10.215444 152.229769 79.425720 14.895779 6.705375 11.450202
-10.215233 152.228835 79.435468 14.895166 6.703307 11.450099
-10.215021 152.227901 79.445216 14.894548 6.701247 11.449994
-10.214809 152.226966 79.454965 14.893928 6.699197 11.449888
-10.214597 152.226031 79.464713 14.893304 6.697154 11.449780
-10.214384 152.225096 79.474463 14.892675 6.695120 11.449671
-10.214171 152.224160 79.484212 14.892043 6.693095 11.449561
-10.213957 152.223224 79.493963 14.891407 6.691078 11.449449
-10.213743 152.222288 79.503714 14.890769 6.689070 11.449337
-10.213528 152.221351 79.513465 14.890126 6.687070 11.449223
-10.213313 152.220413 79.523217 14.889479 6.685079 11.449107
-10.213097 152.219476 79.532969 14.888829 6.683097 11.448990
-10.212880 152.218538 79.542722 14.888176 6.681123 11.448872
-10.212663 152.217600 79.552475 14.887518 6.679158 11.448753
-10.212446 152.216661 79.562228 14.886857 6.677202 11.448632
-10.212227 152.215722 79.571981 14.886192 6.675254 11.448510
-10.212009 152.214782 79.581735 14.885523 6.673315 11.448386
-10.211790 152.213843 79.591489 14.884851 6.671385 11.448262
-10.211571 152.212903 79.601243 14.884176 6.669463 11.448136
-10.211351 152.211962 79.610999 14.883496 6.667550 11.448008
-10.211131 152.211021 79.620754 14.882814 6.665645 11.447880
-10.210910 152.210080 79.630509 14.882127 6.663750 11.447750
-10.210688 152.209139 79.640265 14.881436 6.661863 11.447618
-10.210466 152.208197 79.650021 14.880742 6.659984 11.447486
-10.210244 152.207254 79.659776 14.880044 6.658116 11.447352
-10.210021 152.206312 79.669533 14.879343 6.656255 11.447216
-10.209797 152.205369 79.679289 14.878638 6.654403 11.447080
-10.209574 152.204426 79.689046 14.877929 6.652559 11.446942
-10.209350 152.203482 79.698803 14.877217 6.650725 11.446803
-10.209125 152.202538 79.708560 14.876500 6.648900 11.446662
-10.208899 152.201594 79.718317 14.875781 6.647083 11.446520
-10.208674 152.200649 79.728074 14.875057 6.645275 11.446376
-10.208447 152.199705 79.737831 14.874330 6.643476 11.446232
-10.208219 152.198759 79.747589 14.873598 6.641685 11.446086
-10.207993 152.197814 79.757346 14.872865 6.639905 11.445939
-10.207764 152.196868 79.767104 14.872126 6.638132 11.445790
-10.207536 152.195922 79.776861 14.871385 6.636368 11.445640
-10.207308 152.194975 79.786619 14.870639 6.634613 11.445488
-10.207078 152.194028 79.796377 14.869890 6.632867 11.445336
-10.206848 152.193081 79.806134 14.869137 6.631130 11.445182
-10.206618 152.192134 79.815892 14.868380 6.629402 11.445026
-10.206387 152.191186 79.825650 14.867620 6.627682 11.444870
-10.206155 152.190238 79.835407 14.866856 6.625973 11.444712
-10.205923 152.189289 79.845165 14.866088 6.624271 11.444552
-10.205691 152.188340 79.854922 14.865317 6.622579 11.444392
-10.205459 152.187391 79.864679 14.864542 6.620895 11.444229
-10.205225 152.186442 79.874436 14.863764 6.619221 11.444066
-10.204991 152.185492 79.884193 14.862981 6.617555 11.443901
-10.204757 152.184542 79.893950 14.862195 6.615898 11.443735
-10.204523 152.183592 79.903707 14.861406 6.614251 11.443568
-10.204287 152.182642 79.913463 14.860612 6.612613 11.443399
-10.204052 152.181691 79.923220 14.859815 6.610983 11.443229
-10.203816 152.180740 79.932977 14.859014 6.609362 11.443057
-10.203578 152.179788 79.942732 14.858210 6.607751 11.442884
-10.203342 152.178837 79.952488 14.857402 6.606148 11.442710
-10.203104 152.177885 79.962244 14.856589 6.604556 11.442534
-10.202865 152.176932 79.972000 14.855775 6.602971 11.442358
-10.202627 152.175980 79.981755 14.854955 6.601396 11.442179
-10.202388 152.175027 79.991510 14.854132 6.599830 11.442000
-10.202148 152.174074 80.001264 14.853305 6.598273 11.441819
-10.201908 152.173120 80.011018 14.852475 6.596725 11.441636
-10.201668 152.172167 80.020772 14.851641 6.595185 11.441453
-10.201427 152.171213 80.030526 14.850803 6.593656 11.441268
-10.201185 152.170259 80.040279 14.849962 6.592136 11.441081
-10.200943 152.169304 80.050031 14.849117 6.590624 11.440894
-10.200700 152.168349 80.059784 14.848269 6.589121 11.440705
-10.200457 152.167394 80.069537 14.847416 6.587629 11.440514
-10.200214 152.166439 80.079288 14.846559 6.586144 11.440322
-10.199970 152.165483 80.089040 14.845700 6.584669 11.440129
-10.199726 152.164528 80.098790 14.844836 6.583204 11.439934
-10.199480 152.163572 80.108541 14.843968 6.581747 11.439738
-10.199235 152.162615 80.118290 14.843098 6.580300 11.439541
-10.198989 152.161659 80.128040 14.842223 6.578863 11.439343
-10.198743 152.160702 80.137789 14.841344 6.577434 11.439142
-10.198496 152.159745 80.147538 14.840462 6.576014 11.438941
-10.198248 152.158787 80.157285 14.839577 6.574605 11.438739
-10.198001 152.157830 80.167033 14.838688 6.573203 11.438534
-10.197753 152.156872 80.176780 14.837794 6.571811 11.438329
-10.197504 152.155914 80.186526 14.836897 6.570429 11.438122
-10.197255 152.154955 80.196272 14.835996 6.569056 11.437914
-10.197004 152.153997 80.206016 14.835092 6.567692 11.437704
-10.196755 152.153038 80.215761 14.834184 6.566338 11.437493
-10.196504 152.152079 80.225505 14.833273 6.564993 11.437281
-10.196253 152.151120 80.235248 14.832357 6.563656 11.437067
-10.196001 152.150160 80.244991 14.831438 6.562330 11.436852
-10.195749 152.149201 80.254733 14.830515 6.561013 11.436636
-10.195496 152.148241 80.264474 14.829588 6.559706 11.436418
-10.195244 152.147280 80.274214 14.828658 6.558407 11.436199
-10.194990 152.146320 80.283954 14.827724 6.557117 11.435978
-10.194736 152.145359 80.293694 14.826786 6.555838 11.435756
-10.194482 152.144398 80.303431 14.825844 6.554568 11.435533
-10.194227 152.143437 80.313169 14.824900 6.553307 11.435308
-10.193971 152.142476 80.322906 14.823951 6.552055 11.435082
-10.193715 152.141514 80.332642 14.822998 6.550814 11.434855
-10.193459 152.140553 80.342378 14.822042 6.549581 11.434626
-10.193203 152.139591 80.352112 14.821081 6.548358 11.434395
-10.192945 152.138629 80.361845 14.820118 6.547144 11.434164
-10.192687 152.137666 80.371578 14.819151 6.545940 11.433931
-10.192429 152.136704 80.381310 14.818179 6.544746 11.433697
-10.192171 152.135741 80.391041 14.817204 6.543560 11.433461
-10.191911 152.134778 80.400771 14.816225 6.542385 11.433224
-10.191651 152.133815 80.410500 14.815243 6.541218 11.432985
-10.191392 152.132851 80.420228 14.814258 6.540062 11.432745
-10.191130 152.131888 80.429956 14.813267 6.538914 11.432504
-10.190870 152.130924 80.439683 14.812274 6.537777 11.432261
-10.190608 152.129960 80.449408 14.811277 6.536649 11.432017
-10.190347 152.128996 80.459133 14.810275 6.535530 11.431772
-10.190084 152.128032 80.468856 14.809270 6.534421 11.431525
-10.189821 152.127067 80.478579 14.808262 6.533322 11.431277
-10.189558 152.126102 80.488300 14.807250 6.532233 11.431027
-10.189294 152.125137 80.498021 14.806234 6.531152 11.430776
-10.189029 152.124172 80.507740 14.805214 6.530082 11.430523
-10.188764 152.123207 80.517459 14.804191 6.529021 11.430270
-10.188499 152.122242 80.527176 14.803163 6.527970 11.430015
-10.188234 152.121276 80.536892 14.802133 6.526928 11.429758
-10.187968 152.120310 80.546607 14.801099 6.525896 11.429500
-10.187701 152.119344 80.556322 14.800060 6.524873 11.429241
-10.187434 152.118378 80.566034 14.799018 6.523861 11.428980
-10.187167 152.117412 80.575746 14.797972 6.522858 11.428718
-10.186898 152.116445 80.585457 14.796922 6.521864 11.428454
-10.186630 152.115479 80.595165 14.795869 6.520881 11.428189
-10.186361 152.114512 80.604874 14.794812 6.519907 11.427923
-10.186092 152.113545 80.614581 14.793751 6.518943 11.427655
-10.185822 152.112578 80.624286 14.792687 6.517988 11.427386
-10.185552 152.111610 80.633991 14.791618 6.517044 11.427115
-10.185281 152.110643 80.643694 14.790547 6.516109 11.426843
-10.185009 152.109675 80.653397 14.789471 6.515184 11.426570
-10.184738 152.108707 80.663098 14.788391 6.514268 11.426295
-10.184466 152.107740 80.672797 14.787308 6.513362 11.426019
-10.184193 152.106771 80.682495 14.786221 6.512466 11.425741
-10.183920 152.105803 80.692192 14.785131 6.511580 11.425463
-10.183647 152.104835 80.701887 14.784036 6.510705 11.425182
-10.183373 152.103866 80.711581 14.782938 6.509838 11.424900
-10.183099 152.102898 80.721273 14.781836 6.508981 11.424617
-10.182823 152.101929 80.730965 14.780730 6.508134 11.424332
-10.182549 152.100960 80.740655 14.779620 6.507297 11.424046
-10.182273 152.099991 80.750344 14.778508 6.506471 11.423759
-10.181996 152.099022 80.760031 14.777391 6.505653 11.423470
-10.181720 152.098053 80.769716 14.776270 6.504846 11.423180
-10.181442 152.097083 80.779401 14.775146 6.504048 11.422888
-10.181165 152.096114 80.789084 14.774017 6.503261 11.422595
-10.180887 152.095144 80.798765 14.772885 6.502483 11.422301
-10.180608 152.094174 80.808445 14.771749 6.501715 11.422005
-10.180329 152.093204 80.818123 14.770610 6.500958 11.421707
-10.180050 152.092234 80.827800 14.769467 6.500210 11.421409
-10.179770 152.091264 80.837475 14.768320 6.499472 11.421108
-10.179490 152.090294 80.847149 14.767168 6.498744 11.420807
-10.179209 152.089323 80.856821 14.766014 6.498026 11.420504
-10.178928 152.088353 80.866491 14.764856 6.497318 11.420199
-10.178647 152.087382 80.876160 14.763694 6.496620 11.419894
-10.178365 152.086411 80.885827 14.762528 6.495932 11.419586
-10.178082 152.085440 80.895493 14.761359 6.495254 11.419278
-10.177799 152.084469 80.905157 14.760185 6.494586 11.418968
-10.177515 152.083498 80.914820 14.759008 6.493928 11.418656
-10.177231 152.082527 80.924480 14.757827 6.493280 11.418343
-10.176947 152.081556 80.934140 14.756643 6.492642 11.418029
-10.176663 152.080584 80.943797 14.755454 6.492014 11.417713
-10.176377 152.079613 80.953452 14.754262 6.491396 11.417396
-10.176092 152.078641 80.963106 14.753066 6.490788 11.417077
-10.175806 152.077670 80.972758 14.751866 6.490191 11.416757
-10.175519 152.076698 80.982409 14.750662 6.489604 11.416435
-10.175232 152.075726 80.992057 14.749456 6.489026 11.416113
-10.174945 152.074754 81.001705 14.748244 6.488459 11.415788
-10.174656 152.073782 81.011349 14.747030 6.487901 11.415463
-10.174369 152.072810 81.020993 14.745811 6.487354 11.415135
-10.174080 152.071838 81.030634 14.744589 6.486817 11.414807
-10.173791 152.070866 81.040274 14.743362 6.486291 11.414477
-10.173502 152.069893 81.049911 14.742133 6.485774 11.414145
-10.173211 152.068921 81.059546 14.740898 6.485268 11.413812
-10.172921 152.067949 81.069181 14.739661 6.484772 11.413478
-10.172630 152.066976 81.078813 14.738420 6.484286 11.413142
-10.172338 152.066003 81.088443 14.737175 6.483809 11.412805
-10.172046 152.065031 81.098071 14.735926 6.483344 11.412466
-10.171754 152.064058 81.107697 14.734673 6.482889 11.412126
-10.171461 152.063085 81.117321 14.733417 6.482443 11.411784
-10.171168 152.062112 81.126944 14.732156 6.482008 11.411441
-10.170874 152.061139 81.136564 14.730893 6.481584 11.411097
-10.170580 152.060166 81.146182 14.729625 6.481169 11.410751
-10.170287 152.059193 81.155798 14.728354 6.480765 11.410404
-10.169991 152.058220 81.165413 14.727078 6.480371 11.410055
-10.169696 152.057247 81.175025 14.725799 6.479988 11.409705
-10.169401 152.056274 81.184635 14.724516 6.479615 11.409353
-10.169104 152.055300 81.194243 14.723230 6.479252 11.409001
-10.168807 152.054327 81.203849 14.721939 6.478899 11.408646
-10.168511 152.053354 81.213453 14.720645 6.478557 11.408290
-10.168214 152.052380 81.223055 14.719347 6.478224 11.407933
-10.167915 152.051407 81.232655 14.718045 6.477903 11.407574
-10.167617 152.050433 81.242251 14.716739 6.477592 11.407213
-10.167319 152.049460 81.251847 14.715430 6.477291 11.406852
-10.167019 152.048486 81.261440 14.714116 6.477001 11.406489
-10.166719 152.047513 81.271031 14.712799 6.476720 11.406124
-10.166419 152.046539 81.280619 14.711479 6.476451 11.405758
-10.166119 152.045565 81.290206 14.710154 6.476192 11.405390
-10.165818 152.044592 81.299790 14.708825 6.475943 11.405021
-10.165517 152.043618 81.309372 14.707493 6.475705 11.404651
-10.165215 152.042644 81.318952 14.706157 6.475477 11.404279
-10.164913 152.041671 81.328529 14.704817 6.475259 11.403906
-10.164610 152.040697 81.338104 14.703474 6.475052 11.403531
-10.164307 152.039723 81.347677 14.702126 6.474856 11.403155
-10.164004 152.038749 81.357248 14.700775 6.474669 11.402777
-10.163700 152.037775 81.366816 14.699420 6.474494 11.402398
-10.163396 152.036801 81.376382 14.698061 6.474329 11.402018
-10.163090 152.035828 81.385945 14.696698 6.474174 11.401635
-10.162786 152.034854 81.395506 14.695332 6.474030 11.401252
-10.162480 152.033880 81.405065 14.693961 6.473897 11.400867
-10.162174 152.032906 81.414621 14.692587 6.473773 11.400481
-10.161867 152.031932 81.424175 14.691208 6.473661 11.400093
-10.161561 152.030958 81.433727 14.689827 6.473559 11.399703
-10.161253 152.029984 81.443275 14.688441 6.473468 11.399313
-10.160945 152.029010 81.452821 14.687052 6.473387 11.398920
-10.160638 152.028036 81.462365 14.685658 6.473317 11.398527
-10.160329 152.027062 81.471907 14.684262 6.473257 11.398132
-10.160020 152.026089 81.481446 14.682861 6.473208 11.397735
-10.159711 152.025115 81.490983 14.681456 6.473170 11.397337
-10.159401 152.024141 81.500516 14.680048 6.473142 11.396937
-10.159091 152.023167 81.510047 14.678636 6.473125 11.396536
-10.158780 152.022193 81.519576 14.677219 6.473119 11.396134
-10.158469 152.021219 81.529102 14.675799 6.473123 11.395730
-10.158157 152.020245 81.538626 14.674376 6.473138 11.395325
-10.157846 152.019272 81.548147 14.672948 6.473163 11.394918
-10.157533 152.018298 81.557665 14.671517 6.473200 11.394509
-10.157220 152.017324 81.567181 14.670082 6.473247 11.394099
-10.156907 152.016350 81.576693 14.668642 6.473304 11.393688
-10.156594 152.015377 81.586204 14.667199 6.473373 11.393275
-10.156280 152.014403 81.595712 14.665753 6.473452 11.392861
