-72.039601 150.655020 19.177947 -0.593274 13.663040 11.267023
-72.038206 150.655446 19.179343 -0.590445 13.671643 11.268623
-72.036807 150.655870 19.180739 -0.587615 13.680245 11.270224
-72.035404 150.656295 19.182135 -0.584786 13.688846 11.271824
-72.033997 150.656719 19.183530 -0.581955 13.697448 11.273424
-72.032586 150.657144 19.184926 -0.579124 13.706048 11.275023
-72.031170 150.657567 19.186322 -0.576294 13.714648 11.276622
-72.029752 150.657991 19.187717 -0.573463 13.723247 11.278220
-72.028329 150.658415 19.189112 -0.570631 13.731846 11.279818
-72.026902 150.658839 19.190507 -0.567799 13.740444 11.281416
-72.025470 150.659262 19.191902 -0.564967 13.749041 11.283013
-72.024034 150.659686 19.193297 -0.562135 13.757638 11.284610
-72.022595 150.660109 19.194692 -0.559302 13.766235 11.286206
-72.021152 150.660531 19.196087 -0.556469 13.774830 11.287802
-72.019704 150.660954 19.197481 -0.553635 13.783426 11.289398
-72.018253 150.661377 19.198875 -0.550802 13.792019 11.290993
-72.016798 150.661799 19.200269 -0.547968 13.800614 11.292588
-72.015338 150.662221 19.201663 -0.545134 13.809207 11.294182
-72.013874 150.662644 19.203057 -0.542299 13.817799 11.295776
-72.012405 150.663066 19.204451 -0.539465 13.826392 11.297369
-72.010933 150.663488 19.205845 -0.536630 13.834983 11.298962
-72.009457 150.663909 19.207239 -0.533794 13.843574 11.300555
-72.007977 150.664331 19.208632 -0.530958 13.852164 11.302146
-72.006492 150.664752 19.210025 -0.528123 13.860753 11.303738
-72.005003 150.665173 19.211419 -0.525286 13.869342 11.305329
-72.003511 150.665595 19.212812 -0.522449 13.877930 11.306920
-72.002014 150.666016 19.214205 -0.519612 13.886518 11.308510
-72.000512 150.666437 19.215598 -0.516775 13.895105 11.310100
-71.999007 150.666856 19.216990 -0.513938 13.903691 11.311689
-71.997498 150.667277 19.218383 -0.511100 13.912276 11.313279
-71.995984 150.667698 19.219775 -0.508263 13.920861 11.314867
-71.994466 150.668117 19.221168 -0.505424 13.929446 11.316455
-71.992943 150.668537 19.222560 -0.502586 13.938030 11.318043
-71.991417 150.668957 19.223952 -0.499746 13.946613 11.319629
-71.989886 150.669377 19.225344 -0.496907 13.955195 11.321217
-71.988351 150.669796 19.226736 -0.494068 13.963777 11.322802
-71.986812 150.670215 19.228128 -0.491228 13.972358 11.324388
-71.985269 150.670635 19.229519 -0.488388 13.980938 11.325973
-71.983722 150.671053 19.230910 -0.485547 13.989518 11.327559
-71.982170 150.671471 19.232302 -0.482707 13.998096 11.329143
-71.980613 150.671891 19.233693 -0.479866 14.006675 11.330727
-71.979053 150.672309 19.235084 -0.477025 14.015253 11.332310
-71.977489 150.672727 19.236475 -0.474184 14.023830 11.333893
-71.975920 150.673146 19.237866 -0.471342 14.032406 11.335476
-71.974346 150.673563 19.239256 -0.468499 14.040982 11.337058
-71.972769 150.673981 19.240647 -0.465657 14.049557 11.338639
-71.971187 150.674398 19.242037 -0.462815 14.058132 11.340220
-71.969601 150.674815 19.243427 -0.459972 14.066705 11.341801
-71.968010 150.675233 19.244817 -0.457129 14.075278 11.343381
-71.966415 150.675650 19.246207 -0.454286 14.083850 11.344961
-71.964816 150.676067 19.247597 -0.451442 14.092422 11.346540
-71.963213 150.676484 19.248987 -0.448598 14.100993 11.348118
-71.961605 150.676900 19.250376 -0.445753 14.109563 11.349697
-71.959992 150.677317 19.251766 -0.442909 14.118131 11.351274
-71.958375 150.677733 19.253155 -0.440064 14.126700 11.352851
-71.956754 150.678148 19.254544 -0.437219 14.135269 11.354428
-71.955129 150.678564 19.255933 -0.434374 14.143836 11.356004
-71.953500 150.678980 19.257322 -0.431529 14.152402 11.357580
-71.951866 150.679396 19.258711 -0.428683 14.160968 11.359156
-71.950226 150.679811 19.260100 -0.425837 14.169533 11.360730
-71.948584 150.680226 19.261487 -0.422990 14.178098 11.362304
-71.946936 150.680641 19.262877 -0.420144 14.186661 11.363878
-71.945285 150.681056 19.264265 -0.417296 14.195225 11.365452
-71.943628 150.681470 19.265652 -0.414450 14.203787 11.367024
-71.941968 150.681885 19.267040 -0.411603 14.212348 11.368596
-71.940302 150.682299 19.268428 -0.408755 14.220909 11.370168
-71.938633 150.682713 19.269816 -0.405907 14.229469 11.371739
-71.936958 150.683127 19.271203 -0.403058 14.238028 11.373310
-71.935280 150.683541 19.272590 -0.400210 14.246587 11.374880
-71.933597 150.683954 19.273978 -0.397362 14.255144 11.376450
-71.931909 150.684368 19.275365 -0.394512 14.263702 11.378019
-71.930217 150.684781 19.276751 -0.391663 14.272258 11.379588
-71.928520 150.685194 19.278138 -0.388813 14.280814 11.381156
-71.926819 150.685606 19.279525 -0.385964 14.289368 11.382723
-71.925114 150.686020 19.280911 -0.383114 14.297923 11.384290
-71.923404 150.686432 19.282297 -0.380264 14.306475 11.385857
-71.921690 150.686844 19.283684 -0.377413 14.315028 11.387423
-71.919970 150.687256 19.285070 -0.374562 14.323580 11.388989
-71.918246 150.687668 19.286456 -0.371711 14.332130 11.390554
-71.916518 150.688080 19.287842 -0.368860 14.340681 11.392118
-71.914785 150.688491 19.289227 -0.366009 14.349230 11.393682
-71.913048 150.688903 19.290613 -0.363157 14.357779 11.395246
-71.911306 150.689314 19.291998 -0.360305 14.366327 11.396809
-71.909559 150.689725 19.293383 -0.357453 14.374874 11.398371
-71.907808 150.690136 19.294768 -0.354601 14.383420 11.399933
-71.906053 150.690547 19.296152 -0.351748 14.391966 11.401494
-71.904292 150.690958 19.297537 -0.348894 14.400511 11.403055
-71.902528 150.691368 19.298922 -0.346042 14.409055 11.404614
-71.900757 150.691778 19.300307 -0.343188 14.417598 11.406175
-71.898984 150.692188 19.301691 -0.340334 14.426140 11.407734
-71.897205 150.692598 19.303075 -0.337480 14.434682 11.409292
-71.895421 150.693007 19.304458 -0.334626 14.443222 11.410850
-71.893633 150.693417 19.305843 -0.331771 14.451762 11.412408
-71.891841 150.693825 19.307226 -0.328917 14.460302 11.413965
-71.890043 150.694235 19.308610 -0.326062 14.468840 11.415521
-71.888241 150.694643 19.309993 -0.323207 14.477378 11.417076
-71.886434 150.695052 19.311376 -0.320352 14.485915 11.418632
-71.884623 150.695460 19.312759 -0.317496 14.494450 11.420187
-71.882806 150.695869 19.314142 -0.314640 14.502986 11.421741
-71.880986 150.696277 19.315525 -0.311784 14.511520 11.423294
-71.879160 150.696685 19.316908 -0.308928 14.520053 11.424847
-71.877330 150.697093 19.318290 -0.306071 14.528586 11.426400
-71.875495 150.697500 19.319672 -0.303214 14.537118 11.427952
-71.873656 150.697907 19.321054 -0.300357 14.545649 11.429502
-71.871811 150.698315 19.322436 -0.297500 14.554179 11.431054
-71.869962 150.698721 19.323818 -0.294642 14.562709 11.432604
-71.868108 150.699128 19.325200 -0.291784 14.571237 11.434153
-71.866249 150.699535 19.326581 -0.288926 14.579764 11.435703
-71.864386 150.699941 19.327962 -0.286068 14.588292 11.437251
-71.862517 150.700347 19.329344 -0.283210 14.596818 11.438799
-71.860644 150.700753 19.330725 -0.280351 14.605343 11.440346
-71.858767 150.701159 19.332106 -0.277493 14.613867 11.441893
-71.856884 150.701565 19.333487 -0.274633 14.622390 11.443440
-71.854997 150.701971 19.334867 -0.271774 14.630913 11.444985
-71.853105 150.702376 19.336247 -0.268915 14.639435 11.446530
-71.851208 150.702780 19.337627 -0.266054 14.647956 11.448075
-71.849306 150.703186 19.339008 -0.263195 14.656476 11.449618
-71.847400 150.703591 19.340387 -0.260334 14.664995 11.451161
-71.845488 150.703994 19.341768 -0.257474 14.673514 11.452703
-71.843572 150.704399 19.343147 -0.254613 14.682030 11.454246
-71.841651 150.704804 19.344526 -0.251752 14.690547 11.455787
-71.839724 150.705207 19.345906 -0.248892 14.699063 11.457328
-71.837794 150.705611 19.347285 -0.246030 14.707577 11.458868
-71.835858 150.706014 19.348664 -0.243169 14.716092 11.460408
-71.833917 150.706417 19.350042 -0.240307 14.724604 11.461948
-71.831972 150.706821 19.351421 -0.237445 14.733117 11.463486
-71.830022 150.707224 19.352800 -0.234583 14.741628 11.465024
-71.828067 150.707626 19.354178 -0.231720 14.750139 11.466561
-71.826106 150.708029 19.355556 -0.228858 14.758648 11.468098
-71.824141 150.708431 19.356934 -0.225995 14.767157 11.469633
-71.822171 150.708833 19.358312 -0.223133 14.775665 11.471169
-71.820196 150.709235 19.359690 -0.220269 14.784171 11.472704
-71.818216 150.709637 19.361067 -0.217405 14.792677 11.474238
-71.816231 150.710038 19.362444 -0.214542 14.801182 11.475771
-71.814242 150.710440 19.363822 -0.211678 14.809686 11.477305
-71.812246 150.710841 19.365198 -0.208814 14.818190 11.478836
-71.810246 150.711242 19.366575 -0.205949 14.826691 11.480369
-71.808242 150.711643 19.367952 -0.203085 14.835193 11.481900
-71.806232 150.712043 19.369328 -0.200220 14.843693 11.483430
-71.804218 150.712444 19.370705 -0.197356 14.852193 11.484960
-71.802198 150.712844 19.372081 -0.194491 14.860692 11.486489
-71.800173 150.713243 19.373456 -0.191625 14.869190 11.488018
-71.798144 150.713643 19.374833 -0.188760 14.877687 11.489545
-71.796109 150.714043 19.376208 -0.185894 14.886182 11.491074
-71.794069 150.714442 19.377584 -0.183028 14.894677 11.492600
-71.792024 150.714842 19.378959 -0.180162 14.903171 11.494127
-71.789975 150.715240 19.380334 -0.177296 14.911664 11.495652
-71.787919 150.715639 19.381709 -0.174429 14.920156 11.497177
-71.785860 150.716037 19.383084 -0.171563 14.928647 11.498701
-71.783795 150.716436 19.384458 -0.168696 14.937138 11.500224
-71.781724 150.716834 19.385833 -0.165829 14.945627 11.501747
-71.779650 150.717231 19.387207 -0.162962 14.954116 11.503270
-71.777570 150.717630 19.388581 -0.160094 14.962603 11.504791
-71.775484 150.718027 19.389955 -0.157227 14.971089 11.506312
-71.773394 150.718424 19.391330 -0.154359 14.979575 11.507832
-71.771298 150.718821 19.392703 -0.151491 14.988060 11.509352
-71.769198 150.719218 19.394076 -0.148623 14.996543 11.510872
-71.767092 150.719615 19.395449 -0.145755 15.005026 11.512389
-71.764981 150.720012 19.396822 -0.142886 15.013507 11.513907
-71.762866 150.720408 19.398195 -0.140017 15.021988 11.515425
-71.760744 150.720803 19.399569 -0.137148 15.030467 11.516941
-71.758618 150.721199 19.400941 -0.134279 15.038946 11.518457
-71.756486 150.721595 19.402313 -0.131410 15.047424 11.519971
-71.754349 150.721991 19.403685 -0.128540 15.055901 11.521486
-71.752208 150.722386 19.405057 -0.125671 15.064377 11.523000
-71.750061 150.722781 19.406429 -0.122800 15.072852 11.524513
-71.747909 150.723175 19.407801 -0.119931 15.081325 11.526025
-71.745751 150.723570 19.409172 -0.117060 15.089798 11.527537
-71.743588 150.723965 19.410543 -0.114190 15.098271 11.529049
-71.741421 150.724359 19.411915 -0.111320 15.106741 11.530559
-71.739248 150.724753 19.413286 -0.108449 15.115211 11.532068
-71.737070 150.725147 19.414657 -0.105577 15.123679 11.533578
-71.734887 150.725541 19.416027 -0.102707 15.132148 11.535086
-71.732698 150.725934 19.417398 -0.099836 15.140615 11.536594
-71.730504 150.726326 19.418768 -0.096964 15.149081 11.538101
-71.728305 150.726720 19.420137 -0.094092 15.157545 11.539607
-71.726100 150.727112 19.421508 -0.091220 15.166010 11.541113
-71.723891 150.727505 19.422878 -0.088348 15.174472 11.542619
-71.721676 150.727898 19.424247 -0.085477 15.182934 11.544122
-71.719456 150.728290 19.425616 -0.082604 15.191396 11.545626
-71.717230 150.728681 19.426985 -0.079732 15.199855 11.547129
-71.714999 150.729073 19.428354 -0.076859 15.208314 11.548631
-71.712763 150.729464 19.429723 -0.073986 15.216771 11.550132
-71.710522 150.729856 19.431091 -0.071113 15.225228 11.551634
-71.708275 150.730247 19.432460 -0.068240 15.233684 11.553134
-71.706023 150.730637 19.433828 -0.065367 15.242139 11.554633
-71.703765 150.731028 19.435196 -0.062493 15.250592 11.556132
-71.701503 150.731418 19.436564 -0.059619 15.259045 11.557630
-71.699235 150.731808 19.437932 -0.056745 15.267497 11.559127
-71.696961 150.732198 19.439299 -0.053871 15.275947 11.560624
-71.694683 150.732588 19.440667 -0.050997 15.284396 11.562120
-71.692399 150.732977 19.442034 -0.048123 15.292845 11.563615
-71.690109 150.733367 19.443401 -0.045249 15.301293 11.565110
-71.687814 150.733755 19.444767 -0.042374 15.309739 11.566603
-71.685513 150.734145 19.446134 -0.039499 15.318184 11.568097
-71.683208 150.734533 19.447500 -0.036624 15.326629 11.569589
-71.680897 150.734922 19.448867 -0.033749 15.335071 11.571081
-71.678580 150.735310 19.450233 -0.030874 15.343514 11.572572
-71.676258 150.735697 19.451598 -0.027998 15.351954 11.574062
-71.673931 150.736086 19.452964 -0.025123 15.360395 11.575551
-71.671598 150.736473 19.454330 -0.022247 15.368833 11.577040
-71.669260 150.736860 19.455694 -0.019372 15.377272 11.578528
-71.666916 150.737247 19.457060 -0.016495 15.385708 11.580016
-71.664568 150.737634 19.458425 -0.013619 15.394144 11.581503
-71.662212 150.738020 19.459789 -0.010743 15.402579 11.582988
-71.659852 150.738407 19.461153 -0.007866 15.411013 11.584474
-71.657486 150.738793 19.462518 -0.004990 15.419445 11.585958
-71.655116 150.739179 19.463882 -0.002113 15.427876 11.587442
-71.652739 150.739565 19.465246 0.000764 15.436306 11.588925
-71.650357 150.739951 19.466610 0.003641 15.444736 11.590407
-71.647969 150.740336 19.467973 0.006518 15.453164 11.591888
-71.645577 150.740721 19.469336 0.009396 15.461591 11.593369
-71.643178 150.741106 19.470700 0.012273 15.470017 11.594849
-71.640774 150.741491 19.472062 0.015151 15.478442 11.596328
-71.638364 150.741875 19.473425 0.018029 15.486865 11.597808
-71.635949 150.742259 19.474788 0.020906 15.495288 11.599285
-71.633528 150.742643 19.476150 0.023785 15.503710 11.600762
-71.631102 150.743027 19.477512 0.026663 15.512131 11.602239
-71.628670 150.743410 19.478874 0.029541 15.520549 11.603714
-71.626233 150.743794 19.480236 0.032420 15.528968 11.605189
-71.623790 150.744176 19.481597 0.035298 15.537385 11.606662
-71.621342 150.744559 19.482959 0.038177 15.545800 11.608136
-71.618886 150.744943 19.484320 0.041056 15.554216 11.609609
-71.616427 150.745325 19.485681 0.043935 15.562629 11.611081
-71.613962 150.745707 19.487042 0.046814 15.571042 11.612552
-71.611490 150.746089 19.488402 0.049694 15.579453 11.614022
-71.609014 150.746470 19.489763 0.052573 15.587864 11.615492
-71.606532 150.746852 19.491123 0.055452 15.596273 11.616960
-71.604044 150.747233 19.492483 0.058332 15.604681 11.618428
-71.601550 150.747614 19.493843 0.061212 15.613088 11.619895
-71.599051 150.747995 19.495203 0.064092 15.621493 11.621362
-71.596546 150.748375 19.496561 0.066972 15.629899 11.622828
-71.594035 150.748755 19.497921 0.069852 15.638302 11.624292
-71.591519 150.749136 19.499280 0.072733 15.646704 11.625757
-71.588997 150.749516 19.500639 0.075613 15.655105 11.627220
-71.586470 150.749895 19.501997 0.078494 15.663505 11.628683
-71.583937 150.750275 19.503356 0.081374 15.671903 11.630144
-71.581397 150.750653 19.504714 0.084255 15.680301 11.631605
-71.578852 150.751033 19.506072 0.087135 15.688697 11.633064
-71.576302 150.751411 19.507429 0.090017 15.697092 11.634524
-71.573745 150.751790 19.508787 0.092898 15.705486 11.635983
-71.571183 150.752168 19.510144 0.095778 15.713879 11.637440
-71.568615 150.752545 19.511501 0.098659 15.722270 11.638897
-71.566041 150.752923 19.512859 0.101542 15.730660 11.640354
-71.563462 150.753301 19.514215 0.104423 15.739049 11.641809
-71.560877 150.753678 19.515571 0.107304 15.747437 11.643263
-71.558285 150.754055 19.516927 0.110186 15.755822 11.644717
-71.555688 150.754432 19.518283 0.113067 15.764207 11.646170
-71.553085 150.754809 19.519639 0.115949 15.772591 11.647622
-71.550476 150.755185 19.520994 0.118831 15.780974 11.649073
-71.547861 150.755560 19.522349 0.121713 15.789354 11.650522
-71.545241 150.755936 19.523705 0.124594 15.797734 11.651972
-71.542614 150.756312 19.525059 0.127476 15.806111 11.653420
-71.539982 150.756687 19.526414 0.130358 15.814488 11.654868
-71.537343 150.757062 19.527768 0.133239 15.822864 11.656314
-71.534699 150.757437 19.529122 0.136122 15.831237 11.657760
-71.532049 150.757811 19.530476 0.139003 15.839610 11.659206
-71.529393 150.758186 19.531830 0.141886 15.847981 11.660649
-71.526729 150.758559 19.533183 0.144767 15.856350 11.662093
-71.524062 150.758934 19.534536 0.147649 15.864718 11.663535
-71.521387 150.759307 19.535889 0.150532 15.873084 11.664976
-71.518707 150.759680 19.537241 0.153414 15.881450 11.666417
-71.516021 150.760053 19.538593 0.156296 15.889813 11.667856
-71.513328 150.760425 19.539946 0.159178 15.898175 11.669296
-71.510630 150.760798 19.541298 0.162060 15.906536 11.670733
-71.507924 150.761170 19.542649 0.164941 15.914895 11.672169
-71.505214 150.761542 19.544000 0.167824 15.923253 11.673606
-71.502497 150.761914 19.545351 0.170706 15.931608 11.675041
-71.499774 150.762285 19.546702 0.173588 15.939963 11.676475
-71.497046 150.762657 19.548052 0.176470 15.948315 11.677908
-71.494310 150.763028 19.549402 0.179352 15.956667 11.679340
-71.491569 150.763398 19.550752 0.182233 15.965017 11.680771
-71.488821 150.763768 19.552102 0.185115 15.973365 11.682201
-71.486068 150.764138 19.553451 0.187997 15.981711 11.683631
-71.483308 150.764508 19.554801 0.190879 15.990056 11.685060
-71.480542 150.764877 19.556149 0.193761 15.998399 11.686486
-71.477770 150.765246 19.557497 0.196642 16.006741 11.687913
-71.474991 150.765616 19.558846 0.199524 16.015080 11.689338
-71.472207 150.765985 19.560194 0.202405 16.023419 11.690763
-71.469416 150.766353 19.561541 0.205287 16.031755 11.692187
-71.466619 150.766721 19.562889 0.208169 16.040090 11.693609
-71.463815 150.767089 19.564236 0.211050 16.048423 11.695030
-71.461006 150.767457 19.565583 0.213931 16.056754 11.696451
-71.458190 150.767824 19.566930 0.216812 16.065084 11.697870
-71.455367 150.768191 19.568276 0.219693 16.073412 11.699289
-71.452539 150.768557 19.569621 0.222574 16.081738 11.700706
-71.449704 150.768924 19.570967 0.225455 16.090063 11.702123
-71.446863 150.769291 19.572312 0.228336 16.098385 11.703538
-71.444015 150.769656 19.573658 0.231217 16.106706 11.704953
-71.441161 150.770022 19.575003 0.234097 16.115025 11.706367
-71.438300 150.770387 19.576347 0.236978 16.123342 11.707779
-71.435434 150.770752 19.577691 0.239858 16.131658 11.709190
-71.432560 150.771118 19.579035 0.242739 16.139971 11.710600
-71.429681 150.771482 19.580378 0.245619 16.148283 11.712010
-71.426795 150.771846 19.581721 0.248499 16.156593 11.713419
-71.423902 150.772210 19.583064 0.251379 16.164901 11.714825
-71.421004 150.772574 19.584407 0.254258 16.173206 11.716231
-71.418098 150.772937 19.585749 0.257137 16.181511 11.717636
-71.415186 150.773300 19.587091 0.260017 16.189813 11.719041
-71.412267 150.773662 19.588432 0.262897 16.198114 11.720444
-71.409343 150.774025 19.589774 0.265776 16.206412 11.721845
-71.406411 150.774388 19.591114 0.268655 16.214709 11.723246
-71.403473 150.774749 19.592455 0.271534 16.223004 11.724646
-71.400529 150.775111 19.593795 0.274412 16.231296 11.726044
-71.397578 150.775472 19.595136 0.277290 16.239587 11.727442
-71.394621 150.775833 19.596475 0.280169 16.247876 11.728838
-71.391656 150.776194 19.597815 0.283046 16.256162 11.730233
-71.388685 150.776554 19.599153 0.285925 16.264447 11.731627
-71.385708 150.776914 19.600492 0.288803 16.272729 11.733020
-71.382724 150.777274 19.601830 0.291680 16.281010 11.734412
-71.379733 150.777633 19.603168 0.294557 16.289289 11.735803
-71.376736 150.777993 19.604506 0.297435 16.297565 11.737193
-71.373732 150.778352 19.605843 0.300312 16.305840 11.738582
-71.370722 150.778711 19.607180 0.303189 16.314113 11.739969
-71.367704 150.779068 19.608517 0.306065 16.322383 11.741356
-71.364681 150.779427 19.609853 0.308942 16.330651 11.742741
-71.361650 150.779784 19.611189 0.311818 16.338917 11.744124
-71.358613 150.780142 19.612524 0.314694 16.347181 11.745508
-71.355568 150.780499 19.613859 0.317569 16.355444 11.746890
-71.352518 150.780855 19.615194 0.320445 16.363703 11.748270
-71.349461 150.781212 19.616528 0.323320 16.371961 11.749649
-71.346396 150.781568 19.617862 0.326195 16.380216 11.751028
-71.343325 150.781924 19.619196 0.329069 16.388470 11.752405
-71.340247 150.782280 19.620530 0.331944 16.396720 11.753781
-71.337163 150.782634 19.621862 0.334819 16.404970 11.755156
-71.334071 150.782989 19.623195 0.337693 16.413217 11.756529
-71.330973 150.783344 19.624527 0.340566 16.421461 11.757901
-71.327868 150.783698 19.625859 0.343440 16.429703 11.759272
-71.324755 150.784052 19.627190 0.346313 16.437943 11.760642
-71.321637 150.784406 19.628522 0.349185 16.446181 11.762010
-71.318511 150.784759 19.629853 0.352058 16.454417 11.763379
-71.315379 150.785112 19.631183 0.354930 16.462650 11.764745
-71.312239 150.785464 19.632513 0.357802 16.470881 11.766109
-71.309093 150.785817 19.633843 0.360674 16.479109 11.767474
-71.305940 150.786169 19.635171 0.363546 16.487336 11.768836
-71.302780 150.786521 19.636500 0.366417 16.495561 11.770198
-71.299612 150.786872 19.637829 0.369288 16.503782 11.771557
-71.296438 150.787222 19.639157 0.372159 16.512001 11.772917
-71.293257 150.787573 19.640485 0.375029 16.520218 11.774274
-71.290069 150.787924 19.641811 0.377899 16.528433 11.775631
-71.286874 150.788273 19.643138 0.380768 16.536646 11.776986
-71.283671 150.788624 19.644465 0.383638 16.544855 11.778339
-71.280463 150.788973 19.645791 0.386507 16.553063 11.779692
-71.277247 150.789322 19.647117 0.389375 16.561268 11.781044
-71.274024 150.789670 19.648442 0.392244 16.569470 11.782394
-71.270794 150.790019 19.649767 0.395112 16.577671 11.783743
-71.267556 150.790367 19.651091 0.397980 16.585869 11.785090
-71.264312 150.790714 19.652416 0.400847 16.594064 11.786436
-71.261061 150.791062 19.653739 0.403714 16.602257 11.787781
-71.257802 150.791409 19.655062 0.406581 16.610448 11.789125
-71.254536 150.791756 19.656385 0.409447 16.618635 11.790468
-71.251263 150.792102 19.657708 0.412312 16.626821 11.791809
-71.247983 150.792448 19.659030 0.415179 16.635004 11.793149
-71.244696 150.792793 19.660351 0.418044 16.643184 11.794487
-71.241402 150.793138 19.661672 0.420908 16.651362 11.795824
-71.238100 150.793484 19.662993 0.423773 16.659537 11.797160
-71.234792 150.793829 19.664314 0.426636 16.667710 11.798494
-71.231475 150.794173 19.665633 0.429500 16.675881 11.799828
-71.228152 150.794517 19.666952 0.432363 16.684048 11.801159
-71.224823 150.794860 19.668271 0.435226 16.692213 11.802490
-71.221485 150.795203 19.669591 0.438088 16.700375 11.803819
-71.218141 150.795547 19.670909 0.440951 16.708535 11.805147
-71.214788 150.795889 19.672226 0.443812 16.716693 11.806473
-71.211429 150.796231 19.673544 0.446674 16.724847 11.807798
-71.208063 150.796573 19.674860 0.449534 16.732999 11.809122
-71.204688 150.796914 19.676176 0.452394 16.741149 11.810444
-71.201307 150.797256 19.677493 0.455254 16.749295 11.811765
-71.197919 150.797597 19.678808 0.458114 16.757439 11.813084
-71.194523 150.797937 19.680123 0.460973 16.765580 11.814404
-71.191120 150.798277 19.681438 0.463831 16.773719 11.815719
-71.187708 150.798616 19.682752 0.466690 16.781855 11.817036
-71.184291 150.798956 19.684066 0.469547 16.789988 11.818350
-71.180866 150.799295 19.685379 0.472405 16.798118 11.819662
-71.177433 150.799634 19.686692 0.475261 16.806246 11.820974
-71.173993 150.799972 19.688005 0.478118 16.814371 11.822283
-71.170545 150.800310 19.689316 0.480973 16.822493 11.823591
-71.167090 150.800647 19.690628 0.483829 16.830612 11.824899
-71.163628 150.800985 19.691939 0.486683 16.838728 11.826204
-71.160158 150.801321 19.693249 0.489538 16.846842 11.827508
-71.156680 150.801658 19.694560 0.492392 16.854953 11.828811
-71.153195 150.801994 19.695869 0.495246 16.863061 11.830112
-71.149703 150.802330 19.697179 0.498098 16.871166 11.831412
-71.146203 150.802665 19.698487 0.500951 16.879268 11.832711
-71.142695 150.803001 19.699796 0.503803 16.887368 11.834008
-71.139180 150.803335 19.701102 0.506655 16.895465 11.835303
-71.135658 150.803669 19.702410 0.509506 16.903558 11.836597
-71.132128 150.804004 19.703716 0.512356 16.911650 11.837890
-71.128590 150.804337 19.705023 0.515206 16.919737 11.839180
-71.125045 150.804670 19.706329 0.518056 16.927822 11.840470
-71.121492 150.805002 19.707634 0.520904 16.935905 11.841759
-71.117931 150.805335 19.708940 0.523753 16.943983 11.843045
-71.114363 150.805667 19.710244 0.526600 16.952060 11.844330
-71.110787 150.805998 19.711548 0.529448 16.960133 11.845614
-71.107205 150.806330 19.712851 0.532294 16.968204 11.846896
-71.103613 150.806661 19.714154 0.535141 16.976270 11.848177
-71.100015 150.806992 19.715457 0.537986 16.984335 11.849455
-71.096409 150.807322 19.716759 0.540832 16.992397 11.850734
-71.092794 150.807652 19.718060 0.543676 17.000454 11.852010
-71.089172 150.807981 19.719361 0.546520 17.008510 11.853284
-71.085543 150.808309 19.720661 0.549363 17.016563 11.854558
-71.081906 150.808638 19.721961 0.552207 17.024611 11.855830
-71.078261 150.808967 19.723260 0.555049 17.032657 11.857100
-71.074608 150.809294 19.724559 0.557890 17.040700 11.858368
-71.070948 150.809622 19.725858 0.560731 17.048741 11.859635
-71.067280 150.809949 19.727156 0.563572 17.056778 11.860901
-71.063603 150.810276 19.728453 0.566411 17.064811 11.862165
-71.059919 150.810602 19.729750 0.569251 17.072842 11.863426
-71.056227 150.810928 19.731046 0.572090 17.080870 11.864687
-71.052528 150.811253 19.732342 0.574928 17.088894 11.865947
-71.048820 150.811579 19.733637 0.577765 17.096915 11.867204
-71.045105 150.811903 19.734933 0.580603 17.104933 11.868461
-71.041382 150.812228 19.736227 0.583438 17.112948 11.869715
-71.037651 150.812551 19.737520 0.586274 17.120959 11.870968
-71.033913 150.812876 19.738813 0.589109 17.128968 11.872219
-71.030165 150.813199 19.740106 0.591944 17.136974 11.873470
-71.026411 150.813521 19.741398 0.594778 17.144975 11.874718
-71.022648 150.813844 19.742690 0.597610 17.152974 11.875964
-71.018877 150.814166 19.743982 0.600443 17.160970 11.877209
-71.015099 150.814487 19.745271 0.603274 17.168962 11.878452
-71.011312 150.814808 19.746562 0.606105 17.176951 11.879694
-71.007518 150.815128 19.747851 0.608936 17.184937 11.880934
-71.003715 150.815449 19.749141 0.611766 17.192919 11.882173
-70.999905 150.815769 19.750429 0.614595 17.200899 11.883409
-70.996087 150.816089 19.751717 0.617423 17.208874 11.884645
-70.992260 150.816408 19.753004 0.620252 17.216847 11.885878
-70.988425 150.816727 19.754291 0.623079 17.224816 11.887111
-70.984583 150.817045 19.755577 0.625906 17.232782 11.888341
-70.980732 150.817363 19.756863 0.628731 17.240744 11.889569
-70.976873 150.817680 19.758148 0.631556 17.248704 11.890796
-70.973006 150.817998 19.759432 0.634380 17.256660 11.892021
-70.969131 150.818314 19.760717 0.637204 17.264612 11.893245
-70.965248 150.818630 19.762001 0.640027 17.272561 11.894467
-70.961357 150.818946 19.763283 0.642849 17.280507 11.895688
-70.957457 150.819262 19.764565 0.645671 17.288448 11.896907
-70.953550 150.819577 19.765847 0.648492 17.296388 11.898123
-70.949634 150.819892 19.767129 0.651312 17.304323 11.899339
-70.945710 150.820206 19.768409 0.654132 17.312254 11.900552
-70.941778 150.820520 19.769689 0.656949 17.320183 11.901764
-70.937838 150.820833 19.770969 0.659768 17.328107 11.902975
-70.933889 150.821146 19.772248 0.662585 17.336029 11.904184
-70.929932 150.821459 19.773527 0.665401 17.343947 11.905389
-70.925967 150.821771 19.774804 0.668217 17.351861 11.906595
-70.921995 150.822082 19.776081 0.671032 17.359772 11.907798
-70.918013 150.822394 19.777358 0.673846 17.367679 11.909000
-70.914023 150.822705 19.778634 0.676659 17.375583 11.910200
-70.910025 150.823015 19.779910 0.679472 17.383483 11.911399
-70.906018 150.823326 19.781185 0.682284 17.391380 11.912595
-70.902004 150.823635 19.782459 0.685095 17.399273 11.913789
-70.897980 150.823944 19.783733 0.687906 17.407162 11.914982
-70.893949 150.824253 19.785005 0.690715 17.415048 11.916173
-70.889910 150.824561 19.786279 0.693524 17.422930 11.917363
-70.885861 150.824869 19.787551 0.696332 17.430809 11.918550
-70.881805 150.825176 19.788821 0.699139 17.438684 11.919737
-70.877740 150.825483 19.790092 0.701946 17.446555 11.920920
-70.873667 150.825790 19.791362 0.704751 17.454423 11.922102
-70.869585 150.826097 19.792633 0.707555 17.462287 11.923284
-70.865496 150.826402 19.793901 0.710360 17.470147 11.924463
-70.861397 150.826708 19.795169 0.713163 17.478003 11.925640
-70.857290 150.827013 19.796437 0.715965 17.485857 11.926814
-70.853174 150.827316 19.797705 0.718766 17.493706 11.927988
-70.849050 150.827621 19.798971 0.721567 17.501551 11.929159
-70.844918 150.827924 19.800237 0.724367 17.509393 11.930330
-70.840777 150.828227 19.801502 0.727166 17.517230 11.931497
-70.836628 150.828530 19.802767 0.729964 17.525065 11.932664
-70.832469 150.828832 19.804031 0.732762 17.532895 11.933828
-70.828303 150.829134 19.805295 0.735558 17.540722 11.934991
-70.824127 150.829435 19.806558 0.738354 17.548545 11.936151
-70.819944 150.829737 19.807820 0.741148 17.556364 11.937310
-70.815752 150.830037 19.809081 0.743942 17.564179 11.938467
-70.811552 150.830337 19.810343 0.746735 17.571990 11.939622
-70.807342 150.830636 19.811603 0.749526 17.579798 11.940775
-70.803124 150.830935 19.812862 0.752318 17.587601 11.941927
-70.798898 150.831234 19.814122 0.755108 17.595401 11.943077
-70.794662 150.831532 19.815380 0.757898 17.603198 11.944224
-70.790418 150.831830 19.816638 0.760687 17.610990 11.945371
-70.786165 150.832127 19.817895 0.763474 17.618778 11.946515
-70.781904 150.832425 19.819152 0.766260 17.626562 11.947657
-70.777634 150.832721 19.820408 0.769046 17.634343 11.948797
-70.773356 150.833016 19.821663 0.771832 17.642118 11.949935
-70.769068 150.833313 19.822918 0.774616 17.649891 11.951072
