10.795072 148.375286 47.206182 167.985179 3.542747 177.054095
10.794424 148.375172 47.205338 167.986055 3.533470 177.053985
10.793776 148.375058 47.204493 167.986931 3.524195 177.053874
10.793128 148.374944 47.203648 167.987808 3.514919 177.053762
10.792480 148.374830 47.202803 167.988684 3.505644 177.053651
10.791831 148.374716 47.201958 167.989561 3.496368 177.053539
10.791184 148.374602 47.201113 167.990438 3.487093 177.053428
10.790537 148.374489 47.200267 167.991316 3.477818 177.053316
10.789891 148.374375 47.199421 167.992193 3.468542 177.053204
10.789244 148.374261 47.198576 167.993071 3.459266 177.053091
10.788598 148.374147 47.197730 167.993950 3.449991 177.052979
10.787951 148.374033 47.196885 167.994828 3.440716 177.052867
10.787305 148.373920 47.196038 167.995707 3.431441 177.052754
10.786660 148.373806 47.195192 167.996586 3.422166 177.052642
10.786014 148.373692 47.194345 167.997465 3.412892 177.052528
10.785369 148.373578 47.193498 167.998344 3.403617 177.052416
10.784724 148.373464 47.192653 167.999224 3.394342 177.052302
10.784079 148.373351 47.191806 168.000104 3.385067 177.052189
10.783435 148.373237 47.190958 168.000984 3.375793 177.052076
10.782791 148.373123 47.190112 168.001864 3.366518 177.051961
10.782147 148.373010 47.189265 168.002746 3.357245 177.051848
10.781504 148.372897 47.188417 168.003626 3.347970 177.051734
10.780859 148.372783 47.187570 168.004507 3.338696 177.051620
10.780216 148.372670 47.186722 168.005389 3.329421 177.051505
10.779574 148.372556 47.185874 168.006270 3.320147 177.051391
10.778931 148.372442 47.185027 168.007152 3.310873 177.051275
10.778289 148.372329 47.184178 168.008035 3.301599 177.051161
10.777647 148.372215 47.183330 168.008917 3.292326 177.051046
10.777005 148.372101 47.182482 168.009800 3.283052 177.050931
10.776362 148.371988 47.181634 168.010682 3.273778 177.050815
10.775721 148.371874 47.180785 168.011566 3.264504 177.050700
10.775080 148.371761 47.179936 168.012449 3.255230 177.050585
10.774439 148.371647 47.179088 168.013333 3.245957 177.050468
10.773799 148.371533 47.178239 168.014217 3.236683 177.050353
10.773158 148.371420 47.177390 168.015101 3.227410 177.050237
10.772518 148.371306 47.176541 168.015986 3.218137 177.050121
10.771878 148.371193 47.175691 168.016870 3.208864 177.050004
10.771238 148.371079 47.174841 168.017755 3.199590 177.049888
10.770599 148.370966 47.173992 168.018641 3.190318 177.049770
10.769960 148.370852 47.173142 168.019525 3.181044 177.049654
10.769321 148.370739 47.172293 168.020412 3.171771 177.049537
10.768682 148.370625 47.171442 168.021297 3.162499 177.049420
10.768044 148.370513 47.170592 168.022184 3.153226 177.049302
10.767405 148.370399 47.169741 168.023070 3.143953 177.049185
10.766767 148.370286 47.168891 168.023957 3.134681 177.049067
10.766129 148.370172 47.168040 168.024843 3.125408 177.048950
10.765492 148.370059 47.167190 168.025731 3.116136 177.048831
10.764855 148.369945 47.166339 168.026619 3.106863 177.048713
10.764218 148.369832 47.165488 168.027506 3.097591 177.048595
10.763581 148.369719 47.164637 168.028394 3.088318 177.048477
10.762945 148.369605 47.163785 168.029282 3.079047 177.048358
10.762309 148.369492 47.162934 168.030170 3.069774 177.048240
10.761672 148.369378 47.162083 168.031059 3.060502 177.048120
10.761037 148.369265 47.161230 168.031948 3.051230 177.048002
10.760401 148.369152 47.160379 168.032837 3.041958 177.047882
10.759766 148.369038 47.159527 168.033727 3.032687 177.047763
10.759131 148.368925 47.158675 168.034617 3.023415 177.047643
10.758497 148.368812 47.157822 168.035507 3.014144 177.047524
10.757862 148.368698 47.156970 168.036396 3.004871 177.047404
10.757228 148.368585 47.156117 168.037287 2.995600 177.047284
10.756594 148.368472 47.155265 168.038177 2.986329 177.047164
10.755960 148.368358 47.154411 168.039069 2.977057 177.047044
10.755326 148.368246 47.153559 168.039960 2.967786 177.046923
10.754693 148.368133 47.152705 168.040851 2.958515 177.046803
10.754060 148.368020 47.151852 168.041743 2.949243 177.046682
10.753428 148.367906 47.150999 168.042635 2.939973 177.046561
10.752795 148.367793 47.150145 168.043527 2.930702 177.046440
10.752163 148.367680 47.149291 168.044420 2.921431 177.046319
10.751531 148.367567 47.148437 168.045312 2.912160 177.046197
10.750899 148.367453 47.147583 168.046205 2.902889 177.046076
10.750268 148.367340 47.146729 168.047098 2.893619 177.045954
10.749637 148.367227 47.145875 168.047992 2.884348 177.045833
10.749006 148.367114 47.145020 168.048885 2.875078 177.045710
10.748374 148.367001 47.144165 168.049779 2.865807 177.045588
10.747744 148.366888 47.143310 168.050673 2.856537 177.045466
10.747114 148.366774 47.142456 168.051568 2.847267 177.045343
10.746484 148.366661 47.141601 168.052462 2.837996 177.045221
10.745854 148.366548 47.140746 168.053357 2.828726 177.045098
10.745225 148.366435 47.139890 168.054253 2.819456 177.044975
10.744596 148.366323 47.139034 168.055148 2.810187 177.044852
10.743967 148.366210 47.138179 168.056043 2.800917 177.044729
10.743338 148.366097 47.137323 168.056939 2.791647 177.044605
10.742709 148.365984 47.136466 168.057836 2.782377 177.044482
10.742081 148.365871 47.135611 168.058732 2.773108 177.044358
10.741453 148.365757 47.134754 168.059628 2.763838 177.044234
10.740826 148.365644 47.133898 168.060526 2.754569 177.044110
10.740198 148.365531 47.133042 168.061423 2.745299 177.043986
10.739571 148.365418 47.132184 168.062320 2.736030 177.043862
10.738944 148.365305 47.131327 168.063218 2.726760 177.043737
10.738317 148.365192 47.130470 168.064115 2.717491 177.043613
10.737690 148.365079 47.129613 168.065014 2.708222 177.043488
10.737064 148.364966 47.128756 168.065912 2.698953 177.043363
10.736438 148.364853 47.127899 168.066811 2.689684 177.043238
10.735812 148.364740 47.127041 168.067710 2.680415 177.043112
10.735187 148.364627 47.126183 168.068609 2.671146 177.042987
10.734561 148.364515 47.125325 168.069508 2.661878 177.042861
10.733936 148.364401 47.124467 168.070408 2.652609 177.042736
10.733312 148.364289 47.123609 168.071308 2.643340 177.042610
10.732687 148.364176 47.122750 168.072208 2.634072 177.042484
10.732063 148.364064 47.121891 168.073109 2.624803 177.042358
10.731439 148.363951 47.121033 168.074009 2.615535 177.042231
10.730815 148.363838 47.120174 168.074910 2.606267 177.042105
10.730192 148.363725 47.119315 168.075811 2.596998 177.041978
10.729569 148.363612 47.118456 168.076713 2.587730 177.041852
10.728946 148.363499 47.117596 168.077614 2.578463 177.041724
10.728323 148.363386 47.116736 168.078516 2.569195 177.041598
10.727700 148.363273 47.115877 168.079418 2.559926 177.041470
10.727078 148.363161 47.115018 168.080321 2.550659 177.041342
10.726456 148.363048 47.114157 168.081224 2.541391 177.041215
10.725834 148.362935 47.113297 168.082126 2.532123 177.041087
10.725213 148.362822 47.112437 168.083029 2.522856 177.040960
10.724592 148.362709 47.111577 168.083933 2.513588 177.040831
10.723971 148.362597 47.110716 168.084836 2.504321 177.040703
10.723350 148.362485 47.109855 168.085740 2.495054 177.040575
10.722729 148.362372 47.108995 168.086644 2.485786 177.040446
10.722109 148.362259 47.108133 168.087549 2.476520 177.040318
10.721489 148.362146 47.107272 168.088453 2.467252 177.040189
10.720869 148.362034 47.106411 168.089358 2.457985 177.040060
10.720250 148.361921 47.105549 168.090263 2.448718 177.039931
10.719631 148.361808 47.104687 168.091169 2.439452 177.039801
10.719012 148.361695 47.103826 168.092075 2.430184 177.039673
10.718393 148.361583 47.102964 168.092981 2.420918 177.039543
10.717774 148.361470 47.102102 168.093887 2.411651 177.039413
10.717156 148.361357 47.101239 168.094793 2.402385 177.039283
10.716538 148.361245 47.100377 168.095699 2.393118 177.039153
10.715920 148.361132 47.099514 168.096606 2.383852 177.039023
10.715303 148.361019 47.098651 168.097514 2.374586 177.038893
10.714686 148.360907 47.097788 168.098421 2.365319 177.038762
10.714069 148.360795 47.096925 168.099328 2.356053 177.038632
10.713452 148.360682 47.096062 168.100237 2.346787 177.038500
10.712835 148.360570 47.095199 168.101145 2.337521 177.038369
10.712219 148.360457 47.094334 168.102053 2.328255 177.038239
10.711603 148.360344 47.093470 168.102962 2.318990 177.038107
10.710987 148.360232 47.092607 168.103870 2.309723 177.037976
10.710372 148.360119 47.091742 168.104780 2.300458 177.037844
10.709756 148.360007 47.090878 168.105689 2.291193 177.037712
10.709141 148.359894 47.090014 168.106599 2.281926 177.037581
10.708526 148.359781 47.089150 168.107508 2.272661 177.037449
10.707912 148.359669 47.088284 168.108419 2.263396 177.037316
10.707299 148.359556 47.087420 168.109329 2.254131 177.037184
10.706685 148.359445 47.086554 168.110240 2.244866 177.037051
10.706071 148.359331 47.085689 168.111151 2.235600 177.036919
10.705457 148.359220 47.084824 168.112061 2.226335 177.036786
10.704844 148.359107 47.083959 168.112973 2.217070 177.036653
10.704231 148.358995 47.083092 168.113885 2.207806 177.036520
10.703618 148.358882 47.082226 168.114796 2.198541 177.036387
10.703006 148.358770 47.081361 168.115708 2.189276 177.036253
10.702393 148.358657 47.080495 168.116621 2.180012 177.036120
10.701781 148.358545 47.079628 168.117534 2.170746 177.035986
10.701169 148.358432 47.078761 168.118446 2.161482 177.035852
10.700558 148.358320 47.077895 168.119359 2.152217 177.035718
10.699946 148.358207 47.077027 168.120272 2.142953 177.035584
10.699335 148.358095 47.076161 168.121186 2.133689 177.035449
10.698725 148.357983 47.075294 168.122100 2.124425 177.035315
10.698114 148.357871 47.074426 168.123014 2.115161 177.035180
10.697504 148.357759 47.073558 168.123929 2.105897 177.035045
10.696895 148.357646 47.072690 168.124843 2.096633 177.034911
10.696285 148.357534 47.071823 168.125758 2.087369 177.034775
10.695675 148.357422 47.070954 168.126673 2.078105 177.034640
10.695066 148.357309 47.070087 168.127588 2.068841 177.034505
10.694457 148.357197 47.069218 168.128504 2.059579 177.034369
10.693848 148.357084 47.068349 168.129419 2.050315 177.034233
10.693239 148.356972 47.067481 168.130335 2.041051 177.034098
10.692631 148.356860 47.066611 168.131252 2.031788 177.033962
10.692023 148.356747 47.065743 168.132169 2.022524 177.033825
10.691415 148.356635 47.064874 168.133085 2.013261 177.033689
10.690808 148.356523 47.064004 168.134002 2.003998 177.033553
10.690201 148.356412 47.063135 168.134920 1.994735 177.033416
10.689594 148.356299 47.062265 168.135838 1.985472 177.033279
10.688987 148.356187 47.061395 168.136755 1.976209 177.033142
10.688381 148.356075 47.060525 168.137674 1.966946 177.033005
10.687774 148.355962 47.059654 168.138592 1.957684 177.032868
10.687168 148.355850 47.058784 168.139510 1.948421 177.032730
10.686563 148.355738 47.057913 168.140429 1.939158 177.032593
10.685957 148.355626 47.057043 168.141348 1.929896 177.032454
10.685352 148.355514 47.056171 168.142268 1.920634 177.032317
10.684747 148.355401 47.055300 168.143187 1.911371 177.032179
10.684143 148.355289 47.054429 168.144107 1.902109 177.032040
10.683538 148.355177 47.053558 168.145026 1.892847 177.031903
10.682934 148.355066 47.052686 168.145947 1.883585 177.031764
10.682330 148.354954 47.051814 168.146868 1.874322 177.031625
10.681726 148.354841 47.050942 168.147788 1.865061 177.031487
10.681122 148.354729 47.050070 168.148709 1.855799 177.031348
10.680519 148.354617 47.049197 168.149631 1.846538 177.031208
10.679916 148.354505 47.048325 168.150552 1.837275 177.031069
10.679314 148.354393 47.047452 168.151474 1.828014 177.030930
10.678711 148.354281 47.046580 168.152396 1.818752 177.030790
10.678109 148.354168 47.045707 168.153318 1.809490 177.030651
10.677507 148.354056 47.044833 168.154241 1.800230 177.030511
10.676905 148.353944 47.043960 168.155164 1.790968 177.030371
10.676303 148.353832 47.043086 168.156086 1.781707 177.030231
10.675702 148.353721 47.042212 168.157010 1.772446 177.030090
10.675102 148.353609 47.041338 168.157933 1.763185 177.029950
10.674501 148.353497 47.040464 168.158857 1.753924 177.029809
10.673900 148.353385 47.039590 168.159781 1.744663 177.029668
10.673300 148.353273 47.038716 168.160705 1.735403 177.029527
10.672700 148.353161 47.037841 168.161630 1.726141 177.029386
10.672100 148.353049 47.036966 168.162555 1.716881 177.029245
10.671501 148.352937 47.036091 168.163480 1.707621 177.029103
10.670902 148.352825 47.035216 168.164405 1.698360 177.028963
10.670303 148.352713 47.034341 168.165331 1.689100 177.028820
10.669704 148.352601 47.033466 168.166256 1.679840 177.028678
10.669106 148.352490 47.032590 168.167182 1.670579 177.028536
10.668507 148.352378 47.031714 168.168109 1.661319 177.028395
10.667909 148.352266 47.030838 168.169035 1.652059 177.028252
10.667312 148.352154 47.029961 168.169961 1.642799 177.028110
10.666715 148.352042 47.029085 168.170889 1.633539 177.027967
10.666117 148.351930 47.028209 168.171816 1.624279 177.027825
10.665520 148.351818 47.027332 168.172743 1.615020 177.027681
10.664923 148.351706 47.026455 168.173671 1.605760 177.027538
10.664327 148.351594 47.025577 168.174599 1.596500 177.027395
10.663731 148.351482 47.024700 168.175528 1.587241 177.027252
10.663135 148.351370 47.023823 168.176455 1.577982 177.027108
10.662539 148.351259 47.022946 168.177385 1.568722 177.026964
10.661944 148.351148 47.022068 168.178314 1.559463 177.026820
10.661348 148.351036 47.021190 168.179243 1.550204 177.026676
10.660754 148.350924 47.020311 168.180172 1.540945 177.026533
10.660159 148.350812 47.019433 168.181102 1.531686 177.026388
10.659565 148.350700 47.018554 168.182032 1.522427 177.026243
10.658970 148.350588 47.017676 168.182962 1.513168 177.026099
10.658376 148.350476 47.016796 168.183893 1.503909 177.025955
10.657783 148.350365 47.015918 168.184823 1.494651 177.025809
10.657190 148.350253 47.015038 168.185754 1.485392 177.025664
10.656596 148.350142 47.014159 168.186685 1.476134 177.025519
10.656003 148.350030 47.013279 168.187617 1.466876 177.025374
10.655410 148.349918 47.012400 168.188549 1.457617 177.025228
10.654819 148.349807 47.011520 168.189481 1.448359 177.025082
10.654226 148.349695 47.010639 168.190413 1.439101 177.024936
10.653634 148.349583 47.009759 168.191346 1.429843 177.024790
10.653042 148.349471 47.008878 168.192278 1.420586 177.024645
10.652451 148.349360 47.007997 168.193211 1.411328 177.024498
10.651860 148.349248 47.007117 168.194144 1.402070 177.024352
10.651269 148.349136 47.006235 168.195078 1.392812 177.024205
10.650678 148.349025 47.005354 168.196011 1.383554 177.024058
10.650088 148.348914 47.004473 168.196945 1.374297 177.023912
10.649498 148.348802 47.003591 168.197880 1.365039 177.023765
10.648908 148.348690 47.002709 168.198814 1.355783 177.023617
10.648318 148.348579 47.001827 168.199748 1.346525 177.023470
10.647729 148.348467 47.000945 168.200683 1.337268 177.023322
10.647140 148.348355 47.000063 168.201619 1.328011 177.023175
10.646551 148.348244 46.999180 168.202554 1.318753 177.023027
10.645962 148.348132 46.998297 168.203489 1.309497 177.022879
10.645374 148.348020 46.997415 168.204426 1.300240 177.022731
10.644786 148.347910 46.996531 168.205361 1.290983 177.022582
10.644198 148.347798 46.995649 168.206298 1.281726 177.022435
10.643610 148.347686 46.994765 168.207235 1.272470 177.022286
10.643023 148.347575 46.993881 168.208172 1.263214 177.022137
10.642436 148.347463 46.992997 168.209109 1.253958 177.021988
10.641849 148.347352 46.992113 168.210046 1.244701 177.021839
10.641262 148.347240 46.991229 168.210984 1.235445 177.021689
10.640676 148.347128 46.990344 168.211922 1.226189 177.021541
10.640090 148.347017 46.989460 168.212860 1.216933 177.021391
10.639504 148.346905 46.988575 168.213799 1.207677 177.021241
10.638918 148.346795 46.987691 168.214738 1.198421 177.021091
10.638333 148.346683 46.986805 168.215676 1.189165 177.020941
10.637748 148.346572 46.985919 168.216615 1.179910 177.020791
10.637163 148.346460 46.985034 168.217555 1.170654 177.020641
10.636578 148.346349 46.984148 168.218494 1.161399 177.020491
10.635994 148.346237 46.983263 168.219434 1.152143 177.020340
10.635410 148.346126 46.982377 168.220374 1.142888 177.020190
10.634826 148.346014 46.981490 168.221315 1.133633 177.020038
10.634242 148.345903 46.980604 168.222255 1.124378 177.019887
10.633660 148.345791 46.979717 168.223196 1.115122 177.019737
10.633076 148.345681 46.978830 168.224137 1.105868 177.019586
10.632493 148.345569 46.977943 168.225079 1.096613 177.019434
10.631910 148.345458 46.977056 168.226020 1.087358 177.019282
10.631329 148.345346 46.976169 168.226962 1.078104 177.019130
10.630746 148.345235 46.975281 168.227904 1.068849 177.018978
10.630164 148.345124 46.974394 168.228847 1.059594 177.018826
10.629583 148.345012 46.973505 168.229789 1.050340 177.018675
10.629002 148.344901 46.972617 168.230732 1.041085 177.018522
10.628420 148.344789 46.971728 168.231676 1.031831 177.018369
10.627839 148.344679 46.970840 168.232619 1.022578 177.018216
10.627259 148.344568 46.969952 168.233562 1.013324 177.018063
10.626679 148.344456 46.969063 168.234506 1.004069 177.017910
10.626098 148.344345 46.968174 168.235450 0.994816 177.017757
10.625519 148.344233 46.967284 168.236395 0.985562 177.017605
10.624939 148.344122 46.966395 168.237339 0.976309 177.017451
10.624360 148.344011 46.965505 168.238284 0.967054 177.017297
10.623781 148.343899 46.964615 168.239229 0.957801 177.017143
10.623202 148.343788 46.963725 168.240174 0.948548 177.016990
10.622623 148.343678 46.962834 168.241120 0.939295 177.016835
10.622046 148.343567 46.961944 168.242065 0.930042 177.016681
10.621467 148.343455 46.961054 168.243012 0.920789 177.016526
10.620889 148.343344 46.960162 168.243958 0.911535 177.016373
10.620312 148.343233 46.959272 168.244905 0.902282 177.016218
10.619735 148.343121 46.958380 168.245852 0.893029 177.016063
10.619157 148.343010 46.957489 168.246798 0.883776 177.015908
10.618581 148.342899 46.956597 168.247746 0.874524 177.015753
10.618005 148.342788 46.955706 168.248693 0.865271 177.015598
10.617428 148.342677 46.954813 168.249641 0.856019 177.015442
10.616853 148.342566 46.953922 168.250589 0.846766 177.015286
10.616276 148.342455 46.953029 168.251538 0.837514 177.015130
10.615701 148.342344 46.952137 168.252486 0.828262 177.014975
10.615126 148.342232 46.951244 168.253435 0.819010 177.014819
10.614551 148.342121 46.950351 168.254384 0.809758 177.014663
10.613976 148.342010 46.949458 168.255334 0.800506 177.014507
10.613402 148.341899 46.948564 168.256283 0.791254 177.014350
10.612827 148.341789 46.947671 168.257233 0.782002 177.014193
10.612253 148.341678 46.946777 168.258183 0.772750 177.014036
10.611680 148.341566 46.945883 168.259134 0.763499 177.013879
10.611106 148.341455 46.944989 168.260084 0.754248 177.013722
10.610532 148.341344 46.944095 168.261034 0.744997 177.013565
10.609960 148.341233 46.943200 168.261986 0.735745 177.013407
10.609387 148.341122 46.942306 168.262937 0.726494 177.013250
10.608815 148.341011 46.941411 168.263889 0.717243 177.013093
10.608242 148.340900 46.940516 168.264840 0.707992 177.012935
10.607670 148.340790 46.939620 168.265793 0.698741 177.012777
10.607099 148.340678 46.938725 168.266744 0.689490 177.012619
10.606527 148.340567 46.937829 168.267697 0.680240 177.012461
10.605956 148.340456 46.936933 168.268650 0.670989 177.012302
10.605385 148.340345 46.936037 168.269603 0.661739 177.012143
10.604814 148.340234 46.935141 168.270556 0.652488 177.011985
10.604244 148.340123 46.934245 168.271510 0.643238 177.011825
10.603674 148.340012 46.933348 168.272463 0.633988 177.011666
10.603103 148.339902 46.932451 168.273417 0.624738 177.011507
10.602534 148.339791 46.931554 168.274372 0.615487 177.011348
10.601964 148.339680 46.930657 168.275326 0.606238 177.011188
10.601396 148.339569 46.929759 168.276281 0.596988 177.011028
10.600827 148.339458 46.928862 168.277236 0.587738 177.010869
10.600257 148.339347 46.927964 168.278192 0.578489 177.010708
10.599690 148.339236 46.927066 168.279147 0.569239 177.010549
10.599121 148.339125 46.926168 168.280103 0.559990 177.010389
10.598554 148.339014 46.925269 168.281059 0.550740 177.010228
10.597986 148.338904 46.924371 168.282015 0.541491 177.010068
10.597418 148.338793 46.923472 168.282971 0.532242 177.009907
10.596851 148.338682 46.922573 168.283929 0.522993 177.009746
10.596284 148.338571 46.921674 168.284886 0.513744 177.009585
10.595718 148.338460 46.920774 168.285843 0.504495 177.009424
10.595151 148.338349 46.919874 168.286800 0.495246 177.009262
10.594585 148.338238 46.918975 168.287758 0.485998 177.009101
10.594019 148.338129 46.918074 168.288716 0.476749 177.008939
10.593453 148.338018 46.917175 168.289674 0.467501 177.008777
10.592888 148.337907 46.916274 168.290633 0.458252 177.008615
10.592323 148.337796 46.915373 168.291591 0.449004 177.008453
10.591758 148.337685 46.914473 168.292550 0.439756 177.008291
10.591193 148.337574 46.913571 168.293510 0.430507 177.008129
10.590629 148.337463 46.912670 168.294469 0.421260 177.007966
10.590065 148.337352 46.911768 168.295429 0.412012 177.007803
10.589501 148.337243 46.910867 168.296388 0.402763 177.007640
10.588938 148.337132 46.909965 168.297349 0.393516 177.007477
10.588374 148.337021 46.909064 168.298309 0.384269 177.007314
10.587811 148.336910 46.908161 168.299270 0.375021 177.007151
10.587248 148.336799 46.907258 168.300231 0.365773 177.006987
10.586685 148.336689 46.906356 168.301192 0.356526 177.006824
10.586123 148.336578 46.905453 168.302153 0.347279 177.006660
10.585561 148.336468 46.904550 168.303115 0.338032 177.006496
10.584999 148.336357 46.903646 168.304077 0.328785 177.006332
10.584437 148.336246 46.902743 168.305039 0.319538 177.006168
10.583877 148.336136 46.901840 168.306002 0.310291 177.006003
10.583315 148.336025 46.900936 168.306965 0.301045 177.005839
10.582755 148.335914 46.900032 168.307927 0.291798 177.005674
10.582194 148.335803 46.899127 168.308890 0.282551 177.005510
10.581634 148.335693 46.898223 168.309855 0.273305 177.005344
10.581073 148.335583 46.897318 168.310818 0.264059 177.005179
10.580514 148.335472 46.896414 168.311782 0.254812 177.005014
10.579954 148.335362 46.895508 168.312746 0.245566 177.004849
10.579395 148.335251 46.894603 168.313711 0.236320 177.004683
10.578836 148.335140 46.893698 168.314675 0.227075 177.004517
10.578277 148.335030 46.892791 168.315640 0.217829 177.004351
10.577719 148.334919 46.891886 168.316605 0.208583 177.004186
10.577160 148.334809 46.890980 168.317570 0.199338 177.004019
10.576602 148.334699 46.890074 168.318536 0.190092 177.003853
10.576044 148.334588 46.889166 168.319502 0.180847 177.003687
10.575487 148.334477 46.888260 168.320468 0.171601 177.003520
10.574929 148.334367 46.887353 168.321435 0.162356 177.003353
10.574373 148.334256 46.886447 168.322401 0.153111 177.003186
10.573816 148.334145 46.885539 168.323368 0.143866 177.003019
10.573260 148.334036 46.884631 168.324336 0.134621 177.002852
10.572703 148.333925 46.883723 168.325303 0.125376 177.002685
10.572147 148.333815 46.882816 168.326270 0.116132 177.002517
10.571591 148.333704 46.881907 168.327238 0.106887 177.002350
10.571036 148.333593 46.880999 168.328207 0.097643 177.002182
10.570480 148.333483 46.880090 168.329175 0.088398 177.002014
10.569926 148.333372 46.879181 168.330144 0.079154 177.001845
10.569371 148.333263 46.878273 168.331113 0.069910 177.001676
10.568817 148.333152 46.877364 168.332082 0.060666 177.001508
10.568262 148.333042 46.876454 168.333051 0.051422 177.001339
10.567708 148.332931 46.875545 168.334021 0.042178 177.001171
10.567155 148.332821 46.874635 168.334991 0.032934 177.001002
10.566601 148.332710 46.873724 168.335961 0.023691 177.000833
10.566049 148.332600 46.872814 168.336931 0.014447 177.000664
10.565495 148.332490 46.871903 168.337902 0.005203 177.000494
10.564943 148.332380 46.870993 168.338873 -0.004040 177.000325
10.564390 148.332269 46.870082 168.339844 -0.013283 177.000155
10.563838 148.332159 46.869171 168.340815 -0.022527 176.999986
10.563286 148.332048 46.868259 168.341787 -0.031769 176.999816
10.562734 148.331938 46.867348 168.342759 -0.041013 176.999646
10.562183 148.331827 46.866437 168.343731 -0.050255 176.999476
10.561632 148.331717 46.865525 168.344703 -0.059498 176.999305
10.561080 148.331607 46.864613 168.345676 -0.068741 176.999134
10.560530 148.331497 46.863701 168.346649 -0.077983 176.998963
10.559979 148.331386 46.862788 168.347622 -0.087226 176.998792
10.559430 148.331276 46.861875 168.348595 -0.096468 176.998621
10.558880 148.331166 46.860962 168.349569 -0.105710 176.998450
10.558330 148.331055 46.860048 168.350542 -0.114952 176.998279
10.557781 148.330946 46.859135 168.351516 -0.124194 176.998108
10.557231 148.330835 46.858222 168.352491 -0.133436 176.997936
10.556683 148.330725 46.857307 168.353466 -0.142678 176.997764
10.556134 148.330615 46.856394 168.354441 -0.151919 176.997592
10.555586 148.330504 46.855480 168.355416 -0.161162 176.997420
10.555038 148.330394 46.854565 168.356391 -0.170403 176.997247
10.554490 148.330285 46.853650 168.357366 -0.179644 176.997075
10.553942 148.330174 46.852735 168.358342 -0.188886 176.996903
10.553395 148.330064 46.851820 168.359318 -0.198126 176.996730
10.552848 148.329954 46.850905 168.360295 -0.207367 176.996558
10.552300 148.329843 46.849990 168.361272 -0.216609 176.996384
10.551754 148.329733 46.849074 168.362248 -0.225849 176.996212
10.551208 148.329623 46.848157 168.363225 -0.235090 176.996038
10.550662 148.329513 46.847242 168.364203 -0.244331 176.995865
10.550116 148.329403 46.846325 168.365180 -0.253571 176.995691
10.549570 148.329293 46.845408 168.366158 -0.262811 176.995517
10.549025 148.329183 46.844492 168.367136 -0.272052 176.995343
10.548481 148.329072 46.843574 168.368114 -0.281292 176.995169
10.547935 148.328962 46.842657 168.369093 -0.290532 176.994995
10.547391 148.328852 46.841740 168.370072 -0.299772 176.994821
10.546846 148.328743 46.840823 168.371051 -0.309012 176.994646
10.546303 148.328632 46.839904 168.372030 -0.318252 176.994472
10.545759 148.328522 46.838986 168.373010 -0.327492 176.994296
10.545215 148.328412 46.838068 168.373989 -0.336731 176.994122
10.544672 148.328302 46.837150 168.374969 -0.345971 176.993947
10.544129 148.328192 46.836231 168.375950 -0.355210 176.993771
10.543586 148.328082 46.835312 168.376930 -0.364449 176.993596
10.543044 148.327972 46.834392 168.377911 -0.373688 176.993421
10.542501 148.327862 46.833473 168.378892 -0.382927 176.993245
10.541960 148.327752 46.832554 168.379874 -0.392166 176.993070
10.541417 148.327642 46.831634 168.380855 -0.401405 176.992893
10.540876 148.327532 46.830714 168.381837 -0.410643 176.992717
10.540335 148.327422 46.829794 168.382819 -0.419882 176.992541
10.539794 148.327312 46.828873 168.383801 -0.429120 176.992364
10.539253 148.327202 46.827952 168.384783 -0.438359 176.992188
10.538713 148.327092 46.827031 168.385767 -0.447597 176.992011
10.538172 148.326982 46.826110 168.386749 -0.456835 176.991834
10.537633 148.326872 46.825189 168.387732 -0.466073 176.991657
10.537094 148.326763 46.824267 168.388717 -0.475311 176.991479
10.536553 148.326653 46.823345 168.389700 -0.484549 176.991302
10.536015 148.326543 46.822423 168.390683 -0.493787 176.991125
10.535475 148.326433 46.821501 168.391668 -0.503025 176.990948
10.534937 148.326322 46.820579 168.392652 -0.512263 176.990769
10.534399 148.326212 46.819657 168.393637 -0.521500 176.990591
10.533860 148.326103 46.818733 168.394623 -0.530737 176.990413
10.533322 148.325993 46.817810 168.395607 -0.539974 176.990235
10.532785 148.325883 46.816887 168.396593 -0.549211 176.990057
10.532247 148.325773 46.815963 168.397579 -0.558448 176.989878
10.531710 148.325663 46.815040 168.398565 -0.567686 176.989699
10.531173 148.325553 46.814116 168.399551 -0.576921 176.989520
10.530636 148.325443 46.813192 168.400537 -0.586158 176.989341
10.530100 148.325334 46.812267 168.401524 -0.595395 176.989162
10.529564 148.325224 46.811343 168.402511 -0.604632 176.988983
10.529028 148.325114 46.810418 168.403498 -0.613867 176.988803
10.528492 148.325004 46.809492 168.404486 -0.623104 176.988624
10.527957 148.324894 46.808567 168.405473 -0.632340 176.988444
10.527422 148.324784 46.807642 168.406461 -0.641576 176.988264
10.526887 148.324675 46.806716 168.407450 -0.650812 176.988085
10.526353 148.324565 46.805790 168.408439 -0.660048 176.987903
10.525818 148.324455 46.804863 168.409427 -0.669283 176.987723
10.525284 148.324345 46.803937 168.410416 -0.678519 176.987543
10.524751 148.324236 46.803011 168.411406 -0.687754 176.987362
10.524217 148.324126 46.802083 168.412395 -0.696989 176.987182
10.523683 148.324017 46.801156 168.413384 -0.706225 176.987000
10.523150 148.323907 46.800229 168.414374 -0.715460 176.986819
10.522618 148.323797 46.799302 168.415364 -0.724695 176.986638
10.522085 148.323687 46.798374 168.416355 -0.733929 176.986457
10.521553 148.323577 46.797446 168.417346 -0.743165 176.986276
10.521021 148.323468 46.796518 168.418336 -0.752399 176.986093
10.520488 148.323358 46.795590 168.419328 -0.761634 176.985911
10.519957 148.323249 46.794661 168.420320 -0.770868 176.985729
10.519426 148.323139 46.793733 168.421311 -0.780103 176.985548
10.518896 148.323029 46.792803 168.422303 -0.789336 176.985364
10.518364 148.322919 46.791874 168.423295 -0.798570 176.985182
10.517834 148.322810 46.790944 168.424287 -0.807805 176.985000
10.517304 148.322700 46.790015 168.425280 -0.817038 176.984817
10.516773 148.322591 46.789084 168.426273 -0.826271 176.984635
10.516244 148.322481 46.788154 168.427266 -0.835506 176.984451
10.515714 148.322371 46.787223 168.428259 -0.844739 176.984268
10.515185 148.322261 46.786293 168.429253 -0.853972 176.984085
10.514656 148.322152 46.785362 168.430247 -0.863206 176.983901
10.514127 148.322043 46.784431 168.431242 -0.872439 176.983717
10.513599 148.321933 46.783500 168.432236 -0.881672 176.983533
10.513071 148.321823 46.782568 168.433230 -0.890905 176.983350
