20.436384 150.047707 60.905057 157.094969 72.321731 156.619079
20.434840 150.047560 60.901857 157.106805 72.313633 156.632361
20.433296 150.047413 60.898658 157.118630 72.305534 156.645634
20.431754 150.047266 60.895459 157.130442 72.297435 156.658894
20.430210 150.047119 60.892259 157.142241 72.289336 156.672144
20.428666 150.046971 60.889061 157.154027 72.281236 156.685382
20.427123 150.046824 60.885862 157.165801 72.273135 156.698611
20.425580 150.046676 60.882663 157.177562 72.265034 156.711827
20.424037 150.046528 60.879464 157.189311 72.256933 156.725034
20.422494 150.046380 60.876266 157.201046 72.248831 156.738229
20.420951 150.046232 60.873067 157.212770 72.240728 156.751413
20.419408 150.046083 60.869868 157.224481 72.232624 156.764587
20.417865 150.045934 60.866671 157.236179 72.224521 156.777749
20.416322 150.045785 60.863472 157.247865 72.216416 156.790900
20.414780 150.045636 60.860274 157.259538 72.208311 156.804040
20.413237 150.045487 60.857076 157.271199 72.200206 156.817170
20.411694 150.045338 60.853878 157.282846 72.192100 156.830289
20.410151 150.045189 60.850679 157.294482 72.183994 156.843398
20.408609 150.045039 60.847482 157.306106 72.175887 156.856496
20.407067 150.044890 60.844284 157.317716 72.167779 156.869582
20.405524 150.044740 60.841086 157.329315 72.159671 156.882659
20.403982 150.044590 60.837889 157.340901 72.151562 156.895724
20.402440 150.044440 60.834691 157.352475 72.143453 156.908779
20.400897 150.044290 60.831494 157.364037 72.135343 156.921823
20.399355 150.044139 60.828297 157.375585 72.127233 156.934855
20.397813 150.043989 60.825100 157.387122 72.119122 156.947879
20.396271 150.043838 60.821903 157.398645 72.111011 156.960890
20.394729 150.043687 60.818706 157.410157 72.102899 156.973891
20.393187 150.043536 60.815509 157.421657 72.094786 156.986883
20.391646 150.043385 60.812313 157.433144 72.086673 156.999862
20.390104 150.043234 60.809116 157.444620 72.078560 157.012831
20.388562 150.043083 60.805919 157.456082 72.070446 157.025789
20.387021 150.042931 60.802723 157.467532 72.062332 157.038737
20.385479 150.042779 60.799526 157.478970 72.054217 157.051674
20.383937 150.042627 60.796331 157.490395 72.046102 157.064601
20.382396 150.042475 60.793135 157.501809 72.037986 157.077519
20.380855 150.042323 60.789939 157.513211 72.029870 157.090423
20.379313 150.042171 60.786742 157.524600 72.021752 157.103318
20.377772 150.042018 60.783547 157.535978 72.013634 157.116204
20.376231 150.041866 60.780351 157.547342 72.005516 157.129079
20.374690 150.041713 60.777155 157.558696 71.997398 157.141943
20.373148 150.041560 60.773960 157.570036 71.989279 157.154796
20.371608 150.041407 60.770765 157.581365 71.981159 157.167639
20.370067 150.041253 60.767570 157.592681 71.973039 157.180470
20.368526 150.041100 60.764375 157.603985 71.964919 157.193293
20.366986 150.040946 60.761179 157.615276 71.956798 157.206104
20.365444 150.040793 60.757984 157.626558 71.948676 157.218907
20.363904 150.040639 60.754789 157.637825 71.940555 157.231697
20.362364 150.040485 60.751595 157.649082 71.932431 157.244477
20.360823 150.040331 60.748400 157.660326 71.924308 157.257248
20.359282 150.040176 60.745205 157.671557 71.916185 157.270007
20.357741 150.040022 60.742011 157.682777 71.908061 157.282756
20.356202 150.039867 60.738817 157.693985 71.899936 157.295496
20.354661 150.039712 60.735622 157.705181 71.891812 157.308225
20.353120 150.039557 60.732428 157.716365 71.883686 157.320944
20.351581 150.039402 60.729234 157.727537 71.875560 157.333651
20.350041 150.039247 60.726041 157.738697 71.867434 157.346349
20.348500 150.039092 60.722847 157.749846 71.859306 157.359037
20.346961 150.038936 60.719653 157.760982 71.851179 157.371714
20.345421 150.038780 60.716460 157.772106 71.843051 157.384382
20.343881 150.038625 60.713267 157.783218 71.834923 157.397039
20.342342 150.038468 60.710073 157.794319 71.826794 157.409685
20.340802 150.038312 60.706880 157.805408 71.818664 157.422322
20.339262 150.038156 60.703687 157.816485 71.810534 157.434949
20.337723 150.038000 60.700493 157.827549 71.802404 157.447564
20.336183 150.037843 60.697300 157.838604 71.794273 157.460172
20.334643 150.037686 60.694108 157.849644 71.786142 157.472767
20.333105 150.037529 60.690915 157.860674 71.778010 157.485353
20.331565 150.037372 60.687723 157.871692 71.769878 157.497928
20.330025 150.037215 60.684531 157.882698 71.761745 157.510494
20.328487 150.037057 60.681338 157.893692 71.753612 157.523050
20.326948 150.036900 60.678146 157.904675 71.745478 157.535596
20.325408 150.036742 60.674954 157.915646 71.737344 157.548132
20.323870 150.036584 60.671762 157.926605 71.729210 157.560656
20.322331 150.036426 60.668570 157.937553 71.721074 157.573171
20.320791 150.036268 60.665379 157.948488 71.712939 157.585677
20.319253 150.036109 60.662187 157.959413 71.704802 157.598172
20.317714 150.035950 60.658995 157.970325 71.696666 157.610659
20.316176 150.035792 60.655804 157.981226 71.688529 157.623133
20.314637 150.035633 60.652613 157.992114 71.680392 157.635598
20.313099 150.035474 60.649421 158.002992 71.672254 157.648054
20.311561 150.035315 60.646230 158.013858 71.664115 157.660500
20.310022 150.035156 60.643039 158.024712 71.655976 157.672935
20.308484 150.034997 60.639848 158.035554 71.647838 157.685360
20.306946 150.034837 60.636658 158.046386 71.639697 157.697776
20.305407 150.034677 60.633468 158.057205 71.631558 157.710181
20.303869 150.034517 60.630277 158.068013 71.623417 157.722578
20.302332 150.034357 60.627087 158.078810 71.615276 157.734965
20.300793 150.034197 60.623897 158.089595 71.607134 157.747340
20.299255 150.034037 60.620706 158.100368 71.598992 157.759707
20.297718 150.033877 60.617516 158.111129 71.590850 157.772062
20.296180 150.033716 60.614327 158.121880 71.582707 157.784410
20.294643 150.033555 60.611137 158.132619 71.574563 157.796747
20.293105 150.033394 60.607948 158.143346 71.566420 157.809073
20.291567 150.033233 60.604758 158.154062 71.558276 157.821391
20.290030 150.033072 60.601569 158.164767 71.550131 157.833699
20.288492 150.032911 60.598379 158.175460 71.541986 157.845996
20.286955 150.032749 60.595190 158.186142 71.533840 157.858284
20.285418 150.032588 60.592001 158.196812 71.525694 157.870561
20.283880 150.032426 60.588812 158.207471 71.517548 157.882830
20.282344 150.032264 60.585623 158.218119 71.509400 157.895090
20.280806 150.032102 60.582435 158.228755 71.501253 157.907340
20.279269 150.031939 60.579247 158.239380 71.493105 157.919579
20.277733 150.031777 60.576058 158.249993 71.484957 157.931808
20.276195 150.031614 60.572870 158.260596 71.476808 157.944028
20.274659 150.031452 60.569682 158.271186 71.468660 157.956239
20.273122 150.031289 60.566494 158.281766 71.460510 157.968440
20.271585 150.031126 60.563306 158.292334 71.452360 157.980631
20.270049 150.030962 60.560118 158.302891 71.444210 157.992813
20.268512 150.030799 60.556931 158.313437 71.436058 158.004985
20.266975 150.030636 60.553743 158.323971 71.427908 158.017147
20.265440 150.030472 60.550556 158.334494 71.419756 158.029300
20.263903 150.030308 60.547369 158.345006 71.411604 158.041442
20.262367 150.030144 60.544182 158.355507 71.403452 158.053576
20.260831 150.029980 60.540995 158.365997 71.395298 158.065701
20.259294 150.029816 60.537808 158.376475 71.387145 158.077816
20.257759 150.029651 60.534621 158.386942 71.378991 158.089921
20.256223 150.029487 60.531434 158.397398 71.370837 158.102016
20.254687 150.029322 60.528248 158.407843 71.362682 158.114103
20.253151 150.029157 60.525062 158.418277 71.354527 158.126180
20.251615 150.028992 60.521875 158.428700 71.346371 158.138247
20.250080 150.028827 60.518690 158.439110 71.338216 158.150304
20.248544 150.028662 60.515503 158.449510 71.330060 158.162352
20.247009 150.028496 60.512318 158.459900 71.321903 158.174392
20.245473 150.028330 60.509132 158.470279 71.313745 158.186421
20.243938 150.028165 60.505946 158.480645 71.305589 158.198440
20.242402 150.027999 60.502761 158.491001 71.297430 158.210451
20.240867 150.027833 60.499576 158.501346 71.289272 158.222453
20.239332 150.027666 60.496391 158.511680 71.281113 158.234444
20.237797 150.027500 60.493206 158.522003 71.272954 158.246427
20.236262 150.027333 60.490021 158.532315 71.264794 158.258400
20.234727 150.027167 60.486837 158.542616 71.256634 158.270364
20.233191 150.027000 60.483652 158.552906 71.248474 158.282319
20.231657 150.026833 60.480467 158.563184 71.240313 158.294263
20.230122 150.026666 60.477283 158.573452 71.232152 158.306199
20.228588 150.026498 60.474099 158.583709 71.223990 158.318126
20.227053 150.026331 60.470915 158.593955 71.215828 158.330043
20.225519 150.026163 60.467731 158.604190 71.207666 158.341951
20.223984 150.025995 60.464547 158.614415 71.199502 158.353851
20.222449 150.025827 60.461363 158.624627 71.191340 158.365740
20.220915 150.025659 60.458180 158.634830 71.183176 158.377620
20.219381 150.025491 60.454996 158.645021 71.175012 158.389491
20.217847 150.025323 60.451814 158.655202 71.166847 158.401354
20.216312 150.025154 60.448630 158.665372 71.158683 158.413206
20.214779 150.024985 60.445447 158.675531 71.150517 158.425049
20.213244 150.024816 60.442264 158.685679 71.142352 158.436883
20.211710 150.024647 60.439082 158.695816 71.134186 158.448709
20.210177 150.024478 60.435899 158.705942 71.126020 158.460524
20.208642 150.024309 60.432717 158.716058 71.117852 158.472331
20.207109 150.024139 60.429534 158.726162 71.109686 158.484129
20.205575 150.023970 60.426352 158.736256 71.101519 158.495917
20.204042 150.023800 60.423171 158.746340 71.093350 158.507696
20.202508 150.023630 60.419989 158.756413 71.085181 158.519467
20.200976 150.023460 60.416807 158.766473 71.077014 158.531228
20.199442 150.023290 60.413626 158.776525 71.068844 158.542980
20.197909 150.023119 60.410444 158.786565 71.060675 158.554723
20.196375 150.022949 60.407263 158.796595 71.052504 158.566458
20.194842 150.022778 60.404082 158.806614 71.044334 158.578183
20.193309 150.022607 60.400900 158.816622 71.036164 158.589898
20.191776 150.022436 60.397720 158.826619 71.027993 158.601605
20.190243 150.022265 60.394539 158.836606 71.019822 158.613304
20.188710 150.022094 60.391358 158.846582 71.011650 158.624992
20.187178 150.021922 60.388178 158.856547 71.003478 158.636672
20.185645 150.021751 60.384998 158.866502 70.995305 158.648343
20.184113 150.021579 60.381817 158.876446 70.987133 158.660006
20.182580 150.021407 60.378638 158.886380 70.978959 158.671659
20.181048 150.021234 60.375458 158.896303 70.970786 158.683302
20.179515 150.021062 60.372279 158.906216 70.962612 158.694938
20.177982 150.020889 60.369099 158.916117 70.954438 158.706564
20.176450 150.020717 60.365920 158.926008 70.946263 158.718181
20.174918 150.020544 60.362740 158.935889 70.938088 158.729790
20.173386 150.020371 60.359561 158.945759 70.929912 158.741390
20.171854 150.020198 60.356382 158.955619 70.921736 158.752980
20.170322 150.020025 60.353203 158.965468 70.913560 158.764562
20.168790 150.019852 60.350024 158.975307 70.905384 158.776135
20.167258 150.019678 60.346847 158.985134 70.897207 158.787700
20.165726 150.019505 60.343668 158.994952 70.889030 158.799254
20.164195 150.019331 60.340490 159.004760 70.880852 158.810802
20.162663 150.019157 60.337312 159.014556 70.872674 158.822339
20.161132 150.018983 60.334134 159.024343 70.864495 158.833868
20.159600 150.018809 60.330956 159.034118 70.856317 158.845388
20.158069 150.018634 60.327779 159.043884 70.848138 158.856900
20.156537 150.018460 60.324601 159.053638 70.839959 158.868401
20.155007 150.018285 60.321424 159.063383 70.831779 158.879895
20.153475 150.018110 60.318246 159.073116 70.823599 158.891381
20.151944 150.017935 60.315070 159.082840 70.815419 158.902857
20.150413 150.017760 60.311892 159.092554 70.807237 158.914325
20.148882 150.017585 60.308716 159.102256 70.799056 158.925784
20.147351 150.017409 60.305540 159.111949 70.790875 158.937234
20.145821 150.017234 60.302363 159.121631 70.782693 158.948674
20.144290 150.017058 60.299187 159.131303 70.774511 158.960108
20.142759 150.016882 60.296011 159.140965 70.766328 158.971533
20.141228 150.016706 60.292834 159.150616 70.758145 158.982948
20.139698 150.016530 60.289659 159.160256 70.749962 158.994354
20.138168 150.016353 60.286483 159.169887 70.741779 159.005752
20.136638 150.016177 60.283308 159.179508 70.733595 159.017142
20.135107 150.016000 60.280133 159.189117 70.725410 159.028523
20.133577 150.015823 60.276958 159.198717 70.717226 159.039896
20.132046 150.015646 60.273783 159.208307 70.709040 159.051260
20.130517 150.015469 60.270607 159.217886 70.700856 159.062614
20.128986 150.015292 60.267433 159.227455 70.692670 159.073961
20.127457 150.015114 60.264259 159.237014 70.684484 159.085299
20.125927 150.014937 60.261084 159.246563 70.676297 159.096629
20.124397 150.014759 60.257910 159.256101 70.668111 159.107950
20.122867 150.014581 60.254735 159.265630 70.659923 159.119262
20.121338 150.014403 60.251562 159.275147 70.651736 159.130565
20.119808 150.014225 60.248388 159.284655 70.643549 159.141862
20.118279 150.014046 60.245215 159.294153 70.635361 159.153147
20.116749 150.013868 60.242041 159.303640 70.627173 159.164426
20.115220 150.013689 60.238868 159.313118 70.618984 159.175696
20.113691 150.013510 60.235695 159.322585 70.610795 159.186958
20.112162 150.013331 60.232522 159.332043 70.602605 159.198211
20.110632 150.013152 60.229349 159.341490 70.594416 159.209456
20.109104 150.012973 60.226176 159.350927 70.586226 159.220691
20.107574 150.012793 60.223004 159.360353 70.578036 159.231919
20.106046 150.012614 60.219831 159.369770 70.569845 159.243138
20.104517 150.012434 60.216659 159.379177 70.561655 159.254348
20.102988 150.012254 60.213487 159.388574 70.553463 159.265552
20.101459 150.012074 60.210316 159.397960 70.545272 159.276745
20.099931 150.011894 60.207144 159.407337 70.537080 159.287930
20.098403 150.011713 60.203973 159.416704 70.528888 159.299108
20.096874 150.011533 60.200801 159.426060 70.520695 159.310277
20.095346 150.011352 60.197630 159.435407 70.512502 159.321438
20.093818 150.011171 60.194459 159.444744 70.504309 159.332591
20.092290 150.010990 60.191289 159.454071 70.496115 159.343735
20.090761 150.010809 60.188118 159.463387 70.487922 159.354870
20.089234 150.010628 60.184947 159.472693 70.479728 159.365996
20.087705 150.010446 60.181777 159.481990 70.471533 159.377116
20.086178 150.010265 60.178607 159.491277 70.463339 159.388227
20.084649 150.010083 60.175437 159.500554 70.455143 159.399330
20.083122 150.009901 60.172267 159.509821 70.446948 159.410423
20.081594 150.009719 60.169098 159.519078 70.438753 159.421509
20.080067 150.009537 60.165928 159.528325 70.430557 159.432587
20.078540 150.009354 60.162758 159.537562 70.422361 159.443655
20.077012 150.009172 60.159589 159.546790 70.414164 159.454717
20.075485 150.008989 60.156420 159.556007 70.405967 159.465771
20.073957 150.008806 60.153251 159.565215 70.397770 159.476815
20.072431 150.008623 60.150083 159.574413 70.389572 159.487852
20.070903 150.008440 60.146914 159.583601 70.381374 159.498880
20.069376 150.008257 60.143746 159.592779 70.373177 159.509900
20.067849 150.008073 60.140578 159.601947 70.364978 159.520913
20.066322 150.007890 60.137410 159.611105 70.356780 159.531915
20.064796 150.007706 60.134242 159.620254 70.348581 159.542912
20.063269 150.007522 60.131075 159.629393 70.340381 159.553900
20.061743 150.007338 60.127907 159.638522 70.332182 159.564878
20.060216 150.007154 60.124740 159.647641 70.323983 159.575850
20.058689 150.006969 60.121573 159.656751 70.315782 159.586814
20.057163 150.006785 60.118406 159.665850 70.307582 159.597768
20.055637 150.006600 60.115239 159.674941 70.299381 159.608716
20.054110 150.006415 60.112073 159.684021 70.291179 159.619654
20.052584 150.006230 60.108906 159.693091 70.282978 159.630585
20.051058 150.006045 60.105740 159.702152 70.274777 159.641508
20.049532 150.005860 60.102573 159.711204 70.266575 159.652423
20.048006 150.005674 60.099407 159.720245 70.258372 159.663330
20.046480 150.005489 60.096242 159.729277 70.250171 159.674227
20.044954 150.005303 60.093076 159.738300 70.241967 159.685119
20.043428 150.005117 60.089910 159.747311 70.233765 159.696002
20.041903 150.004931 60.086746 159.756315 70.225561 159.706877
20.040378 150.004745 60.083581 159.765308 70.217357 159.717744
20.038852 150.004558 60.080416 159.774291 70.209154 159.728602
20.037327 150.004372 60.077251 159.783265 70.200949 159.739452
20.035801 150.004185 60.074086 159.792229 70.192745 159.750295
20.034276 150.003998 60.070922 159.801185 70.184540 159.761130
20.032751 150.003811 60.067758 159.810129 70.176335 159.771957
20.031226 150.003624 60.064594 159.819065 70.168130 159.782776
20.029701 150.003437 60.061430 159.827991 70.159924 159.793587
20.028176 150.003249 60.058267 159.836907 70.151719 159.804390
20.026651 150.003061 60.055104 159.845814 70.143512 159.815185
20.025126 150.002874 60.051940 159.854712 70.135305 159.825973
20.023601 150.002686 60.048777 159.863600 70.127099 159.836753
20.022077 150.002498 60.045613 159.872478 70.118892 159.847523
20.020552 150.002309 60.042451 159.881346 70.110685 159.858288
20.019028 150.002121 60.039288 159.890206 70.102477 159.869043
20.017503 150.001933 60.036126 159.899056 70.094270 159.879791
20.015979 150.001744 60.032964 159.907896 70.086061 159.890532
20.014455 150.001555 60.029802 159.916727 70.077853 159.901263
20.012931 150.001366 60.026640 159.925548 70.069644 159.911989
20.011407 150.001177 60.023479 159.934360 70.061436 159.922704
20.009883 150.000987 60.020317 159.943162 70.053227 159.933414
20.008359 150.000798 60.017155 159.951955 70.045018 159.944114
20.006836 150.000608 60.013994 159.960738 70.036808 159.954808
20.005311 150.000419 60.010833 159.969513 70.028598 159.965494
20.003788 150.000229 60.007673 159.978277 70.020388 159.976171
20.002264 150.000039 60.004512 159.987033 70.012177 159.986841
20.000741 149.999848 60.001352 159.995778 70.003966 159.997503
19.999218 149.999658 59.998192 160.004515 69.995755 160.008159
19.997694 149.999467 59.995032 160.013242 69.987544 160.018805
19.996171 149.999277 59.991872 160.021960 69.979333 160.029444
19.994648 149.999086 59.988712 160.030668 69.971121 160.040076
19.993124 149.998895 59.985553 160.039367 69.962909 160.050699
19.991602 149.998704 59.982394 160.048057 69.954697 160.061316
19.990078 149.998512 59.979235 160.056738 69.946484 160.071923
19.988556 149.998321 59.976076 160.065408 69.938272 160.082523
19.987033 149.998129 59.972917 160.074071 69.930058 160.093117
19.985510 149.997937 59.969759 160.082722 69.921846 160.103701
19.983988 149.997745 59.966601 160.091366 69.913631 160.114281
19.982466 149.997553 59.963442 160.099999 69.905418 160.124849
19.980942 149.997361 59.960284 160.108625 69.897204 160.135412
19.979420 149.997169 59.957126 160.117240 69.888989 160.145967
19.977898 149.996976 59.953968 160.125846 69.880775 160.156515
19.976376 149.996783 59.950812 160.134443 69.872560 160.167055
19.974854 149.996590 59.947655 160.143031 69.864345 160.177586
19.973331 149.996397 59.944498 160.151609 69.856130 160.188111
19.971810 149.996204 59.941341 160.160177 69.847915 160.198627
19.970288 149.996011 59.938184 160.168737 69.839699 160.209136
19.968766 149.995817 59.935028 160.177288 69.831483 160.219637
19.967244 149.995624 59.931872 160.185830 69.823267 160.230132
19.965722 149.995430 59.928715 160.194362 69.815050 160.240619
19.964201 149.995236 59.925559 160.202886 69.806833 160.251098
19.962680 149.995042 59.922404 160.211400 69.798616 160.261570
19.961158 149.994848 59.919249 160.219905 69.790399 160.272033
19.959637 149.994653 59.916093 160.228400 69.782182 160.282491
19.958116 149.994459 59.912938 160.236887 69.773964 160.292939
19.956594 149.994264 59.909783 160.245365 69.765746 160.303381
19.955073 149.994069 59.906628 160.253832 69.757528 160.313815
19.953553 149.993874 59.903474 160.262291 69.749310 160.324241
19.952031 149.993679 59.900319 160.270742 69.741091 160.334660
19.950511 149.993484 59.897166 160.279183 69.732873 160.345072
19.948990 149.993288 59.894011 160.287615 69.724654 160.355477
19.947469 149.993092 59.890858 160.296038 69.716434 160.365874
19.945949 149.992897 59.887704 160.304451 69.708215 160.376264
19.944429 149.992701 59.884551 160.312857 69.699995 160.386645
19.942907 149.992504 59.881397 160.321252 69.691775 160.397020
19.941388 149.992308 59.878245 160.329638 69.683555 160.407387
19.939867 149.992112 59.875092 160.338017 69.675334 160.417748
19.938347 149.991915 59.871939 160.346385 69.667113 160.428099
19.936827 149.991718 59.868787 160.354744 69.658893 160.438445
19.935306 149.991522 59.865635 160.363095 69.650671 160.448782
19.933787 149.991325 59.862483 160.371437 69.642450 160.459113
19.932267 149.991127 59.859331 160.379770 69.634228 160.469436
19.930747 149.990930 59.856179 160.388093 69.626007 160.479751
19.929228 149.990732 59.853028 160.396408 69.617785 160.490060
19.927708 149.990535 59.849877 160.404714 69.609562 160.500361
19.926188 149.990337 59.846726 160.413011 69.601340 160.510656
19.924669 149.990139 59.843575 160.421298 69.593117 160.520941
19.923150 149.989941 59.840425 160.429577 69.584895 160.531220
19.921630 149.989743 59.837275 160.437847 69.576671 160.541493
19.920111 149.989544 59.834125 160.446108 69.568448 160.551757
19.918592 149.989346 59.830974 160.454361 69.560224 160.562014
19.917073 149.989147 59.827825 160.462604 69.552000 160.572265
19.915554 149.988948 59.824675 160.470838 69.543776 160.582508
19.914035 149.988749 59.821526 160.479064 69.535552 160.592744
19.912517 149.988550 59.818377 160.487280 69.527328 160.602972
19.910998 149.988350 59.815228 160.495488 69.519103 160.613192
19.909479 149.988151 59.812080 160.503687 69.510879 160.623407
19.907961 149.987951 59.808931 160.511877 69.502653 160.633614
19.906442 149.987751 59.805783 160.520058 69.494428 160.643813
19.904924 149.987551 59.802634 160.528230 69.486203 160.654006
19.903406 149.987351 59.799487 160.536394 69.477977 160.664191
19.901887 149.987151 59.796338 160.544549 69.469751 160.674369
19.900369 149.986950 59.793191 160.552695 69.461525 160.684540
19.898852 149.986750 59.790044 160.560832 69.453299 160.694703
19.897333 149.986549 59.786896 160.568960 69.445072 160.704861
19.895816 149.986348 59.783750 160.577080 69.436845 160.715009
19.894298 149.986147 59.780603 160.585190 69.428619 160.725152
19.892780 149.985946 59.777456 160.593293 69.420392 160.735287
19.891263 149.985744 59.774311 160.601386 69.412165 160.745415
19.889745 149.985543 59.771164 160.609470 69.403937 160.755536
19.888228 149.985341 59.768018 160.617546 69.395709 160.765651
19.886710 149.985139 59.764873 160.625614 69.387481 160.775756
19.885193 149.984937 59.761728 160.633671 69.379253 160.785856
19.883676 149.984735 59.758582 160.641722 69.371024 160.795949
19.882158 149.984533 59.755437 160.649762 69.362796 160.806035
19.880642 149.984330 59.752292 160.657794 69.354568 160.816113
19.879125 149.984128 59.749147 160.665818 69.346339 160.826185
19.877608 149.983925 59.746004 160.673833 69.338110 160.836248
19.876091 149.983722 59.742859 160.681839 69.329880 160.846306
19.874575 149.983519 59.739715 160.689836 69.321651 160.856356
19.873058 149.983316 59.736572 160.697825 69.313421 160.866400
19.871541 149.983112 59.733428 160.705806 69.305191 160.876436
19.870025 149.982909 59.730285 160.713778 69.296961 160.886466
19.868509 149.982705 59.727141 160.721741 69.288731 160.896488
19.866992 149.982501 59.723999 160.729695 69.280501 160.906504
19.865476 149.982297 59.720856 160.737641 69.272270 160.916512
19.863960 149.982093 59.717713 160.745578 69.264039 160.926514
19.862445 149.981889 59.714571 160.753506 69.255809 160.936508
19.860928 149.981684 59.711429 160.761427 69.247577 160.946497
19.859413 149.981480 59.708288 160.769338 69.239346 160.956476
19.857897 149.981275 59.705145 160.777240 69.231115 160.966449
19.856381 149.981070 59.702004 160.785135 69.222883 160.976417
19.854866 149.980865 59.698863 160.793020 69.214651 160.986376
19.853350 149.980660 59.695722 160.800898 69.206419 160.996329
19.851835 149.980454 59.692581 160.808767 69.198186 161.006275
19.850319 149.980249 59.689441 160.816627 69.189953 161.016215
19.848804 149.980043 59.686301 160.824478 69.181721 161.026146
19.847289 149.979837 59.683160 160.832321 69.173488 161.036073
19.845774 149.979631 59.680020 160.840156 69.165255 161.045990
19.844259 149.979425 59.676881 160.847982 69.157022 161.055903
19.842744 149.979218 59.673741 160.855799 69.148789 161.065807
19.841230 149.979012 59.670601 160.863608 69.140556 161.075705
19.839714 149.978805 59.667463 160.871409 69.132322 161.085596
19.838200 149.978599 59.664324 160.879201 69.124088 161.095480
19.836686 149.978392 59.661186 160.886985 69.115854 161.105358
19.835172 149.978184 59.658047 160.894760 69.107620 161.115228
19.833656 149.977977 59.654909 160.902527 69.099385 161.125092
19.832142 149.977770 59.651771 160.910285 69.091151 161.134949
19.830628 149.977563 59.648633 160.918035 69.082916 161.144799
19.829115 149.977355 59.645496 160.925777 69.074681 161.154643
19.827600 149.977148 59.642359 160.933510 69.066446 161.164479
19.826086 149.976940 59.639221 160.941235 69.058210 161.174309
19.824573 149.976731 59.636084 160.948951 69.049975 161.184133
19.823059 149.976523 59.632948 160.956659 69.041740 161.193949
19.821545 149.976314 59.629811 160.964358 69.033504 161.203759
19.820031 149.976106 59.626675 160.972050 69.025268 161.213562
19.818518 149.975897 59.623540 160.979733 69.017032 161.223359
19.817005 149.975688 59.620403 160.987408 69.008795 161.233148
19.815491 149.975479 59.617268 160.995074 69.000559 161.242931
19.813978 149.975270 59.614133 161.002731 68.992323 161.252706
19.812465 149.975060 59.610998 161.010381 68.984086 161.262477
19.810952 149.974851 59.607863 161.018021 68.975850 161.272238
19.809438 149.974641 59.604728 161.025655 68.967612 161.281995
19.807926 149.974431 59.601594 161.033279 68.959375 161.291745
19.806413 149.974221 59.598460 161.040895 68.951138 161.301486
19.804901 149.974011 59.595326 161.048503 68.942900 161.311223
19.803388 149.973800 59.592192 161.056103 68.934663 161.320952
19.801875 149.973590 59.589058 161.063694 68.926425 161.330675
19.800363 149.973379 59.585925 161.071278 68.918187 161.340391
19.798851 149.973168 59.582793 161.078852 68.909948 161.350101
19.797339 149.972957 59.579659 161.086419 68.901711 161.359803
19.795826 149.972746 59.576527 161.093977 68.893472 161.369499
19.794314 149.972535 59.573394 161.101527 68.885233 161.379190
19.792802 149.972323 59.570263 161.109069 68.876995 161.388873
19.791291 149.972112 59.567131 161.116603 68.868756 161.398550
19.789778 149.971900 59.563999 161.124128 68.860517 161.408219
19.788267 149.971688 59.560868 161.131645 68.852278 161.417882
19.786755 149.971476 59.557736 161.139155 68.844038 161.427539
19.785244 149.971264 59.554606 161.146655 68.835799 161.437189
19.783732 149.971051 59.551475 161.154148 68.827559 161.446833
19.782220 149.970839 59.548344 161.161633 68.819319 161.456470
19.780709 149.970626 59.545214 161.169109 68.811080 161.466101
19.779198 149.970413 59.542085 161.176577 68.802839 161.475724
19.777687 149.970200 59.538954 161.184037 68.794600 161.485342
19.776176 149.969987 59.535825 161.191489 68.786359 161.494953
19.774665 149.969774 59.532695 161.198933 68.778118 161.504558
19.773154 149.969560 59.529566 161.206368 68.769878 161.514155
19.771644 149.969346 59.526438 161.213795 68.761637 161.523746
19.770133 149.969133 59.523308 161.221215 68.753396 161.533332
19.768622 149.968919 59.520180 161.228626 68.745155 161.542911
19.767111 149.968705 59.517052 161.236029 68.736914 161.552483
19.765601 149.968490 59.513924 161.243425 68.728672 161.562048
19.764091 149.968276 59.510796 161.250812 68.720431 161.571608
19.762581 149.968061 59.507669 161.258190 68.712190 161.581160
19.761070 149.967847 59.504541 161.265561 68.703947 161.590707
19.759560 149.967632 59.501415 161.272924 68.695706 161.600246
19.758051 149.967417 59.498288 161.280279 68.687464 161.609780
19.756541 149.967201 59.495162 161.287625 68.679222 161.619307
19.755030 149.966986 59.492035 161.294964 68.670979 161.628828
19.753521 149.966771 59.488909 161.302294 68.662738 161.638341
19.752011 149.966555 59.485783 161.309617 68.654494 161.647850
19.750502 149.966339 59.482657 161.316932 68.646252 161.657351
19.748993 149.966123 59.479532 161.324238 68.638009 161.666846
19.747484 149.965907 59.476407 161.331537 68.629766 161.676334
19.745974 149.965691 59.473282 161.338828 68.621523 161.685818
19.744465 149.965474 59.470158 161.346110 68.613279 161.695293
19.742956 149.965258 59.467033 161.353384 68.605037 161.704762
19.741447 149.965041 59.463909 161.360651 68.596793 161.714226
19.739938 149.964824 59.460785 161.367910 68.588549 161.723683
19.738429 149.964607 59.457661 161.375161 68.580306 161.733134
19.736920 149.964390 59.454538 161.382403 68.572062 161.742577
19.735412 149.964172 59.451415 161.389637 68.563819 161.752015
19.733904 149.963955 59.448292 161.396865 68.555574 161.761447
19.732395 149.963737 59.445170 161.404083 68.547330 161.770872
19.730886 149.963519 59.442047 161.411294 68.539086 161.780292
19.729378 149.963301 59.438924 161.418497 68.530841 161.789705
19.727870 149.963083 59.435802 161.425693 68.522597 161.799111
19.726362 149.962865 59.432680 161.432880 68.514352 161.808511
19.724854 149.962646 59.429559 161.440059 68.506107 161.817905
19.723347 149.962428 59.426437 161.447231 68.497863 161.827293
19.721838 149.962209 59.423316 161.454394 68.489617 161.836674
19.720330 149.961990 59.420197 161.461551 68.481372 161.846050
19.718823 149.961771 59.417076 161.468698 68.473127 161.855418
19.717316 149.961552 59.413956 161.475838 68.464881 161.864781
19.715808 149.961332 59.410835 161.482970 68.456636 161.874138
19.714300 149.961113 59.407715 161.490094 68.448391 161.883487
19.712793 149.960893 59.404596 161.497211 68.440145 161.892831
19.711286 149.960673 59.401476 161.504320 68.431899 161.902170
19.709779 149.960453 59.398357 161.511421 68.423653 161.911502
19.708273 149.960234 59.395239 161.518513 68.415407 161.920826
19.706766 149.960014 59.392120 161.525599 68.407161 161.930146
19.705258 149.959793 59.389002 161.532676 68.398914 161.939460
