-71.479394 152.924116 20.000000 1.172832 18.747237 24.098362
-71.478423 152.925623 20.000000 1.172832 18.747237 24.107389
-71.477443 152.927130 20.000000 1.172832 18.747237 24.116418
-71.476455 152.928637 20.000000 1.172832 18.747237 24.125451
-71.475457 152.930145 20.000000 1.172832 18.747237 24.134487
-71.474450 152.931653 20.000000 1.172832 18.747237 24.143526
-71.473433 152.933162 20.000000 1.172832 18.747237 24.152568
-71.472407 152.934671 20.000000 1.172832 18.747237 24.161613
-71.471371 152.936181 20.000000 1.172832 18.747237 24.170661
-71.470326 152.937691 20.000000 1.172832 18.747237 24.179713
-71.469271 152.939202 20.000000 1.172832 18.747237 24.188768
-71.468206 152.940713 20.000000 1.172832 18.747237 24.197826
-71.467131 152.942224 20.000000 1.172832 18.747237 24.206887
-71.466047 152.943736 20.000000 1.172832 18.747237 24.215952
-71.464952 152.945249 20.000000 1.172832 18.747237 24.225021
-71.463847 152.946762 20.000000 1.172832 18.747237 24.234092
-71.462733 152.948276 20.000000 1.172832 18.747237 24.243167
-71.461609 152.949790 20.000000 1.172832 18.747237 24.252246
-71.460473 152.951304 20.000000 1.172832 18.747237 24.261328
-71.459328 152.952819 20.000000 1.172832 18.747237 24.270414
-71.458173 152.954335 20.000000 1.172832 18.747237 24.279503
-71.457007 152.955851 20.000000 1.172832 18.747237 24.288596
-71.455831 152.957368 20.000000 1.172832 18.747237 24.297693
-71.454644 152.958885 20.000000 1.172832 18.747237 24.306793
-71.453446 152.960403 20.000000 1.172832 18.747237 24.315897
-71.452238 152.961921 20.000000 1.172832 18.747237 24.325005
-71.451020 152.963440 20.000000 1.172832 18.747237 24.334117
-71.449790 152.964959 20.000000 1.172832 18.747237 24.343232
-71.448550 152.966479 20.000000 1.172832 18.747237 24.352352
-71.447298 152.968000 20.000000 1.172832 18.747237 24.361475
-71.446036 152.969521 20.000000 1.172832 18.747237 24.370602
-71.444763 152.971043 20.000000 1.172832 18.747237 24.379733
-71.443478 152.972565 20.000000 1.172832 18.747237 24.388868
-71.442183 152.974088 20.000000 1.172832 18.747237 24.398007
-71.440876 152.975612 20.000000 1.172832 18.747237 24.407150
-71.439559 152.977136 20.000000 1.172832 18.747237 24.416297
-71.438229 152.978661 20.000000 1.172832 18.747237 24.425449
-71.436888 152.980186 20.000000 1.172832 18.747237 24.434604
-71.435536 152.981712 20.000000 1.172832 18.747237 24.443764
-71.434172 152.983239 20.000000 1.172832 18.747237 24.452928
-71.432796 152.984766 20.000000 1.172832 18.747237 24.462096
-71.431409 152.986294 20.000000 1.172832 18.747237 24.471268
-71.430011 152.987822 20.000000 1.172832 18.747237 24.480445
-71.428600 152.989351 20.000000 1.172832 18.747237 24.489626
-71.427177 152.990881 20.000000 1.172832 18.747237 24.498812
-71.425743 152.992412 20.000000 1.172832 18.747237 24.508001
-71.424296 152.993943 20.000000 1.172832 18.747237 24.517196
-71.422838 152.995475 20.000000 1.172832 18.747237 24.526395
-71.421367 152.997007 20.000000 1.172832 18.747237 24.535598
-71.419885 152.998540 20.000000 1.172832 18.747237 24.544806
-71.418389 153.000074 20.000000 1.172832 18.747237 24.554018
-71.416882 153.001609 20.000000 1.172832 18.747237 24.563236
-71.415362 153.003144 20.000000 1.172832 18.747237 24.572457
-71.413831 153.004680 20.000000 1.172832 18.747237 24.581684
-71.412286 153.006217 20.000000 1.172832 18.747237 24.590915
-71.410729 153.007754 20.000000 1.172832 18.747237 24.600151
-71.409159 153.009292 20.000000 1.172832 18.747237 24.609392
-71.407577 153.010831 20.000000 1.172832 18.747237 24.618637
-71.405981 153.012370 20.000000 1.172832 18.747237 24.627887
-71.404373 153.013911 20.000000 1.172832 18.747237 24.637143
-71.402752 153.015452 20.000000 1.172832 18.747237 24.646403
-71.401118 153.016993 20.000000 1.172832 18.747237 24.655668
-71.399471 153.018536 20.000000 1.172832 18.747237 24.664938
-71.397811 153.020079 20.000000 1.172832 18.747237 24.674213
-71.396138 153.021623 20.000000 1.172832 18.747237 24.683493
-71.394452 153.023168 20.000000 1.172832 18.747237 24.692778
-71.392752 153.024714 20.000000 1.172832 18.747237 24.702069
-71.391039 153.026260 20.000000 1.172832 18.747237 24.711364
-71.389312 153.027807 20.000000 1.172832 18.747237 24.720665
-71.387572 153.029355 20.000000 1.172832 18.747237 24.729971
-71.385820 153.030904 20.000000 1.172832 18.747237 24.739282
-71.384053 153.032453 20.000000 1.172832 18.747237 24.748598
-71.382272 153.034003 20.000000 1.172832 18.747237 24.757920
-71.380477 153.035554 20.000000 1.172832 18.747237 24.767247
-71.378670 153.037106 20.000000 1.172832 18.747237 24.776579
-71.376848 153.038659 20.000000 1.172832 18.747237 24.785917
-71.375012 153.040213 20.000000 1.172832 18.747237 24.795260
-71.373162 153.041767 20.000000 1.172832 18.747237 24.804609
-71.371298 153.043322 20.000000 1.172832 18.747237 24.813963
-71.369420 153.044878 20.000000 1.172832 18.747237 24.823323
-71.367528 153.046435 20.000000 1.172832 18.747237 24.832688
-71.365622 153.047993 20.000000 1.172832 18.747237 24.842059
-71.363701 153.049552 20.000000 1.172832 18.747237 24.851436
-71.361766 153.051111 20.000000 1.172832 18.747237 24.860818
-71.359816 153.052671 20.000000 1.172832 18.747237 24.870206
-71.357853 153.054233 20.000000 1.172832 18.747237 24.879600
-71.355874 153.055795 20.000000 1.172832 18.747237 24.888999
-71.353881 153.057358 20.000000 1.172832 18.747237 24.898405
-71.351873 153.058922 20.000000 1.172832 18.747237 24.907816
-71.349851 153.060486 20.000000 1.172832 18.747237 24.917233
-71.347814 153.062052 20.000000 1.172832 18.747237 24.926656
-71.345762 153.063619 20.000000 1.172832 18.747237 24.936085
-71.343695 153.065186 20.000000 1.172832 18.747237 24.945519
-71.341613 153.066754 20.000000 1.172832 18.747237 24.954960
-71.339516 153.068324 20.000000 1.172832 18.747237 24.964407
-71.337404 153.069894 20.000000 1.172832 18.747237 24.973860
-71.335277 153.071465 20.000000 1.172832 18.747237 24.983319
-71.333134 153.073037 20.000000 1.172832 18.747237 24.992784
-71.330976 153.074610 20.000000 1.172832 18.747237 25.002255
-71.328803 153.076184 20.000000 1.172832 18.747237 25.011733
-71.326614 153.077759 20.000000 1.172832 18.747237 25.021217
-71.324410 153.079335 20.000000 1.172832 18.747237 25.030707
-71.322190 153.080912 20.000000 1.172832 18.747237 25.040203
-71.319955 153.082490 20.000000 1.172832 18.747237 25.049706
-71.317703 153.084068 20.000000 1.172832 18.747237 25.059215
-71.315437 153.085648 20.000000 1.172832 18.747237 25.068730
-71.313154 153.087229 20.000000 1.172832 18.747237 25.078252
-71.310855 153.088810 20.000000 1.172832 18.747237 25.087780
-71.308540 153.090393 20.000000 1.172832 18.747237 25.097315
-71.306210 153.091977 20.000000 1.172832 18.747237 25.106856
-71.303864 153.093562 20.000000 1.172832 18.747237 25.116404
-71.301501 153.095147 20.000000 1.172832 18.747237 25.125959
-71.299122 153.096734 20.000000 1.172832 18.747237 25.135520
-71.296726 153.098322 20.000000 1.172832 18.747237 25.145088
-71.294315 153.099911 20.000000 1.172832 18.747237 25.154662
-71.291887 153.101500 20.000000 1.172832 18.747237 25.164243
-71.289443 153.103091 20.000000 1.172832 18.747237 25.173831
-71.286982 153.104683 20.000000 1.172832 18.747237 25.183426
-71.284504 153.106276 20.000000 1.172832 18.747237 25.193028
-71.282010 153.107870 20.000000 1.172832 18.747237 25.202636
-71.279499 153.109465 20.000000 1.172832 18.747237 25.212252
-71.276972 153.111061 20.000000 1.172832 18.747237 25.221874
-71.274427 153.112658 20.000000 1.172832 18.747237 25.231503
-71.271866 153.114257 20.000000 1.172832 18.747237 25.241139
-71.269287 153.115856 20.000000 1.172832 18.747237 25.250782
-71.266692 153.117457 20.000000 1.172832 18.747237 25.260433
-71.264080 153.119058 20.000000 1.172832 18.747237 25.270090
-71.261450 153.120661 20.000000 1.172832 18.747237 25.279755
-71.258803 153.122264 20.000000 1.172832 18.747237 25.289426
-71.256139 153.123869 20.000000 1.172832 18.747237 25.299105
-71.253458 153.125475 20.000000 1.172832 18.747237 25.308791
-71.250759 153.127082 20.000000 1.172832 18.747237 25.318485
-71.248042 153.128690 20.000000 1.172832 18.747237 25.328185
-71.245308 153.130299 20.000000 1.172832 18.747237 25.337893
-71.242557 153.131910 20.000000 1.172832 18.747237 25.347609
-71.239788 153.133521 20.000000 1.172832 18.747237 25.357331
-71.237001 153.135134 20.000000 1.172832 18.747237 25.367061
-71.234196 153.136748 20.000000 1.172832 18.747237 25.376799
-71.231374 153.138363 20.000000 1.172832 18.747237 25.386544
-71.228533 153.139979 20.000000 1.172832 18.747237 25.396297
-71.225675 153.141596 20.000000 1.172832 18.747237 25.406057
-71.222799 153.143214 20.000000 1.172832 18.747237 25.415824
-71.219904 153.144834 20.000000 1.172832 18.747237 25.425600
-71.216991 153.146455 20.000000 1.172832 18.747237 25.435383
-71.214060 153.148077 20.000000 1.172832 18.747237 25.445173
-71.211111 153.149700 20.000000 1.172832 18.747237 25.454972
-71.208143 153.151324 20.000000 1.172832 18.747237 25.464778
-71.205157 153.152950 20.000000 1.172832 18.747237 25.474592
-71.202152 153.154577 20.000000 1.172832 18.747237 25.484414
-71.199129 153.156204 20.000000 1.172832 18.747237 25.494243
-71.196088 153.157834 20.000000 1.172832 18.747237 25.504081
-71.193027 153.159464 20.000000 1.172832 18.747237 25.513926
-71.189948 153.161096 20.000000 1.172832 18.747237 25.523780
-71.186850 153.162728 20.000000 1.172832 18.747237 25.533641
-71.183733 153.164362 20.000000 1.172832 18.747237 25.543510
-71.180597 153.165998 20.000000 1.172832 18.747237 25.553388
-71.177442 153.167634 20.000000 1.172832 18.747237 25.563273
-71.174268 153.169272 20.000000 1.172832 18.747237 25.573167
-71.171075 153.170911 20.000000 1.172832 18.747237 25.583068
-71.167863 153.172551 20.000000 1.172832 18.747237 25.592978
-71.164632 153.174193 20.000000 1.172832 18.747237 25.602896
-71.161381 153.175836 20.000000 1.172832 18.747237 25.612823
-71.158111 153.177480 20.000000 1.172832 18.747237 25.622757
-71.154822 153.179125 20.000000 1.172832 18.747237 25.632700
-71.151512 153.180772 20.000000 1.172832 18.747237 25.642652
-71.148184 153.182420 20.000000 1.172832 18.747237 25.652611
-71.144835 153.184069 20.000000 1.172832 18.747237 25.662579
-71.141467 153.185720 20.000000 1.172832 18.747237 25.672556
-71.138080 153.187372 20.000000 1.172832 18.747237 25.682541
-71.134672 153.189025 20.000000 1.172832 18.747237 25.692535
-71.131245 153.190679 20.000000 1.172832 18.747237 25.702537
-71.127797 153.192335 20.000000 1.172832 18.747237 25.712547
-71.124330 153.193992 20.000000 1.172832 18.747237 25.722567
-71.120842 153.195651 20.000000 1.172832 18.747237 25.732594
-71.117335 153.197311 20.000000 1.172832 18.747237 25.742631
-71.113806 153.198972 20.000000 1.172832 18.747237 25.752676
-71.110258 153.200634 20.000000 1.172832 18.747237 25.762730
-71.106690 153.202298 20.000000 1.172832 18.747237 25.772793
-71.103101 153.203963 20.000000 1.172832 18.747237 25.782865
-71.099491 153.205630 20.000000 1.172832 18.747237 25.792945
-71.095862 153.207298 20.000000 1.172832 18.747237 25.803034
-71.092211 153.208967 20.000000 1.172832 18.747237 25.813133
-71.088540 153.210638 20.000000 1.172832 18.747237 25.823240
-71.084848 153.212310 20.000000 1.172832 18.747237 25.833356
-71.081135 153.213983 20.000000 1.172832 18.747237 25.843481
-71.077402 153.215658 20.000000 1.172832 18.747237 25.853615
-71.073648 153.217334 20.000000 1.172832 18.747237 25.863758
-71.069872 153.219012 20.000000 1.172832 18.747237 25.873911
-71.066076 153.220691 20.000000 1.172832 18.747237 25.884072
-71.062258 153.222372 20.000000 1.172832 18.747237 25.894243
-71.058420 153.224054 20.000000 1.172832 18.747237 25.904423
-71.054560 153.225737 20.000000 1.172832 18.747237 25.914612
-71.050679 153.227422 20.000000 1.172832 18.747237 25.924810
-71.046777 153.229108 20.000000 1.172832 18.747237 25.935018
-71.042853 153.230795 20.000000 1.172832 18.747237 25.945235
-71.038908 153.232484 20.000000 1.172832 18.747237 25.955461
-71.034940 153.234175 20.000000 1.172832 18.747237 25.965697
-71.030953 153.235867 20.000000 1.172832 18.747237 25.975942
-71.026942 153.237560 20.000000 1.172832 18.747237 25.986197
-71.022910 153.239255 20.000000 1.172832 18.747237 25.996461
-71.018856 153.240952 20.000000 1.172832 18.747237 26.006735
-71.014781 153.242649 20.000000 1.172832 18.747237 26.017018
-71.010684 153.244349 20.000000 1.172832 18.747237 26.027311
-71.006564 153.246050 20.000000 1.172832 18.747237 26.037613
-71.002423 153.247752 20.000000 1.172832 18.747237 26.047925
-70.998260 153.249456 20.000000 1.172832 18.747237 26.058247
-70.994074 153.251161 20.000000 1.172832 18.747237 26.068579
-70.989866 153.252868 20.000000 1.172832 18.747237 26.078920
-70.985636 153.254576 20.000000 1.172832 18.747237 26.089271
-70.981382 153.256286 20.000000 1.172832 18.747237 26.099632
-70.977108 153.257997 20.000000 1.172832 18.747237 26.110003
-70.972810 153.259710 20.000000 1.172832 18.747237 26.120384
-70.968491 153.261425 20.000000 1.172832 18.747237 26.130775
-70.964148 153.263140 20.000000 1.172832 18.747237 26.141175
-70.959782 153.264858 20.000000 1.172832 18.747237 26.151586
-70.955394 153.266577 20.000000 1.172832 18.747237 26.162006
-70.950983 153.268298 20.000000 1.172832 18.747237 26.172437
-70.946549 153.270020 20.000000 1.172832 18.747237 26.182878
-70.942093 153.271743 20.000000 1.172832 18.747237 26.193329
-70.937614 153.273469 20.000000 1.172832 18.747237 26.203790
-70.933110 153.275195 20.000000 1.172832 18.747237 26.214261
-70.928584 153.276924 20.000000 1.172832 18.747237 26.224743
-70.924036 153.278654 20.000000 1.172832 18.747237 26.235235
-70.919464 153.280386 20.000000 1.172832 18.747237 26.245737
-70.914868 153.282119 20.000000 1.172832 18.747237 26.256249
-70.910249 153.283853 20.000000 1.172832 18.747237 26.266772
-70.905606 153.285590 20.000000 1.172832 18.747237 26.277305
-70.900940 153.287328 20.000000 1.172832 18.747237 26.287848
-70.896251 153.289067 20.000000 1.172832 18.747237 26.298402
-70.891538 153.290809 20.000000 1.172832 18.747237 26.308967
-70.886801 153.292551 20.000000 1.172832 18.747237 26.319542
-70.882041 153.294296 20.000000 1.172832 18.747237 26.330127
-70.877256 153.296042 20.000000 1.172832 18.747237 26.340724
-70.872448 153.297790 20.000000 1.172832 18.747237 26.351330
-70.867616 153.299539 20.000000 1.172832 18.747237 26.361948
-70.862760 153.301290 20.000000 1.172832 18.747237 26.372576
-70.857879 153.303043 20.000000 1.172832 18.747237 26.383215
-70.852975 153.304797 20.000000 1.172832 18.747237 26.393864
-70.848047 153.306553 20.000000 1.172832 18.747237 26.404523
-70.843096 153.308310 20.000000 1.172832 18.747237 26.415191
-70.838120 153.310068 20.000000 1.172832 18.747237 26.425866
-70.833124 153.311827 20.000000 1.172832 18.747237 26.436546
-70.828104 153.313587 20.000000 1.172832 18.747237 26.447231
-70.823063 153.315347 20.000000 1.172832 18.747237 26.457920
-70.817999 153.317107 20.000000 1.172832 18.747237 26.468611
-70.812915 153.318867 20.000000 1.172832 18.747237 26.479303
-70.807810 153.320628 20.000000 1.172832 18.747237 26.489994
-70.802685 153.322387 20.000000 1.172832 18.747237 26.500684
-70.797539 153.324147 20.000000 1.172832 18.747237 26.511372
-70.792374 153.325905 20.000000 1.172832 18.747237 26.522055
-70.787190 153.327663 20.000000 1.172832 18.747237 26.532732
-70.781986 153.329419 20.000000 1.172832 18.747237 26.543404
-70.776763 153.331174 20.000000 1.172832 18.747237 26.554067
-70.771523 153.332927 20.000000 1.172832 18.747237 26.564722
-70.766265 153.334679 20.000000 1.172832 18.747237 26.575366
-70.760990 153.336428 20.000000 1.172832 18.747237 26.585998
-70.755697 153.338175 20.000000 1.172832 18.747237 26.596618
-70.750388 153.339920 20.000000 1.172832 18.747237 26.607224
-70.745062 153.341662 20.000000 1.172832 18.747237 26.617815
-70.739721 153.343402 20.000000 1.172832 18.747237 26.628389
-70.734363 153.345138 20.000000 1.172832 18.747237 26.638945
-70.728992 153.346871 20.000000 1.172832 18.747237 26.649482
-70.723604 153.348601 20.000000 1.172832 18.747237 26.659999
-70.718203 153.350327 20.000000 1.172832 18.747237 26.670495
-70.712787 153.352049 20.000000 1.172832 18.747237 26.680967
-70.707358 153.353767 20.000000 1.172832 18.747237 26.691416
-70.701915 153.355481 20.000000 1.172832 18.747237 26.701840
-70.696459 153.357190 20.000000 1.172832 18.747237 26.712237
-70.690991 153.358895 20.000000 1.172832 18.747237 26.722606
-70.685510 153.360595 20.000000 1.172832 18.747237 26.732946
-70.680017 153.362289 20.000000 1.172832 18.747237 26.743256
-70.674514 153.363979 20.000000 1.172832 18.747237 26.753535
-70.668998 153.365663 20.000000 1.172832 18.747237 26.763781
-70.663472 153.367341 20.000000 1.172832 18.747237 26.773993
-70.657937 153.369014 20.000000 1.172832 18.747237 26.784170
-70.652390 153.370680 20.000000 1.172832 18.747237 26.794310
-70.646834 153.372340 20.000000 1.172832 18.747237 26.804412
-70.641269 153.373993 20.000000 1.172832 18.747237 26.814476
-70.635695 153.375640 20.000000 1.172832 18.747237 26.824499
-70.630112 153.377280 20.000000 1.172832 18.747237 26.834481
-70.624521 153.378913 20.000000 1.172832 18.747237 26.844421
-70.618923 153.380538 20.000000 1.172832 18.747237 26.854316
-70.613317 153.382156 20.000000 1.172832 18.747237 26.864166
-70.607704 153.383766 20.000000 1.172832 18.747237 26.873970
-70.602085 153.385368 20.000000 1.172832 18.747237 26.883726
-70.596459 153.386963 20.000000 1.172832 18.747237 26.893433
-70.590827 153.388548 20.000000 1.172832 18.747237 26.903090
-70.585190 153.390126 20.000000 1.172832 18.747237 26.912695
-70.579547 153.391694 20.000000 1.172832 18.747237 26.922248
-70.573899 153.393254 20.000000 1.172832 18.747237 26.931747
-70.568247 153.394804 20.000000 1.172832 18.747237 26.941190
-70.562591 153.396345 20.000000 1.172832 18.747237 26.950578
-70.556931 153.397876 20.000000 1.172832 18.747237 26.959907
-70.551268 153.399398 20.000000 1.172832 18.747237 26.969178
-70.545602 153.400910 20.000000 1.172832 18.747237 26.978389
-70.539933 153.402412 20.000000 1.172832 18.747237 26.987538
-70.534262 153.403903 20.000000 1.172832 18.747237 26.996625
-70.528589 153.405384 20.000000 1.172832 18.747237 27.005647
-70.522914 153.406854 20.000000 1.172832 18.747237 27.014605
-70.517238 153.408312 20.000000 1.172832 18.747237 27.023496
-70.511562 153.409760 20.000000 1.172832 18.747237 27.032320
-70.505885 153.411197 20.000000 1.172832 18.747237 27.041075
-70.500207 153.412621 20.000000 1.172832 18.747237 27.049759
-70.494531 153.414034 20.000000 1.172832 18.747237 27.058372
-70.488855 153.415435 20.000000 1.172832 18.747237 27.066913
-70.483180 153.416824 20.000000 1.172832 18.747237 27.075380
-70.477507 153.418201 20.000000 1.172832 18.747237 27.083771
-70.471835 153.419565 20.000000 1.172832 18.747237 27.092087
-70.466165 153.420916 20.000000 1.172832 18.747237 27.100324
-70.460498 153.422254 20.000000 1.172832 18.747237 27.108483
-70.454834 153.423578 20.000000 1.172832 18.747237 27.116562
-70.449173 153.424890 20.000000 1.172832 18.747237 27.124560
-70.443515 153.426188 20.000000 1.172832 18.747237 27.132474
-70.437862 153.427472 20.000000 1.172832 18.747237 27.140305
-70.432213 153.428742 20.000000 1.172832 18.747237 27.148051
-70.426568 153.429998 20.000000 1.172832 18.747237 27.155711
-70.420928 153.431239 20.000000 1.172832 18.747237 27.163283
-70.415295 153.432466 20.000000 1.172832 18.747237 27.170766
-70.409667 153.433678 20.000000 1.172832 18.747237 27.178159
-70.404045 153.434874 20.000000 1.172832 18.747237 27.185461
-70.398430 153.436056 20.000000 1.172832 18.747237 27.192671
-70.392821 153.437222 20.000000 1.172832 18.747237 27.199786
-70.387221 153.438373 20.000000 1.172832 18.747237 27.206807
-70.381626 153.439508 20.000000 1.172832 18.747237 27.213731
-70.376041 153.440627 20.000000 1.172832 18.747237 27.220557
-70.370464 153.441729 20.000000 1.172832 18.747237 27.227285
-70.364895 153.442815 20.000000 1.172832 18.747237 27.233913
-70.359337 153.443885 20.000000 1.172832 18.747237 27.240440
-70.353787 153.444937 20.000000 1.172832 18.747237 27.246864
-70.348247 153.445973 20.000000 1.172832 18.747237 27.253184
-70.342717 153.446991 20.000000 1.172832 18.747237 27.259399
-70.337197 153.447992 20.000000 1.172832 18.747237 27.265508
-70.331689 153.448975 20.000000 1.172832 18.747237 27.271509
-70.326192 153.449940 20.000000 1.172832 18.747237 27.277402
-70.320707 153.450888 20.000000 1.172832 18.747237 27.283185
-70.315233 153.451817 20.000000 1.172832 18.747237 27.288856
-70.309772 153.452727 20.000000 1.172832 18.747237 27.294415
-70.304324 153.453619 20.000000 1.172832 18.747237 27.299860
-70.298890 153.454492 20.000000 1.172832 18.747237 27.305190
-70.293468 153.455346 20.000000 1.172832 18.747237 27.310404
-70.288060 153.456181 20.000000 1.172832 18.747237 27.315501
-70.282667 153.456996 20.000000 1.172832 18.747237 27.320478
-70.277288 153.457792 20.000000 1.172832 18.747237 27.325336
-70.271924 153.458567 20.000000 1.172832 18.747237 27.330072
-70.266575 153.459323 20.000000 1.172832 18.747237 27.334687
-70.261242 153.460058 20.000000 1.172832 18.747237 27.339177
-70.255926 153.460773 20.000000 1.172832 18.747237 27.343542
-70.250625 153.461467 20.000000 1.172832 18.747237 27.347781
-70.245341 153.462140 20.000000 1.172832 18.747237 27.351893
-70.240075 153.462793 20.000000 1.172832 18.747237 27.355876
-70.234827 153.463423 20.000000 1.172832 18.747237 27.359729
-70.229596 153.464033 20.000000 1.172832 18.747237 27.363451
-70.224383 153.464620 20.000000 1.172832 18.747237 27.367040
-70.219189 153.465186 20.000000 1.172832 18.747237 27.370496
-70.214014 153.465730 20.000000 1.172832 18.747237 27.373816
-70.208858 153.466251 20.000000 1.172832 18.747237 27.377001
-70.203722 153.466750 20.000000 1.172832 18.747237 27.380048
-70.198606 153.467226 20.000000 1.172832 18.747237 27.382957
-70.193510 153.467679 20.000000 1.172832 18.747237 27.385725
-70.188436 153.468109 20.000000 1.172832 18.747237 27.388352
-70.183383 153.468516 20.000000 1.172832 18.747237 27.390837
-70.178351 153.468900 20.000000 1.172832 18.747237 27.393179
-70.173341 153.469259 20.000000 1.172832 18.747237 27.395375
-70.168354 153.469595 20.000000 1.172832 18.747237 27.397425
-70.163389 153.469906 20.000000 1.172832 18.747237 27.399328
-70.158447 153.470193 20.000000 1.172832 18.747237 27.401082
-70.153528 153.470456 20.000000 1.172832 18.747237 27.402686
-70.148633 153.470694 20.000000 1.172832 18.747237 27.404139
-70.143763 153.470907 20.000000 1.172832 18.747237 27.405440
-70.138918 153.471094 20.000000 1.172832 18.747237 27.406587
-70.134097 153.471257 20.000000 1.172832 18.747237 27.407579
-70.129300 153.471394 20.000000 1.172832 18.747237 27.408415
-70.124530 153.471505 20.000000 1.172832 18.747237 27.409095
-70.119784 153.471591 20.000000 1.172832 18.747237 27.409620
-70.115065 153.471651 20.000000 1.172832 18.747237 27.409990
-70.110370 153.471687 20.000000 1.172832 18.747237 27.410207
-70.105700 153.471697 20.000000 1.172832 18.747237 27.410270
-70.101055 153.471683 20.000000 1.172832 18.747237 27.410182
-70.096434 153.471644 20.000000 1.172832 18.747237 27.409943
-70.091838 153.471580 20.000000 1.172832 18.747237 27.409554
-70.087268 153.471492 20.000000 1.172832 18.747237 27.409015
-70.082721 153.471379 20.000000 1.172832 18.747237 27.408328
-70.078199 153.471243 20.000000 1.172832 18.747237 27.407493
-70.073700 153.471082 20.000000 1.172832 18.747237 27.406512
-70.069226 153.470897 20.000000 1.172832 18.747237 27.405384
-70.064777 153.470689 20.000000 1.172832 18.747237 27.404112
-70.060350 153.470457 20.000000 1.172832 18.747237 27.402695
-70.055948 153.470202 20.000000 1.172832 18.747237 27.401135
-70.051569 153.469923 20.000000 1.172832 18.747237 27.399433
-70.047215 153.469622 20.000000 1.172832 18.747237 27.397589
-70.042884 153.469297 20.000000 1.172832 18.747237 27.395605
-70.038576 153.468949 20.000000 1.172832 18.747237 27.393480
-70.034292 153.468578 20.000000 1.172832 18.747237 27.391217
-70.030030 153.468185 20.000000 1.172832 18.747237 27.388815
-70.025793 153.467770 20.000000 1.172832 18.747237 27.386276
-70.021578 153.467332 20.000000 1.172832 18.747237 27.383601
-70.017386 153.466872 20.000000 1.172832 18.747237 27.380790
-70.013217 153.466389 20.000000 1.172832 18.747237 27.377845
-70.009070 153.465885 20.000000 1.172832 18.747237 27.374765
-70.004946 153.465359 20.000000 1.172832 18.747237 27.371553
-70.000845 153.464812 20.000000 1.172832 18.747237 27.368209
-69.996767 153.464243 20.000000 1.172832 18.747237 27.364733
-69.992710 153.463652 20.000000 1.172832 18.747237 27.361127
-69.988676 153.463041 20.000000 1.172832 18.747237 27.357391
-69.984663 153.462408 20.000000 1.172832 18.747237 27.353527
-69.980674 153.461754 20.000000 1.172832 18.747237 27.349535
-69.976706 153.461080 20.000000 1.172832 18.747237 27.345415
-69.972760 153.460385 20.000000 1.172832 18.747237 27.341170
-69.968836 153.459669 20.000000 1.172832 18.747237 27.336800
-69.964932 153.458933 20.000000 1.172832 18.747237 27.332305
-69.961052 153.458177 20.000000 1.172832 18.747237 27.327687
-69.957193 153.457400 20.000000 1.172832 18.747237 27.322946
-69.953354 153.456604 20.000000 1.172832 18.747237 27.318083
-69.949537 153.455788 20.000000 1.172832 18.747237 27.313099
-69.945742 153.454952 20.000000 1.172832 18.747237 27.307995
-69.941967 153.454096 20.000000 1.172832 18.747237 27.302772
-69.938213 153.453221 20.000000 1.172832 18.747237 27.297431
-69.934480 153.452327 20.000000 1.172832 18.747237 27.291972
-69.930768 153.451414 20.000000 1.172832 18.747237 27.286397
-69.927077 153.450482 20.000000 1.172832 18.747237 27.280706
-69.923407 153.449530 20.000000 1.172832 18.747237 27.274899
-69.919756 153.448561 20.000000 1.172832 18.747237 27.268979
-69.916127 153.447572 20.000000 1.172832 18.747237 27.262946
-69.912517 153.446565 20.000000 1.172832 18.747237 27.256800
-69.908928 153.445540 20.000000 1.172832 18.747237 27.250543
-69.905359 153.444497 20.000000 1.172832 18.747237 27.244175
-69.901810 153.443435 20.000000 1.172832 18.747237 27.237697
-69.898281 153.442356 20.000000 1.172832 18.747237 27.231111
-69.894772 153.441259 20.000000 1.172832 18.747237 27.224416
-69.891282 153.440144 20.000000 1.172832 18.747237 27.217615
-69.887813 153.439012 20.000000 1.172832 18.747237 27.210707
-69.884362 153.437863 20.000000 1.172832 18.747237 27.203693
-69.880931 153.436696 20.000000 1.172832 18.747237 27.196575
-69.877520 153.435513 20.000000 1.172832 18.747237 27.189354
-69.874128 153.434312 20.000000 1.172832 18.747237 27.182029
-69.870754 153.433094 20.000000 1.172832 18.747237 27.174602
-69.867401 153.431861 20.000000 1.172832 18.747237 27.167075
-69.864065 153.430610 20.000000 1.172832 18.747237 27.159446
-69.860749 153.429343 20.000000 1.172832 18.747237 27.151719
-69.857452 153.428060 20.000000 1.172832 18.747237 27.143893
-69.854173 153.426761 20.000000 1.172832 18.747237 27.135969
-69.850912 153.425446 20.000000 1.172832 18.747237 27.127948
-69.847671 153.424115 20.000000 1.172832 18.747237 27.119832
-69.844447 153.422768 20.000000 1.172832 18.747237 27.111620
-69.841242 153.421406 20.000000 1.172832 18.747237 27.103314
-69.838056 153.420028 20.000000 1.172832 18.747237 27.094915
-69.834887 153.418636 20.000000 1.172832 18.747237 27.086423
-69.831736 153.417228 20.000000 1.172832 18.747237 27.077839
-69.828604 153.415805 20.000000 1.172832 18.747237 27.069164
-69.825488 153.414367 20.000000 1.172832 18.747237 27.060400
-69.822391 153.412915 20.000000 1.172832 18.747237 27.051546
-69.819311 153.411448 20.000000 1.172832 18.747237 27.042605
-69.816250 153.409966 20.000000 1.172832 18.747237 27.033575
-69.813204 153.408471 20.000000 1.172832 18.747237 27.024460
-69.810177 153.406961 20.000000 1.172832 18.747237 27.015258
-69.807167 153.405437 20.000000 1.172832 18.747237 27.005972
-69.804174 153.403899 20.000000 1.172832 18.747237 26.996602
-69.801199 153.402348 20.000000 1.172832 18.747237 26.987149
-69.798240 153.400783 20.000000 1.172832 18.747237 26.977613
-69.795298 153.399204 20.000000 1.172832 18.747237 26.967996
-69.792372 153.397613 20.000000 1.172832 18.747237 26.958299
-69.789463 153.396008 20.000000 1.172832 18.747237 26.948522
-69.786571 153.394390 20.000000 1.172832 18.747237 26.938666
-69.783696 153.392759 20.000000 1.172832 18.747237 26.928733
-69.780836 153.391115 20.000000 1.172832 18.747237 26.918722
-69.777993 153.389459 20.000000 1.172832 18.747237 26.908635
-69.775166 153.387790 20.000000 1.172832 18.747237 26.898473
-69.772356 153.386109 20.000000 1.172832 18.747237 26.888236
-69.769561 153.384416 20.000000 1.172832 18.747237 26.877925
-69.766782 153.382710 20.000000 1.172832 18.747237 26.867542
-69.764019 153.380993 20.000000 1.172832 18.747237 26.857087
-69.761272 153.379264 20.000000 1.172832 18.747237 26.846561
-69.758540 153.377524 20.000000 1.172832 18.747237 26.835965
-69.755823 153.375771 20.000000 1.172832 18.747237 26.825299
-69.753123 153.374008 20.000000 1.172832 18.747237 26.814565
-69.750437 153.372233 20.000000 1.172832 18.747237 26.803763
-69.747767 153.370447 20.000000 1.172832 18.747237 26.792895
-69.745112 153.368650 20.000000 1.172832 18.747237 26.781960
-69.742471 153.366843 20.000000 1.172832 18.747237 26.770961
-69.739846 153.365025 20.000000 1.172832 18.747237 26.759898
