29.994720 148.467918 95.467979 6.270910 16.820696 8.709206
29.994788 148.468248 95.464847 6.267334 16.820959 8.708097
29.994856 148.468579 95.461714 6.263759 16.821223 8.706988
29.994924 148.468910 95.458581 6.260185 16.821487 8.705880
29.994992 148.469241 95.455446 6.256610 16.821753 8.704771
29.995059 148.469572 95.452311 6.253036 16.822019 8.703663
29.995126 148.469903 95.449174 6.249462 16.822286 8.702554
29.995193 148.470235 95.446037 6.245889 16.822554 8.701446
29.995259 148.470566 95.442899 6.242315 16.822824 8.700337
29.995326 148.470897 95.439760 6.238743 16.823093 8.699229
29.995392 148.471228 95.436621 6.235170 16.823363 8.698121
29.995459 148.471559 95.433480 6.231598 16.823635 8.697013
29.995524 148.471890 95.430339 6.228027 16.823907 8.695905
29.995589 148.472221 95.427197 6.224455 16.824181 8.694797
29.995655 148.472553 95.424052 6.220884 16.824455 8.693689
29.995719 148.472884 95.420909 6.217313 16.824730 8.692581
29.995784 148.473215 95.417764 6.213743 16.825007 8.691474
29.995848 148.473547 95.414618 6.210173 16.825283 8.690366
29.995912 148.473878 95.411471 6.206603 16.825561 8.689258
29.995976 148.474209 95.408323 6.203034 16.825840 8.688151
29.996039 148.474541 95.405175 6.199465 16.826119 8.687044
29.996103 148.474872 95.402025 6.195896 16.826399 8.685936
29.996166 148.475203 95.398874 6.192327 16.826681 8.684829
29.996229 148.475535 95.395723 6.188760 16.826963 8.683722
29.996292 148.475866 95.392571 6.185192 16.827246 8.682615
29.996354 148.476198 95.389417 6.181624 16.827531 8.681507
29.996416 148.476529 95.386263 6.178058 16.827815 8.680401
29.996477 148.476861 95.383108 6.174491 16.828101 8.679294
29.996538 148.477193 95.379951 6.170925 16.828387 8.678187
29.996599 148.477524 95.376795 6.167359 16.828675 8.677080
29.996660 148.477856 95.373636 6.163794 16.828963 8.675973
29.996720 148.478187 95.370477 6.160228 16.829252 8.674867
29.996782 148.478519 95.367317 6.156664 16.829542 8.673760
29.996841 148.478851 95.364156 6.153099 16.829833 8.672654
29.996901 148.479183 95.360994 6.149535 16.830126 8.671547
29.996960 148.479514 95.357831 6.145972 16.830418 8.670441
29.997019 148.479846 95.354667 6.142408 16.830712 8.669335
29.997078 148.480178 95.351502 6.138845 16.831006 8.668229
29.997136 148.480510 95.348335 6.135282 16.831302 8.667123
29.997195 148.480842 95.345169 6.131721 16.831599 8.666017
29.997253 148.481174 95.342000 6.128159 16.831896 8.664911
29.997310 148.481505 95.338831 6.124597 16.832194 8.663805
29.997367 148.481837 95.335661 6.121036 16.832493 8.662699
29.997424 148.482169 95.332490 6.117476 16.832792 8.661594
29.997480 148.482501 95.329318 6.113915 16.833093 8.660488
29.997537 148.482833 95.326144 6.110355 16.833394 8.659383
29.997593 148.483165 95.322971 6.106795 16.833698 8.658277
29.997649 148.483498 95.319795 6.103236 16.834001 8.657172
29.997704 148.483830 95.316619 6.099678 16.834305 8.656067
29.997759 148.484162 95.313442 6.096119 16.834610 8.654962
29.997814 148.484494 95.310263 6.092561 16.834916 8.653857
29.997868 148.484826 95.307084 6.089003 16.835223 8.652752
29.997922 148.485158 95.303903 6.085446 16.835531 8.651647
29.997976 148.485491 95.300721 6.081890 16.835840 8.650542
29.998029 148.485823 95.297539 6.078333 16.836150 8.649438
29.998083 148.486155 95.294355 6.074777 16.836460 8.648333
29.998135 148.486487 95.291170 6.071221 16.836771 8.647228
29.998187 148.486820 95.287985 6.067665 16.837084 8.646124
29.998239 148.487152 95.284798 6.064110 16.837397 8.645019
29.998292 148.487484 95.281610 6.060556 16.837710 8.643915
29.998343 148.487817 95.278421 6.057001 16.838026 8.642811
29.998394 148.488149 95.275231 6.053448 16.838342 8.641707
29.998445 148.488482 95.272040 6.049894 16.838659 8.640603
29.998496 148.488814 95.268848 6.046342 16.838976 8.639499
29.998546 148.489147 95.265656 6.042788 16.839294 8.638395
29.998596 148.489479 95.262462 6.039236 16.839614 8.637291
29.998646 148.489812 95.259266 6.035684 16.839935 8.636188
29.998696 148.490144 95.256071 6.032133 16.840256 8.635084
29.998745 148.490477 95.252873 6.028582 16.840578 8.633981
29.998793 148.490810 95.249676 6.025031 16.840901 8.632877
29.998841 148.491142 95.246477 6.021480 16.841225 8.631774
29.998890 148.491475 95.243277 6.017931 16.841550 8.630671
29.998938 148.491808 95.240075 6.014381 16.841875 8.629568
29.998985 148.492141 95.236873 6.010832 16.842203 8.628465
29.999033 148.492473 95.233670 6.007282 16.842530 8.627361
29.999080 148.492806 95.230467 6.003734 16.842858 8.626258
29.999126 148.493139 95.227262 6.000187 16.843188 8.625156
29.999172 148.493472 95.224056 5.996638 16.843518 8.624053
29.999219 148.493805 95.220848 5.993091 16.843849 8.622950
29.999264 148.494138 95.217640 5.989544 16.844182 8.621848
29.999310 148.494470 95.214431 5.985997 16.844514 8.620745
29.999355 148.494803 95.211221 5.982452 16.844849 8.619643
29.999400 148.495136 95.208010 5.978905 16.845183 8.618541
29.999444 148.495469 95.204798 5.975360 16.845519 8.617438
29.999489 148.495802 95.201585 5.971815 16.845856 8.616336
29.999533 148.496135 95.198371 5.968270 16.846194 8.615234
29.999576 148.496468 95.195156 5.964726 16.846531 8.614132
29.999620 148.496802 95.191940 5.961182 16.846871 8.613030
29.999663 148.497135 95.188723 5.957639 16.847211 8.611929
29.999706 148.497468 95.185505 5.954095 16.847553 8.610827
29.999749 148.497801 95.182287 5.950552 16.847895 8.609725
29.999791 148.498134 95.179067 5.947010 16.848238 8.608624
29.999832 148.498467 95.175846 5.943468 16.848582 8.607522
29.999875 148.498801 95.172624 5.939926 16.848927 8.606421
29.999916 148.499134 95.169401 5.936385 16.849273 8.605319
29.999957 148.499467 95.166178 5.932844 16.849620 8.604218
29.999998 148.499801 95.162952 5.929304 16.849968 8.603117
30.000038 148.500134 95.159726 5.925764 16.850315 8.602016
30.000079 148.500467 95.156501 5.922224 16.850665 8.600915
30.000118 148.500801 95.153272 5.918684 16.851016 8.599814
30.000158 148.501134 95.150044 5.915145 16.851367 8.598713
30.000198 148.501467 95.146815 5.911607 16.851719 8.597613
30.000236 148.501801 95.143584 5.908069 16.852072 8.596512
30.000276 148.502134 95.140352 5.904531 16.852427 8.595412
30.000314 148.502468 95.137120 5.900993 16.852782 8.594311
30.000352 148.502801 95.133886 5.897456 16.853138 8.593211
30.000390 148.503135 95.130653 5.893920 16.853495 8.592111
30.000427 148.503469 95.127417 5.890383 16.853853 8.591010
30.000465 148.503802 95.124181 5.886848 16.854212 8.589910
30.000502 148.504136 95.120944 5.883311 16.854571 8.588810
30.000540 148.504469 95.117706 5.879776 16.854932 8.587710
30.000576 148.504803 95.114466 5.876241 16.855294 8.586610
30.000612 148.505137 95.111227 5.872708 16.855656 8.585511
30.000648 148.505471 95.107985 5.869173 16.856020 8.584411
30.000684 148.505804 95.104744 5.865639 16.856384 8.583311
30.000720 148.506138 95.101501 5.862106 16.856750 8.582212
30.000754 148.506472 95.098257 5.858573 16.857116 8.581112
30.000790 148.506806 95.095012 5.855041 16.857483 8.580013
30.000824 148.507140 95.091767 5.851509 16.857851 8.578914
30.000859 148.507473 95.088520 5.847976 16.858220 8.577814
30.000893 148.507807 95.085273 5.844446 16.858590 8.576716
30.000926 148.508141 95.082024 5.840914 16.858962 8.575616
30.000960 148.508475 95.078774 5.837383 16.859334 8.574517
30.000993 148.508809 95.075525 5.833853 16.859706 8.573419
30.001027 148.509143 95.072273 5.830323 16.860080 8.572320
30.001059 148.509477 95.069022 5.826793 16.860455 8.571221
30.001092 148.509811 95.065769 5.823265 16.860830 8.570123
30.001124 148.510145 95.062515 5.819736 16.861207 8.569024
30.001156 148.510479 95.059259 5.816207 16.861584 8.567925
30.001188 148.510813 95.056004 5.812680 16.861963 8.566827
30.001219 148.511148 95.052747 5.809152 16.862342 8.565729
30.001250 148.511482 95.049489 5.805624 16.862723 8.564631
30.001282 148.511816 95.046231 5.802097 16.863104 8.563533
30.001312 148.512150 95.042971 5.798571 16.863487 8.562435
30.001343 148.512484 95.039711 5.795045 16.863870 8.561337
30.001373 148.512819 95.036449 5.791519 16.864254 8.560239
30.001403 148.513153 95.033188 5.787993 16.864640 8.559141
30.001433 148.513487 95.029924 5.784469 16.865026 8.558044
30.001462 148.513821 95.026660 5.780944 16.865412 8.556946
30.001491 148.514156 95.023396 5.777420 16.865800 8.555849
30.001520 148.514490 95.020130 5.773896 16.866189 8.554751
30.001549 148.514825 95.016864 5.770372 16.866579 8.553654
30.001576 148.515159 95.013596 5.766850 16.866971 8.552557
30.001605 148.515493 95.010327 5.763327 16.867363 8.551459
30.001632 148.515828 95.007058 5.759804 16.867755 8.550362
30.001660 148.516162 95.003788 5.756282 16.868149 8.549265
30.001688 148.516497 95.000517 5.752761 16.868544 8.548168
30.001715 148.516831 94.997245 5.749239 16.868939 8.547072
30.001742 148.517166 94.993972 5.745718 16.869337 8.545975
30.001768 148.517500 94.990699 5.742198 16.869733 8.544878
30.001795 148.517835 94.987424 5.738677 16.870132 8.543781
30.001821 148.518170 94.984149 5.735158 16.870532 8.542685
30.001846 148.518504 94.980872 5.731638 16.870933 8.541589
30.001872 148.518839 94.977595 5.728120 16.871333 8.540492
30.001897 148.519174 94.974317 5.724601 16.871736 8.539396
30.001923 148.519508 94.971037 5.721083 16.872140 8.538300
30.001948 148.519843 94.967758 5.717565 16.872545 8.537204
30.001972 148.520178 94.964477 5.714047 16.872950 8.536108
30.001997 148.520513 94.961196 5.710531 16.873356 8.535012
30.002020 148.520847 94.957913 5.707013 16.873763 8.533916
30.002045 148.521182 94.954629 5.703497 16.874172 8.532820
30.002069 148.521517 94.951346 5.699981 16.874580 8.531725
30.002091 148.521852 94.948060 5.696466 16.874991 8.530629
30.002115 148.522187 94.944774 5.692950 16.875402 8.529534
30.002138 148.522522 94.941488 5.689436 16.875814 8.528438
30.002160 148.522857 94.938200 5.685921 16.876227 8.527343
30.002183 148.523192 94.934912 5.682407 16.876641 8.526248
30.002206 148.523526 94.931622 5.678893 16.877056 8.525153
30.002227 148.523861 94.928332 5.675380 16.877472 8.524058
30.002249 148.524197 94.925041 5.671867 16.877889 8.522963
30.002271 148.524532 94.921749 5.668354 16.878308 8.521868
30.002291 148.524867 94.918456 5.664842 16.878727 8.520773
30.002313 148.525202 94.915163 5.661329 16.879146 8.519678
30.002334 148.525537 94.911869 5.657818 16.879568 8.518584
30.002354 148.525872 94.908573 5.654307 16.879990 8.517489
30.002374 148.526207 94.905277 5.650796 16.880412 8.516395
30.002395 148.526542 94.901981 5.647286 16.880836 8.515300
30.002414 148.526877 94.898683 5.643776 16.881261 8.514206
30.002434 148.527213 94.895384 5.640267 16.881687 8.513112
30.002454 148.527548 94.892084 5.636757 16.882114 8.512017
30.002473 148.527883 94.888784 5.633249 16.882541 8.510924
30.002491 148.528218 94.885483 5.629740 16.882970 8.509829
30.002510 148.528554 94.882181 5.626232 16.883400 8.508736
30.002529 148.528889 94.878879 5.622723 16.883831 8.507642
30.002547 148.529224 94.875575 5.619216 16.884263 8.506548
30.002565 148.529560 94.872271 5.615710 16.884695 8.505455
30.002583 148.529895 94.868966 5.612203 16.885129 8.504361
30.002601 148.530231 94.865659 5.608697 16.885564 8.503267
30.002617 148.530566 94.862352 5.605190 16.886000 8.502174
30.002635 148.530901 94.859045 5.601685 16.886437 8.501081
30.002652 148.531237 94.855737 5.598180 16.886874 8.499988
30.002669 148.531572 94.852427 5.594675 16.887313 8.498894
30.002685 148.531908 94.849117 5.591170 16.887752 8.497801
30.002701 148.532243 94.845806 5.587667 16.888193 8.496708
30.002717 148.532579 94.842495 5.584163 16.888635 8.495615
30.002733 148.532915 94.839182 5.580659 16.889078 8.494522
30.002749 148.533250 94.835868 5.577157 16.889522 8.493430
30.002764 148.533586 94.832554 5.573654 16.889966 8.492337
30.002779 148.533921 94.829240 5.570152 16.890411 8.491245
30.002794 148.534257 94.825924 5.566650 16.890859 8.490152
30.002809 148.534593 94.822607 5.563148 16.891306 8.489060
30.002824 148.534928 94.819290 5.559648 16.891755 8.487968
30.002838 148.535264 94.815971 5.556147 16.892204 8.486875
30.002852 148.535600 94.812653 5.552647 16.892655 8.485783
30.002866 148.535936 94.809333 5.549146 16.893106 8.484691
30.002880 148.536271 94.806012 5.545646 16.893559 8.483599
30.002893 148.536607 94.802691 5.542148 16.894013 8.482507
30.002906 148.536943 94.799369 5.538649 16.894468 8.481415
30.002919 148.537279 94.796046 5.535150 16.894924 8.480324
30.002932 148.537615 94.792722 5.531652 16.895380 8.479232
30.002945 148.537951 94.789399 5.528155 16.895838 8.478141
30.002957 148.538287 94.786072 5.524657 16.896297 8.477049
30.002970 148.538623 94.782747 5.521160 16.896756 8.475958
30.002982 148.538958 94.779420 5.517663 16.897218 8.474866
30.002993 148.539294 94.776093 5.514167 16.897679 8.473775
30.003005 148.539630 94.772764 5.510671 16.898142 8.472684
30.003016 148.539966 94.769435 5.507176 16.898605 8.471593
30.003027 148.540303 94.766105 5.503681 16.899071 8.470502
30.003039 148.540639 94.762774 5.500186 16.899537 8.469411
30.003049 148.540975 94.759444 5.496692 16.900003 8.468320
30.003060 148.541311 94.756111 5.493197 16.900471 8.467230
30.003070 148.541647 94.752778 5.489704 16.900940 8.466139
30.003080 148.541983 94.749445 5.486211 16.901410 8.465048
30.003090 148.542319 94.746110 5.482717 16.901881 8.463958
30.003100 148.542655 94.742775 5.479225 16.902353 8.462868
30.003110 148.542992 94.739439 5.475733 16.902826 8.461777
30.003119 148.543328 94.736102 5.472241 16.903299 8.460687
30.003128 148.543664 94.732765 5.468749 16.903774 8.459597
30.003137 148.544000 94.729426 5.465258 16.904251 8.458507
30.003146 148.544336 94.726088 5.461768 16.904727 8.457417
30.003155 148.544673 94.722748 5.458277 16.905205 8.456327
30.003163 148.545009 94.719408 5.454787 16.905685 8.455237
30.003172 148.545345 94.716066 5.451297 16.906165 8.454147
30.003180 148.545682 94.712724 5.447809 16.906646 8.453058
30.003187 148.546018 94.709381 5.444320 16.907128 8.451968
30.003194 148.546355 94.706038 5.440831 16.907611 8.450879
30.003202 148.546691 94.702694 5.437343 16.908095 8.449789
30.003209 148.547027 94.699348 5.433856 16.908581 8.448700
30.003216 148.547364 94.696003 5.430368 16.909067 8.447611
30.003223 148.547700 94.692657 5.426881 16.909553 8.446522
30.003230 148.548037 94.689310 5.423394 16.910043 8.445432
30.003236 148.548373 94.685962 5.419908 16.910532 8.444344
30.003243 148.548710 94.682613 5.416422 16.911022 8.443255
30.003249 148.549046 94.679264 5.412937 16.911514 8.442166
30.003255 148.549383 94.675914 5.409451 16.912006 8.441077
30.003260 148.549720 94.672563 5.405967 16.912499 8.439988
30.003266 148.550056 94.669212 5.402482 16.912994 8.438900
30.003271 148.550393 94.665859 5.398998 16.913490 8.437811
30.003277 148.550730 94.662506 5.395514 16.913986 8.436723
30.003282 148.551066 94.659153 5.392031 16.914483 8.435635
30.003286 148.551403 94.655798 5.388548 16.914983 8.434547
30.003291 148.551740 94.652443 5.385066 16.915482 8.433458
30.003296 148.552076 94.649087 5.381583 16.915983 8.432370
30.003300 148.552413 94.645730 5.378101 16.916485 8.431282
30.003304 148.552750 94.642374 5.374620 16.916987 8.430194
30.003308 148.553087 94.639016 5.371139 16.917491 8.429107
30.003312 148.553423 94.635657 5.367658 16.917996 8.428019
30.003315 148.553760 94.632298 5.364177 16.918502 8.426931
30.003319 148.554097 94.628937 5.360697 16.919009 8.425844
30.003323 148.554434 94.625577 5.357218 16.919517 8.424756
30.003326 148.554771 94.622215 5.353739 16.920026 8.423669
30.003328 148.555108 94.618853 5.350260 16.920536 8.422581
30.003331 148.555445 94.615490 5.346781 16.921048 8.421494
30.003334 148.555782 94.612127 5.343302 16.921560 8.420407
30.003336 148.556119 94.608762 5.339825 16.922073 8.419320
30.003338 148.556456 94.605397 5.336348 16.922587 8.418233
30.003340 148.556793 94.602032 5.332870 16.923102 8.417146
30.003342 148.557130 94.598666 5.329393 16.923619 8.416059
30.003343 148.557467 94.595299 5.325917 16.924136 8.414972
30.003345 148.557804 94.591931 5.322441 16.924655 8.413886
30.003346 148.558141 94.588562 5.318966 16.925174 8.412799
30.003348 148.558478 94.585193 5.315490 16.925695 8.411713
30.003349 148.558815 94.581824 5.312015 16.926216 8.410626
30.003350 148.559152 94.578454 5.308541 16.926739 8.409540
30.003350 148.559489 94.575082 5.305066 16.927264 8.408454
30.003351 148.559826 94.571710 5.301593 16.927788 8.407367
30.003351 148.560163 94.568338 5.298119 16.928314 8.406281
30.003351 148.560501 94.564965 5.294646 16.928841 8.405195
30.003352 148.560838 94.561592 5.291174 16.929369 8.404110
30.003352 148.561175 94.558217 5.287701 16.929899 8.403023
30.003351 148.561512 94.554841 5.284229 16.930429 8.401938
30.003351 148.561850 94.551466 5.280757 16.930960 8.400852
30.003350 148.562187 94.548089 5.277287 16.931491 8.399767
30.003349 148.562524 94.544712 5.273815 16.932025 8.398681
30.003348 148.562862 94.541335 5.270345 16.932560 8.397596
30.003348 148.563199 94.537956 5.266875 16.933095 8.396510
30.003346 148.563536 94.534577 5.263405 16.933632 8.395425
30.003345 148.563874 94.531197 5.259936 16.934169 8.394340
30.003343 148.564211 94.527817 5.256466 16.934708 8.393255
30.003341 148.564548 94.524436 5.252998 16.935247 8.392170
30.003340 148.564886 94.521054 5.249530 16.935788 8.391085
30.003338 148.565223 94.517672 5.246062 16.936330 8.390000
30.003335 148.565561 94.514288 5.242594 16.936873 8.388915
30.003333 148.565898 94.510905 5.239127 16.937417 8.387831
30.003330 148.566236 94.507521 5.235660 16.937962 8.386746
30.003328 148.566573 94.504135 5.232193 16.938508 8.385661
30.003325 148.566911 94.500750 5.228727 16.939055 8.384577
30.003322 148.567248 94.497364 5.225261 16.939604 8.383492
30.003319 148.567586 94.493977 5.221796 16.940154 8.382408
30.003316 148.567924 94.490590 5.218330 16.940704 8.381324
30.003313 148.568261 94.487202 5.214866 16.941255 8.380240
30.003309 148.568599 94.483813 5.211401 16.941808 8.379156
30.003305 148.568937 94.480423 5.207938 16.942361 8.378072
30.003302 148.569274 94.477034 5.204474 16.942916 8.376988
30.003298 148.569612 94.473643 5.201011 16.943471 8.375904
30.003294 148.569950 94.470251 5.197548 16.944029 8.374821
30.003289 148.570287 94.466860 5.194085 16.944587 8.373737
30.003285 148.570625 94.463467 5.190624 16.945145 8.372654
30.003281 148.570963 94.460074 5.187161 16.945706 8.371570
30.003276 148.571301 94.456680 5.183701 16.946268 8.370487
30.003271 148.571638 94.453285 5.180239 16.946830 8.369403
30.003266 148.571976 94.449891 5.176778 16.947393 8.368320
30.003261 148.572314 94.446495 5.173318 16.947957 8.367237
30.003255 148.572652 94.443099 5.169858 16.948523 8.366154
30.003251 148.572990 94.439702 5.166399 16.949089 8.365071
30.003245 148.573328 94.436304 5.162939 16.949658 8.363988
30.003239 148.573665 94.432906 5.159480 16.950226 8.362905
30.003234 148.574003 94.429508 5.156022 16.950796 8.361823
30.003228 148.574341 94.426109 5.152564 16.951367 8.360740
30.003221 148.574679 94.422709 5.149106 16.951939 8.359658
30.003216 148.575017 94.419308 5.145648 16.952512 8.358575
30.003209 148.575355 94.415907 5.142191 16.953087 8.357492
30.003203 148.575693 94.412505 5.138734 16.953662 8.356410
30.003197 148.576031 94.409103 5.135278 16.954238 8.355328
30.003190 148.576369 94.405701 5.131822 16.954816 8.354246
30.003182 148.576707 94.402297 5.128366 16.955395 8.353164
30.003176 148.577045 94.398892 5.124911 16.955974 8.352082
30.003169 148.577383 94.395488 5.121456 16.956555 8.351000
30.003161 148.577721 94.392083 5.118002 16.957137 8.349918
30.003154 148.578060 94.388677 5.114548 16.957720 8.348836
30.003147 148.578398 94.385271 5.111094 16.958304 8.347755
30.003140 148.578736 94.381864 5.107641 16.958890 8.346673
30.003131 148.579074 94.378456 5.104187 16.959475 8.345592
30.003123 148.579412 94.375048 5.100734 16.960063 8.344510
30.003116 148.579750 94.371639 5.097282 16.960651 8.343429
30.003107 148.580089 94.368230 5.093830 16.961242 8.342348
30.003100 148.580427 94.364820 5.090378 16.961832 8.341266
30.003091 148.580765 94.361409 5.086927 16.962424 8.340185
30.003082 148.581103 94.357998 5.083477 16.963017 8.339105
30.003074 148.581442 94.354587 5.080026 16.963611 8.338023
30.003065 148.581780 94.351175 5.076576 16.964206 8.336943
30.003057 148.582118 94.347761 5.073126 16.964802 8.335862
30.003047 148.582456 94.344349 5.069676 16.965400 8.334781
30.003039 148.582795 94.340935 5.066227 16.965999 8.333701
30.003029 148.583133 94.337520 5.062778 16.966598 8.332620
30.003020 148.583472 94.334106 5.059330 16.967198 8.331540
30.003011 148.583810 94.330690 5.055882 16.967801 8.330459
30.003001 148.584148 94.327273 5.052434 16.968404 8.329379
30.002992 148.584487 94.323857 5.048987 16.969008 8.328299
30.002982 148.584825 94.320440 5.045539 16.969613 8.327219
30.002972 148.585164 94.317022 5.042093 16.970218 8.326139
30.002962 148.585502 94.313603 5.038647 16.970826 8.325059
30.002952 148.585841 94.310184 5.035201 16.971435 8.323979
30.002942 148.586179 94.306765 5.031755 16.972044 8.322899
30.002932 148.586518 94.303345 5.028310 16.972654 8.321819
30.002921 148.586856 94.299925 5.024866 16.973267 8.320740
30.002911 148.587195 94.296504 5.021420 16.973880 8.319660
30.002900 148.587533 94.293082 5.017976 16.974494 8.318581
30.002889 148.587872 94.289660 5.014532 16.975109 8.317501
30.002878 148.588210 94.286237 5.011090 16.975725 8.316422
30.002868 148.588549 94.282814 5.007646 16.976343 8.315343
30.002856 148.588888 94.279391 5.004204 16.976961 8.314264
30.002845 148.589226 94.275966 5.000762 16.977581 8.313185
30.002834 148.589565 94.272542 4.997320 16.978201 8.312106
30.002823 148.589904 94.269116 4.993878 16.978824 8.311027
30.002811 148.590242 94.265690 4.990437 16.979447 8.309948
30.002800 148.590581 94.262264 4.986996 16.980071 8.308869
30.002787 148.590920 94.258837 4.983555 16.980696 8.307791
30.002776 148.591258 94.255409 4.980115 16.981322 8.306712
30.002765 148.591597 94.251981 4.976675 16.981950 8.305634
30.002752 148.591936 94.248553 4.973236 16.982578 8.304555
30.002740 148.592275 94.245124 4.969796 16.983208 8.303477
30.002728 148.592613 94.241694 4.966358 16.983840 8.302399
30.002716 148.592952 94.238265 4.962920 16.984471 8.301320
30.002703 148.593291 94.234834 4.959481 16.985104 8.300242
30.002691 148.593630 94.231402 4.956043 16.985739 8.299164
30.002679 148.593969 94.227971 4.952606 16.986374 8.298086
30.002665 148.594308 94.224539 4.949170 16.987011 8.297009
30.002653 148.594647 94.221106 4.945733 16.987649 8.295931
30.002640 148.594985 94.217673 4.942297 16.988288 8.294853
30.002627 148.595324 94.214239 4.938861 16.988927 8.293776
30.002614 148.595663 94.210805 4.935425 16.989569 8.292698
30.002601 148.596002 94.207370 4.931990 16.990210 8.291621
30.002588 148.596341 94.203936 4.928555 16.990854 8.290543
30.002575 148.596680 94.200500 4.925121 16.991499 8.289466
30.002561 148.597019 94.197064 4.921687 16.992144 8.288389
30.002548 148.597358 94.193627 4.918253 16.992791 8.287312
30.002534 148.597697 94.190190 4.914819 16.993439 8.286235
30.002520 148.598036 94.186752 4.911387 16.994088 8.285158
30.002507 148.598375 94.183315 4.907954 16.994738 8.284081
30.002492 148.598714 94.179876 4.904521 16.995390 8.283004
30.002479 148.599053 94.176436 4.901089 16.996043 8.281927
30.002465 148.599392 94.172997 4.897658 16.996696 8.280851
30.002450 148.599732 94.169557 4.894227 16.997351 8.279774
30.002436 148.600071 94.166117 4.890796 16.998007 8.278698
30.002423 148.600410 94.162676 4.887366 16.998664 8.277622
30.002409 148.600749 94.159234 4.883935 16.999322 8.276545
30.002393 148.601088 94.155793 4.880505 16.999982 8.275469
30.002379 148.601427 94.152350 4.877076 17.000642 8.274393
30.002365 148.601767 94.148907 4.873647 17.001304 8.273317
30.002350 148.602106 94.145464 4.870218 17.001967 8.272241
30.002335 148.602445 94.142020 4.866789 17.002631 8.271165
30.002321 148.602784 94.138576 4.863361 17.003296 8.270089
30.002305 148.603123 94.135131 4.859934 17.003963 8.269013
30.002290 148.603463 94.131686 4.856507 17.004630 8.267938
30.002276 148.603802 94.128240 4.853080 17.005298 8.266862
30.002261 148.604141 94.124794 4.849653 17.005968 8.265787
30.002245 148.604481 94.121347 4.846226 17.006639 8.264711
30.002230 148.604820 94.117900 4.842801 17.007311 8.263636
30.002215 148.605159 94.114453 4.839375 17.007985 8.262561
30.002200 148.605499 94.111005 4.835949 17.008659 8.261485
30.002183 148.605838 94.107556 4.832524 17.009334 8.260410
30.002168 148.606177 94.104107 4.829100 17.010012 8.259335
30.002153 148.606517 94.100658 4.825676 17.010689 8.258260
30.002137 148.606856 94.097208 4.822252 17.011368 8.257184
30.002121 148.607195 94.093759 4.818829 17.012048 8.256110
30.002105 148.607535 94.090308 4.815405 17.012730 8.255035
30.002089 148.607874 94.086856 4.811983 17.013413 8.253960
30.002074 148.608214 94.083405 4.808561 17.014096 8.252886
30.002058 148.608553 94.079953 4.805138 17.014781 8.251811
30.002041 148.608893 94.076500 4.801717 17.015467 8.250737
30.002025 148.609232 94.073047 4.798296 17.016154 8.249663
30.002009 148.609572 94.069595 4.794875 17.016843 8.248589
30.001993 148.609911 94.066140 4.791454 17.017532 8.247515
30.001977 148.610251 94.062687 4.788033 17.018223 8.246440
30.001960 148.610590 94.059232 4.784613 17.018915 8.245366
30.001943 148.610930 94.055777 4.781194 17.019608 8.244293
30.001927 148.611270 94.052321 4.777775 17.020302 8.243219
30.001910 148.611609 94.048866 4.774356 17.020998 8.242145
30.001894 148.611949 94.045409 4.770937 17.021694 8.241071
30.001877 148.612288 94.041953 4.767519 17.022392 8.239998
30.001861 148.612628 94.038496 4.764102 17.023090 8.238925
30.001843 148.612968 94.035038 4.760684 17.023791 8.237851
30.001826 148.613307 94.031580 4.757267 17.024492 8.236778
30.001809 148.613647 94.028121 4.753850 17.025195 8.235705
30.001793 148.613987 94.024663 4.750433 17.025898 8.234631
30.001776 148.614326 94.021204 4.747018 17.026603 8.233558
30.001759 148.614666 94.017744 4.743602 17.027309 8.232485
30.001742 148.615006 94.014284 4.740187 17.028016 8.231412
30.001725 148.615345 94.010823 4.736772 17.028724 8.230340
30.001706 148.615685 94.007363 4.733357 17.029434 8.229267
30.001689 148.616025 94.003902 4.729943 17.030145 8.228194
30.001672 148.616365 94.000439 4.726528 17.030856 8.227121
30.001655 148.616705 93.996978 4.723115 17.031569 8.226049
30.001637 148.617044 93.993515 4.719702 17.032284 8.224976
30.001620 148.617384 93.990053 4.716289 17.032999 8.223904
30.001602 148.617724 93.986589 4.712877 17.033716 8.222832
30.001585 148.618064 93.983126 4.709464 17.034434 8.221759
30.001567 148.618404 93.979661 4.706052 17.035153 8.220687
30.001550 148.618743 93.976197 4.702641 17.035873 8.219615
30.001532 148.619083 93.972732 4.699230 17.036594 8.218543
30.001514 148.619423 93.969266 4.695819 17.037317 8.217472
30.001496 148.619763 93.965802 4.692409 17.038040 8.216400
30.001478 148.620103 93.962335 4.688999 17.038765 8.215328
30.001460 148.620443 93.958869 4.685589 17.039491 8.214257
30.001442 148.620783 93.955402 4.682180 17.040219 8.213185
30.001424 148.621123 93.951935 4.678771 17.040947 8.212113
30.001406 148.621463 93.948468 4.675361 17.041677 8.211042
30.001388 148.621803 93.945000 4.671954 17.042408 8.209971
30.001370 148.622143 93.941532 4.668545 17.043140 8.208899
30.001351 148.622483 93.938063 4.665137 17.043873 8.207828
30.001333 148.622823 93.934594 4.661730 17.044608 8.206757
30.001315 148.623163 93.931125 4.658324 17.045343 8.205686
30.001297 148.623503 93.927655 4.654917 17.046080 8.204615
30.001278 148.623843 93.924185 4.651511 17.046818 8.203544
30.001260 148.624183 93.920715 4.648105 17.047557 8.202474
30.001242 148.624523 93.917244 4.644700 17.048298 8.201403
30.001223 148.624863 93.913773 4.641294 17.049039 8.200332
30.001205 148.625203 93.910300 4.637889 17.049782 8.199262
30.001186 148.625543 93.906829 4.634485 17.050527 8.198192
30.001168 148.625883 93.903356 4.631080 17.051271 8.197121
30.001150 148.626224 93.899884 4.627677 17.052018 8.196051
30.001132 148.626564 93.896411 4.624273 17.052767 8.194980
30.001113 148.626904 93.892937 4.620870 17.053515 8.193910
30.001094 148.627244 93.889464 4.617468 17.054265 8.192840
30.001075 148.627584 93.885990 4.614065 17.055016 8.191770
30.001057 148.627924 93.882516 4.610663 17.055768 8.190700
30.001038 148.628265 93.879041 4.607261 17.056522 8.189631
30.001019 148.628605 93.875566 4.603860 17.057277 8.188561
30.001000 148.628945 93.872090 4.600459 17.058034 8.187491
