-42.296707 149.716747 -10.635256 164.069875 -78.831036 176.991092
-42.298887 149.716917 -10.635606 164.069731 -78.834849 176.991055
-42.301069 149.717087 -10.635958 164.069585 -78.838659 176.991019
-42.303254 149.717257 -10.636310 164.069438 -78.842469 176.990984
-42.305441 149.717428 -10.636664 164.069287 -78.846276 176.990953
-42.307629 149.717599 -10.637018 164.069138 -78.850082 176.990919
-42.309820 149.717770 -10.637374 164.068984 -78.853886 176.990890
-42.312013 149.717942 -10.637730 164.068833 -78.857690 176.990860
-42.314208 149.718114 -10.638086 164.068679 -78.861492 176.990832
-42.316405 149.718286 -10.638444 164.068521 -78.865291 176.990806
-42.318605 149.718458 -10.638803 164.068364 -78.869090 176.990781
-42.320805 149.718631 -10.639162 164.068206 -78.872886 176.990757
-42.323009 149.718803 -10.639523 164.068045 -78.876682 176.990735
-42.325215 149.718977 -10.639883 164.067884 -78.880476 176.990713
-42.327422 149.719150 -10.640246 164.067722 -78.884267 176.990691
-42.329633 149.719324 -10.640608 164.067558 -78.888058 176.990673
-42.331844 149.719499 -10.640972 164.067394 -78.891848 176.990654
-42.334059 149.719672 -10.641336 164.067227 -78.895635 176.990638
-42.336275 149.719847 -10.641701 164.067059 -78.899421 176.990623
-42.338493 149.720022 -10.642068 164.066888 -78.903206 176.990610
-42.340714 149.720197 -10.642434 164.066717 -78.906989 176.990597
-42.342937 149.720373 -10.642802 164.066546 -78.910769 176.990586
-42.345162 149.720548 -10.643170 164.066372 -78.914549 176.990576
-42.347389 149.720724 -10.643541 164.066195 -78.918328 176.990569
-42.349618 149.720900 -10.643911 164.066021 -78.922105 176.990561
-42.351850 149.721077 -10.644282 164.065840 -78.925879 176.990557
-42.354083 149.721253 -10.644653 164.065662 -78.929652 176.990551
-42.356319 149.721431 -10.645026 164.065482 -78.933424 176.990548
-42.358557 149.721608 -10.645400 164.065298 -78.937195 176.990547
-42.360798 149.721786 -10.645775 164.065117 -78.940963 176.990545
-42.363040 149.721964 -10.646150 164.064930 -78.944729 176.990548
-42.365284 149.722141 -10.646527 164.064745 -78.948495 176.990549
-42.367532 149.722321 -10.646905 164.064555 -78.952259 176.990554
-42.369780 149.722499 -10.647283 164.064367 -78.956021 176.990559
-42.372031 149.722678 -10.647661 164.064176 -78.959781 176.990565
-42.374285 149.722858 -10.648042 164.063982 -78.963540 176.990574
-42.376541 149.723038 -10.648423 164.063791 -78.967297 176.990582
-42.378798 149.723217 -10.648804 164.063594 -78.971053 176.990594
-42.381059 149.723397 -10.649186 164.063397 -78.974807 176.990606
-42.383322 149.723578 -10.649570 164.063199 -78.978559 176.990619
-42.385585 149.723758 -10.649954 164.063001 -78.982309 176.990633
-42.387852 149.723940 -10.650339 164.062800 -78.986058 176.990649
-42.390122 149.724122 -10.650725 164.062596 -78.989805 176.990668
-42.392393 149.724303 -10.651112 164.062392 -78.993551 176.990687
-42.394666 149.724485 -10.651500 164.062187 -78.997295 176.990706
-42.396942 149.724668 -10.651889 164.061980 -79.001037 176.990729
-42.399220 149.724850 -10.652278 164.061772 -79.004778 176.990751
-42.401501 149.725033 -10.652669 164.061561 -79.008517 176.990776
-42.403784 149.725217 -10.653060 164.061350 -79.012254 176.990803
-42.406069 149.725399 -10.653453 164.061136 -79.015991 176.990831
-42.408356 149.725583 -10.653845 164.060921 -79.019724 176.990861
-42.410645 149.725767 -10.654239 164.060706 -79.023457 176.990889
-42.412937 149.725952 -10.654634 164.060488 -79.027187 176.990922
-42.415231 149.726137 -10.655030 164.060268 -79.030916 176.990956
-42.417528 149.726321 -10.655427 164.060049 -79.034643 176.990990
-42.419826 149.726506 -10.655824 164.059825 -79.038368 176.991027
-42.422127 149.726692 -10.656222 164.059603 -79.042092 176.991064
-42.424431 149.726878 -10.656622 164.059376 -79.045814 176.991104
-42.426736 149.727064 -10.657023 164.059150 -79.049535 176.991145
-42.429044 149.727251 -10.657424 164.058922 -79.053253 176.991186
-42.431355 149.727437 -10.657826 164.058691 -79.056970 176.991231
-42.433666 149.727624 -10.658229 164.058459 -79.060685 176.991277
-42.435981 149.727812 -10.658633 164.058227 -79.064398 176.991322
-42.438299 149.727999 -10.659037 164.057992 -79.068109 176.991371
-42.440618 149.728188 -10.659443 164.057754 -79.071820 176.991421
-42.442941 149.728375 -10.659850 164.057518 -79.075528 176.991471
-42.445265 149.728563 -10.660258 164.057277 -79.079234 176.991525
-42.447591 149.728753 -10.660666 164.057038 -79.082939 176.991578
-42.449921 149.728942 -10.661075 164.056793 -79.086642 176.991635
-42.452251 149.729132 -10.661486 164.056551 -79.090343 176.991691
-42.454585 149.729321 -10.661897 164.056305 -79.094042 176.991750
-42.456921 149.729511 -10.662309 164.056056 -79.097741 176.991811
-42.459260 149.729701 -10.662722 164.055807 -79.101436 176.991873
-42.461601 149.729892 -10.663136 164.055555 -79.105130 176.991938
-42.463943 149.730083 -10.663551 164.055303 -79.108823 176.992002
-42.466290 149.730274 -10.663966 164.055050 -79.112513 176.992068
-42.468637 149.730466 -10.664384 164.054794 -79.116202 176.992136
-42.470988 149.730658 -10.664801 164.054538 -79.119889 176.992205
-42.473341 149.730851 -10.665220 164.054279 -79.123574 176.992277
-42.475695 149.731043 -10.665640 164.054019 -79.127258 176.992348
-42.478053 149.731236 -10.666060 164.053756 -79.130939 176.992423
-42.480413 149.731429 -10.666481 164.053493 -79.134619 176.992499
-42.482775 149.731622 -10.666903 164.053227 -79.138297 176.992577
-42.485140 149.731816 -10.667327 164.052960 -79.141973 176.992656
-42.487508 149.732010 -10.667751 164.052691 -79.145648 176.992736
-42.489877 149.732205 -10.668176 164.052420 -79.149320 176.992818
-42.492249 149.732399 -10.668602 164.052147 -79.152991 176.992904
-42.494623 149.732594 -10.669029 164.051874 -79.156660 176.992988
-42.497000 149.732789 -10.669457 164.051600 -79.160327 176.993074
-42.499380 149.732985 -10.669886 164.051323 -79.163992 176.993163
-42.501762 149.733181 -10.670316 164.051042 -79.167655 176.993254
-42.504146 149.733377 -10.670746 164.050761 -79.171317 176.993346
-42.506532 149.733574 -10.671179 164.050478 -79.174976 176.993440
-42.508922 149.733771 -10.671611 164.050193 -79.178634 176.993536
-42.511314 149.733969 -10.672045 164.049909 -79.182289 176.993632
-42.513709 149.734166 -10.672479 164.049621 -79.185943 176.993731
-42.516105 149.734364 -10.672916 164.049330 -79.189595 176.993832
-42.518505 149.734562 -10.673352 164.049039 -79.193244 176.993935
-42.520906 149.734761 -10.673790 164.048747 -79.196892 176.994037
-42.523311 149.734959 -10.674229 164.048452 -79.200539 176.994143
-42.525718 149.735159 -10.674668 164.048157 -79.204182 176.994249
-42.528127 149.735358 -10.675109 164.047858 -79.207824 176.994358
-42.530540 149.735559 -10.675551 164.047556 -79.211464 176.994470
-42.532955 149.735759 -10.675993 164.047254 -79.215100 176.994583
-42.535372 149.735959 -10.676437 164.046948 -79.218736 176.994698
-42.537792 149.736161 -10.676882 164.046642 -79.222370 176.994813
-42.540215 149.736362 -10.677328 164.046336 -79.226001 176.994931
-42.542640 149.736563 -10.677774 164.046026 -79.229630 176.995050
-42.545068 149.736766 -10.678222 164.045713 -79.233257 176.995173
-42.547498 149.736968 -10.678670 164.045400 -79.236882 176.995296
-42.549932 149.737170 -10.679121 164.045083 -79.240505 176.995422
-42.552368 149.737373 -10.679571 164.044766 -79.244126 176.995549
-42.554806 149.737577 -10.680023 164.044449 -79.247744 176.995676
-42.557247 149.737780 -10.680476 164.044125 -79.251360 176.995808
-42.559690 149.737984 -10.680930 164.043804 -79.254975 176.995940
-42.562138 149.738189 -10.681385 164.043477 -79.258587 176.996076
-42.564586 149.738394 -10.681842 164.043149 -79.262196 176.996213
-42.567038 149.738599 -10.682299 164.042820 -79.265804 176.996351
-42.569493 149.738805 -10.682757 164.042489 -79.269409 176.996492
-42.571951 149.739011 -10.683216 164.042156 -79.273012 176.996633
-42.574411 149.739217 -10.683677 164.041821 -79.276613 176.996777
-42.576874 149.739424 -10.684138 164.041482 -79.280211 176.996924
-42.579339 149.739630 -10.684600 164.041143 -79.283807 176.997072
-42.581808 149.739838 -10.685065 164.040800 -79.287401 176.997224
-42.584279 149.740046 -10.685529 164.040457 -79.290992 176.997375
-42.586753 149.740254 -10.685995 164.040111 -79.294581 176.997530
-42.589230 149.740462 -10.686462 164.039764 -79.298168 176.997686
-42.591710 149.740672 -10.686930 164.039413 -79.301752 176.997845
-42.594191 149.740880 -10.687400 164.039062 -79.305334 176.998005
-42.596677 149.741090 -10.687870 164.038705 -79.308913 176.998169
-42.599165 149.741300 -10.688341 164.038350 -79.312490 176.998332
-42.601656 149.741511 -10.688813 164.037992 -79.316064 176.998499
-42.604150 149.741721 -10.689287 164.037631 -79.319637 176.998667
-42.606646 149.741933 -10.689762 164.037268 -79.323207 176.998838
-42.609146 149.742144 -10.690238 164.036903 -79.326774 176.999011
-42.611648 149.742356 -10.690714 164.036534 -79.330339 176.999187
-42.614153 149.742569 -10.691193 164.036165 -79.333901 176.999364
-42.616661 149.742781 -10.691672 164.035795 -79.337461 176.999542
-42.619173 149.742994 -10.692152 164.035418 -79.341019 176.999725
-42.621686 149.743208 -10.692634 164.035044 -79.344573 176.999907
-42.624203 149.743422 -10.693116 164.034664 -79.348125 177.000094
-42.626723 149.743636 -10.693600 164.034283 -79.351674 177.000282
-42.629245 149.743851 -10.694085 164.033902 -79.355222 177.000471
-42.631771 149.744066 -10.694572 164.033517 -79.358766 177.000663
-42.634299 149.744282 -10.695059 164.033128 -79.362308 177.000858
-42.636831 149.744498 -10.695548 164.032739 -79.365848 177.001055
-42.639365 149.744714 -10.696037 164.032347 -79.369384 177.001254
-42.641903 149.744931 -10.696529 164.031951 -79.372919 177.001455
-42.644443 149.745147 -10.697020 164.031555 -79.376450 177.001659
-42.646987 149.745365 -10.697514 164.031155 -79.379978 177.001865
-42.649534 149.745583 -10.698008 164.030754 -79.383505 177.002072
-42.652083 149.745802 -10.698504 164.030350 -79.387028 177.002283
-42.654635 149.746020 -10.699001 164.029942 -79.390549 177.002497
-42.657191 149.746239 -10.699499 164.029534 -79.394066 177.002711
-42.659750 149.746459 -10.699998 164.029123 -79.397582 177.002929
-42.662311 149.746679 -10.700498 164.028710 -79.401094 177.003147
-42.664876 149.746900 -10.701000 164.028294 -79.404604 177.003369
-42.667443 149.747120 -10.701503 164.027875 -79.408111 177.003593
-42.670015 149.747342 -10.702007 164.027455 -79.411615 177.003820
-42.672588 149.747563 -10.702513 164.027031 -79.415116 177.004050
-42.675166 149.747786 -10.703019 164.026604 -79.418615 177.004282
-42.677745 149.748008 -10.703526 164.026176 -79.422111 177.004515
-42.680329 149.748231 -10.704036 164.025745 -79.425603 177.004752
-42.682916 149.748455 -10.704546 164.025313 -79.429093 177.004989
-42.685505 149.748678 -10.705058 164.024878 -79.432581 177.005230
-42.688097 149.748902 -10.705570 164.024439 -79.436065 177.005474
-42.690693 149.749127 -10.706085 164.023996 -79.439546 177.005722
-42.693293 149.749352 -10.706600 164.023552 -79.443025 177.005970
-42.695894 149.749579 -10.707117 164.023108 -79.446500 177.006219
-42.698500 149.749805 -10.707634 164.022658 -79.449973 177.006474
-42.701108 149.750031 -10.708153 164.022207 -79.453443 177.006730
-42.703720 149.750257 -10.708674 164.021755 -79.456910 177.006988
-42.706335 149.750484 -10.709195 164.021299 -79.460374 177.007248
-42.708953 149.750712 -10.709718 164.020840 -79.463834 177.007512
-42.711574 149.750941 -10.710243 164.020377 -79.467291 177.007779
-42.714199 149.751170 -10.710768 164.019913 -79.470746 177.008047
-42.716827 149.751399 -10.711295 164.019446 -79.474198 177.008318
-42.719458 149.751628 -10.711823 164.018976 -79.477647 177.008592
-42.722092 149.751858 -10.712353 164.018504 -79.481093 177.008869
-42.724730 149.752089 -10.712883 164.018029 -79.484536 177.009148
-42.727371 149.752320 -10.713415 164.017553 -79.487975 177.009428
-42.730015 149.752552 -10.713949 164.017071 -79.491412 177.009713
-42.732662 149.752783 -10.714483 164.016587 -79.494845 177.010001
-42.735314 149.753016 -10.715019 164.016103 -79.498275 177.010289
-42.737967 149.753248 -10.715557 164.015613 -79.501702 177.010583
-42.740625 149.753481 -10.716095 164.015121 -79.505126 177.010877
-42.743286 149.753716 -10.716635 164.014629 -79.508547 177.011173
-42.745950 149.753949 -10.717176 164.014131 -79.511965 177.011474
-42.748617 149.754184 -10.717719 164.013631 -79.515379 177.011777
-42.751288 149.754419 -10.718263 164.013131 -79.518790 177.012082
-42.753962 149.754655 -10.718808 164.012624 -79.522198 177.012391
-42.756639 149.754891 -10.719354 164.012116 -79.525603 177.012702
-42.759321 149.755128 -10.719903 164.011605 -79.529005 177.013016
-42.762005 149.755365 -10.720452 164.011093 -79.532403 177.013332
-42.764692 149.755602 -10.721003 164.010577 -79.535798 177.013651
-42.767383 149.755840 -10.721555 164.010057 -79.539190 177.013973
-42.770078 149.756079 -10.722109 164.009534 -79.542578 177.014298
-42.772776 149.756317 -10.722663 164.009009 -79.545964 177.014625
-42.775477 149.756557 -10.723220 164.008482 -79.549346 177.014956
-42.778182 149.756797 -10.723777 164.007950 -79.552724 177.015290
-42.780891 149.757037 -10.724336 164.007417 -79.556100 177.015625
-42.783602 149.757278 -10.724897 164.006881 -79.559472 177.015964
-42.786318 149.757519 -10.725458 164.006341 -79.562840 177.016306
-42.789037 149.757761 -10.726021 164.005797 -79.566206 177.016651
-42.791759 149.758004 -10.726586 164.005252 -79.569567 177.016998
-42.794484 149.758246 -10.727152 164.004704 -79.572926 177.017349
-42.797213 149.758490 -10.727719 164.004151 -79.576280 177.017703
-42.799946 149.758733 -10.728288 164.003598 -79.579632 177.018058
-42.802683 149.758978 -10.728858 164.003038 -79.582980 177.018418
-42.805423 149.759223 -10.729430 164.002480 -79.586324 177.018779
-42.808166 149.759468 -10.730003 164.001916 -79.589666 177.019145
-42.810913 149.759714 -10.730577 164.001347 -79.593004 177.019514
-42.813663 149.759960 -10.731154 164.000778 -79.596338 177.019884
-42.816417 149.760207 -10.731730 164.000205 -79.599669 177.020259
-42.819175 149.760455 -10.732310 163.999631 -79.602995 177.020635
-42.821937 149.760703 -10.732890 163.999050 -79.606319 177.021016
-42.824701 149.760951 -10.733472 163.998468 -79.609640 177.021399
-42.827469 149.761199 -10.734055 163.997882 -79.612955 177.021786
-42.830242 149.761449 -10.734639 163.997296 -79.616269 177.022173
-42.833018 149.761699 -10.735225 163.996705 -79.619578 177.022565
-42.835796 149.761949 -10.735813 163.996108 -79.622883 177.022962
-42.838580 149.762200 -10.736402 163.995513 -79.626185 177.023359
-42.841366 149.762451 -10.736992 163.994911 -79.629484 177.023760
-42.844156 149.762704 -10.737584 163.994308 -79.632779 177.024164
-42.846950 149.762956 -10.738177 163.993698 -79.636070 177.024573
-42.849749 149.763209 -10.738772 163.993087 -79.639357 177.024984
-42.852549 149.763462 -10.739368 163.992476 -79.642641 177.025397
-42.855355 149.763717 -10.739967 163.991857 -79.645921 177.025815
-42.858164 149.763971 -10.740566 163.991238 -79.649198 177.026235
-42.860976 149.764227 -10.741166 163.990614 -79.652471 177.026658
-42.863792 149.764482 -10.741769 163.989987 -79.655740 177.027085
-42.866612 149.764738 -10.742373 163.989358 -79.659005 177.027513
-42.869436 149.764995 -10.742978 163.988726 -79.662266 177.027946
-42.872262 149.765252 -10.743585 163.988087 -79.665524 177.028384
-42.875094 149.765510 -10.744193 163.987449 -79.668778 177.028822
-42.877929 149.765769 -10.744804 163.986805 -79.672028 177.029264
-42.880768 149.766027 -10.745415 163.986157 -79.675274 177.029711
-42.883611 149.766286 -10.746028 163.985508 -79.678516 177.030160
-42.886456 149.766546 -10.746643 163.984855 -79.681755 177.030612
-42.889306 149.766807 -10.747259 163.984197 -79.684989 177.031068
-42.892161 149.767068 -10.747876 163.983539 -79.688220 177.031526
-42.895018 149.767330 -10.748496 163.982874 -79.691448 177.031989
-42.897880 149.767592 -10.749116 163.982208 -79.694671 177.032454
-42.900745 149.767855 -10.749738 163.981538 -79.697890 177.032923
-42.903615 149.768118 -10.750362 163.980864 -79.701105 177.033396
-42.906488 149.768382 -10.750987 163.980189 -79.704316 177.033871
-42.909365 149.768646 -10.751614 163.979507 -79.707524 177.034350
-42.912245 149.768911 -10.752243 163.978823 -79.710727 177.034833
-42.915131 149.769176 -10.752873 163.978136 -79.713926 177.035318
-42.918019 149.769442 -10.753504 163.977445 -79.717122 177.035807
-42.920912 149.769709 -10.754138 163.976749 -79.720313 177.036300
-42.923808 149.769976 -10.754772 163.976053 -79.723500 177.036796
-42.926709 149.770244 -10.755408 163.975352 -79.726684 177.037294
-42.929613 149.770512 -10.756046 163.974645 -79.729863 177.037799
-42.932522 149.770781 -10.756686 163.973936 -79.733039 177.038304
-42.935434 149.771050 -10.757327 163.973226 -79.736209 177.038814
-42.938350 149.771320 -10.757969 163.972510 -79.739377 177.039327
-42.941270 149.771591 -10.758614 163.971792 -79.742539 177.039843
-42.944194 149.771863 -10.759260 163.971067 -79.745699 177.040365
-42.947122 149.772133 -10.759908 163.970341 -79.748853 177.040888
-42.950054 149.772406 -10.760557 163.969611 -79.752004 177.041416
-42.952990 149.772679 -10.761207 163.968877 -79.755151 177.041946
-42.955931 149.772952 -10.761860 163.968141 -79.758293 177.042479
-42.958874 149.773227 -10.762514 163.967399 -79.761431 177.043018
-42.961823 149.773501 -10.763170 163.966655 -79.764566 177.043559
-42.964775 149.773776 -10.763828 163.965908 -79.767695 177.044104
-42.967732 149.774052 -10.764486 163.965156 -79.770821 177.044652
-42.970692 149.774329 -10.765147 163.964400 -79.773942 177.045205
-42.973656 149.774606 -10.765809 163.963640 -79.777060 177.045762
-42.976625 149.774883 -10.766473 163.962878 -79.780172 177.046320
-42.979597 149.775161 -10.767138 163.962110 -79.783281 177.046885
-42.982574 149.775439 -10.767806 163.961340 -79.786385 177.047450
-42.985555 149.775719 -10.768474 163.960566 -79.789485 177.048021
-42.988540 149.775999 -10.769146 163.959788 -79.792581 177.048595
-42.991529 149.776279 -10.769817 163.959006 -79.795673 177.049173
-42.994522 149.776560 -10.770491 163.958220 -79.798760 177.049755
-42.997520 149.776842 -10.771167 163.957429 -79.801842 177.050342
-43.000521 149.777125 -10.771844 163.956638 -79.804921 177.050930
-43.003527 149.777407 -10.772523 163.955842 -79.807995 177.051522
-43.006536 149.777691 -10.773204 163.955039 -79.811064 177.052119
-43.009550 149.777975 -10.773886 163.954234 -79.814130 177.052719
-43.012568 149.778260 -10.774570 163.953426 -79.817190 177.053323
-43.015590 149.778546 -10.775256 163.952613 -79.820247 177.053931
-43.018617 149.778831 -10.775943 163.951799 -79.823298 177.054542
-43.021647 149.779117 -10.776632 163.950978 -79.826346 177.055158
-43.024683 149.779405 -10.777323 163.950152 -79.829389 177.055778
-43.027722 149.779693 -10.778016 163.949326 -79.832428 177.056400
-43.030765 149.779981 -10.778711 163.948495 -79.835462 177.057026
-43.033813 149.780270 -10.779406 163.947656 -79.838491 177.057659
-43.036865 149.780559 -10.780104 163.946817 -79.841516 177.058294
-43.039921 149.780850 -10.780804 163.945973 -79.844537 177.058932
-43.042981 149.781141 -10.781505 163.945125 -79.847553 177.059574
-43.046046 149.781432 -10.782208 163.944276 -79.850564 177.060220
-43.049115 149.781725 -10.782912 163.943419 -79.853571 177.060870
-43.052189 149.782018 -10.783619 163.942558 -79.856573 177.061525
-43.055266 149.782310 -10.784327 163.941696 -79.859570 177.062182
-43.058348 149.782605 -10.785037 163.940827 -79.862564 177.062845
-43.061434 149.782900 -10.785749 163.939956 -79.865552 177.063510
-43.064525 149.783194 -10.786462 163.939081 -79.868536 177.064180
-43.067620 149.783491 -10.787178 163.938198 -79.871515 177.064856
-43.070719 149.783787 -10.787894 163.937315 -79.874490 177.065533
-43.073822 149.784084 -10.788613 163.936426 -79.877459 177.066216
-43.076931 149.784382 -10.789334 163.935534 -79.880424 177.066902
-43.080043 149.784681 -10.790056 163.934637 -79.883385 177.067592
-43.083160 149.784980 -10.790781 163.933736 -79.886340 177.068286
-43.086282 149.785279 -10.791506 163.932833 -79.889291 177.068983
-43.089407 149.785580 -10.792235 163.931924 -79.892237 177.069686
-43.092537 149.785881 -10.792964 163.931010 -79.895178 177.070393
-43.095672 149.786182 -10.793695 163.930094 -79.898114 177.071102
-43.098811 149.786485 -10.794429 163.929171 -79.901045 177.071819
-43.101955 149.786788 -10.795164 163.928246 -79.903971 177.072536
-43.105103 149.787091 -10.795900 163.927314 -79.906891 177.073261
-43.108256 149.787396 -10.796639 163.926380 -79.909807 177.073988
-43.111413 149.787701 -10.797379 163.925442 -79.912718 177.074719
-43.114575 149.788006 -10.798121 163.924500 -79.915623 177.075454
-43.117742 149.788313 -10.798866 163.923550 -79.918523 177.076196
-43.120912 149.788619 -10.799612 163.922598 -79.921417 177.076940
-43.124089 149.788928 -10.800359 163.921642 -79.924307 177.077689
-43.127269 149.789236 -10.801109 163.920681 -79.927190 177.078442
-43.130454 149.789544 -10.801860 163.919716 -79.930069 177.079200
-43.133644 149.789854 -10.802614 163.918746 -79.932941 177.079962
-43.136838 149.790164 -10.803369 163.917771 -79.935808 177.080728
-43.140038 149.790475 -10.804126 163.916792 -79.938670 177.081500
-43.143241 149.790787 -10.804886 163.915808 -79.941525 177.082276
-43.146450 149.791099 -10.805646 163.914820 -79.944375 177.083056
-43.149663 149.791412 -10.806409 163.913827 -79.947220 177.083840
-43.152881 149.791726 -10.807173 163.912829 -79.950059 177.084629
-43.156104 149.792041 -10.807940 163.911826 -79.952891 177.085424
-43.159333 149.792355 -10.808709 163.910819 -79.955718 177.086222
-43.162565 149.792671 -10.809479 163.909807 -79.958539 177.087025
-43.165803 149.792987 -10.810252 163.908791 -79.961354 177.087833
-43.169045 149.793305 -10.811025 163.907769 -79.964162 177.088645
-43.172293 149.793622 -10.811802 163.906743 -79.966965 177.089463
-43.175545 149.793941 -10.812579 163.905712 -79.969762 177.090284
-43.178802 149.794260 -10.813360 163.904676 -79.972552 177.091111
-43.182064 149.794579 -10.814142 163.903636 -79.975336 177.091942
-43.185331 149.794900 -10.814925 163.902590 -79.978114 177.092778
-43.188603 149.795221 -10.815712 163.901540 -79.980885 177.093619
-43.191881 149.795543 -10.816499 163.900485 -79.983650 177.094464
-43.195163 149.795866 -10.817288 163.899425 -79.986409 177.095315
-43.198450 149.796189 -10.818080 163.898357 -79.989162 177.096171
-43.201741 149.796513 -10.818874 163.897287 -79.991907 177.097032
-43.205039 149.796838 -10.819669 163.896212 -79.994646 177.097896
-43.208341 149.797163 -10.820466 163.895133 -79.997379 177.098766
-43.211649 149.797490 -10.821267 163.894045 -80.000104 177.099642
-43.214962 149.797816 -10.822068 163.892956 -80.002824 177.100521
-43.218280 149.798144 -10.822871 163.891861 -80.005537 177.101406
-43.221603 149.798472 -10.823676 163.890759 -80.008242 177.102298
-43.224930 149.798801 -10.824484 163.889654 -80.010940 177.103191
-43.228263 149.799131 -10.825293 163.888542 -80.013632 177.104093
-43.231602 149.799461 -10.826105 163.887427 -80.016318 177.104996
-43.234945 149.799792 -10.826919 163.886305 -80.018996 177.105907
-43.238294 149.800124 -10.827734 163.885177 -80.021667 177.106824
-43.241648 149.800456 -10.828552 163.884047 -80.024331 177.107743
-43.245009 149.800790 -10.829371 163.882909 -80.026987 177.108670
-43.248373 149.801124 -10.830192 163.881767 -80.029637 177.109600
-43.251743 149.801459 -10.831016 163.880618 -80.032279 177.110537
-43.255119 149.801794 -10.831842 163.879465 -80.034914 177.111479
-43.258499 149.802130 -10.832669 163.878304 -80.037542 177.112427
-43.261886 149.802467 -10.833498 163.877141 -80.040162 177.113379
-43.265277 149.802805 -10.834331 163.875972 -80.042776 177.114335
-43.268674 149.803143 -10.835164 163.874795 -80.045381 177.115300
-43.272077 149.803482 -10.836000 163.873616 -80.047979 177.116267
-43.275484 149.803822 -10.836838 163.872429 -80.050569 177.117241
-43.278897 149.804162 -10.837677 163.871239 -80.053153 177.118219
-43.282317 149.804503 -10.838520 163.870041 -80.055728 177.119203
-43.285740 149.804846 -10.839364 163.868838 -80.058295 177.120194
-43.289170 149.805189 -10.840210 163.867630 -80.060856 177.121189
-43.292606 149.805532 -10.841059 163.866416 -80.063407 177.122190
-43.296046 149.805876 -10.841908 163.865197 -80.065951 177.123195
-43.299493 149.806221 -10.842761 163.863970 -80.068488 177.124209
-43.302945 149.806568 -10.843616 163.862741 -80.071016 177.125226
-43.306403 149.806913 -10.844472 163.861503 -80.073537 177.126249
-43.309866 149.807261 -10.845331 163.860260 -80.076050 177.127279
-43.313334 149.807610 -10.846192 163.859014 -80.078554 177.128311
-43.316808 149.807958 -10.847055 163.857760 -80.081050 177.129351
-43.320289 149.808307 -10.847920 163.856501 -80.083538 177.130397
-43.323775 149.808658 -10.848787 163.855233 -80.086018 177.131450
-43.327266 149.809009 -10.849657 163.853962 -80.088490 177.132506
-43.330763 149.809361 -10.850528 163.852684 -80.090954 177.133569
-43.334267 149.809713 -10.851401 163.851402 -80.093408 177.134636
-43.337775 149.810067 -10.852277 163.850113 -80.095855 177.135711
-43.341290 149.810421 -10.853156 163.848818 -80.098293 177.136791
-43.344810 149.810776 -10.854035 163.847517 -80.100723 177.137877
-43.348336 149.811132 -10.854918 163.846211 -80.103144 177.138969
-43.351868 149.811488 -10.855802 163.844896 -80.105557 177.140068
-43.355405 149.811845 -10.856688 163.843579 -80.107961 177.141170
-43.358949 149.812203 -10.857577 163.842253 -80.110356 177.142280
-43.362499 149.812562 -10.858468 163.840921 -80.112743 177.143395
-43.366054 149.812921 -10.859361 163.839585 -80.115121 177.144517
-43.369615 149.813282 -10.860257 163.838242 -80.117490 177.145644
-43.373182 149.813643 -10.861155 163.836891 -80.119850 177.146779
-43.376756 149.814005 -10.862053 163.835537 -80.122201 177.147916
-43.380334 149.814367 -10.862956 163.834174 -80.124544 177.149062
-43.383919 149.814731 -10.863859 163.832806 -80.126877 177.150214
-43.387510 149.815095 -10.864767 163.831432 -80.129201 177.151371
-43.391108 149.815460 -10.865675 163.830053 -80.131516 177.152534
-43.394711 149.815826 -10.866585 163.828665 -80.133823 177.153706
-43.398320 149.816192 -10.867498 163.827271 -80.136119 177.154882
-43.401936 149.816560 -10.868414 163.825874 -80.138407 177.156062
-43.405557 149.816929 -10.869331 163.824466 -80.140685 177.157253
-43.409184 149.817297 -10.870251 163.823054 -80.142954 177.158446
-43.412818 149.817668 -10.871173 163.821637 -80.145214 177.159646
-43.416457 149.818038 -10.872097 163.820212 -80.147463 177.160855
-43.420103 149.818409 -10.873023 163.818780 -80.149705 177.162067
-43.423755 149.818781 -10.873952 163.817343 -80.151936 177.163287
-43.427413 149.819154 -10.874883 163.815900 -80.154157 177.164513
-43.431077 149.819528 -10.875816 163.814448 -80.156370 177.165745
-43.434748 149.819903 -10.876751 163.812990 -80.158572 177.166985
-43.438426 149.820278 -10.877689 163.811526 -80.160764 177.168230
-43.442108 149.820655 -10.878629 163.810057 -80.162948 177.169481
-43.445798 149.821032 -10.879571 163.808581 -80.165121 177.170738
-43.449494 149.821409 -10.880516 163.807097 -80.167284 177.172003
-43.453196 149.821788 -10.881462 163.805607 -80.169438 177.173275
-43.456904 149.822167 -10.882411 163.804111 -80.171581 177.174552
-43.460619 149.822548 -10.883363 163.802605 -80.173714 177.175836
-43.464340 149.822929 -10.884316 163.801097 -80.175838 177.177125
-43.468068 149.823311 -10.885273 163.799580 -80.177951 177.178423
-43.471802 149.823695 -10.886231 163.798057 -80.180054 177.179726
-43.475542 149.824078 -10.887192 163.796525 -80.182147 177.181037
-43.479289 149.824463 -10.888155 163.794990 -80.184231 177.182353
-43.483041 149.824848 -10.889121 163.793446 -80.186303 177.183676
-43.486801 149.825233 -10.890088 163.791896 -80.188366 177.185007
-43.490567 149.825620 -10.891058 163.790336 -80.190417 177.186345
-43.494339 149.826009 -10.892030 163.788771 -80.192459 177.187689
-43.498119 149.826397 -10.893005 163.787203 -80.194490 177.189037
-43.501904 149.826786 -10.893982 163.785623 -80.196511 177.190396
-43.505697 149.827176 -10.894961 163.784039 -80.198520 177.191758
-43.509496 149.827568 -10.895943 163.782446 -80.200520 177.193129
-43.513302 149.827960 -10.896927 163.780848 -80.202509 177.194506
-43.517114 149.828352 -10.897914 163.779243 -80.204486 177.195891
-43.520932 149.828746 -10.898903 163.777629 -80.206454 177.197282
-43.524758 149.829140 -10.899894 163.776008 -80.208410 177.198680
-43.528589 149.829536 -10.900888 163.774382 -80.210357 177.200085
-43.532427 149.829932 -10.901883 163.772747 -80.212292 177.201497
-43.536273 149.830329 -10.902882 163.771105 -80.214215 177.202917
-43.540125 149.830727 -10.903883 163.769457 -80.216128 177.204342
-43.543984 149.831126 -10.904886 163.767803 -80.218031 177.205774
-43.547850 149.831526 -10.905891 163.766139 -80.219921 177.207214
-43.551723 149.831926 -10.906900 163.764469 -80.221801 177.208660
-43.555601 149.832327 -10.907910 163.762793 -80.223670 177.210113
-43.559487 149.832730 -10.908924 163.761108 -80.225527 177.211575
-43.563379 149.833133 -10.909939 163.759417 -80.227374 177.213042
-43.567280 149.833536 -10.910956 163.757719 -80.229208 177.214517
-43.571186 149.833941 -10.911977 163.756012 -80.231031 177.216000
-43.575099 149.834347 -10.912999 163.754298 -80.232844 177.217489
-43.579019 149.834754 -10.914024 163.752578 -80.234644 177.218984
-43.582947 149.835161 -10.915052 163.750852 -80.236433 177.220487
-43.586881 149.835569 -10.916082 163.749117 -80.238211 177.221998
-43.590821 149.835978 -10.917114 163.747372 -80.239978 177.223518
-43.594769 149.836388 -10.918149 163.745623 -80.241732 177.225041
-43.598724 149.836799 -10.919186 163.743866 -80.243475 177.226573
-43.602686 149.837211 -10.920226 163.742102 -80.245206 177.228113
-43.606655 149.837623 -10.921268 163.740328 -80.246925 177.229661
-43.610631 149.838037 -10.922313 163.738548 -80.248633 177.231215
-43.614615 149.838452 -10.923360 163.736762 -80.250328 177.232776
-43.618604 149.838867 -10.924410 163.734966 -80.252012 177.234345
-43.622601 149.839283 -10.925462 163.733164 -80.253684 177.235921
-43.626606 149.839699 -10.926517 163.731355 -80.255344 177.237505
-43.630617 149.840118 -10.927574 163.729537 -80.256992 177.239096
-43.634635 149.840537 -10.928633 163.727712 -80.258627 177.240695
-43.638662 149.840956 -10.929696 163.725878 -80.260251 177.242301
-43.642694 149.841377 -10.930761 163.724037 -80.261862 177.243915
-43.646734 149.841798 -10.931828 163.722190 -80.263461 177.245536
-43.650781 149.842220 -10.932898 163.720333 -80.265047 177.247165
-43.654836 149.842644 -10.933970 163.718469 -80.266622 177.248801
-43.658898 149.843068 -10.935046 163.716599 -80.268184 177.250444
-43.662966 149.843494 -10.936123 163.714720 -80.269734 177.252096
-43.667043 149.843920 -10.937202 163.712834 -80.271271 177.253753
-43.671126 149.844346 -10.938285 163.710938 -80.272796 177.255421
-43.675216 149.844774 -10.939370 163.709039 -80.274308 177.257093
-43.679315 149.845203 -10.940458 163.707127 -80.275807 177.258776
-43.683421 149.845632 -10.941548 163.705208 -80.277294 177.260465
-43.687534 149.846063 -10.942640 163.703283 -80.278769 177.262162
-43.691654 149.846494 -10.943736 163.701351 -80.280230 177.263865
-43.695781 149.846927 -10.944834 163.699409 -80.281678 177.265578
-43.699916 149.847360 -10.945934 163.697458 -80.283114 177.267299
-43.704058 149.847794 -10.947037 163.695503 -80.284537 177.269025
-43.708207 149.848229 -10.948143 163.693538 -80.285946 177.270760
-43.712363 149.848665 -10.949251 163.691564 -80.287343 177.272504
