9.656696 149.533895 -64.598589 164.588821 -19.945719 -178.956148
9.656400 149.533974 -64.603310 164.589174 -19.945715 -178.956743
9.656104 149.534051 -64.608032 164.589527 -19.945711 -178.957337
9.655809 149.534130 -64.612753 164.589881 -19.945707 -178.957932
9.655513 149.534209 -64.617476 164.590234 -19.945703 -178.958528
9.655218 149.534286 -64.622198 164.590588 -19.945699 -178.959122
9.654923 149.534365 -64.626919 164.590941 -19.945695 -178.959718
9.654628 149.534444 -64.631641 164.591295 -19.945690 -178.960313
9.654333 149.534522 -64.636363 164.591648 -19.945686 -178.960909
9.654039 149.534601 -64.641084 164.592002 -19.945682 -178.961504
9.653745 149.534679 -64.645806 164.592355 -19.945678 -178.962100
9.653451 149.534758 -64.650527 164.592708 -19.945674 -178.962695
9.653157 149.534836 -64.655250 164.593062 -19.945670 -178.963292
9.652863 149.534915 -64.659972 164.593415 -19.945666 -178.963888
9.652569 149.534994 -64.664693 164.593769 -19.945663 -178.964484
9.652276 149.535073 -64.669415 164.594122 -19.945659 -178.965079
9.651983 149.535151 -64.674136 164.594475 -19.945655 -178.965676
9.651689 149.535230 -64.678858 164.594828 -19.945650 -178.966272
9.651396 149.535309 -64.683580 164.595182 -19.945646 -178.966869
9.651104 149.535388 -64.688301 164.595536 -19.945642 -178.967466
9.650812 149.535467 -64.693023 164.595889 -19.945638 -178.968063
9.650519 149.535545 -64.697746 164.596242 -19.945634 -178.968660
9.650227 149.535624 -64.702467 164.596595 -19.945630 -178.969256
9.649936 149.535703 -64.707189 164.596948 -19.945626 -178.969853
9.649644 149.535782 -64.711910 164.597302 -19.945622 -178.970451
9.649352 149.535861 -64.716632 164.597655 -19.945618 -178.971048
9.649060 149.535941 -64.721354 164.598008 -19.945614 -178.971646
9.648769 149.536020 -64.726075 164.598361 -19.945609 -178.972243
9.648478 149.536099 -64.730797 164.598716 -19.945605 -178.972841
9.648187 149.536178 -64.735520 164.599069 -19.945601 -178.973439
9.647896 149.536257 -64.740241 164.599422 -19.945597 -178.974037
9.647606 149.536336 -64.744963 164.599775 -19.945593 -178.974634
9.647316 149.536415 -64.749684 164.600128 -19.945589 -178.975233
9.647026 149.536494 -64.754406 164.600482 -19.945585 -178.975831
9.646736 149.536574 -64.759128 164.600835 -19.945581 -178.976430
9.646446 149.536653 -64.763849 164.601188 -19.945577 -178.977028
9.646156 149.536732 -64.768571 164.601541 -19.945572 -178.977627
9.645867 149.536812 -64.773294 164.601894 -19.945568 -178.978225
9.645578 149.536891 -64.778015 164.602248 -19.945564 -178.978824
9.645289 149.536971 -64.782737 164.602601 -19.945560 -178.979423
9.644999 149.537051 -64.787458 164.602954 -19.945556 -178.980022
9.644712 149.537130 -64.792180 164.603307 -19.945552 -178.980621
9.644423 149.537210 -64.796902 164.603660 -19.945548 -178.981221
9.644134 149.537289 -64.801623 164.604012 -19.945544 -178.981820
9.643846 149.537369 -64.806345 164.604366 -19.945540 -178.982419
9.643558 149.537448 -64.811068 164.604719 -19.945535 -178.983019
9.643271 149.537528 -64.815789 164.605072 -19.945531 -178.983618
9.642983 149.537608 -64.820511 164.605425 -19.945527 -178.984217
9.642696 149.537687 -64.825232 164.605778 -19.945523 -178.984818
9.642408 149.537767 -64.829954 164.606132 -19.945519 -178.985417
9.642122 149.537847 -64.834676 164.606485 -19.945515 -178.986018
9.641835 149.537927 -64.839397 164.606837 -19.945511 -178.986618
9.641548 149.538007 -64.844119 164.607190 -19.945507 -178.987218
9.641261 149.538086 -64.848842 164.607543 -19.945502 -178.987819
9.640975 149.538166 -64.853563 164.607897 -19.945498 -178.988419
9.640690 149.538246 -64.858285 164.608250 -19.945494 -178.989020
9.640403 149.538327 -64.863007 164.608603 -19.945490 -178.989620
9.640118 149.538406 -64.867728 164.608955 -19.945486 -178.990221
9.639832 149.538486 -64.872450 164.609308 -19.945482 -178.990822
9.639546 149.538566 -64.877171 164.609661 -19.945478 -178.991423
9.639262 149.538647 -64.881893 164.610015 -19.945474 -178.992025
9.638977 149.538727 -64.886616 164.610367 -19.945469 -178.992626
9.638692 149.538807 -64.891337 164.610720 -19.945465 -178.993227
9.638407 149.538886 -64.896059 164.611073 -19.945461 -178.993829
9.638123 149.538967 -64.900781 164.611426 -19.945457 -178.994430
9.637839 149.539047 -64.905502 164.611779 -19.945453 -178.995032
9.637555 149.539127 -64.910224 164.612132 -19.945449 -178.995634
9.637270 149.539208 -64.914946 164.612485 -19.945445 -178.996236
9.636987 149.539288 -64.919668 164.612837 -19.945440 -178.996837
9.636704 149.539368 -64.924390 164.613190 -19.945436 -178.997440
9.636420 149.539449 -64.929111 164.613543 -19.945431 -178.998042
9.636137 149.539529 -64.933833 164.613896 -19.945427 -178.998644
9.635854 149.539610 -64.938555 164.614249 -19.945423 -178.999247
9.635572 149.539690 -64.943276 164.614601 -19.945419 -178.999849
9.635289 149.539771 -64.947998 164.614954 -19.945415 -179.000452
9.635007 149.539852 -64.952721 164.615307 -19.945411 -179.001055
9.634724 149.539932 -64.957442 164.615659 -19.945407 -179.001658
9.634442 149.540013 -64.962164 164.616013 -19.945402 -179.002260
9.634161 149.540093 -64.966886 164.616365 -19.945398 -179.002863
9.633879 149.540173 -64.971607 164.616718 -19.945394 -179.003467
9.633598 149.540254 -64.976329 164.617070 -19.945390 -179.004070
9.633316 149.540335 -64.981051 164.617423 -19.945386 -179.004673
9.633035 149.540416 -64.985772 164.617775 -19.945382 -179.005276
9.632755 149.540496 -64.990495 164.618129 -19.945378 -179.005880
9.632474 149.540577 -64.995217 164.618481 -19.945374 -179.006484
9.632193 149.540658 -64.999938 164.618834 -19.945369 -179.007087
9.631913 149.540739 -65.004660 164.619186 -19.945365 -179.007691
9.631633 149.540820 -65.009382 164.619539 -19.945361 -179.008296
9.631353 149.540901 -65.014103 164.619891 -19.945357 -179.008900
9.631073 149.540982 -65.018825 164.620244 -19.945353 -179.009503
9.630794 149.541063 -65.023548 164.620597 -19.945348 -179.010109
9.630514 149.541144 -65.028269 164.620949 -19.945344 -179.010713
9.630236 149.541224 -65.032991 164.621302 -19.945340 -179.011317
9.629956 149.541306 -65.037713 164.621654 -19.945335 -179.011921
9.629677 149.541387 -65.042434 164.622006 -19.945331 -179.012526
9.629399 149.541468 -65.047156 164.622359 -19.945327 -179.013131
9.629120 149.541549 -65.051878 164.622712 -19.945323 -179.013736
9.628843 149.541630 -65.056600 164.623064 -19.945319 -179.014341
9.628564 149.541711 -65.061322 164.623416 -19.945315 -179.014946
9.628286 149.541793 -65.066044 164.623769 -19.945311 -179.015551
9.628008 149.541874 -65.070765 164.624121 -19.945306 -179.016157
9.627731 149.541955 -65.075487 164.624473 -19.945302 -179.016762
9.627454 149.542037 -65.080209 164.624825 -19.945298 -179.017367
9.627177 149.542118 -65.084930 164.625179 -19.945294 -179.017973
9.626900 149.542199 -65.089652 164.625531 -19.945290 -179.018578
9.626623 149.542281 -65.094375 164.625883 -19.945285 -179.019184
9.626347 149.542362 -65.099096 164.626235 -19.945281 -179.019790
9.626071 149.542443 -65.103818 164.626587 -19.945277 -179.020397
9.625794 149.542525 -65.108540 164.626939 -19.945272 -179.021003
9.625518 149.542607 -65.113261 164.627293 -19.945268 -179.021609
9.625242 149.542688 -65.117983 164.627645 -19.945264 -179.022215
9.624968 149.542769 -65.122705 164.627997 -19.945260 -179.022821
9.624692 149.542851 -65.127427 164.628349 -19.945256 -179.023428
9.624417 149.542933 -65.132149 164.628701 -19.945252 -179.024034
9.624141 149.543015 -65.136871 164.629053 -19.945248 -179.024642
9.623866 149.543096 -65.141592 164.629405 -19.945243 -179.025248
9.623593 149.543178 -65.146314 164.629757 -19.945238 -179.025855
9.623318 149.543259 -65.151036 164.630110 -19.945234 -179.026462
9.623044 149.543341 -65.155759 164.630462 -19.945230 -179.027069
9.622769 149.543423 -65.160480 164.630814 -19.945226 -179.027676
9.622496 149.543505 -65.165202 164.631166 -19.945222 -179.028283
9.622222 149.543587 -65.169924 164.631518 -19.945218 -179.028891
9.621949 149.543669 -65.174645 164.631870 -19.945213 -179.029498
9.621675 149.543751 -65.179367 164.632222 -19.945209 -179.030106
9.621402 149.543833 -65.184089 164.632573 -19.945205 -179.030713
9.621130 149.543915 -65.188810 164.632926 -19.945201 -179.031321
9.620857 149.543996 -65.193533 164.633278 -19.945196 -179.031929
9.620584 149.544078 -65.198255 164.633630 -19.945192 -179.032537
9.620312 149.544160 -65.202977 164.633982 -19.945188 -179.033145
9.620040 149.544242 -65.207698 164.634334 -19.945183 -179.033753
9.619768 149.544325 -65.212420 164.634685 -19.945179 -179.034361
9.619497 149.544407 -65.217142 164.635037 -19.945175 -179.034969
9.619225 149.544489 -65.221864 164.635389 -19.945171 -179.035578
9.618953 149.544571 -65.226586 164.635742 -19.945167 -179.036186
9.618682 149.544653 -65.231308 164.636093 -19.945163 -179.036795
9.618412 149.544736 -65.236030 164.636445 -19.945158 -179.037404
9.618141 149.544818 -65.240751 164.636797 -19.945153 -179.038013
9.617870 149.544900 -65.245473 164.637148 -19.945149 -179.038622
9.617599 149.544982 -65.250195 164.637500 -19.945145 -179.039231
9.617329 149.545066 -65.254917 164.637852 -19.945141 -179.039840
9.617060 149.545148 -65.259639 164.638203 -19.945137 -179.040449
9.616790 149.545230 -65.264361 164.638555 -19.945133 -179.041058
9.616520 149.545313 -65.269083 164.638908 -19.945129 -179.041668
9.616250 149.545395 -65.273804 164.639259 -19.945123 -179.042278
9.615982 149.545477 -65.278526 164.639611 -19.945119 -179.042887
9.615713 149.545560 -65.283249 164.639962 -19.945115 -179.043497
9.615444 149.545642 -65.287971 164.640314 -19.945111 -179.044107
9.615175 149.545725 -65.292692 164.640665 -19.945107 -179.044716
9.614906 149.545808 -65.297414 164.641017 -19.945103 -179.045327
9.614639 149.545890 -65.302136 164.641368 -19.945099 -179.045936
9.614371 149.545973 -65.306858 164.641720 -19.945093 -179.046546
9.614103 149.546055 -65.311579 164.642071 -19.945089 -179.047157
9.613835 149.546138 -65.316302 164.642422 -19.945085 -179.047767
9.613567 149.546221 -65.321024 164.642775 -19.945081 -179.048378
9.613301 149.546304 -65.325746 164.643126 -19.945077 -179.048988
9.613033 149.546387 -65.330467 164.643477 -19.945073 -179.049598
9.612766 149.546469 -65.335189 164.643829 -19.945068 -179.050209
9.612499 149.546552 -65.339911 164.644180 -19.945063 -179.050820
9.612233 149.546635 -65.344634 164.644531 -19.945059 -179.051431
9.611967 149.546718 -65.349355 164.644883 -19.945055 -179.052042
9.611701 149.546801 -65.354077 164.645234 -19.945051 -179.052653
9.611435 149.546883 -65.358799 164.645585 -19.945047 -179.053264
9.611169 149.546967 -65.363521 164.645936 -19.945043 -179.053875
9.610903 149.547050 -65.368243 164.646288 -19.945037 -179.054487
9.610639 149.547132 -65.372964 164.646639 -19.945033 -179.055098
9.610373 149.547216 -65.377687 164.646990 -19.945029 -179.055710
9.610108 149.547299 -65.382409 164.647342 -19.945025 -179.056321
9.609843 149.547382 -65.387131 164.647693 -19.945021 -179.056933
9.609580 149.547466 -65.391852 164.648044 -19.945017 -179.057545
9.609315 149.547548 -65.396574 164.648395 -19.945012 -179.058157
9.609051 149.547631 -65.401296 164.648746 -19.945007 -179.058768
9.608787 149.547715 -65.406019 164.649097 -19.945003 -179.059381
9.608523 149.547798 -65.410741 164.649448 -19.944999 -179.059993
9.608260 149.547882 -65.415462 164.649799 -19.944995 -179.060605
9.607996 149.547965 -65.420184 164.650150 -19.944990 -179.061217
9.607733 149.548048 -65.424906 164.650501 -19.944986 -179.061830
9.607470 149.548132 -65.429628 164.650852 -19.944981 -179.062443
9.607207 149.548215 -65.434350 164.651203 -19.944977 -179.063055
9.606945 149.548299 -65.439072 164.651554 -19.944973 -179.063668
9.606683 149.548381 -65.443794 164.651905 -19.944969 -179.064281
9.606420 149.548465 -65.448516 164.652256 -19.944964 -179.064893
9.606158 149.548549 -65.453238 164.652607 -19.944960 -179.065507
9.605896 149.548633 -65.457960 164.652957 -19.944956 -179.066120
9.605635 149.548716 -65.462681 164.653309 -19.944951 -179.066733
9.605374 149.548800 -65.467404 164.653660 -19.944947 -179.067346
9.605113 149.548883 -65.472126 164.654011 -19.944942 -179.067960
9.604851 149.548967 -65.476848 164.654361 -19.944938 -179.068573
9.604590 149.549050 -65.481570 164.654712 -19.944934 -179.069187
9.604331 149.549134 -65.486292 164.655063 -19.944930 -179.069801
9.604070 149.549217 -65.491013 164.655413 -19.944926 -179.070414
9.603810 149.549301 -65.495736 164.655764 -19.944920 -179.071028
9.603549 149.549386 -65.500458 164.656115 -19.944916 -179.071641
9.603290 149.549469 -65.505180 164.656465 -19.944912 -179.072256
9.603031 149.549553 -65.509902 164.656816 -19.944908 -179.072869
9.602771 149.549636 -65.514624 164.657166 -19.944903 -179.073484
9.602512 149.549720 -65.519345 164.657517 -19.944899 -179.074097
9.602253 149.549805 -65.524068 164.657867 -19.944894 -179.074712
9.601995 149.549888 -65.528790 164.658218 -19.944890 -179.075327
9.601736 149.549972 -65.533512 164.658568 -19.944886 -179.075941
9.601477 149.550056 -65.538234 164.658919 -19.944881 -179.076556
9.601219 149.550140 -65.542956 164.659269 -19.944877 -179.077170
9.600961 149.550224 -65.547678 164.659620 -19.944873 -179.077785
9.600704 149.550309 -65.552400 164.659970 -19.944869 -179.078400
9.600446 149.550392 -65.557122 164.660320 -19.944863 -179.079014
9.600188 149.550476 -65.561844 164.660671 -19.944859 -179.079629
9.599931 149.550561 -65.566566 164.661021 -19.944855 -179.080245
9.599674 149.550644 -65.571288 164.661371 -19.944851 -179.080860
9.599418 149.550729 -65.576010 164.661721 -19.944847 -179.081475
9.599161 149.550813 -65.580733 164.662072 -19.944842 -179.082090
9.598904 149.550898 -65.585455 164.662422 -19.944837 -179.082705
9.598648 149.550981 -65.590176 164.662772 -19.944833 -179.083321
9.598392 149.551066 -65.594898 164.663122 -19.944829 -179.083937
9.598137 149.551150 -65.599620 164.663472 -19.944824 -179.084552
9.597881 149.551235 -65.604342 164.663823 -19.944820 -179.085168
9.597625 149.551318 -65.609065 164.664173 -19.944816 -179.085784
9.597370 149.551403 -65.613787 164.664523 -19.944812 -179.086400
9.597115 149.551488 -65.618509 164.664873 -19.944806 -179.087016
9.596861 149.551572 -65.623231 164.665223 -19.944802 -179.087633
9.596606 149.551657 -65.627953 164.665573 -19.944798 -179.088248
9.596351 149.551741 -65.632675 164.665923 -19.944794 -179.088864
9.596097 149.551825 -65.637397 164.666273 -19.944789 -179.089481
9.595844 149.551910 -65.642119 164.666623 -19.944785 -179.090097
9.595590 149.551995 -65.646841 164.666973 -19.944780 -179.090714
9.595336 149.552079 -65.651563 164.667322 -19.944776 -179.091330
9.595082 149.552164 -65.656285 164.667672 -19.944771 -179.091947
9.594829 149.552249 -65.661007 164.668022 -19.944767 -179.092564
9.594577 149.552333 -65.665730 164.668372 -19.944763 -179.093180
9.594324 149.552418 -65.670452 164.668722 -19.944758 -179.093798
9.594071 149.552503 -65.675174 164.669071 -19.944754 -179.094415
9.593818 149.552588 -65.679896 164.669421 -19.944749 -179.095032
9.593566 149.552672 -65.684618 164.669771 -19.944745 -179.095649
9.593315 149.552757 -65.689341 164.670121 -19.944740 -179.096267
9.593063 149.552841 -65.694063 164.670470 -19.944736 -179.096884
9.592811 149.552926 -65.698784 164.670820 -19.944732 -179.097501
9.592560 149.553011 -65.703506 164.671170 -19.944727 -179.098118
9.592308 149.553096 -65.708228 164.671519 -19.944722 -179.098735
9.592058 149.553181 -65.712950 164.671869 -19.944718 -179.099354
9.591807 149.553266 -65.717673 164.672218 -19.944714 -179.099972
9.591556 149.553351 -65.722395 164.672568 -19.944709 -179.100589
9.591306 149.553436 -65.727117 164.672917 -19.944705 -179.101207
9.591056 149.553521 -65.731839 164.673267 -19.944701 -179.101825
9.590806 149.553607 -65.736561 164.673616 -19.944696 -179.102443
9.590556 149.553692 -65.741284 164.673966 -19.944691 -179.103062
9.590307 149.553777 -65.746006 164.674315 -19.944687 -179.103680
9.590057 149.553862 -65.750728 164.674664 -19.944683 -179.104298
9.589809 149.553947 -65.755450 164.675014 -19.944678 -179.104916
9.589560 149.554032 -65.760172 164.675363 -19.944674 -179.105535
9.589311 149.554117 -65.764894 164.675712 -19.944670 -179.106153
9.589062 149.554202 -65.769617 164.676062 -19.944664 -179.106773
9.588813 149.554287 -65.774339 164.676410 -19.944660 -179.107390
9.588566 149.554372 -65.779061 164.676759 -19.944656 -179.108009
9.588318 149.554459 -65.783783 164.677108 -19.944651 -179.108628
9.588070 149.554544 -65.788505 164.677457 -19.944647 -179.109247
9.587822 149.554629 -65.793227 164.677806 -19.944643 -179.109866
9.587575 149.554714 -65.797950 164.678156 -19.944637 -179.110486
9.587328 149.554799 -65.802672 164.678505 -19.944633 -179.111105
9.587081 149.554884 -65.807394 164.678854 -19.944629 -179.111724
9.586834 149.554971 -65.812116 164.679203 -19.944624 -179.112344
9.586588 149.555056 -65.816838 164.679552 -19.944620 -179.112963
9.586342 149.555141 -65.821561 164.679901 -19.944616 -179.113583
9.586096 149.555227 -65.826283 164.680250 -19.944611 -179.114202
9.585850 149.555313 -65.831005 164.680598 -19.944606 -179.114821
9.585604 149.555398 -65.835727 164.680947 -19.944602 -179.115441
9.585358 149.555484 -65.840449 164.681296 -19.944597 -179.116061
9.585114 149.555569 -65.845172 164.681644 -19.944593 -179.116681
9.584869 149.555655 -65.849894 164.681993 -19.944589 -179.117301
9.584624 149.555741 -65.854616 164.682342 -19.944584 -179.117921
9.584379 149.555826 -65.859338 164.682690 -19.944580 -179.118541
9.584134 149.555911 -65.864060 164.683039 -19.944575 -179.119161
9.583891 149.555998 -65.868783 164.683388 -19.944570 -179.119782
9.583646 149.556083 -65.873505 164.683736 -19.944566 -179.120402
9.583402 149.556169 -65.878228 164.684085 -19.944562 -179.121023
9.583158 149.556255 -65.882950 164.684434 -19.944557 -179.121643
9.582915 149.556341 -65.887672 164.684782 -19.944553 -179.122263
9.582672 149.556426 -65.892394 164.685131 -19.944548 -179.122884
9.582429 149.556513 -65.897117 164.685478 -19.944543 -179.123505
9.582186 149.556598 -65.901839 164.685827 -19.944539 -179.124126
9.581943 149.556685 -65.906561 164.686175 -19.944534 -179.124746
9.581702 149.556770 -65.911283 164.686524 -19.944530 -179.125367
9.581459 149.556856 -65.916005 164.686872 -19.944526 -179.125989
9.581217 149.556943 -65.920728 164.687221 -19.944521 -179.126610
9.580975 149.557028 -65.925450 164.687569 -19.944516 -179.127231
9.580733 149.557115 -65.930172 164.687917 -19.944512 -179.127852
9.580493 149.557200 -65.934894 164.688266 -19.944507 -179.128473
9.580251 149.557287 -65.939617 164.688613 -19.944503 -179.129095
9.580010 149.557373 -65.944340 164.688961 -19.944498 -179.129716
9.579769 149.557459 -65.949062 164.689309 -19.944494 -179.130338
9.579529 149.557545 -65.953784 164.689658 -19.944489 -179.130960
9.579289 149.557631 -65.958506 164.690006 -19.944484 -179.131582
9.579049 149.557718 -65.963228 164.690354 -19.944480 -179.132203
9.578809 149.557803 -65.967951 164.690702 -19.944475 -179.132825
9.578569 149.557890 -65.972673 164.691050 -19.944471 -179.133447
9.578330 149.557976 -65.977395 164.691397 -19.944467 -179.134069
9.578090 149.558063 -65.982118 164.691745 -19.944462 -179.134691
9.577851 149.558149 -65.986840 164.692093 -19.944457 -179.135313
9.577612 149.558235 -65.991563 164.692441 -19.944452 -179.135935
9.577373 149.558322 -65.996285 164.692789 -19.944448 -179.136558
9.577135 149.558408 -66.001007 164.693137 -19.944444 -179.137180
9.576897 149.558495 -66.005729 164.693485 -19.944439 -179.137803
9.576659 149.558581 -66.010451 164.693832 -19.944435 -179.138426
9.576421 149.558668 -66.015175 164.694179 -19.944430 -179.139048
9.576183 149.558754 -66.019897 164.694527 -19.944425 -179.139670
9.575946 149.558840 -66.024619 164.694875 -19.944421 -179.140293
9.575709 149.558928 -66.029341 164.695223 -19.944416 -179.140917
9.575471 149.559013 -66.034063 164.695570 -19.944412 -179.141539
9.575234 149.559100 -66.038786 164.695918 -19.944407 -179.142162
9.574999 149.559187 -66.043509 164.696265 -19.944403 -179.142785
9.574762 149.559273 -66.048231 164.696612 -19.944398 -179.143408
9.574525 149.559360 -66.052953 164.696960 -19.944393 -179.144031
9.574289 149.559447 -66.057675 164.697307 -19.944389 -179.144654
9.574053 149.559533 -66.062398 164.697655 -19.944384 -179.145278
9.573819 149.559620 -66.067120 164.698002 -19.944380 -179.145901
9.573583 149.559708 -66.071843 164.698349 -19.944375 -179.146525
9.573348 149.559794 -66.076565 164.698696 -19.944371 -179.147148
9.573112 149.559881 -66.081287 164.699044 -19.944365 -179.147772
9.572878 149.559968 -66.086010 164.699391 -19.944361 -179.148396
9.572644 149.560055 -66.090732 164.699738 -19.944357 -179.149019
9.572409 149.560141 -66.095455 164.700086 -19.944352 -179.149643
9.572175 149.560228 -66.100177 164.700432 -19.944348 -179.150267
9.571941 149.560315 -66.104899 164.700779 -19.944343 -179.150891
9.571708 149.560403 -66.109622 164.701126 -19.944339 -179.151515
9.571474 149.560489 -66.114345 164.701473 -19.944333 -179.152139
9.571241 149.560576 -66.119067 164.701821 -19.944329 -179.152764
9.571007 149.560663 -66.123789 164.702167 -19.944324 -179.153388
9.570775 149.560750 -66.128511 164.702514 -19.944320 -179.154012
9.570542 149.560838 -66.133235 164.702861 -19.944315 -179.154636
9.570310 149.560924 -66.137957 164.703208 -19.944311 -179.155261
9.570077 149.561011 -66.142679 164.703555 -19.944307 -179.155886
9.569845 149.561099 -66.147401 164.703901 -19.944301 -179.156510
9.569614 149.561186 -66.152124 164.704248 -19.944297 -179.157134
9.569382 149.561273 -66.156847 164.704594 -19.944292 -179.157759
9.569151 149.561360 -66.161569 164.704941 -19.944288 -179.158384
9.568919 149.561448 -66.166291 164.705287 -19.944283 -179.159009
9.568688 149.561534 -66.171014 164.705634 -19.944279 -179.159634
9.568458 149.561622 -66.175737 164.705981 -19.944274 -179.160259
9.568227 149.561709 -66.180459 164.706327 -19.944269 -179.160884
9.567997 149.561796 -66.185181 164.706674 -19.944264 -179.161509
9.567767 149.561884 -66.189904 164.707020 -19.944260 -179.162135
9.567537 149.561971 -66.194626 164.707366 -19.944255 -179.162760
9.567307 149.562059 -66.199349 164.707713 -19.944251 -179.163385
9.567078 149.562146 -66.204072 164.708059 -19.944246 -179.164010
9.566848 149.562234 -66.208794 164.708405 -19.944242 -179.164636
9.566620 149.562321 -66.213516 164.708751 -19.944236 -179.165261
9.566391 149.562409 -66.218238 164.709098 -19.944232 -179.165887
9.566162 149.562496 -66.222962 164.709444 -19.944227 -179.166512
9.565933 149.562584 -66.227684 164.709791 -19.944223 -179.167138
9.565705 149.562671 -66.232406 164.710136 -19.944218 -179.167764
9.565478 149.562759 -66.237129 164.710482 -19.944214 -179.168390
9.565250 149.562846 -66.241852 164.710829 -19.944209 -179.169016
9.565022 149.562934 -66.246574 164.711175 -19.944204 -179.169642
9.564794 149.563022 -66.251297 164.711520 -19.944199 -179.170268
9.564568 149.563109 -66.256019 164.711866 -19.944195 -179.170894
9.564341 149.563197 -66.260741 164.712213 -19.944190 -179.171520
9.564114 149.563284 -66.265465 164.712559 -19.944186 -179.172147
9.563887 149.563372 -66.270187 164.712904 -19.944181 -179.172773
9.563660 149.563460 -66.274909 164.713250 -19.944177 -179.173400
9.563435 149.563547 -66.279632 164.713596 -19.944172 -179.174026
9.563209 149.563635 -66.284355 164.713941 -19.944166 -179.174653
9.562983 149.563723 -66.289078 164.714287 -19.944162 -179.175279
9.562757 149.563811 -66.293800 164.714633 -19.944157 -179.175906
9.562533 149.563899 -66.298522 164.714979 -19.944153 -179.176532
9.562308 149.563987 -66.303245 164.715323 -19.944148 -179.177159
9.562082 149.564075 -66.307968 164.715669 -19.944144 -179.177786
9.561858 149.564163 -66.312690 164.716015 -19.944139 -179.178413
9.561633 149.564250 -66.317413 164.716361 -19.944134 -179.179040
9.561410 149.564338 -66.322135 164.716705 -19.944129 -179.179667
9.561185 149.564426 -66.326858 164.717051 -19.944125 -179.180294
9.560961 149.564515 -66.331581 164.717397 -19.944120 -179.180921
9.560738 149.564603 -66.336303 164.717741 -19.944115 -179.181549
9.560515 149.564690 -66.341026 164.718087 -19.944111 -179.182175
9.560292 149.564778 -66.345748 164.718432 -19.944106 -179.182803
9.560068 149.564866 -66.350472 164.718777 -19.944102 -179.183431
9.559845 149.564955 -66.355194 164.719122 -19.944096 -179.184058
9.559624 149.565043 -66.359917 164.719468 -19.944092 -179.184686
9.559401 149.565131 -66.364639 164.719813 -19.944087 -179.185313
9.559179 149.565219 -66.369362 164.720158 -19.944082 -179.185941
9.558957 149.565308 -66.374085 164.720503 -19.944078 -179.186569
9.558735 149.565396 -66.378807 164.720848 -19.944073 -179.187197
9.558514 149.565484 -66.383530 164.721192 -19.944069 -179.187824
9.558293 149.565572 -66.388252 164.721538 -19.944063 -179.188452
9.558072 149.565661 -66.392976 164.721883 -19.944059 -179.189081
9.557851 149.565749 -66.397698 164.722227 -19.944054 -179.189708
9.557631 149.565837 -66.402421 164.722572 -19.944049 -179.190337
9.557410 149.565926 -66.407143 164.722917 -19.944045 -179.190964
9.557190 149.566014 -66.411866 164.723261 -19.944040 -179.191593
9.556970 149.566102 -66.416589 164.723606 -19.944036 -179.192221
9.556751 149.566191 -66.421311 164.723951 -19.944031 -179.192850
9.556531 149.566279 -66.426034 164.724295 -19.944025 -179.193478
9.556312 149.566367 -66.430756 164.724640 -19.944021 -179.194107
9.556092 149.566456 -66.435480 164.724985 -19.944016 -179.194735
9.555873 149.566545 -66.440202 164.725329 -19.944012 -179.195364
9.555655 149.566633 -66.444925 164.725673 -19.944007 -179.195992
9.555437 149.566722 -66.449647 164.726018 -19.944002 -179.196621
9.555218 149.566810 -66.454371 164.726362 -19.943998 -179.197250
9.555000 149.566899 -66.459093 164.726707 -19.943993 -179.197879
9.554783 149.566987 -66.463816 164.727050 -19.943987 -179.198508
9.554565 149.567076 -66.468538 164.727395 -19.943983 -179.199136
9.554347 149.567165 -66.473262 164.727739 -19.943978 -179.199766
9.554130 149.567253 -66.477985 164.728083 -19.943974 -179.200395
9.553914 149.567342 -66.482707 164.728427 -19.943969 -179.201023
9.553697 149.567431 -66.487430 164.728772 -19.943964 -179.201653
9.553480 149.567520 -66.492153 164.729115 -19.943960 -179.202282
9.553264 149.567608 -66.496876 164.729460 -19.943955 -179.202912
9.553048 149.567697 -66.501598 164.729804 -19.943949 -179.203541
9.552832 149.567786 -66.506321 164.730147 -19.943945 -179.204171
9.552617 149.567875 -66.511044 164.730492 -19.943940 -179.204800
9.552401 149.567963 -66.515767 164.730835 -19.943935 -179.205430
9.552185 149.568053 -66.520490 164.731179 -19.943931 -179.206060
9.551971 149.568141 -66.525212 164.731523 -19.943926 -179.206689
9.551756 149.568231 -66.529936 164.731866 -19.943921 -179.207319
9.551541 149.568319 -66.534658 164.732210 -19.943917 -179.207948
9.551327 149.568408 -66.539381 164.732553 -19.943912 -179.208578
9.551113 149.568497 -66.544103 164.732897 -19.943906 -179.209209
9.550899 149.568586 -66.548826 164.733241 -19.943902 -179.209838
9.550685 149.568676 -66.553550 164.733584 -19.943897 -179.210468
9.550472 149.568764 -66.558272 164.733928 -19.943892 -179.211098
9.550259 149.568853 -66.562995 164.734271 -19.943888 -179.211728
9.550046 149.568942 -66.567717 164.734615 -19.943883 -179.212358
9.549833 149.569031 -66.572441 164.734958 -19.943878 -179.212988
9.549620 149.569120 -66.577164 164.735301 -19.943874 -179.213619
9.549408 149.569209 -66.581886 164.735645 -19.943868 -179.214249
9.549196 149.569299 -66.586610 164.735987 -19.943863 -179.214879
9.548984 149.569388 -66.591333 164.736331 -19.943859 -179.215510
9.548772 149.569477 -66.596055 164.736675 -19.943854 -179.216141
9.548561 149.569567 -66.600778 164.737017 -19.943849 -179.216771
9.548350 149.569655 -66.605501 164.737361 -19.943845 -179.217403
9.548138 149.569745 -66.610224 164.737703 -19.943840 -179.218032
9.547927 149.569834 -66.614947 164.738047 -19.943835 -179.218664
9.547717 149.569923 -66.619670 164.738389 -19.943831 -179.219294
9.547507 149.570013 -66.624392 164.738732 -19.943826 -179.219925
9.547296 149.570102 -66.629116 164.739075 -19.943820 -179.220556
9.547086 149.570191 -66.633839 164.739418 -19.943815 -179.221187
9.546877 149.570280 -66.638561 164.739761 -19.943811 -179.221818
9.546667 149.570370 -66.643284 164.740103 -19.943806 -179.222450
9.546458 149.570460 -66.648008 164.740446 -19.943801 -179.223080
9.546248 149.570549 -66.652730 164.740788 -19.943797 -179.223711
9.546040 149.570638 -66.657453 164.741131 -19.943792 -179.224343
9.545831 149.570728 -66.662176 164.741473 -19.943787 -179.224974
9.545622 149.570818 -66.666900 164.741816 -19.943782 -179.225606
9.545414 149.570906 -66.671622 164.742158 -19.943777 -179.226236
9.545207 149.570996 -66.676345 164.742501 -19.943772 -179.226868
9.544999 149.571086 -66.681068 164.742843 -19.943767 -179.227500
9.544791 149.571176 -66.685791 164.743186 -19.943762 -179.228132
9.544583 149.571266 -66.690514 164.743528 -19.943758 -179.228764
9.544377 149.571354 -66.695237 164.743870 -19.943753 -179.229394
9.544170 149.571444 -66.699961 164.744212 -19.943748 -179.230027
9.543963 149.571534 -66.704683 164.744555 -19.943743 -179.230659
9.543756 149.571624 -66.709406 164.744896 -19.943739 -179.231290
9.543550 149.571714 -66.714129 164.745239 -19.943734 -179.231922
9.543344 149.571803 -66.718853 164.745581 -19.943728 -179.232554
9.543138 149.571893 -66.723575 164.745923 -19.943723 -179.233186
9.542932 149.571982 -66.728298 164.746264 -19.943719 -179.233818
9.542727 149.572072 -66.733021 164.746607 -19.943714 -179.234450
9.542522 149.572162 -66.737745 164.746948 -19.943709 -179.235082
9.542317 149.572252 -66.742468 164.747291 -19.943704 -179.235715
9.542112 149.572342 -66.747190 164.747632 -19.943700 -179.236347
9.541908 149.572432 -66.751913 164.747974 -19.943695 -179.236979
9.541703 149.572522 -66.756637 164.748315 -19.943690 -179.237611
9.541499 149.572612 -66.761360 164.748657 -19.943685 -179.238243
9.541295 149.572702 -66.766083 164.748999 -19.943680 -179.238876
9.541092 149.572792 -66.770805 164.749341 -19.943675 -179.239509
9.540888 149.572882 -66.775529 164.749682 -19.943670 -179.240141
9.540685 149.572972 -66.780252 164.750024 -19.943665 -179.240775
9.540482 149.573061 -66.784975 164.750365 -19.943660 -179.241407
9.540280 149.573151 -66.789698 164.750706 -19.943656 -179.242039
9.540077 149.573241 -66.794422 164.751047 -19.943651 -179.242672
9.539874 149.573331 -66.799144 164.751389 -19.943646 -179.243305
9.539672 149.573421 -66.803867 164.751730 -19.943641 -179.243938
9.539471 149.573511 -66.808591 164.752072 -19.943636 -179.244571
9.539269 149.573601 -66.813314 164.752412 -19.943632 -179.245204
9.539067 149.573691 -66.818037 164.752753 -19.943626 -179.245836
9.538866 149.573782 -66.822760 164.753095 -19.943621 -179.246470
9.538666 149.573873 -66.827484 164.753435 -19.943616 -179.247103
9.538465 149.573963 -66.832207 164.753777 -19.943611 -179.247736
9.538264 149.574053 -66.836929 164.754117 -19.943607 -179.248369
9.538063 149.574143 -66.841652 164.754459 -19.943602 -179.249003
9.537864 149.574233 -66.846376 164.754799 -19.943597 -179.249636
9.537664 149.574323 -66.851099 164.755139 -19.943592 -179.250269
9.537464 149.574414 -66.855822 164.755481 -19.943587 -179.250902
9.537264 149.574504 -66.860546 164.755821 -19.943582 -179.251536
