71.234320 152.032074 -6.137648 159.998454 8.555421 -179.993315
71.234076 152.032099 -6.140382 159.998451 8.551950 -179.993300
71.233831 152.032125 -6.143116 159.998447 8.548479 -179.993284
71.233587 152.032150 -6.145850 159.998444 8.545008 -179.993269
71.233342 152.032175 -6.148583 159.998439 8.541536 -179.993253
71.233098 152.032199 -6.151316 159.998436 8.538065 -179.993238
71.232855 152.032223 -6.154050 159.998432 8.534594 -179.993223
71.232610 152.032247 -6.156784 159.998428 8.531123 -179.993207
71.232366 152.032271 -6.159518 159.998424 8.527653 -179.993191
71.232122 152.032294 -6.162251 159.998420 8.524182 -179.993176
71.231877 152.032318 -6.164986 159.998417 8.520711 -179.993161
71.231634 152.032341 -6.167720 159.998413 8.517240 -179.993145
71.231390 152.032363 -6.170453 159.998409 8.513769 -179.993130
71.231146 152.032385 -6.173187 159.998405 8.510298 -179.993114
71.230902 152.032408 -6.175921 159.998402 8.506827 -179.993099
71.230658 152.032430 -6.178654 159.998398 8.503356 -179.993083
71.230414 152.032452 -6.181388 159.998394 8.499886 -179.993068
71.230170 152.032472 -6.184122 159.998390 8.496415 -179.993052
71.229927 152.032493 -6.186855 159.998386 8.492944 -179.993037
71.229683 152.032514 -6.189590 159.998383 8.489473 -179.993022
71.229440 152.032535 -6.192324 159.998379 8.486003 -179.993006
71.229197 152.032556 -6.195057 159.998375 8.482532 -179.992992
71.228953 152.032576 -6.197791 159.998371 8.479061 -179.992976
71.228709 152.032596 -6.200524 159.998367 8.475591 -179.992961
71.228466 152.032615 -6.203259 159.998364 8.472120 -179.992945
71.228222 152.032634 -6.205992 159.998359 8.468649 -179.992930
71.227979 152.032653 -6.208726 159.998356 8.465179 -179.992914
71.227736 152.032672 -6.211460 159.998352 8.461708 -179.992899
71.227492 152.032691 -6.214194 159.998349 8.458238 -179.992884
71.227250 152.032708 -6.216927 159.998345 8.454767 -179.992868
71.227006 152.032726 -6.219662 159.998340 8.451297 -179.992852
71.226763 152.032744 -6.222395 159.998337 8.447826 -179.992837
71.226520 152.032762 -6.225129 159.998333 8.444356 -179.992823
71.226277 152.032779 -6.227863 159.998330 8.440885 -179.992807
71.226034 152.032796 -6.230596 159.998325 8.437415 -179.992792
71.225791 152.032812 -6.233331 159.998322 8.433944 -179.992776
71.225548 152.032829 -6.236064 159.998318 8.430474 -179.992761
71.225305 152.032845 -6.238798 159.998314 8.427004 -179.992745
71.225063 152.032861 -6.241532 159.998310 8.423533 -179.992730
71.224819 152.032877 -6.244266 159.998306 8.420063 -179.992715
71.224577 152.032892 -6.246999 159.998303 8.416593 -179.992700
71.224335 152.032908 -6.249734 159.998299 8.413122 -179.992685
71.224092 152.032922 -6.252467 159.998295 8.409652 -179.992669
71.223850 152.032936 -6.255201 159.998291 8.406182 -179.992653
71.223606 152.032951 -6.257934 159.998287 8.402712 -179.992638
71.223364 152.032965 -6.260669 159.998284 8.399241 -179.992624
71.223121 152.032979 -6.263403 159.998280 8.395771 -179.992608
71.222879 152.032993 -6.266136 159.998276 8.392301 -179.992593
71.222637 152.033005 -6.268870 159.998272 8.388831 -179.992577
71.222394 152.033018 -6.271604 159.998269 8.385361 -179.992562
71.222153 152.033031 -6.274338 159.998265 8.381891 -179.992548
71.221911 152.033044 -6.277072 159.998260 8.378421 -179.992532
71.221668 152.033056 -6.279806 159.998257 8.374951 -179.992516
71.221426 152.033068 -6.282539 159.998253 8.371481 -179.992501
71.221184 152.033079 -6.285273 159.998250 8.368011 -179.992486
71.220941 152.033091 -6.288007 159.998245 8.364541 -179.992471
71.220700 152.033102 -6.290741 159.998242 8.361071 -179.992456
71.220458 152.033113 -6.293475 159.998238 8.357601 -179.992440
71.220216 152.033124 -6.296208 159.998234 8.354131 -179.992425
71.219974 152.033135 -6.298942 159.998230 8.350661 -179.992410
71.219732 152.033145 -6.301676 159.998226 8.347191 -179.992395
71.219491 152.033154 -6.304411 159.998223 8.343722 -179.992379
71.219249 152.033164 -6.307145 159.998219 8.340252 -179.992364
71.219007 152.033173 -6.309878 159.998216 8.336782 -179.992350
71.218765 152.033182 -6.312612 159.998211 8.333312 -179.992334
71.218524 152.033191 -6.315346 159.998207 8.329843 -179.992318
71.218283 152.033200 -6.318080 159.998204 8.326373 -179.992303
71.218041 152.033208 -6.320814 159.998200 8.322903 -179.992289
71.217799 152.033216 -6.323548 159.998196 8.319434 -179.992273
71.217558 152.033223 -6.326282 159.998192 8.315964 -179.992258
71.217317 152.033231 -6.329016 159.998189 8.312494 -179.992243
71.217075 152.033238 -6.331750 159.998185 8.309025 -179.992228
71.216834 152.033246 -6.334484 159.998180 8.305555 -179.992212
71.216593 152.033252 -6.337218 159.998177 8.302086 -179.992198
71.216351 152.033259 -6.339952 159.998173 8.298616 -179.992182
71.216110 152.033264 -6.342686 159.998170 8.295147 -179.992167
71.215869 152.033270 -6.345420 159.998165 8.291677 -179.992152
71.215628 152.033276 -6.348154 159.998162 8.288208 -179.992137
71.215387 152.033282 -6.350889 159.998158 8.284739 -179.992122
71.215146 152.033287 -6.353622 159.998154 8.281269 -179.992107
71.214905 152.033292 -6.356356 159.998151 8.277800 -179.992092
71.214663 152.033296 -6.359091 159.998146 8.274331 -179.992076
71.214423 152.033301 -6.361825 159.998143 8.270861 -179.992062
71.214182 152.033304 -6.364558 159.998139 8.267392 -179.992046
71.213941 152.033308 -6.367293 159.998135 8.263923 -179.992031
71.213700 152.033311 -6.370027 159.998131 8.260454 -179.992016
71.213460 152.033315 -6.372762 159.998127 8.256985 -179.992001
71.213219 152.033318 -6.375495 159.998124 8.253515 -179.991986
71.212978 152.033321 -6.378230 159.998120 8.250046 -179.991971
71.212738 152.033323 -6.380963 159.998116 8.246577 -179.991955
71.212496 152.033326 -6.383698 159.998112 8.243108 -179.991941
71.212256 152.033327 -6.386432 159.998108 8.239639 -179.991926
71.212015 152.033328 -6.389166 159.998105 8.236170 -179.991911
71.211775 152.033330 -6.391901 159.998101 8.232701 -179.991896
71.211535 152.033331 -6.394634 159.998097 8.229232 -179.991880
71.211294 152.033332 -6.397369 159.998093 8.225763 -179.991866
71.211054 152.033333 -6.400104 159.998089 8.222295 -179.991850
71.210814 152.033333 -6.402837 159.998086 8.218826 -179.991836
71.210573 152.033333 -6.405572 159.998081 8.215357 -179.991820
71.210333 152.033333 -6.408306 159.998078 8.211888 -179.991806
71.210093 152.033331 -6.411041 159.998074 8.208419 -179.991791
71.209852 152.033331 -6.413775 159.998071 8.204951 -179.991776
71.209612 152.033330 -6.416509 159.998067 8.201482 -179.991761
71.209372 152.033329 -6.419243 159.998062 8.198013 -179.991746
71.209132 152.033327 -6.421978 159.998059 8.194545 -179.991731
71.208892 152.033325 -6.424712 159.998055 8.191076 -179.991716
71.208652 152.033323 -6.427446 159.998052 8.187608 -179.991701
71.208412 152.033321 -6.430181 159.998048 8.184139 -179.991687
71.208172 152.033317 -6.432915 159.998044 8.180671 -179.991671
71.207932 152.033315 -6.435651 159.998040 8.177202 -179.991656
71.207692 152.033311 -6.438385 159.998036 8.173734 -179.991641
71.207451 152.033308 -6.441119 159.998033 8.170265 -179.991627
71.207212 152.033304 -6.443854 159.998028 8.166797 -179.991611
71.206972 152.033300 -6.446588 159.998025 8.163329 -179.991597
71.206732 152.033296 -6.449322 159.998021 8.159860 -179.991581
71.206493 152.033292 -6.452058 159.998017 8.156392 -179.991567
71.206253 152.033286 -6.454792 159.998014 8.152924 -179.991552
71.206013 152.033281 -6.457526 159.998009 8.149456 -179.991537
71.205774 152.033276 -6.460262 159.998006 8.145988 -179.991521
71.205533 152.033270 -6.462996 159.998002 8.142519 -179.991507
71.205294 152.033264 -6.465731 159.997998 8.139051 -179.991492
71.205054 152.033258 -6.468465 159.997995 8.135583 -179.991477
71.204815 152.033252 -6.471200 159.997990 8.132115 -179.991463
71.204576 152.033245 -6.473935 159.997987 8.128647 -179.991447
71.204336 152.033238 -6.476670 159.997983 8.125179 -179.991433
71.204096 152.033231 -6.479404 159.997979 8.121711 -179.991417
71.203857 152.033222 -6.482139 159.997976 8.118243 -179.991403
71.203617 152.033215 -6.484874 159.997971 8.114776 -179.991388
71.203378 152.033207 -6.487609 159.997968 8.111308 -179.991373
71.203139 152.033198 -6.490344 159.997964 8.107840 -179.991359
71.202900 152.033190 -6.493079 159.997961 8.104372 -179.991343
71.202660 152.033181 -6.495813 159.997957 8.100905 -179.991329
71.202421 152.033172 -6.498548 159.997952 8.097437 -179.991314
71.202182 152.033162 -6.501283 159.997949 8.093969 -179.991299
71.201943 152.033153 -6.504018 159.997945 8.090502 -179.991284
71.201703 152.033143 -6.506753 159.997942 8.087034 -179.991270
71.201464 152.033131 -6.509488 159.997938 8.083566 -179.991255
71.201225 152.033121 -6.512224 159.997934 8.080099 -179.991240
71.200986 152.033110 -6.514959 159.997930 8.076632 -179.991226
71.200746 152.033099 -6.517694 159.997926 8.073164 -179.991210
71.200508 152.033088 -6.520429 159.997923 8.069697 -179.991196
71.200269 152.033076 -6.523164 159.997919 8.066229 -179.991181
71.200029 152.033064 -6.525900 159.997915 8.062762 -179.991166
71.199790 152.033052 -6.528635 159.997911 8.059295 -179.991151
71.199552 152.033040 -6.531370 159.997907 8.055828 -179.991137
71.199312 152.033027 -6.534105 159.997904 8.052360 -179.991123
71.199074 152.033014 -6.536840 159.997900 8.048893 -179.991107
71.198835 152.033001 -6.539575 159.997896 8.045426 -179.991093
71.198596 152.032986 -6.542310 159.997893 8.041959 -179.991078
71.198357 152.032972 -6.545046 159.997888 8.038492 -179.991063
71.198119 152.032958 -6.547781 159.997885 8.035025 -179.991048
71.197879 152.032944 -6.550517 159.997881 8.031558 -179.991034
71.197641 152.032929 -6.553252 159.997877 8.028091 -179.991020
71.197402 152.032914 -6.555988 159.997874 8.024624 -179.991004
71.197163 152.032899 -6.558724 159.997870 8.021157 -179.990990
71.196924 152.032883 -6.561458 159.997866 8.017690 -179.990975
71.196686 152.032868 -6.564194 159.997862 8.014224 -179.990961
71.196447 152.032851 -6.566930 159.997858 8.010757 -179.990945
71.196209 152.032835 -6.569666 159.997855 8.007290 -179.990931
71.195970 152.032819 -6.572402 159.997851 8.003824 -179.990917
71.195731 152.032801 -6.575137 159.997848 8.000357 -179.990902
71.195492 152.032783 -6.577872 159.997843 7.996890 -179.990888
71.195254 152.032766 -6.580608 159.997839 7.993424 -179.990872
71.195015 152.032748 -6.583344 159.997836 7.989957 -179.990858
71.194778 152.032730 -6.586080 159.997832 7.986491 -179.990843
71.194539 152.032712 -6.588815 159.997829 7.983024 -179.990829
71.194300 152.032693 -6.591552 159.997825 7.979558 -179.990815
71.194062 152.032675 -6.594288 159.997821 7.976092 -179.990800
71.193823 152.032655 -6.597024 159.997817 7.972625 -179.990785
71.193584 152.032636 -6.599759 159.997813 7.969159 -179.990770
71.193347 152.032616 -6.602495 159.997810 7.965693 -179.990756
71.193108 152.032596 -6.605232 159.997806 7.962227 -179.990741
71.192869 152.032576 -6.607967 159.997802 7.958761 -179.990727
71.192632 152.032556 -6.610704 159.997799 7.955295 -179.990713
71.192393 152.032535 -6.613440 159.997795 7.951829 -179.990698
71.192155 152.032514 -6.616176 159.997791 7.948363 -179.990684
71.191916 152.032491 -6.618912 159.997787 7.944897 -179.990668
71.191679 152.032470 -6.621648 159.997783 7.941431 -179.990654
71.191440 152.032448 -6.624384 159.997780 7.937965 -179.990639
71.191202 152.032426 -6.627121 159.997776 7.934499 -179.990625
71.190964 152.032403 -6.629857 159.997773 7.931033 -179.990611
71.190725 152.032380 -6.632594 159.997769 7.927568 -179.990596
71.190487 152.032357 -6.635329 159.997765 7.924102 -179.990582
71.190249 152.032334 -6.638066 159.997761 7.920636 -179.990567
71.190012 152.032310 -6.640802 159.997757 7.917171 -179.990553
71.189773 152.032286 -6.643539 159.997754 7.913705 -179.990539
71.189535 152.032262 -6.646276 159.997750 7.910240 -179.990524
71.189297 152.032238 -6.649012 159.997746 7.906774 -179.990510
71.189059 152.032213 -6.651749 159.997743 7.903309 -179.990495
71.188821 152.032188 -6.654485 159.997739 7.899843 -179.990481
71.188583 152.032163 -6.657222 159.997735 7.896378 -179.990467
71.188345 152.032137 -6.659959 159.997732 7.892913 -179.990452
71.188106 152.032111 -6.662695 159.997728 7.889447 -179.990438
71.187868 152.032085 -6.665432 159.997724 7.885982 -179.990423
71.187630 152.032057 -6.668169 159.997720 7.882517 -179.990409
71.187393 152.032031 -6.670906 159.997716 7.879052 -179.990394
71.187155 152.032004 -6.673643 159.997713 7.875587 -179.990380
71.186917 152.031976 -6.676380 159.997709 7.872122 -179.990366
71.186679 152.031949 -6.679117 159.997706 7.868657 -179.990351
71.186441 152.031921 -6.681853 159.997702 7.865192 -179.990337
71.186203 152.031893 -6.684591 159.997698 7.861727 -179.990323
71.185965 152.031864 -6.687328 159.997695 7.858262 -179.990308
71.185727 152.031835 -6.690065 159.997691 7.854797 -179.990294
71.185489 152.031806 -6.692802 159.997687 7.851333 -179.990279
71.185252 152.031777 -6.695539 159.997683 7.847868 -179.990265
71.185013 152.031748 -6.698276 159.997679 7.844403 -179.990250
71.184776 152.031718 -6.701014 159.997676 7.840939 -179.990236
71.184539 152.031688 -6.703751 159.997672 7.837474 -179.990222
71.184300 152.031657 -6.706488 159.997668 7.834010 -179.990207
71.184063 152.031626 -6.709226 159.997665 7.830545 -179.990193
71.183825 152.031595 -6.711963 159.997661 7.827081 -179.990178
71.183588 152.031564 -6.714701 159.997658 7.823617 -179.990165
71.183349 152.031532 -6.717438 159.997654 7.820152 -179.990151
71.183111 152.031501 -6.720176 159.997650 7.816688 -179.990136
71.182874 152.031468 -6.722914 159.997647 7.813224 -179.990122
71.182636 152.031436 -6.725651 159.997643 7.809760 -179.990108
71.182399 152.031403 -6.728389 159.997639 7.806296 -179.990093
71.182161 152.031369 -6.731126 159.997636 7.802831 -179.990079
71.181923 152.031337 -6.733865 159.997632 7.799367 -179.990065
71.181685 152.031303 -6.736602 159.997629 7.795903 -179.990051
71.181448 152.031268 -6.739340 159.997625 7.792440 -179.990037
71.181210 152.031234 -6.742078 159.997621 7.788976 -179.990022
71.180972 152.031200 -6.744815 159.997617 7.785512 -179.990008
71.180735 152.031165 -6.747554 159.997613 7.782048 -179.989993
71.180497 152.031130 -6.750292 159.997610 7.778584 -179.989980
71.180259 152.031095 -6.753030 159.997606 7.775121 -179.989966
71.180022 152.031059 -6.755768 159.997602 7.771657 -179.989951
71.179785 152.031023 -6.758506 159.997599 7.768194 -179.989937
71.179547 152.030987 -6.761244 159.997595 7.764730 -179.989922
71.179310 152.030950 -6.763983 159.997591 7.761267 -179.989909
71.179072 152.030914 -6.766721 159.997588 7.757803 -179.989895
71.178833 152.030877 -6.769460 159.997584 7.754340 -179.989880
71.178596 152.030839 -6.772198 159.997580 7.750877 -179.989866
71.178359 152.030802 -6.774937 159.997577 7.747413 -179.989853
71.178121 152.030764 -6.777675 159.997573 7.743950 -179.989838
71.177884 152.030725 -6.780414 159.997570 7.740487 -179.989824
71.177646 152.030687 -6.783152 159.997566 7.737024 -179.989810
71.177408 152.030648 -6.785891 159.997562 7.733561 -179.989796
71.177171 152.030609 -6.788629 159.997559 7.730098 -179.989782
71.176934 152.030570 -6.791368 159.997555 7.726635 -179.989767
71.176696 152.030530 -6.794107 159.997551 7.723172 -179.989754
71.176458 152.030490 -6.796846 159.997548 7.719709 -179.989740
71.176221 152.030450 -6.799585 159.997544 7.716246 -179.989725
71.175983 152.030409 -6.802324 159.997541 7.712784 -179.989712
71.175746 152.030368 -6.805063 159.997537 7.709321 -179.989697
71.175508 152.030327 -6.807802 159.997533 7.705858 -179.989683
71.175271 152.030286 -6.810541 159.997530 7.702396 -179.989670
71.175033 152.030244 -6.813280 159.997526 7.698933 -179.989655
71.174795 152.030202 -6.816019 159.997522 7.695471 -179.989641
71.174559 152.030160 -6.818759 159.997519 7.692009 -179.989628
71.174321 152.030117 -6.821497 159.997515 7.688546 -179.989613
71.174083 152.030074 -6.824236 159.997512 7.685084 -179.989599
71.173846 152.030031 -6.826976 159.997509 7.681622 -179.989586
71.173609 152.029988 -6.829715 159.997505 7.678159 -179.989571
71.173371 152.029944 -6.832455 159.997501 7.674697 -179.989558
71.173133 152.029900 -6.835195 159.997498 7.671235 -179.989544
71.172896 152.029856 -6.837934 159.997494 7.667773 -179.989529
71.172658 152.029811 -6.840674 159.997491 7.664311 -179.989516
71.172421 152.029766 -6.843413 159.997487 7.660849 -179.989502
71.172183 152.029721 -6.846153 159.997483 7.657388 -179.989488
71.171946 152.029675 -6.848893 159.997480 7.653926 -179.989474
71.171708 152.029630 -6.851633 159.997476 7.650464 -179.989460
71.171471 152.029583 -6.854373 159.997472 7.647002 -179.989446
71.171234 152.029537 -6.857113 159.997469 7.643541 -179.989433
71.170996 152.029490 -6.859852 159.997465 7.640079 -179.989418
71.170759 152.029443 -6.862593 159.997462 7.636618 -179.989404
71.170521 152.029396 -6.865333 159.997458 7.633156 -179.989391
71.170284 152.029348 -6.868073 159.997455 7.629695 -179.989377
71.170046 152.029301 -6.870813 159.997451 7.626233 -179.989363
71.169808 152.029252 -6.873553 159.997448 7.622772 -179.989349
71.169571 152.029204 -6.876294 159.997444 7.619311 -179.989335
71.169333 152.029155 -6.879035 159.997441 7.615850 -179.989321
71.169096 152.029106 -6.881774 159.997437 7.612389 -179.989308
71.168858 152.029057 -6.884515 159.997433 7.608928 -179.989293
71.168621 152.029007 -6.887256 159.997430 7.605467 -179.989280
71.168384 152.028958 -6.889997 159.997426 7.602006 -179.989267
71.168147 152.028907 -6.892737 159.997422 7.598545 -179.989252
71.167909 152.028858 -6.895478 159.997420 7.595084 -179.989239
71.167671 152.028807 -6.898219 159.997416 7.591623 -179.989225
71.167433 152.028756 -6.900959 159.997412 7.588163 -179.989211
71.167197 152.028704 -6.903700 159.997409 7.584702 -179.989197
71.166959 152.028653 -6.906442 159.997405 7.581241 -179.989184
71.166721 152.028600 -6.909182 159.997401 7.577781 -179.989170
71.166484 152.028548 -6.911923 159.997398 7.574320 -179.989156
71.166246 152.028496 -6.914665 159.997394 7.570860 -179.989143
71.166009 152.028443 -6.917405 159.997391 7.567400 -179.989129
71.165771 152.028390 -6.920147 159.997388 7.563939 -179.989115
71.165534 152.028336 -6.922888 159.997384 7.560479 -179.989102
71.165296 152.028282 -6.925630 159.997381 7.557019 -179.989087
71.165059 152.028228 -6.928371 159.997377 7.553559 -179.989074
71.164821 152.028174 -6.931112 159.997373 7.550099 -179.989061
71.164583 152.028119 -6.933854 159.997370 7.546639 -179.989046
71.164346 152.028064 -6.936595 159.997367 7.543179 -179.989033
71.164108 152.028009 -6.939337 159.997363 7.539719 -179.989020
71.163871 152.027953 -6.942079 159.997360 7.536259 -179.989006
71.163634 152.027897 -6.944821 159.997356 7.532800 -179.988992
71.163395 152.027841 -6.947563 159.997352 7.529340 -179.988979
71.163158 152.027785 -6.950304 159.997350 7.525880 -179.988965
71.162920 152.027728 -6.953047 159.997346 7.522421 -179.988951
71.162682 152.027671 -6.955788 159.997342 7.518961 -179.988938
71.162445 152.027614 -6.958531 159.997339 7.515502 -179.988924
71.162208 152.027556 -6.961273 159.997335 7.512043 -179.988910
71.161970 152.027499 -6.964015 159.997331 7.508583 -179.988897
71.161732 152.027441 -6.966757 159.997329 7.505124 -179.988884
71.161495 152.027382 -6.969500 159.997325 7.501665 -179.988870
71.161257 152.027323 -6.972242 159.997321 7.498206 -179.988856
71.161020 152.027264 -6.974985 159.997318 7.494747 -179.988843
71.160782 152.027205 -6.977727 159.997315 7.491288 -179.988830
71.160544 152.027145 -6.980470 159.997311 7.487829 -179.988816
71.160307 152.027085 -6.983212 159.997308 7.484370 -179.988802
71.160069 152.027024 -6.985956 159.997304 7.480911 -179.988789
71.159830 152.026964 -6.988698 159.997300 7.477453 -179.988775
71.159593 152.026903 -6.991441 159.997298 7.473994 -179.988762
71.159355 152.026841 -6.994184 159.997294 7.470535 -179.988749
71.159118 152.026780 -6.996926 159.997290 7.467077 -179.988735
71.158880 152.026718 -6.999670 159.997287 7.463619 -179.988721
71.158642 152.026656 -7.002413 159.997284 7.460160 -179.988708
71.158404 152.026593 -7.005157 159.997280 7.456702 -179.988695
71.158167 152.026532 -7.007899 159.997277 7.453244 -179.988681
71.157928 152.026468 -7.010642 159.997273 7.449785 -179.988668
71.157691 152.026405 -7.013386 159.997270 7.446327 -179.988654
71.157453 152.026341 -7.016129 159.997267 7.442869 -179.988641
71.157215 152.026277 -7.018874 159.997263 7.439411 -179.988627
71.156978 152.026213 -7.021617 159.997259 7.435953 -179.988614
71.156740 152.026148 -7.024360 159.997257 7.432495 -179.988601
71.156502 152.026084 -7.027105 159.997253 7.429038 -179.988587
71.156264 152.026018 -7.029848 159.997249 7.425580 -179.988574
71.156026 152.025953 -7.032592 159.997247 7.422122 -179.988561
71.155788 152.025887 -7.035336 159.997243 7.418665 -179.988548
71.155550 152.025821 -7.038080 159.997239 7.415207 -179.988534
71.155312 152.025755 -7.040824 159.997236 7.411750 -179.988521
71.155074 152.025689 -7.043568 159.997233 7.408292 -179.988508
71.154836 152.025622 -7.046312 159.997229 7.404835 -179.988494
71.154598 152.025554 -7.049056 159.997226 7.401378 -179.988480
71.154360 152.025487 -7.051801 159.997223 7.397920 -179.988467
71.154122 152.025419 -7.054546 159.997219 7.394463 -179.988454
71.153884 152.025351 -7.057290 159.997216 7.391006 -179.988440
71.153645 152.025282 -7.060034 159.997213 7.387549 -179.988427
71.153408 152.025213 -7.062779 159.997209 7.384092 -179.988414
71.153169 152.025144 -7.065524 159.997205 7.380636 -179.988401
71.152932 152.025075 -7.068268 159.997203 7.377179 -179.988388
71.152694 152.025005 -7.071014 159.997199 7.373722 -179.988374
71.152455 152.024935 -7.073759 159.997195 7.370265 -179.988361
71.152217 152.024865 -7.076503 159.997193 7.366809 -179.988349
71.151979 152.024795 -7.079248 159.997189 7.363352 -179.988335
71.151741 152.024724 -7.081993 159.997185 7.359896 -179.988322
71.151503 152.024652 -7.084739 159.997183 7.356440 -179.988309
71.151265 152.024581 -7.087484 159.997179 7.352983 -179.988296
71.151026 152.024509 -7.090229 159.997176 7.349527 -179.988283
71.150788 152.024437 -7.092975 159.997173 7.346071 -179.988269
71.150550 152.024364 -7.095721 159.997169 7.342615 -179.988256
71.150312 152.024291 -7.098466 159.997166 7.339159 -179.988243
71.150074 152.024218 -7.101212 159.997163 7.335703 -179.988230
71.149835 152.024146 -7.103957 159.997159 7.332247 -179.988216
71.149597 152.024072 -7.106703 159.997156 7.328791 -179.988204
71.149358 152.023998 -7.109450 159.997152 7.325336 -179.988191
71.149120 152.023924 -7.112196 159.997150 7.321880 -179.988178
71.148881 152.023849 -7.114941 159.997146 7.318424 -179.988164
71.148642 152.023774 -7.117687 159.997142 7.314969 -179.988151
71.148405 152.023699 -7.120433 159.997140 7.311513 -179.988138
71.148166 152.023623 -7.123180 159.997136 7.308058 -179.988125
71.147927 152.023548 -7.125926 159.997133 7.304603 -179.988113
71.147689 152.023472 -7.128673 159.997130 7.301148 -179.988099
71.147450 152.023395 -7.131419 159.997127 7.297692 -179.988086
71.147212 152.023319 -7.134166 159.997123 7.294237 -179.988073
71.146973 152.023242 -7.136912 159.997120 7.290782 -179.988059
71.146735 152.023164 -7.139659 159.997117 7.287327 -179.988047
71.146496 152.023086 -7.142406 159.997113 7.283873 -179.988034
71.146258 152.023008 -7.145152 159.997110 7.280418 -179.988021
71.146018 152.022930 -7.147899 159.997107 7.276963 -179.988008
71.145780 152.022852 -7.150646 159.997104 7.273508 -179.987996
71.145541 152.022773 -7.153394 159.997100 7.270054 -179.987982
71.145303 152.022694 -7.156141 159.997098 7.266599 -179.987969
71.145063 152.022614 -7.158889 159.997094 7.263145 -179.987956
71.144825 152.022534 -7.161636 159.997091 7.259691 -179.987944
71.144586 152.022454 -7.164383 159.997088 7.256236 -179.987930
71.144347 152.022374 -7.167131 159.997085 7.252782 -179.987917
71.144109 152.022294 -7.169878 159.997081 7.249328 -179.987905
71.143870 152.022213 -7.172626 159.997078 7.245874 -179.987892
71.143631 152.022131 -7.175374 159.997075 7.242420 -179.987879
71.143392 152.022049 -7.178122 159.997072 7.238966 -179.987867
71.143153 152.021967 -7.180869 159.997068 7.235512 -179.987853
71.142914 152.021885 -7.183617 159.997066 7.232059 -179.987840
71.142675 152.021802 -7.186365 159.997062 7.228605 -179.987828
71.142436 152.021719 -7.189114 159.997059 7.225151 -179.987815
71.142197 152.021637 -7.191862 159.997055 7.221698 -179.987801
71.141957 152.021553 -7.194610 159.997053 7.218244 -179.987789
71.141719 152.021469 -7.197359 159.997049 7.214791 -179.987776
71.141479 152.021385 -7.200107 159.997046 7.211338 -179.987764
71.141241 152.021300 -7.202856 159.997043 7.207885 -179.987751
71.141001 152.021215 -7.205604 159.997040 7.204432 -179.987738
71.140762 152.021131 -7.208353 159.997037 7.200978 -179.987726
71.140523 152.021046 -7.211102 159.997033 7.197526 -179.987712
71.140284 152.020960 -7.213851 159.997031 7.194073 -179.987700
71.140044 152.020874 -7.216600 159.997027 7.190620 -179.987687
71.139805 152.020787 -7.219349 159.997024 7.187167 -179.987675
71.139566 152.020700 -7.222098 159.997021 7.183714 -179.987661
71.139326 152.020613 -7.224848 159.997018 7.180262 -179.987649
71.139087 152.020527 -7.227597 159.997015 7.176809 -179.987636
71.138848 152.020439 -7.230346 159.997011 7.173357 -179.987624
71.138608 152.020351 -7.233096 159.997009 7.169905 -179.987611
71.138369 152.020263 -7.235846 159.997005 7.166452 -179.987599
71.138128 152.020174 -7.238595 159.997002 7.163000 -179.987586
71.137889 152.020085 -7.241345 159.997000 7.159548 -179.987574
71.137649 152.019997 -7.244095 159.996996 7.156096 -179.987560
71.137410 152.019907 -7.246845 159.996993 7.152644 -179.987548
71.137171 152.019817 -7.249594 159.996989 7.149192 -179.987535
71.136931 152.019727 -7.252345 159.996987 7.145740 -179.987523
71.136691 152.019637 -7.255095 159.996984 7.142289 -179.987510
71.136451 152.019546 -7.257845 159.996980 7.138837 -179.987497
71.136211 152.019456 -7.260596 159.996978 7.135385 -179.987485
71.135972 152.019364 -7.263346 159.996975 7.131934 -179.987472
71.135732 152.019272 -7.266097 159.996971 7.128483 -179.987460
71.135492 152.019180 -7.268848 159.996968 7.125031 -179.987447
71.135253 152.019088 -7.271599 159.996966 7.121580 -179.987435
71.135012 152.018995 -7.274350 159.996962 7.118129 -179.987423
71.134772 152.018903 -7.277100 159.996959 7.114678 -179.987410
71.134533 152.018809 -7.279851 159.996956 7.111227 -179.987398
71.134292 152.018716 -7.282602 159.996953 7.107776 -179.987384
71.134052 152.018622 -7.285353 159.996950 7.104325 -179.987372
71.133813 152.018527 -7.288105 159.996947 7.100874 -179.987360
71.133572 152.018433 -7.290856 159.996944 7.097424 -179.987347
71.133332 152.018339 -7.293608 159.996941 7.093973 -179.987335
71.133092 152.018243 -7.296360 159.996938 7.090523 -179.987323
71.132851 152.018148 -7.299110 159.996935 7.087072 -179.987311
71.132611 152.018052 -7.301862 159.996932 7.083622 -179.987297
71.132371 152.017956 -7.304614 159.996929 7.080172 -179.987285
71.132131 152.017860 -7.307366 159.996926 7.076722 -179.987273
71.131890 152.017763 -7.310118 159.996923 7.073272 -179.987260
71.131650 152.017666 -7.312871 159.996920 7.069822 -179.987248
71.131410 152.017568 -7.315622 159.996917 7.066372 -179.987236
71.131169 152.017471 -7.318375 159.996914 7.062922 -179.987224
71.130929 152.017373 -7.321127 159.996911 7.059472 -179.987211
71.130688 152.017275 -7.323880 159.996908 7.056022 -179.987198
71.130447 152.017176 -7.326633 159.996905 7.052573 -179.987186
71.130207 152.017077 -7.329384 159.996902 7.049123 -179.987174
71.129967 152.016979 -7.332137 159.996899 7.045674 -179.987162
71.129726 152.016879 -7.334890 159.996897 7.042225 -179.987149
71.129485 152.016779 -7.337644 159.996893 7.038775 -179.987137
71.129244 152.016678 -7.340397 159.996890 7.035326 -179.987125
71.129003 152.016578 -7.343149 159.996887 7.031877 -179.987113
71.128763 152.016478 -7.345903 159.996885 7.028428 -179.987101
71.128522 152.016376 -7.348656 159.996882 7.024979 -179.987089
71.128281 152.016275 -7.351410 159.996878 7.021530 -179.987075
71.128040 152.016173 -7.354164 159.996875 7.018082 -179.987063
71.127799 152.016070 -7.356916 159.996873 7.014633 -179.987051
71.127558 152.015969 -7.359670 159.996870 7.011185 -179.987039
71.127317 152.015866 -7.362424 159.996867 7.007736 -179.987027
71.127076 152.015763 -7.365179 159.996864 7.004288 -179.987015
71.126834 152.015659 -7.367932 159.996861 7.000839 -179.987003
71.126593 152.015555 -7.370686 159.996858 6.997391 -179.986991
71.126352 152.015452 -7.373441 159.996855 6.993943 -179.986979
71.126111 152.015347 -7.376195 159.996852 6.990495 -179.986967
71.125870 152.015242 -7.378950 159.996850 6.987047 -179.986955
71.125629 152.015137 -7.381704 159.996847 6.983599 -179.986943
71.125387 152.015032 -7.384458 159.996844 6.980151 -179.986930
71.125146 152.014927 -7.387213 159.996841 6.976704 -179.986918
71.124904 152.014821 -7.389968 159.996839 6.973256 -179.986906
71.124663 152.014714 -7.392723 159.996835 6.969809 -179.986893
71.124421 152.014607 -7.395478 159.996832 6.966361 -179.986881
71.124179 152.014501 -7.398233 159.996829 6.962914 -179.986869
71.123937 152.014394 -7.400989 159.996827 6.959467 -179.986857
71.123696 152.014286 -7.403743 159.996824 6.956020 -179.986846
71.123454 152.014178 -7.406499 159.996821 6.952572 -179.986834
71.123212 152.014070 -7.409255 159.996818 6.949125 -179.986822
71.122971 152.013962 -7.412011 159.996816 6.945679 -179.986810
71.122729 152.013853 -7.414766 159.996813 6.942232 -179.986798
71.122488 152.013743 -7.417522 159.996810 6.938785 -179.986786
71.122245 152.013635 -7.420278 159.996807 6.935338 -179.986774
71.122004 152.013525 -7.423033 159.996805 6.931892 -179.986762
71.121761 152.013414 -7.425790 159.996802 6.928445 -179.986750
71.121519 152.013303 -7.428546 159.996799 6.924999 -179.986738
71.121277 152.013193 -7.431302 159.996796 6.921553 -179.986726
71.121035 152.013082 -7.434058 159.996793 6.918107 -179.986714
71.120793 152.012970 -7.436815 159.996791 6.914661 -179.986703
71.120551 152.012858 -7.439572 159.996788 6.911215 -179.986691
71.120308 152.012747 -7.442328 159.996785 6.907769 -179.986679
71.120066 152.012635 -7.445085 159.996782 6.904323 -179.986667
71.119824 152.012522 -7.447843 159.996780 6.900877 -179.986655
71.119581 152.012408 -7.450599 159.996777 6.897432 -179.986643
