-8.294710 150.003236 -100.044270 168.301186 -19.852146 177.179285
-8.299437 150.003228 -100.044045 168.301778 -19.852008 177.179064
-8.304163 150.003220 -100.043820 168.302371 -19.851870 177.178843
-8.308890 150.003212 -100.043596 168.302964 -19.851733 177.178622
-8.313617 150.003203 -100.043373 168.303556 -19.851595 177.178402
-8.318343 150.003195 -100.043150 168.304150 -19.851456 177.178180
-8.323070 150.003186 -100.042928 168.304742 -19.851319 177.177959
-8.327797 150.003178 -100.042706 168.305334 -19.851181 177.177738
-8.332524 150.003169 -100.042485 168.305926 -19.851042 177.177518
-8.337250 150.003161 -100.042264 168.306518 -19.850905 177.177296
-8.341977 150.003153 -100.042043 168.307110 -19.850766 177.177076
-8.346704 150.003144 -100.041824 168.307701 -19.850627 177.176855
-8.351431 150.003136 -100.041605 168.308293 -19.850490 177.176634
-8.356158 150.003127 -100.041386 168.308884 -19.850351 177.176413
-8.360885 150.003119 -100.041168 168.309476 -19.850212 177.176192
-8.365612 150.003110 -100.040951 168.310067 -19.850074 177.175972
-8.370339 150.003102 -100.040733 168.310658 -19.849935 177.175750
-8.375066 150.003094 -100.040517 168.311248 -19.849795 177.175530
-8.379793 150.003085 -100.040301 168.311839 -19.849657 177.175309
-8.384520 150.003077 -100.040086 168.312430 -19.849518 177.175088
-8.389248 150.003068 -100.039871 168.313020 -19.849378 177.174868
-8.393975 150.003059 -100.039657 168.313611 -19.849240 177.174647
-8.398702 150.003051 -100.039443 168.314201 -19.849100 177.174426
-8.403429 150.003042 -100.039230 168.314791 -19.848961 177.174205
-8.408157 150.003034 -100.039017 168.315382 -19.848821 177.173984
-8.412884 150.003026 -100.038805 168.315971 -19.848681 177.173763
-8.417612 150.003017 -100.038593 168.316560 -19.848542 177.173543
-8.422339 150.003009 -100.038382 168.317150 -19.848402 177.173323
-8.427066 150.003000 -100.038171 168.317740 -19.848262 177.173102
-8.431794 150.002991 -100.037961 168.318330 -19.848123 177.172881
-8.436522 150.002983 -100.037752 168.318918 -19.847983 177.172659
-8.441249 150.002975 -100.037543 168.319507 -19.847843 177.172439
-8.445977 150.002966 -100.037335 168.320096 -19.847703 177.172218
-8.450704 150.002958 -100.037127 168.320685 -19.847562 177.171998
-8.455432 150.002949 -100.036919 168.321273 -19.847422 177.171777
-8.460160 150.002940 -100.036713 168.321862 -19.847282 177.171557
-8.464888 150.002932 -100.036507 168.322450 -19.847142 177.171336
-8.469615 150.002924 -100.036301 168.323039 -19.847001 177.171115
-8.474343 150.002914 -100.036096 168.323627 -19.846861 177.170895
-8.479071 150.002906 -100.035891 168.324215 -19.846720 177.170674
-8.483799 150.002898 -100.035688 168.324803 -19.846579 177.170453
-8.488527 150.002890 -100.035483 168.325391 -19.846438 177.170232
-8.493255 150.002880 -100.035281 168.325978 -19.846297 177.170012
-8.497983 150.002872 -100.035078 168.326566 -19.846156 177.169791
-8.502711 150.002864 -100.034877 168.327153 -19.846015 177.169571
-8.507439 150.002855 -100.034676 168.327740 -19.845874 177.169350
-8.512167 150.002847 -100.034474 168.328328 -19.845732 177.169129
-8.516895 150.002838 -100.034274 168.328914 -19.845592 177.168910
-8.521623 150.002829 -100.034074 168.329501 -19.845450 177.168689
-8.526352 150.002821 -100.033875 168.330088 -19.845309 177.168468
-8.531080 150.002813 -100.033677 168.330675 -19.845167 177.168247
-8.535809 150.002804 -100.033479 168.331261 -19.845025 177.168026
-8.540538 150.002796 -100.033282 168.331847 -19.844883 177.167806
-8.545266 150.002786 -100.033085 168.332433 -19.844742 177.167586
-8.549994 150.002778 -100.032888 168.333019 -19.844599 177.167366
-8.554723 150.002770 -100.032693 168.333605 -19.844458 177.167145
-8.559451 150.002761 -100.032497 168.334191 -19.844315 177.166924
-8.564180 150.002753 -100.032303 168.334777 -19.844174 177.166703
-8.568908 150.002744 -100.032108 168.335362 -19.844031 177.166483
-8.573637 150.002735 -100.031915 168.335947 -19.843889 177.166262
-8.578365 150.002726 -100.031722 168.336533 -19.843746 177.166042
-8.583094 150.002718 -100.031529 168.337117 -19.843604 177.165822
-8.587823 150.002709 -100.031337 168.337703 -19.843461 177.165602
-8.592551 150.002701 -100.031146 168.338288 -19.843319 177.165381
-8.597280 150.002692 -100.030955 168.338872 -19.843175 177.165161
-8.602009 150.002684 -100.030764 168.339456 -19.843033 177.164940
-8.606738 150.002675 -100.030574 168.340041 -19.842891 177.164720
-8.611466 150.002666 -100.030386 168.340625 -19.842747 177.164500
-8.616195 150.002657 -100.030197 168.341209 -19.842604 177.164279
-8.620924 150.002649 -100.030009 168.341794 -19.842461 177.164059
-8.625653 150.002640 -100.029821 168.342378 -19.842318 177.163838
-8.630382 150.002631 -100.029635 168.342961 -19.842174 177.163617
-8.635111 150.002623 -100.029449 168.343545 -19.842031 177.163397
-8.639840 150.002614 -100.029263 168.344128 -19.841888 177.163177
-8.644569 150.002606 -100.029077 168.344712 -19.841744 177.162956
-8.649298 150.002597 -100.028893 168.345295 -19.841600 177.162737
-8.654027 150.002588 -100.028709 168.345878 -19.841456 177.162516
-8.658756 150.002580 -100.028525 168.346461 -19.841313 177.162295
-8.663486 150.002571 -100.028343 168.347044 -19.841169 177.162075
-8.668215 150.002562 -100.028160 168.347626 -19.841025 177.161855
-8.672944 150.002554 -100.027977 168.348209 -19.840881 177.161634
-8.677673 150.002545 -100.027797 168.348791 -19.840736 177.161414
-8.682403 150.002536 -100.027616 168.349374 -19.840592 177.161194
-8.687132 150.002528 -100.027436 168.349956 -19.840448 177.160973
-8.691861 150.002519 -100.027256 168.350538 -19.840303 177.160753
-8.696591 150.002510 -100.027076 168.351120 -19.840159 177.160533
-8.701320 150.002502 -100.026899 168.351702 -19.840015 177.160313
-8.706050 150.002493 -100.026720 168.352283 -19.839870 177.160093
-8.710779 150.002484 -100.026543 168.352865 -19.839725 177.159873
-8.715509 150.002475 -100.026366 168.353446 -19.839580 177.159652
-8.720238 150.002466 -100.026190 168.354027 -19.839435 177.159432
-8.724968 150.002458 -100.026014 168.354608 -19.839291 177.159212
-8.729698 150.002450 -100.025839 168.355189 -19.839145 177.158991
-8.734427 150.002441 -100.025664 168.355770 -19.839000 177.158772
-8.739157 150.002432 -100.025491 168.356350 -19.838855 177.158551
-8.743887 150.002424 -100.025318 168.356931 -19.838709 177.158331
-8.748617 150.002415 -100.025144 168.357511 -19.838564 177.158110
-8.753346 150.002406 -100.024972 168.358092 -19.838419 177.157891
-8.758076 150.002397 -100.024800 168.358672 -19.838274 177.157670
-8.762806 150.002388 -100.024629 168.359252 -19.838127 177.157450
-8.767536 150.002379 -100.024459 168.359832 -19.837982 177.157230
-8.772266 150.002371 -100.024289 168.360411 -19.837836 177.157010
-8.776996 150.002363 -100.024119 168.360991 -19.837690 177.156789
-8.781726 150.002354 -100.023951 168.361570 -19.837544 177.156569
-8.786456 150.002345 -100.023783 168.362150 -19.837398 177.156350
-8.791186 150.002336 -100.023614 168.362729 -19.837251 177.156130
-8.795916 150.002327 -100.023447 168.363308 -19.837105 177.155909
-8.800646 150.002319 -100.023281 168.363887 -19.836959 177.155689
-8.805377 150.002310 -100.023115 168.364466 -19.836813 177.155469
-8.810107 150.002301 -100.022950 168.365045 -19.836666 177.155249
-8.814837 150.002292 -100.022784 168.365622 -19.836519 177.155029
-8.819567 150.002283 -100.022620 168.366201 -19.836373 177.154809
-8.824298 150.002275 -100.022457 168.366780 -19.836226 177.154589
-8.829028 150.002266 -100.022294 168.367357 -19.836079 177.154369
-8.833758 150.002257 -100.022131 168.367935 -19.835932 177.154149
-8.838489 150.002248 -100.021970 168.368514 -19.835785 177.153929
-8.843219 150.002240 -100.021808 168.369091 -19.835639 177.153709
-8.847949 150.002231 -100.021647 168.369668 -19.835491 177.153489
-8.852680 150.002222 -100.021486 168.370245 -19.835344 177.153269
-8.857410 150.002213 -100.021328 168.370823 -19.835196 177.153048
-8.862141 150.002205 -100.021169 168.371401 -19.835049 177.152829
-8.866872 150.002196 -100.021009 168.371977 -19.834902 177.152608
-8.871602 150.002187 -100.020852 168.372554 -19.834753 177.152389
-8.876333 150.002179 -100.020695 168.373130 -19.834606 177.152169
-8.881064 150.002169 -100.020538 168.373708 -19.834458 177.151949
-8.885794 150.002160 -100.020382 168.374283 -19.834311 177.151729
-8.890525 150.002151 -100.020226 168.374860 -19.834163 177.151509
-8.895257 150.002143 -100.020071 168.375436 -19.834014 177.151290
-8.899988 150.002134 -100.019917 168.376013 -19.833866 177.151069
-8.904718 150.002125 -100.019763 168.376588 -19.833718 177.150849
-8.909449 150.002117 -100.019609 168.377164 -19.833570 177.150629
-8.914180 150.002107 -100.019456 168.377740 -19.833422 177.150409
-8.918911 150.002098 -100.019304 168.378315 -19.833274 177.150190
-8.923642 150.002090 -100.019153 168.378891 -19.833124 177.149970
-8.928373 150.002081 -100.019002 168.379465 -19.832976 177.149751
-8.933104 150.002072 -100.018852 168.380041 -19.832827 177.149531
-8.937835 150.002063 -100.018702 168.380616 -19.832679 177.149311
-8.942566 150.002054 -100.018553 168.381190 -19.832530 177.149090
-8.947297 150.002046 -100.018405 168.381765 -19.832381 177.148871
-8.952028 150.002037 -100.018256 168.382340 -19.832232 177.148651
-8.956760 150.002027 -100.018109 168.382914 -19.832082 177.148431
-8.961491 150.002019 -100.017962 168.383489 -19.831933 177.148212
-8.966222 150.002010 -100.017816 168.384063 -19.831784 177.147991
-8.970953 150.002001 -100.017670 168.384636 -19.831634 177.147772
-8.975685 150.001992 -100.017525 168.385210 -19.831485 177.147552
-8.980416 150.001984 -100.017381 168.385784 -19.831336 177.147332
-8.985147 150.001975 -100.017237 168.386358 -19.831186 177.147113
-8.989879 150.001965 -100.017094 168.386931 -19.831036 177.146892
-8.994610 150.001957 -100.016950 168.387504 -19.830887 177.146673
-8.999342 150.001947 -100.016809 168.388077 -19.830736 177.146453
-9.004073 150.001939 -100.016667 168.388651 -19.830586 177.146234
-9.008805 150.001930 -100.016527 168.389223 -19.830436 177.146014
-9.013536 150.001921 -100.016386 168.389796 -19.830286 177.145794
-9.018268 150.001912 -100.016246 168.390369 -19.830136 177.145574
-9.022999 150.001904 -100.016107 168.390941 -19.829986 177.145355
-9.027731 150.001894 -100.015969 168.391513 -19.829835 177.145135
-9.032463 150.001886 -100.015830 168.392085 -19.829685 177.144915
-9.037194 150.001876 -100.015693 168.392657 -19.829534 177.144695
-9.041926 150.001868 -100.015556 168.393229 -19.829384 177.144476
-9.046658 150.001858 -100.015420 168.393801 -19.829233 177.144256
-9.051389 150.001850 -100.015285 168.394372 -19.829082 177.144036
-9.056121 150.001840 -100.015149 168.394944 -19.828931 177.143817
-9.060853 150.001832 -100.015015 168.395515 -19.828780 177.143597
-9.065585 150.001822 -100.014882 168.396086 -19.828629 177.143378
-9.070317 150.001814 -100.014748 168.396657 -19.828478 177.143158
-9.075049 150.001805 -100.014616 168.397228 -19.828327 177.142939
-9.079781 150.001796 -100.014484 168.397799 -19.828175 177.142719
-9.084513 150.001787 -100.014352 168.398370 -19.828024 177.142499
-9.089245 150.001778 -100.014221 168.398940 -19.827872 177.142280
-9.093977 150.001769 -100.014091 168.399511 -19.827721 177.142061
-9.098709 150.001761 -100.013962 168.400081 -19.827569 177.141840
-9.103441 150.001751 -100.013832 168.400651 -19.827417 177.141621
-9.108173 150.001742 -100.013704 168.401222 -19.827265 177.141401
-9.112905 150.001733 -100.013576 168.401791 -19.827113 177.141182
-9.117638 150.001724 -100.013449 168.402360 -19.826961 177.140962
-9.122370 150.001716 -100.013323 168.402930 -19.826809 177.140743
-9.127102 150.001706 -100.013196 168.403500 -19.826657 177.140523
-9.131834 150.001697 -100.013070 168.404069 -19.826504 177.140304
-9.136567 150.001689 -100.012946 168.404638 -19.826352 177.140085
-9.141299 150.001679 -100.012822 168.405208 -19.826200 177.139865
-9.146031 150.001670 -100.012698 168.405776 -19.826047 177.139645
-9.150764 150.001662 -100.012575 168.406345 -19.825894 177.139425
-9.155496 150.001652 -100.012453 168.406913 -19.825741 177.139206
-9.160229 150.001643 -100.012331 168.407481 -19.825588 177.138987
-9.164961 150.001634 -100.012210 168.408050 -19.825436 177.138768
-9.169694 150.001625 -100.012089 168.408618 -19.825282 177.138549
-9.174426 150.001616 -100.011969 168.409185 -19.825130 177.138329
-9.179159 150.001607 -100.011850 168.409754 -19.824977 177.138110
-9.183891 150.001599 -100.011731 168.410322 -19.824824 177.137890
-9.188624 150.001589 -100.011613 168.410889 -19.824670 177.137670
-9.193357 150.001580 -100.011495 168.411456 -19.824517 177.137451
-9.198089 150.001571 -100.011378 168.412024 -19.824363 177.137232
-9.202822 150.001562 -100.011261 168.412591 -19.824209 177.137012
-9.207555 150.001553 -100.011146 168.413158 -19.824056 177.136793
-9.212288 150.001544 -100.011031 168.413724 -19.823902 177.136574
-9.217021 150.001535 -100.010917 168.414291 -19.823748 177.136355
-9.221753 150.001526 -100.010802 168.414859 -19.823595 177.136134
-9.226486 150.001516 -100.010689 168.415424 -19.823440 177.135916
-9.231219 150.001507 -100.010576 168.415991 -19.823286 177.135696
-9.235952 150.001498 -100.010465 168.416557 -19.823132 177.135477
-9.240685 150.001490 -100.010353 168.417122 -19.822977 177.135257
-9.245418 150.001481 -100.010242 168.417689 -19.822823 177.135039
-9.250151 150.001472 -100.010131 168.418254 -19.822668 177.134819
-9.254884 150.001462 -100.010022 168.418820 -19.822514 177.134599
-9.259617 150.001453 -100.009913 168.419385 -19.822360 177.134381
-9.264350 150.001444 -100.009804 168.419951 -19.822205 177.134161
-9.269083 150.001435 -100.009697 168.420516 -19.822050 177.133942
-9.273817 150.001426 -100.009590 168.421082 -19.821895 177.133722
-9.278550 150.001417 -100.009483 168.421646 -19.821741 177.133503
-9.283283 150.001408 -100.009377 168.422210 -19.821585 177.133284
-9.288016 150.001399 -100.009272 168.422776 -19.821430 177.133064
-9.292749 150.001389 -100.009168 168.423340 -19.821274 177.132845
-9.297483 150.001380 -100.009063 168.423904 -19.821119 177.132626
-9.302216 150.001371 -100.008960 168.424469 -19.820964 177.132407
-9.306949 150.001362 -100.008857 168.425032 -19.820809 177.132188
-9.311683 150.001353 -100.008754 168.425596 -19.820653 177.131969
-9.316416 150.001344 -100.008653 168.426160 -19.820497 177.131750
-9.321150 150.001335 -100.008551 168.426724 -19.820341 177.131531
-9.325883 150.001326 -100.008451 168.427287 -19.820186 177.131311
-9.330617 150.001317 -100.008352 168.427850 -19.820029 177.131092
-9.335350 150.001308 -100.008252 168.428413 -19.819873 177.130874
-9.340084 150.001299 -100.008154 168.428976 -19.819717 177.130654
-9.344817 150.001289 -100.008056 168.429540 -19.819561 177.130435
-9.349551 150.001280 -100.007959 168.430102 -19.819405 177.130216
-9.354285 150.001270 -100.007862 168.430665 -19.819248 177.129997
-9.359018 150.001262 -100.007766 168.431227 -19.819091 177.129778
-9.363752 150.001252 -100.007671 168.431789 -19.818936 177.129559
-9.368486 150.001243 -100.007575 168.432351 -19.818779 177.129340
-9.373219 150.001235 -100.007481 168.432913 -19.818622 177.129120
-9.377953 150.001226 -100.007388 168.433475 -19.818465 177.128901
-9.382687 150.001215 -100.007295 168.434038 -19.818308 177.128682
-9.387422 150.001207 -100.007202 168.434599 -19.818151 177.128463
-9.392156 150.001198 -100.007111 168.435161 -19.817994 177.128244
-9.396889 150.001189 -100.007020 168.435722 -19.817837 177.128025
-9.401623 150.001179 -100.006930 168.436283 -19.817680 177.127806
-9.406357 150.001170 -100.006840 168.436844 -19.817522 177.127587
-9.411091 150.001161 -100.006750 168.437405 -19.817365 177.127368
-9.415825 150.001152 -100.006662 168.437966 -19.817207 177.127149
-9.420559 150.001142 -100.006574 168.438527 -19.817049 177.126930
-9.425293 150.001133 -100.006487 168.439086 -19.816892 177.126711
-9.430027 150.001124 -100.006400 168.439647 -19.816734 177.126492
-9.434761 150.001115 -100.006314 168.440207 -19.816576 177.126274
-9.439496 150.001105 -100.006229 168.440767 -19.816419 177.126054
-9.444230 150.001096 -100.006144 168.441327 -19.816260 177.125835
-9.448964 150.001087 -100.006059 168.441887 -19.816102 177.125617
-9.453698 150.001078 -100.005976 168.442447 -19.815944 177.125397
-9.458432 150.001069 -100.005893 168.443006 -19.815785 177.125179
-9.463167 150.001059 -100.005810 168.443566 -19.815628 177.124960
-9.467901 150.001050 -100.005728 168.444124 -19.815469 177.124741
-9.472635 150.001041 -100.005647 168.444683 -19.815310 177.124522
-9.477370 150.001031 -100.005568 168.445242 -19.815152 177.124303
-9.482104 150.001023 -100.005488 168.445801 -19.814992 177.124084
-9.486838 150.001013 -100.005409 168.446359 -19.814834 177.123866
-9.491573 150.001004 -100.005330 168.446918 -19.814675 177.123646
-9.496307 150.000995 -100.005252 168.447476 -19.814515 177.123427
-9.501042 150.000985 -100.005175 168.448035 -19.814357 177.123208
-9.505776 150.000976 -100.005098 168.448592 -19.814197 177.122990
-9.510511 150.000967 -100.005022 168.449150 -19.814039 177.122771
-9.515245 150.000958 -100.004947 168.449708 -19.813879 177.122552
-9.519980 150.000948 -100.004872 168.450265 -19.813719 177.122334
-9.524714 150.000939 -100.004798 168.450823 -19.813560 177.122115
-9.529449 150.000930 -100.004724 168.451381 -19.813400 177.121896
-9.534184 150.000921 -100.004651 168.451937 -19.813241 177.121677
-9.538918 150.000911 -100.004580 168.452495 -19.813080 177.121458
-9.543653 150.000902 -100.004508 168.453051 -19.812921 177.121240
-9.548388 150.000893 -100.004437 168.453608 -19.812760 177.121020
-9.553122 150.000883 -100.004367 168.454165 -19.812601 177.120802
-9.557857 150.000874 -100.004297 168.454721 -19.812440 177.120583
-9.562592 150.000864 -100.004228 168.455278 -19.812281 177.120365
-9.567327 150.000856 -100.004160 168.455833 -19.812120 177.120146
-9.572062 150.000846 -100.004092 168.456390 -19.811960 177.119927
-9.576797 150.000836 -100.004024 168.456945 -19.811799 177.119709
-9.581532 150.000828 -100.003958 168.457501 -19.811639 177.119490
-9.586266 150.000818 -100.003892 168.458057 -19.811477 177.119271
-9.591001 150.000808 -100.003827 168.458612 -19.811317 177.119052
-9.595736 150.000800 -100.003762 168.459167 -19.811156 177.118833
-9.600471 150.000790 -100.003698 168.459722 -19.810995 177.118615
-9.605206 150.000780 -100.003634 168.460278 -19.810834 177.118396
-9.609941 150.000772 -100.003572 168.460832 -19.810673 177.118177
-9.614677 150.000762 -100.003509 168.461388 -19.810511 177.117959
-9.619412 150.000753 -100.003448 168.461942 -19.810351 177.117740
-9.624147 150.000744 -100.003387 168.462496 -19.810189 177.117522
-9.628882 150.000734 -100.003327 168.463051 -19.810028 177.117303
-9.633617 150.000725 -100.003267 168.463605 -19.809865 177.117084
-9.638352 150.000715 -100.003208 168.464158 -19.809704 177.116866
-9.643088 150.000707 -100.003150 168.464712 -19.809542 177.116647
-9.647823 150.000697 -100.003091 168.465266 -19.809381 177.116428
-9.652558 150.000687 -100.003035 168.465820 -19.809219 177.116210
-9.657293 150.000678 -100.002977 168.466373 -19.809057 177.115991
-9.662029 150.000668 -100.002922 168.466927 -19.808895 177.115773
-9.666764 150.000660 -100.002867 168.467480 -19.808732 177.115555
-9.671499 150.000650 -100.002812 168.468033 -19.808570 177.115335
-9.676235 150.000641 -100.002757 168.468585 -19.808408 177.115117
-9.680970 150.000631 -100.002704 168.469138 -19.808245 177.114899
-9.685706 150.000621 -100.002651 168.469690 -19.808083 177.114681
-9.690441 150.000612 -100.002599 168.470243 -19.807920 177.114462
-9.695177 150.000602 -100.002547 168.470796 -19.807758 177.114243
-9.699912 150.000594 -100.002496 168.471348 -19.807595 177.114024
-9.704648 150.000584 -100.002446 168.471900 -19.807432 177.113806
-9.709383 150.000575 -100.002397 168.472451 -19.807269 177.113588
-9.714119 150.000566 -100.002348 168.473003 -19.807106 177.113369
-9.718854 150.000556 -100.002298 168.473554 -19.806943 177.113151
-9.723590 150.000547 -100.002250 168.474106 -19.806780 177.112932
-9.728326 150.000537 -100.002203 168.474657 -19.806616 177.112713
-9.733061 150.000528 -100.002157 168.475208 -19.806453 177.112496
-9.737797 150.000518 -100.002111 168.475759 -19.806290 177.112277
-9.742533 150.000509 -100.002065 168.476310 -19.806126 177.112058
-9.747268 150.000499 -100.002021 168.476861 -19.805963 177.111840
-9.752004 150.000490 -100.001976 168.477411 -19.805799 177.111622
-9.756740 150.000481 -100.001933 168.477962 -19.805635 177.111403
-9.761476 150.000471 -100.001890 168.478512 -19.805471 177.111185
-9.766211 150.000462 -100.001848 168.479062 -19.805308 177.110966
-9.770947 150.000452 -100.001806 168.479613 -19.805143 177.110748
-9.775683 150.000443 -100.001765 168.480163 -19.804979 177.110529
-9.780419 150.000433 -100.001724 168.480712 -19.804815 177.110312
-9.785155 150.000424 -100.001684 168.481262 -19.804651 177.110092
-9.789891 150.000415 -100.001645 168.481812 -19.804486 177.109874
-9.794627 150.000405 -100.001606 168.482361 -19.804322 177.109656
-9.799363 150.000396 -100.001569 168.482910 -19.804158 177.109437
-9.804099 150.000386 -100.001531 168.483459 -19.803992 177.109219
-9.808835 150.000376 -100.001494 168.484008 -19.803828 177.109001
-9.813571 150.000367 -100.001458 168.484557 -19.803663 177.108782
-9.818307 150.000358 -100.001422 168.485106 -19.803499 177.108564
-9.823043 150.000348 -100.001387 168.485653 -19.803333 177.108346
-9.827779 150.000339 -100.001354 168.486202 -19.803168 177.108127
-9.832515 150.000330 -100.001320 168.486750 -19.803003 177.107910
-9.837251 150.000320 -100.001286 168.487299 -19.802838 177.107691
-9.841987 150.000310 -100.001255 168.487846 -19.802672 177.107472
-9.846723 150.000301 -100.001222 168.488394 -19.802507 177.107255
-9.851460 150.000292 -100.001191 168.488942 -19.802342 177.107036
-9.856196 150.000281 -100.001160 168.489489 -19.802177 177.106818
-9.860932 150.000272 -100.001130 168.490036 -19.802011 177.106599
-9.865668 150.000263 -100.001101 168.490584 -19.801845 177.106381
-9.870405 150.000254 -100.001072 168.491130 -19.801679 177.106163
-9.875141 150.000244 -100.001044 168.491678 -19.801513 177.105944
-9.879877 150.000234 -100.001016 168.492225 -19.801348 177.105726
-9.884614 150.000225 -100.000990 168.492771 -19.801182 177.105508
-9.889350 150.000216 -100.000963 168.493318 -19.801015 177.105290
-9.894086 150.000205 -100.000937 168.493864 -19.800849 177.105072
-9.898823 150.000196 -100.000912 168.494410 -19.800683 177.104853
-9.903559 150.000187 -100.000887 168.494956 -19.800516 177.104635
-9.908296 150.000177 -100.000864 168.495502 -19.800350 177.104417
-9.913032 150.000168 -100.000840 168.496047 -19.800184 177.104199
-9.917768 150.000159 -100.000818 168.496594 -19.800016 177.103980
-9.922505 150.000148 -100.000795 168.497139 -19.799850 177.103763
-9.927241 150.000139 -100.000774 168.497685 -19.799683 177.103544
-9.931978 150.000130 -100.000754 168.498229 -19.799516 177.103326
-9.936715 150.000120 -100.000733 168.498775 -19.799349 177.103108
-9.941451 150.000111 -100.000714 168.499319 -19.799182 177.102890
-9.946188 150.000101 -100.000694 168.499865 -19.799015 177.102672
-9.950924 150.000092 -100.000676 168.500409 -19.798847 177.102453
-9.955661 150.000082 -100.000658 168.500953 -19.798680 177.102236
-9.960398 150.000072 -100.000641 168.501498 -19.798513 177.102017
-9.965134 150.000063 -100.000624 168.502042 -19.798346 177.101799
-9.969871 150.000053 -100.000609 168.502586 -19.798178 177.101581
-9.974608 150.000044 -100.000593 168.503131 -19.798011 177.101362
-9.979344 150.000034 -100.000578 168.503674 -19.797843 177.101144
-9.984081 150.000025 -100.000564 168.504218 -19.797675 177.100926
-9.988818 150.000015 -100.000551 168.504762 -19.797507 177.100708
-9.993554 150.000006 -100.000537 168.505305 -19.797340 177.100490
-9.998291 149.999996 -100.000525 168.505848 -19.797171 177.100272
-10.003028 149.999987 -100.000513 168.506391 -19.797003 177.100054
-10.007765 149.999977 -100.000503 168.506935 -19.796834 177.099836
-10.012502 149.999968 -100.000492 168.507477 -19.796666 177.099618
-10.017239 149.999958 -100.000481 168.508020 -19.796498 177.099399
-10.021975 149.999948 -100.000472 168.508562 -19.796330 177.099182
-10.026712 149.999939 -100.000464 168.509104 -19.796161 177.098964
-10.031449 149.999929 -100.000456 168.509648 -19.795993 177.098745
-10.036186 149.999920 -100.000448 168.510190 -19.795824 177.098527
-10.040923 149.999910 -100.000441 168.510731 -19.795655 177.098309
-10.045660 149.999900 -100.000435 168.511273 -19.795486 177.098092
-10.050397 149.999891 -100.000430 168.511815 -19.795317 177.097873
-10.055134 149.999881 -100.000425 168.512356 -19.795148 177.097656
-10.059871 149.999872 -100.000420 168.512898 -19.794979 177.097437
-10.064608 149.999862 -100.000416 168.513439 -19.794810 177.097219
-10.069345 149.999852 -100.000413 168.513981 -19.794641 177.097002
-10.074082 149.999843 -100.000409 168.514522 -19.794472 177.096783
-10.078819 149.999833 -100.000408 168.515063 -19.794302 177.096565
-10.083556 149.999823 -100.000407 168.515604 -19.794133 177.096347
-10.088293 149.999813 -100.000406 168.516144 -19.793963 177.096129
-10.093031 149.999804 -100.000405 168.516685 -19.793793 177.095911
-10.097768 149.999794 -100.000406 168.517225 -19.793624 177.095693
-10.102505 149.999785 -100.000406 168.517765 -19.793454 177.095475
-10.107242 149.999776 -100.000408 168.518306 -19.793284 177.095257
-10.111979 149.999766 -100.000410 168.518846 -19.793114 177.095039
-10.116716 149.999756 -100.000412 168.519384 -19.792944 177.094821
-10.121454 149.999746 -100.000417 168.519924 -19.792773 177.094604
-10.126191 149.999736 -100.000420 168.520464 -19.792603 177.094386
-10.130928 149.999727 -100.000425 168.521003 -19.792433 177.094167
-10.135665 149.999718 -100.000430 168.521543 -19.792262 177.093949
-10.140403 149.999708 -100.000435 168.522082 -19.792093 177.093732
-10.145140 149.999698 -100.000442 168.522621 -19.791922 177.093513
-10.149877 149.999688 -100.000449 168.523159 -19.791751 177.093296
-10.154615 149.999679 -100.000456 168.523698 -19.791581 177.093077
-10.159352 149.999669 -100.000464 168.524237 -19.791410 177.092860
-10.164089 149.999660 -100.000474 168.524775 -19.791239 177.092642
-10.168827 149.999650 -100.000483 168.525314 -19.791068 177.092424
-10.173564 149.999640 -100.000492 168.525851 -19.790897 177.092206
-10.178301 149.999630 -100.000503 168.526389 -19.790725 177.091988
-10.183039 149.999621 -100.000514 168.526928 -19.790554 177.091770
-10.187776 149.999611 -100.000526 168.527466 -19.790383 177.091552
-10.192514 149.999601 -100.000539 168.528003 -19.790212 177.091334
-10.197251 149.999592 -100.000551 168.528540 -19.790041 177.091117
-10.201989 149.999583 -100.000565 168.529078 -19.789869 177.090898
-10.206726 149.999573 -100.000579 168.529614 -19.789697 177.090681
-10.211464 149.999563 -100.000593 168.530152 -19.789526 177.090463
-10.216201 149.999553 -100.000609 168.530689 -19.789354 177.090245
-10.220939 149.999544 -100.000624 168.531225 -19.789182 177.090027
-10.225676 149.999534 -100.000641 168.531762 -19.789011 177.089809
-10.230414 149.999524 -100.000659 168.532299 -19.788838 177.089592
-10.235151 149.999515 -100.000676 168.532835 -19.788666 177.089374
-10.239889 149.999505 -100.000695 168.533371 -19.788494 177.089156
-10.244626 149.999495 -100.000713 168.533907 -19.788322 177.088938
-10.249364 149.999486 -100.000733 168.534443 -19.788150 177.088720
-10.254102 149.999476 -100.000753 168.534979 -19.787978 177.088502
-10.258839 149.999466 -100.000774 168.535515 -19.787805 177.088284
-10.263577 149.999457 -100.000794 168.536050 -19.787632 177.088066
-10.268315 149.999447 -100.000817 168.536586 -19.787459 177.087849
-10.273052 149.999437 -100.000840 168.537120 -19.787287 177.087631
-10.277790 149.999427 -100.000862 168.537656 -19.787114 177.087413
-10.282528 149.999417 -100.000886 168.538191 -19.786941 177.087195
-10.287265 149.999408 -100.000910 168.538726 -19.786768 177.086977
-10.292003 149.999398 -100.000935 168.539260 -19.786595 177.086760
-10.296741 149.999389 -100.000960 168.539795 -19.786423 177.086542
-10.301479 149.999379 -100.000987 168.540329 -19.786249 177.086324
-10.306216 149.999369 -100.001014 168.540863 -19.786076 177.086106
-10.310954 149.999359 -100.001040 168.541398 -19.785902 177.085888
-10.315692 149.999349 -100.001068 168.541932 -19.785730 177.085670
-10.320430 149.999340 -100.001097 168.542466 -19.785556 177.085452
-10.325168 149.999330 -100.001126 168.543000 -19.785382 177.085234
-10.329905 149.999321 -100.001156 168.543533 -19.785208 177.085017
-10.334643 149.999311 -100.001185 168.544067 -19.785035 177.084799
-10.339381 149.999301 -100.001216 168.544600 -19.784861 177.084582
-10.344119 149.999291 -100.001247 168.545133 -19.784687 177.084364
-10.348857 149.999282 -100.001279 168.545666 -19.784513 177.084146
-10.353595 149.999272 -100.001312 168.546200 -19.784340 177.083928
-10.358333 149.999262 -100.001345 168.546732 -19.784165 177.083711
-10.363071 149.999252 -100.001379 168.547265 -19.783991 177.083493
-10.367809 149.999243 -100.001413 168.547797 -19.783817 177.083275
-10.372546 149.999233 -100.001448 168.548330 -19.783642 177.083057
-10.377284 149.999223 -100.001483 168.548862 -19.783468 177.082839
-10.382022 149.999213 -100.001519 168.549394 -19.783294 177.082622
-10.386760 149.999204 -100.001555 168.549926 -19.783119 177.082404
-10.391498 149.999193 -100.001593 168.550457 -19.782944 177.082187
-10.396236 149.999184 -100.001631 168.550989 -19.782770 177.081969
-10.400974 149.999175 -100.001669 168.551521 -19.782595 177.081751
-10.405712 149.999164 -100.001708 168.552053 -19.782420 177.081534
-10.410450 149.999155 -100.001748 168.552584 -19.782245 177.081316
-10.415188 149.999145 -100.001788 168.553115 -19.782070 177.081098
-10.419926 149.999135 -100.001829 168.553646 -19.781895 177.080880
-10.424665 149.999126 -100.001870 168.554177 -19.781720 177.080662
-10.429403 149.999116 -100.001912 168.554708 -19.781545 177.080444
-10.434141 149.999106 -100.001955 168.555238 -19.781369 177.080227
-10.438879 149.999097 -100.001998 168.555769 -19.781194 177.080009
-10.443617 149.999086 -100.002041 168.556299 -19.781018 177.079792
-10.448355 149.999077 -100.002085 168.556829 -19.780842 177.079574
-10.453093 149.999067 -100.002131 168.557359 -19.780667 177.079357
-10.457831 149.999057 -100.002176 168.557889 -19.780491 177.079139
-10.462569 149.999048 -100.002222 168.558419 -19.780316 177.078921
-10.467307 149.999037 -100.002268 168.558949 -19.780140 177.078703
-10.472046 149.999028 -100.002316 168.559478 -19.779963 177.078486
-10.476784 149.999018 -100.002364 168.560008 -19.779788 177.078268
-10.481522 149.999009 -100.002412 168.560537 -19.779611 177.078050
-10.486260 149.998998 -100.002461 168.561066 -19.779436 177.077832
-10.490998 149.998989 -100.002511 168.561595 -19.779259 177.077615
-10.495737 149.998979 -100.002561 168.562123 -19.779083 177.077397
-10.500475 149.998969 -100.002611 168.562652 -19.778907 177.077180
-10.505213 149.998959 -100.002663 168.563181 -19.778730 177.076962
-10.509951 149.998950 -100.002714 168.563710 -19.778554 177.076744
-10.514689 149.998940 -100.002767 168.564238 -19.778377 177.076527
-10.519428 149.998930 -100.002820 168.564767 -19.778200 177.076309
-10.524166 149.998920 -100.002873 168.565294 -19.778023 177.076091
-10.528904 149.998910 -100.002927 168.565822 -19.777847 177.075874
-10.533643 149.998901 -100.002983 168.566350 -19.777669 177.075656
-10.538381 149.998891 -100.003037 168.566878 -19.777493 177.075438
-10.543119 149.998882 -100.003094 168.567405 -19.777315 177.075220
-10.547857 149.998871 -100.003150 168.567932 -19.777139 177.075003
-10.552596 149.998861 -100.003208 168.568460 -19.776961 177.074785
-10.557334 149.998852 -100.003265 168.568986 -19.776784 177.074568
-10.562072 149.998842 -100.003324 168.569513 -19.776606 177.074351
