19.538988 149.934370 59.045258 162.269652 67.485258 162.934564
19.538245 149.934252 59.043724 162.272754 67.481161 162.938863
19.537502 149.934134 59.042192 162.275854 67.477065 162.943162
19.536760 149.934016 59.040658 162.278954 67.472967 162.947459
19.536017 149.933899 59.039126 162.282052 67.468870 162.951754
19.535275 149.933781 59.037592 162.285147 67.464772 162.956048
19.534532 149.933663 59.036060 162.288241 67.460675 162.960340
19.533789 149.933545 59.034528 162.291334 67.456577 162.964632
19.533047 149.933427 59.032994 162.294425 67.452480 162.968922
19.532303 149.933308 59.031462 162.297513 67.448383 162.973211
19.531561 149.933190 59.029929 162.300601 67.444285 162.977498
19.530818 149.933072 59.028397 162.303686 67.440188 162.981783
19.530076 149.932954 59.026865 162.306770 67.436090 162.986068
19.529334 149.932836 59.025332 162.309852 67.431993 162.990351
19.528591 149.932717 59.023800 162.312932 67.427895 162.994633
19.527849 149.932599 59.022268 162.316011 67.423798 162.998913
19.527106 149.932481 59.020736 162.319088 67.419700 163.003192
19.526364 149.932362 59.019204 162.322163 67.415603 163.007470
19.525622 149.932244 59.017672 162.325237 67.411505 163.011747
19.524879 149.932126 59.016139 162.328308 67.407408 163.016021
19.524137 149.932007 59.014608 162.331379 67.403309 163.020294
19.523395 149.931889 59.013076 162.334448 67.399211 163.024567
19.522653 149.931770 59.011544 162.337514 67.395114 163.028837
19.521910 149.931652 59.010013 162.340579 67.391016 163.033107
19.521168 149.931533 59.008481 162.343642 67.386919 163.037375
19.520426 149.931414 59.006950 162.346705 67.382820 163.041642
19.519684 149.931296 59.005419 162.349765 67.378722 163.045908
19.518942 149.931177 59.003886 162.352822 67.374625 163.050171
19.518199 149.931058 59.002355 162.355879 67.370527 163.054433
19.517457 149.930939 59.000824 162.358934 67.366428 163.058695
19.516715 149.930821 58.999293 162.361988 67.362330 163.062956
19.515973 149.930702 58.997762 162.365039 67.358232 163.067214
19.515231 149.930583 58.996230 162.368089 67.354134 163.071472
19.514489 149.930464 58.994699 162.371137 67.350036 163.075727
19.513747 149.930345 58.993169 162.374183 67.345938 163.079982
19.513005 149.930226 58.991638 162.377228 67.341840 163.084235
19.512263 149.930107 58.990107 162.380271 67.337742 163.088486
19.511521 149.929988 58.988576 162.383312 67.333643 163.092738
19.510779 149.929869 58.987046 162.386352 67.329545 163.096987
19.510037 149.929750 58.985515 162.389391 67.325446 163.101235
19.509295 149.929631 58.983985 162.392426 67.321349 163.105480
19.508553 149.929512 58.982454 162.395461 67.317250 163.109726
19.507812 149.929393 58.980924 162.398494 67.313152 163.113969
19.507070 149.929274 58.979394 162.401526 67.309053 163.118213
19.506328 149.929155 58.977863 162.404555 67.304955 163.122454
19.505586 149.929036 58.976333 162.407583 67.300856 163.126693
19.504844 149.928916 58.974803 162.410609 67.296758 163.130931
19.504102 149.928797 58.973273 162.413634 67.292659 163.135169
19.503360 149.928678 58.971743 162.416657 67.288561 163.139405
19.502618 149.928558 58.970213 162.419678 67.284462 163.143639
19.501877 149.928439 58.968683 162.422697 67.280364 163.147871
19.501135 149.928319 58.967153 162.425716 67.276265 163.152104
19.500393 149.928200 58.965623 162.428731 67.272167 163.156334
19.499651 149.928080 58.964094 162.431746 67.268067 163.160563
19.498910 149.927961 58.962564 162.434759 67.263969 163.164791
19.498168 149.927841 58.961034 162.437770 67.259870 163.169017
19.497427 149.927721 58.959504 162.440779 67.255772 163.173242
19.496685 149.927602 58.957976 162.443787 67.251673 163.177466
19.495944 149.927482 58.956446 162.446794 67.247574 163.181688
19.495202 149.927362 58.954917 162.449798 67.243475 163.185909
19.494460 149.927242 58.953388 162.452801 67.239375 163.190129
19.493719 149.927123 58.951858 162.455802 67.235277 163.194347
19.492978 149.927003 58.950329 162.458802 67.231178 163.198564
19.492236 149.926883 58.948801 162.461799 67.227079 163.202780
19.491495 149.926763 58.947272 162.464796 67.222979 163.206994
19.490753 149.926643 58.945742 162.467790 67.218881 163.211208
19.490012 149.926523 58.944213 162.470783 67.214782 163.215419
19.489270 149.926403 58.942685 162.473774 67.210682 163.219630
19.488529 149.926283 58.941156 162.476764 67.206583 163.223838
19.487788 149.926163 58.939627 162.479752 67.202484 163.228046
19.487047 149.926043 58.938100 162.482737 67.198385 163.232252
19.486305 149.925923 58.936571 162.485722 67.194286 163.236457
19.485564 149.925802 58.935042 162.488705 67.190186 163.240662
19.484823 149.925682 58.933514 162.491686 67.186087 163.244864
19.484082 149.925562 58.931986 162.494665 67.181988 163.249065
19.483340 149.925442 58.930457 162.497644 67.177888 163.253264
19.482599 149.925321 58.928930 162.500620 67.173789 163.257462
19.481858 149.925201 58.927401 162.503594 67.169690 163.261660
19.481117 149.925081 58.925874 162.506567 67.165590 163.265855
19.480376 149.924960 58.924345 162.509539 67.161491 163.270049
19.479634 149.924840 58.922817 162.512509 67.157391 163.274243
19.478893 149.924719 58.921290 162.515476 67.153292 163.278435
19.478152 149.924599 58.919762 162.518443 67.149192 163.282625
19.477411 149.924478 58.918234 162.521407 67.145093 163.286813
19.476670 149.924358 58.916706 162.524370 67.140993 163.291002
19.475929 149.924237 58.915179 162.527331 67.136894 163.295188
19.475188 149.924117 58.913651 162.530291 67.132794 163.299373
19.474447 149.923996 58.912124 162.533249 67.128695 163.303557
19.473706 149.923875 58.910596 162.536205 67.124595 163.307740
19.472965 149.923755 58.909070 162.539160 67.120495 163.311921
19.472224 149.923634 58.907542 162.542113 67.116395 163.316101
19.471483 149.923513 58.906015 162.545065 67.112295 163.320279
19.470743 149.923392 58.904489 162.548015 67.108195 163.324457
19.470002 149.923271 58.902961 162.550963 67.104096 163.328633
19.469261 149.923150 58.901434 162.553910 67.099995 163.332807
19.468520 149.923029 58.899908 162.556855 67.095896 163.336981
19.467778 149.922909 58.898380 162.559798 67.091796 163.341153
19.467038 149.922788 58.896854 162.562739 67.087696 163.345323
19.466297 149.922667 58.895328 162.565679 67.083596 163.349492
19.465556 149.922545 58.893800 162.568618 67.079496 163.353660
19.464815 149.922424 58.892274 162.571554 67.075396 163.357827
19.464075 149.922303 58.890748 162.574490 67.071296 163.361992
19.463334 149.922182 58.889221 162.577423 67.067196 163.366158
19.462593 149.922061 58.887695 162.580355 67.063096 163.370320
19.461853 149.921940 58.886169 162.583285 67.058995 163.374481
19.461112 149.921818 58.884643 162.586213 67.054896 163.378642
19.460371 149.921697 58.883116 162.589141 67.050795 163.382800
19.459631 149.921576 58.881590 162.592066 67.046695 163.386958
19.458890 149.921455 58.880064 162.594989 67.042594 163.391114
19.458150 149.921333 58.878539 162.597911 67.038494 163.395270
19.457409 149.921212 58.877013 162.600832 67.034394 163.399424
19.456669 149.921091 58.875487 162.603751 67.030293 163.403576
19.455928 149.920970 58.873961 162.606668 67.026193 163.407727
19.455188 149.920848 58.872435 162.609583 67.022093 163.411876
19.454447 149.920727 58.870910 162.612497 67.017992 163.416024
19.453707 149.920605 58.869384 162.615409 67.013892 163.420172
19.452966 149.920484 58.867859 162.618320 67.009791 163.424317
19.452226 149.920362 58.866334 162.621229 67.005691 163.428463
19.451486 149.920240 58.864808 162.624136 67.001590 163.432606
19.450745 149.920119 58.863283 162.627042 66.997490 163.436747
19.450005 149.919997 58.861758 162.629946 66.993389 163.440888
19.449264 149.919875 58.860233 162.632849 66.989289 163.445027
19.448524 149.919753 58.858708 162.635750 66.985188 163.449165
19.447784 149.919632 58.857183 162.638649 66.981087 163.453302
19.447044 149.919510 58.855658 162.641546 66.976987 163.457437
19.446303 149.919388 58.854133 162.644443 66.972885 163.461573
19.445563 149.919266 58.852608 162.647337 66.968785 163.465705
19.444823 149.919144 58.851084 162.650230 66.964684 163.469836
19.444083 149.919022 58.849559 162.653121 66.960583 163.473966
19.443343 149.918900 58.848034 162.656011 66.956482 163.478095
19.442602 149.918778 58.846511 162.658898 66.952382 163.482223
19.441862 149.918656 58.844986 162.661785 66.948281 163.486349
19.441122 149.918534 58.843462 162.664670 66.944180 163.490475
19.440382 149.918412 58.841937 162.667553 66.940078 163.494599
19.439642 149.918290 58.840413 162.670435 66.935977 163.498722
19.438902 149.918167 58.838888 162.673314 66.931877 163.502842
19.438162 149.918045 58.837365 162.676193 66.927775 163.506963
19.437422 149.917923 58.835841 162.679069 66.923674 163.511081
19.436682 149.917801 58.834317 162.681944 66.919574 163.515197
19.435942 149.917678 58.832793 162.684818 66.915472 163.519314
19.435202 149.917556 58.831270 162.687690 66.911371 163.523429
19.434462 149.917434 58.829746 162.690560 66.907270 163.527543
19.433722 149.917311 58.828222 162.693429 66.903168 163.531654
19.432982 149.917189 58.826699 162.696296 66.899067 163.535765
19.432243 149.917066 58.825175 162.699161 66.894966 163.539875
19.431503 149.916944 58.823651 162.702025 66.890865 163.543983
19.430763 149.916821 58.822128 162.704887 66.886763 163.548090
19.430023 149.916699 58.820605 162.707747 66.882662 163.552195
19.429283 149.916576 58.819081 162.710607 66.878560 163.556301
19.428543 149.916453 58.817558 162.713464 66.874459 163.560404
19.427804 149.916331 58.816035 162.716320 66.870358 163.564506
19.427064 149.916208 58.814512 162.719174 66.866257 163.568606
19.426324 149.916085 58.812989 162.722027 66.862155 163.572706
19.425584 149.915962 58.811467 162.724878 66.858054 163.576803
19.424845 149.915840 58.809943 162.727727 66.853952 163.580900
19.424105 149.915717 58.808421 162.730575 66.849850 163.584996
19.423365 149.915594 58.806898 162.733422 66.845748 163.589091
19.422626 149.915471 58.805376 162.736266 66.841647 163.593184
19.421886 149.915348 58.803853 162.739109 66.837545 163.597275
19.421147 149.915225 58.802331 162.741951 66.833444 163.601365
19.420407 149.915102 58.800808 162.744790 66.829342 163.605454
19.419668 149.914979 58.799286 162.747628 66.825241 163.609542
19.418928 149.914856 58.797764 162.750466 66.821138 163.613629
19.418188 149.914733 58.796241 162.753301 66.817036 163.617715
19.417449 149.914610 58.794719 162.756134 66.812934 163.621799
19.416710 149.914487 58.793198 162.758966 66.808833 163.625881
19.415970 149.914364 58.791675 162.761796 66.804731 163.629963
19.415231 149.914240 58.790153 162.764625 66.800629 163.634043
19.414491 149.914117 58.788632 162.767452 66.796528 163.638121
19.413752 149.913994 58.787109 162.770278 66.792425 163.642199
19.413012 149.913871 58.785588 162.773102 66.788324 163.646275
19.412273 149.913748 58.784067 162.775925 66.784221 163.650351
19.411534 149.913625 58.782545 162.778745 66.780119 163.654425
19.410794 149.913501 58.781024 162.781565 66.776017 163.658497
19.410055 149.913378 58.779502 162.784382 66.771915 163.662569
19.409316 149.913255 58.777981 162.787198 66.767813 163.666638
19.408576 149.913131 58.776459 162.790013 66.763711 163.670707
19.407837 149.913008 58.774938 162.792825 66.759609 163.674775
19.407098 149.912884 58.773417 162.795637 66.755507 163.678840
19.406359 149.912761 58.771896 162.798447 66.751404 163.682907
19.405620 149.912637 58.770374 162.801255 66.747302 163.686970
19.404880 149.912513 58.768854 162.804062 66.743199 163.691032
19.404141 149.912390 58.767333 162.806867 66.739097 163.695094
19.403401 149.912266 58.765812 162.809670 66.734995 163.699153
19.402662 149.912142 58.764291 162.812472 66.730893 163.703212
19.401923 149.912018 58.762771 162.815272 66.726790 163.707269
19.401184 149.911895 58.761250 162.818071 66.722688 163.711325
19.400445 149.911771 58.759730 162.820868 66.718585 163.715381
19.399706 149.911647 58.758209 162.823664 66.714483 163.719434
19.398967 149.911523 58.756689 162.826458 66.710381 163.723486
19.398228 149.911399 58.755168 162.829251 66.706278 163.727537
19.397489 149.911275 58.753648 162.832041 66.702176 163.731586
19.396750 149.911151 58.752129 162.834831 66.698073 163.735636
19.396011 149.911027 58.750609 162.837619 66.693970 163.739682
19.395272 149.910903 58.749089 162.840405 66.689868 163.743728
19.394533 149.910779 58.747568 162.843189 66.685765 163.747774
19.393794 149.910655 58.746048 162.845973 66.681662 163.751818
19.393055 149.910531 58.744528 162.848754 66.677560 163.755859
19.392317 149.910407 58.743009 162.851534 66.673457 163.759900
19.391578 149.910282 58.741490 162.854312 66.669354 163.763940
19.390839 149.910158 58.739970 162.857089 66.665251 163.767979
19.390100 149.910034 58.738450 162.859864 66.661149 163.772015
19.389361 149.909910 58.736930 162.862638 66.657045 163.776052
19.388623 149.909785 58.735412 162.865410 66.652943 163.780088
19.387884 149.909661 58.733892 162.868181 66.648839 163.784121
19.387145 149.909537 58.732372 162.870950 66.644737 163.788153
19.386406 149.909412 58.730854 162.873717 66.640634 163.792184
19.385668 149.909288 58.729335 162.876483 66.636531 163.796213
19.384929 149.909163 58.727815 162.879248 66.632428 163.800242
19.384190 149.909039 58.726297 162.882011 66.628325 163.804269
19.383452 149.908914 58.724778 162.884772 66.624221 163.808296
19.382713 149.908790 58.723259 162.887531 66.620119 163.812320
19.381975 149.908665 58.721740 162.890290 66.616015 163.816344
19.381236 149.908541 58.720222 162.893046 66.611913 163.820366
19.380498 149.908416 58.718703 162.895801 66.607809 163.824387
19.379759 149.908291 58.717184 162.898555 66.603706 163.828407
19.379021 149.908166 58.715666 162.901306 66.599603 163.832425
19.378282 149.908042 58.714148 162.904057 66.595499 163.836442
19.377544 149.907917 58.712629 162.906806 66.591396 163.840459
19.376805 149.907792 58.711111 162.909554 66.587293 163.844474
19.376067 149.907667 58.709593 162.912299 66.583189 163.848488
19.375328 149.907542 58.708075 162.915043 66.579087 163.852499
19.374590 149.907418 58.706556 162.917786 66.574983 163.856510
19.373852 149.907293 58.705039 162.920527 66.570879 163.860520
19.373113 149.907168 58.703521 162.923266 66.566776 163.864528
19.372375 149.907043 58.702003 162.926005 66.562672 163.868536
19.371637 149.906918 58.700485 162.928741 66.558569 163.872542
19.370898 149.906794 58.698968 162.931476 66.554466 163.876546
19.370160 149.906669 58.697450 162.934210 66.550362 163.880551
19.369422 149.906543 58.695932 162.936942 66.546258 163.884554
19.368683 149.906418 58.694415 162.939672 66.542154 163.888554
19.367945 149.906293 58.692898 162.942401 66.538051 163.892554
19.367207 149.906168 58.691380 162.945127 66.533948 163.896553
19.366469 149.906043 58.689863 162.947853 66.529844 163.900550
19.365731 149.905917 58.688346 162.950578 66.525740 163.904546
19.364993 149.905792 58.686829 162.953300 66.521637 163.908541
19.364254 149.905667 58.685312 162.956021 66.517533 163.912536
19.363516 149.905541 58.683795 162.958741 66.513429 163.916528
19.362778 149.905416 58.682277 162.961459 66.509325 163.920519
19.362040 149.905291 58.680761 162.964175 66.505221 163.924509
19.361302 149.905165 58.679244 162.966890 66.501117 163.928498
19.360564 149.905040 58.677727 162.969604 66.497013 163.932485
19.359826 149.904914 58.676211 162.972315 66.492909 163.936472
19.359088 149.904789 58.674694 162.975026 66.488805 163.940456
19.358350 149.904663 58.673178 162.977735 66.484701 163.944441
19.357612 149.904538 58.671662 162.980442 66.480598 163.948423
19.356874 149.904412 58.670145 162.983148 66.476493 163.952405
19.356136 149.904286 58.668629 162.985852 66.472389 163.956386
19.355398 149.904161 58.667113 162.988555 66.468285 163.960364
19.354661 149.904035 58.665596 162.991256 66.464182 163.964342
19.353923 149.903909 58.664080 162.993956 66.460077 163.968318
19.353185 149.903783 58.662565 162.996654 66.455973 163.972293
19.352447 149.903658 58.661049 162.999351 66.451869 163.976267
19.351709 149.903532 58.659533 163.002046 66.447764 163.980241
19.350971 149.903406 58.658017 163.004739 66.443660 163.984213
19.350234 149.903280 58.656501 163.007431 66.439556 163.988183
19.349496 149.903154 58.654986 163.010121 66.435452 163.992152
19.348758 149.903028 58.653471 163.012811 66.431347 163.996119
19.348020 149.902902 58.651955 163.015498 66.427243 164.000087
19.347283 149.902776 58.650440 163.018184 66.423139 164.004052
19.346545 149.902650 58.648924 163.020869 66.419034 164.008016
19.345807 149.902524 58.647409 163.023552 66.414930 164.011980
19.345070 149.902398 58.645894 163.026233 66.410825 164.015942
19.344332 149.902272 58.644378 163.028913 66.406721 164.019902
19.343594 149.902146 58.642864 163.031591 66.402617 164.023862
19.342857 149.902019 58.641349 163.034268 66.398512 164.027819
19.342119 149.901893 58.639835 163.036943 66.394407 164.031777
19.341382 149.901767 58.638319 163.039617 66.390303 164.035733
19.340644 149.901641 58.636804 163.042290 66.386198 164.039687
19.339907 149.901514 58.635290 163.044960 66.382094 164.043641
19.339169 149.901388 58.633775 163.047630 66.377989 164.047593
19.338432 149.901262 58.632261 163.050297 66.373884 164.051544
19.337694 149.901135 58.630746 163.052964 66.369779 164.055494
19.336957 149.901009 58.629232 163.055629 66.365674 164.059442
19.336219 149.900882 58.627717 163.058292 66.361570 164.063389
19.335482 149.900756 58.626203 163.060953 66.357465 164.067335
19.334745 149.900629 58.624689 163.063614 66.353360 164.071279
19.334007 149.900503 58.623175 163.066273 66.349255 164.075223
19.333270 149.900376 58.621661 163.068930 66.345150 164.079166
19.332533 149.900249 58.620147 163.071586 66.341045 164.083108
19.331795 149.900124 58.618633 163.074240 66.336940 164.087048
19.331058 149.899997 58.617120 163.076893 66.332836 164.090986
19.330321 149.899870 58.615605 163.079544 66.328730 164.094924
19.329583 149.899744 58.614092 163.082194 66.324626 164.098860
19.328846 149.899617 58.612579 163.084842 66.320520 164.102795
19.328109 149.899490 58.611066 163.087489 66.316415 164.106729
19.327372 149.899363 58.609551 163.090134 66.312310 164.110662
19.326635 149.899237 58.608038 163.092778 66.308205 164.114594
19.325897 149.899110 58.606525 163.095420 66.304100 164.118524
19.325160 149.898983 58.605012 163.098061 66.299995 164.122453
19.324423 149.898856 58.603499 163.100700 66.295889 164.126381
19.323686 149.898729 58.601985 163.103338 66.291784 164.130308
19.322949 149.898602 58.600472 163.105974 66.287678 164.134234
19.322212 149.898475 58.598959 163.108609 66.283574 164.138157
19.321475 149.898348 58.597447 163.111242 66.279468 164.142081
19.320738 149.898221 58.595934 163.113874 66.275363 164.146003
19.320001 149.898094 58.594421 163.116504 66.271258 164.149924
19.319264 149.897966 58.592909 163.119133 66.267152 164.153844
19.318527 149.897839 58.591396 163.121760 66.263046 164.157761
19.317790 149.897712 58.589884 163.124386 66.258941 164.161678
19.317053 149.897585 58.588371 163.127010 66.254836 164.165594
19.316316 149.897458 58.586859 163.129633 66.250730 164.169509
19.315579 149.897330 58.585346 163.132254 66.246624 164.173423
19.314842 149.897203 58.583834 163.134875 66.242519 164.177336
19.314105 149.897076 58.582322 163.137492 66.238414 164.181247
19.313368 149.896948 58.580810 163.140109 66.234308 164.185157
19.312632 149.896821 58.579299 163.142724 66.230202 164.189065
19.311895 149.896693 58.577787 163.145339 66.226096 164.192973
19.311158 149.896566 58.576275 163.147951 66.221991 164.196879
19.310421 149.896438 58.574763 163.150562 66.217885 164.200784
19.309684 149.896311 58.573251 163.153172 66.213779 164.204688
19.308948 149.896183 58.571740 163.155780 66.209673 164.208591
19.308211 149.896056 58.570228 163.158386 66.205567 164.212493
19.307474 149.895928 58.568716 163.160991 66.201461 164.216394
19.306738 149.895800 58.567205 163.163594 66.197356 164.220292
19.306001 149.895673 58.565694 163.166196 66.193250 164.224190
19.305264 149.895545 58.564182 163.168797 66.189144 164.228087
19.304528 149.895417 58.562672 163.171396 66.185039 164.231983
19.303791 149.895290 58.561160 163.173994 66.180932 164.235877
19.303055 149.895162 58.559649 163.176590 66.176827 164.239770
19.302318 149.895034 58.558138 163.179185 66.172720 164.243662
19.301581 149.894906 58.556627 163.181778 66.168614 164.247554
19.300845 149.894778 58.555117 163.184369 66.164508 164.251444
19.300108 149.894650 58.553606 163.186959 66.160402 164.255332
19.299372 149.894522 58.552095 163.189548 66.156296 164.259219
19.298635 149.894394 58.550584 163.192135 66.152190 164.263105
19.297899 149.894266 58.549074 163.194721 66.148084 164.266990
19.297162 149.894138 58.547563 163.197306 66.143977 164.270874
19.296426 149.894010 58.546053 163.199889 66.139871 164.274757
19.295690 149.893883 58.544542 163.202470 66.135765 164.278639
19.294954 149.893755 58.543033 163.205050 66.131658 164.282519
19.294218 149.893627 58.541523 163.207628 66.127552 164.286397
19.293481 149.893499 58.540012 163.210206 66.123445 164.290275
19.292745 149.893371 58.538502 163.212781 66.119339 164.294152
19.292009 149.893242 58.536993 163.215355 66.115233 164.298027
19.291272 149.893114 58.535482 163.217927 66.111127 164.301901
19.290536 149.892986 58.533973 163.220499 66.107020 164.305774
19.289800 149.892858 58.532463 163.223068 66.102914 164.309647
19.289064 149.892729 58.530954 163.225637 66.098807 164.313518
19.288327 149.892601 58.529444 163.228203 66.094700 164.317388
19.287591 149.892472 58.527934 163.230769 66.090594 164.321256
19.286855 149.892344 58.526425 163.233332 66.086488 164.325123
19.286119 149.892216 58.524916 163.235895 66.082381 164.328990
19.285383 149.892087 58.523407 163.238455 66.078274 164.332854
19.284646 149.891959 58.521897 163.241015 66.074167 164.336718
19.283910 149.891830 58.520388 163.243573 66.070061 164.340580
19.283174 149.891701 58.518879 163.246129 66.065954 164.344441
19.282438 149.891573 58.517370 163.248684 66.061848 164.348302
19.281702 149.891444 58.515862 163.251238 66.057741 164.352161
19.280966 149.891316 58.514353 163.253790 66.053634 164.356019
19.280230 149.891187 58.512844 163.256341 66.049527 164.359876
19.279494 149.891058 58.511335 163.258890 66.045420 164.363731
19.278758 149.890929 58.509827 163.261438 66.041313 164.367585
19.278022 149.890801 58.508318 163.263984 66.037207 164.371438
19.277286 149.890672 58.506809 163.266529 66.033099 164.375291
19.276550 149.890543 58.505301 163.269073 66.028992 164.379142
19.275814 149.890414 58.503792 163.271615 66.024885 164.382991
19.275078 149.890285 58.502284 163.274155 66.020779 164.386840
19.274342 149.890156 58.500777 163.276695 66.016671 164.390688
19.273606 149.890027 58.499268 163.279232 66.012564 164.394534
19.272871 149.889898 58.497760 163.281768 66.008457 164.398378
19.272135 149.889769 58.496252 163.284303 66.004350 164.402222
19.271399 149.889640 58.494745 163.286836 66.000242 164.406065
19.270663 149.889511 58.493237 163.289368 65.996135 164.409907
19.269927 149.889382 58.491729 163.291898 65.992029 164.413747
19.269192 149.889253 58.490222 163.294427 65.987921 164.417586
19.268456 149.889124 58.488714 163.296955 65.983814 164.421425
19.267720 149.888995 58.487206 163.299481 65.979707 164.425261
19.266984 149.888866 58.485699 163.302005 65.975599 164.429097
19.266249 149.888736 58.484191 163.304528 65.971492 164.432931
19.265513 149.888607 58.482685 163.307050 65.967385 164.436764
19.264777 149.888478 58.481177 163.309571 65.963277 164.440597
19.264042 149.888348 58.479670 163.312089 65.959169 164.444427
19.263306 149.888219 58.478163 163.314607 65.955062 164.448258
19.262570 149.888090 58.476655 163.317123 65.950954 164.452087
19.261835 149.887960 58.475149 163.319637 65.946847 164.455914
19.261099 149.887832 58.473643 163.322150 65.942739 164.459741
19.260364 149.887702 58.472135 163.324662 65.938632 164.463566
19.259628 149.887573 58.470629 163.327172 65.934524 164.467390
19.258893 149.887443 58.469122 163.329681 65.930416 164.471212
19.258157 149.887314 58.467616 163.332188 65.926309 164.475034
19.257422 149.887184 58.466110 163.334694 65.922202 164.478854
19.256686 149.887055 58.464602 163.337199 65.918094 164.482675
19.255951 149.886925 58.463096 163.339702 65.913986 164.486493
19.255215 149.886795 58.461590 163.342203 65.909879 164.490310
19.254480 149.886666 58.460085 163.344703 65.905771 164.494125
19.253745 149.886536 58.458578 163.347202 65.901663 164.497940
19.253009 149.886406 58.457072 163.349699 65.897555 164.501754
19.252274 149.886276 58.455566 163.352195 65.893447 164.505566
19.251538 149.886147 58.454061 163.354690 65.889339 164.509378
19.250803 149.886017 58.452555 163.357183 65.885231 164.513188
19.250068 149.885887 58.451049 163.359674 65.881124 164.516998
19.249333 149.885757 58.449544 163.362164 65.877015 164.520806
19.248597 149.885627 58.448037 163.364653 65.872908 164.524612
19.247862 149.885497 58.446532 163.367141 65.868799 164.528418
19.247127 149.885367 58.445026 163.369626 65.864691 164.532222
19.246392 149.885237 58.443521 163.372110 65.860583 164.536026
19.245656 149.885107 58.442016 163.374594 65.856475 164.539828
19.244921 149.884977 58.440511 163.377076 65.852367 164.543629
19.244186 149.884847 58.439007 163.379556 65.848258 164.547428
19.243451 149.884717 58.437501 163.382035 65.844150 164.551228
19.242716 149.884587 58.435996 163.384512 65.840042 164.555026
19.241981 149.884457 58.434491 163.386987 65.835934 164.558822
19.241246 149.884326 58.432986 163.389462 65.831826 164.562617
19.240510 149.884196 58.431482 163.391936 65.827717 164.566411
19.239776 149.884066 58.429977 163.394407 65.823609 164.570204
19.239040 149.883936 58.428473 163.396877 65.819500 164.573996
19.238305 149.883805 58.426968 163.399346 65.815392 164.577786
19.237570 149.883675 58.425464 163.401813 65.811284 164.581575
19.236835 149.883545 58.423959 163.404280 65.807175 164.585366
19.236100 149.883414 58.422455 163.406744 65.803067 164.589152
19.235365 149.883284 58.420951 163.409207 65.798958 164.592938
19.234631 149.883153 58.419446 163.411669 65.794850 164.596723
19.233896 149.883023 58.417943 163.414129 65.790741 164.600508
19.233161 149.882892 58.416439 163.416588 65.786633 164.604290
19.232426 149.882762 58.414934 163.419045 65.782525 164.608071
19.231691 149.882631 58.413431 163.421502 65.778416 164.611852
19.230956 149.882501 58.411927 163.423957 65.774307 164.615631
19.230221 149.882370 58.410424 163.426410 65.770199 164.619410
19.229486 149.882239 58.408920 163.428862 65.766089 164.623187
19.228752 149.882109 58.407417 163.431312 65.761981 164.626962
19.228017 149.881979 58.405913 163.433761 65.757873 164.630737
19.227282 149.881848 58.404410 163.436209 65.753763 164.634511
19.226547 149.881718 58.402907 163.438655 65.749654 164.638283
19.225813 149.881587 58.401403 163.441100 65.745546 164.642054
19.225078 149.881456 58.399900 163.443543 65.741437 164.645824
19.224343 149.881325 58.398396 163.445985 65.737328 164.649594
19.223609 149.881194 58.396894 163.448426 65.733219 164.653362
19.222874 149.881063 58.395391 163.450865 65.729110 164.657129
19.222139 149.880932 58.393889 163.453303 65.725001 164.660895
19.221405 149.880801 58.392385 163.455740 65.720892 164.664659
19.220670 149.880671 58.390883 163.458174 65.716783 164.668423
19.219936 149.880540 58.389380 163.460608 65.712674 164.672184
19.219201 149.880408 58.387878 163.463040 65.708565 164.675945
19.218466 149.880277 58.386375 163.465471 65.704455 164.679706
19.217732 149.880146 58.384872 163.467900 65.700346 164.683465
19.216997 149.880015 58.383370 163.470328 65.696237 164.687223
19.216263 149.879884 58.381868 163.472755 65.692128 164.690980
19.215529 149.879753 58.380366 163.475180 65.688019 164.694735
19.214794 149.879622 58.378864 163.477604 65.683910 164.698489
19.214060 149.879490 58.377362 163.480026 65.679800 164.702243
19.213325 149.879359 58.375860 163.482448 65.675691 164.705995
19.212591 149.879228 58.374358 163.484868 65.671581 164.709745
19.211856 149.879097 58.372856 163.487285 65.667473 164.713496
19.211122 149.878965 58.371355 163.489702 65.663363 164.717244
19.210388 149.878834 58.369853 163.492117 65.659254 164.720993
19.209653 149.878702 58.368351 163.494532 65.655144 164.724739
19.208919 149.878571 58.366850 163.496944 65.651035 164.728485
19.208185 149.878440 58.365349 163.499355 65.646925 164.732228
19.207450 149.878308 58.363848 163.501765 65.642816 164.735971
19.206716 149.878177 58.362346 163.504174 65.638706 164.739714
19.205983 149.878045 58.360845 163.506581 65.634596 164.743454
19.205249 149.877914 58.359343 163.508987 65.630486 164.747194
19.204514 149.877782 58.357843 163.511391 65.626377 164.750933
19.203780 149.877650 58.356342 163.513794 65.622268 164.754670
19.203046 149.877519 58.354841 163.516196 65.618158 164.758407
19.202312 149.877387 58.353341 163.518596 65.614048 164.762142
19.201578 149.877255 58.351840 163.520994 65.609939 164.765877
19.200844 149.877124 58.350339 163.523392 65.605828 164.769609
19.200110 149.876992 58.348839 163.525788 65.601719 164.773341
19.199375 149.876860 58.347338 163.528183 65.597609 164.777072
19.198641 149.876728 58.345838 163.530576 65.593499 164.780802
19.197907 149.876596 58.344337 163.532968 65.589389 164.784530
19.197173 149.876466 58.342837 163.535358 65.585280 164.788258
19.196439 149.876334 58.341337 163.537747 65.581170 164.791985
19.195705 149.876202 58.339837 163.540135 65.577060 164.795710
19.194971 149.876070 58.338336 163.542521 65.572950 164.799433
19.194237 149.875938 58.336837 163.544906 65.568840 164.803157
19.193503 149.875806 58.335336 163.547290 65.564729 164.806879
19.192769 149.875674 58.333837 163.549672 65.560619 164.810600
19.192035 149.875542 58.332338 163.552053 65.556509 164.814319
19.191301 149.875410 58.330837 163.554433 65.552399 164.818037
19.190568 149.875278 58.329338 163.556811 65.548289 164.821756
19.189834 149.875145 58.327839 163.559188 65.544178 164.825472
19.189100 149.875013 58.326340 163.561563 65.540069 164.829187
19.188366 149.874881 58.324839 163.563937 65.535959 164.832901
19.187632 149.874749 58.323340 163.566310 65.531848 164.836615
19.186898 149.874617 58.321841 163.568681 65.527737 164.840326
19.186165 149.874484 58.320342 163.571051 65.523627 164.844036
19.185431 149.874352 58.318844 163.573419 65.519517 164.847746
