41.439117 149.231343 -19.846177 159.504129 -19.802695 179.991537
41.434387 149.230808 -19.846142 159.503899 -19.802717 179.991534
41.429658 149.230274 -19.846108 159.503670 -19.802738 179.991530
41.424928 149.229739 -19.846074 159.503441 -19.802761 179.991525
41.420199 149.229205 -19.846039 159.503212 -19.802782 179.991522
41.415469 149.228670 -19.846005 159.502983 -19.802804 179.991518
41.410740 149.228135 -19.845971 159.502754 -19.802826 179.991514
41.406010 149.227600 -19.845937 159.502525 -19.802848 179.991510
41.401281 149.227065 -19.845903 159.502297 -19.802870 179.991507
41.396552 149.226530 -19.845869 159.502069 -19.802893 179.991502
41.391822 149.225994 -19.845836 159.501841 -19.802915 179.991499
41.387094 149.225460 -19.845802 159.501613 -19.802938 179.991494
41.382364 149.224924 -19.845769 159.501385 -19.802961 179.991491
41.377635 149.224389 -19.845735 159.501157 -19.802984 179.991487
41.372905 149.223853 -19.845702 159.500931 -19.803007 179.991483
41.368176 149.223318 -19.845668 159.500703 -19.803030 179.991479
41.363446 149.222783 -19.845634 159.500476 -19.803053 179.991476
41.358717 149.222247 -19.845601 159.500249 -19.803077 179.991471
41.353987 149.221711 -19.845568 159.500023 -19.803100 179.991467
41.349258 149.221175 -19.845535 159.499796 -19.803123 179.991464
41.344528 149.220640 -19.845502 159.499570 -19.803147 179.991460
41.339799 149.220104 -19.845468 159.499343 -19.803170 179.991456
41.335069 149.219568 -19.845436 159.499117 -19.803194 179.991452
41.330340 149.219032 -19.845403 159.498891 -19.803218 179.991448
41.325610 149.218495 -19.845370 159.498666 -19.803242 179.991444
41.320881 149.217959 -19.845337 159.498440 -19.803267 179.991441
41.316151 149.217424 -19.845305 159.498215 -19.803291 179.991437
41.311422 149.216887 -19.845272 159.497990 -19.803315 179.991433
41.306692 149.216351 -19.845239 159.497764 -19.803340 179.991430
41.301963 149.215815 -19.845207 159.497540 -19.803364 179.991425
41.297233 149.215278 -19.845174 159.497315 -19.803389 179.991422
41.292504 149.214741 -19.845142 159.497090 -19.803414 179.991418
41.287774 149.214205 -19.845109 159.496866 -19.803439 179.991414
41.283045 149.213668 -19.845078 159.496643 -19.803463 179.991410
41.278315 149.213131 -19.845045 159.496418 -19.803489 179.991406
41.273586 149.212594 -19.845013 159.496194 -19.803514 179.991403
41.268856 149.212057 -19.844981 159.495971 -19.803540 179.991399
41.264127 149.211521 -19.844949 159.495747 -19.803565 179.991396
41.259397 149.210984 -19.844917 159.495524 -19.803590 179.991391
41.254668 149.210446 -19.844886 159.495301 -19.803616 179.991387
41.249938 149.209909 -19.844854 159.495079 -19.803642 179.991383
41.245208 149.209372 -19.844822 159.494855 -19.803667 179.991380
41.240479 149.208835 -19.844791 159.494633 -19.803694 179.991377
41.235749 149.208298 -19.844759 159.494411 -19.803720 179.991373
41.231020 149.207760 -19.844727 159.494189 -19.803747 179.991369
41.226291 149.207223 -19.844696 159.493966 -19.803772 179.991365
41.221562 149.206686 -19.844665 159.493744 -19.803799 179.991362
41.216832 149.206148 -19.844633 159.493523 -19.803826 179.991357
41.212103 149.205610 -19.844602 159.493301 -19.803852 179.991354
41.207373 149.205072 -19.844571 159.493080 -19.803878 179.991350
41.202644 149.204534 -19.844540 159.492859 -19.803906 179.991347
41.197914 149.203997 -19.844509 159.492638 -19.803932 179.991342
41.193185 149.203459 -19.844478 159.492417 -19.803960 179.991339
41.188455 149.202921 -19.844446 159.492196 -19.803987 179.991335
41.183725 149.202382 -19.844416 159.491976 -19.804014 179.991331
41.178996 149.201844 -19.844386 159.491756 -19.804042 179.991328
41.174266 149.201307 -19.844355 159.491536 -19.804069 179.991324
41.169537 149.200769 -19.844324 159.491316 -19.804096 179.991320
41.164807 149.200230 -19.844294 159.491097 -19.804124 179.991316
41.160078 149.199691 -19.844263 159.490877 -19.804152 179.991312
41.155348 149.199153 -19.844233 159.490658 -19.804179 179.991309
41.150618 149.198615 -19.844202 159.490438 -19.804208 179.991305
41.145889 149.198077 -19.844172 159.490219 -19.804236 179.991301
41.141159 149.197537 -19.844142 159.490000 -19.804265 179.991298
41.136430 149.196999 -19.844112 159.489781 -19.804293 179.991294
41.131700 149.196461 -19.844082 159.489563 -19.804321 179.991291
41.126971 149.195921 -19.844052 159.489345 -19.804350 179.991287
41.122241 149.195383 -19.844021 159.489127 -19.804378 179.991283
41.117511 149.194844 -19.843991 159.488909 -19.804407 179.991279
41.112782 149.194304 -19.843961 159.488691 -19.804436 179.991276
41.108052 149.193766 -19.843932 159.488473 -19.804465 179.991272
41.103323 149.193226 -19.843902 159.488257 -19.804494 179.991269
41.098593 149.192687 -19.843873 159.488040 -19.804523 179.991265
41.093863 149.192149 -19.843843 159.487823 -19.804552 179.991261
41.089134 149.191609 -19.843813 159.487606 -19.804582 179.991257
41.084404 149.191070 -19.843784 159.487389 -19.804611 179.991254
41.079675 149.190530 -19.843755 159.487173 -19.804641 179.991250
41.074945 149.189991 -19.843725 159.486956 -19.804671 179.991246
41.070215 149.189451 -19.843696 159.486740 -19.804700 179.991243
41.065486 149.188912 -19.843667 159.486524 -19.804731 179.991239
41.060756 149.188371 -19.843638 159.486309 -19.804760 179.991236
41.056027 149.187832 -19.843609 159.486094 -19.804790 179.991231
41.051297 149.187292 -19.843580 159.485878 -19.804821 179.991228
41.046568 149.186753 -19.843551 159.485663 -19.804851 179.991225
41.041839 149.186212 -19.843523 159.485448 -19.804882 179.991221
41.037109 149.185673 -19.843493 159.485233 -19.804912 179.991217
41.032379 149.185132 -19.843465 159.485019 -19.804943 179.991214
41.027650 149.184593 -19.843436 159.484804 -19.804974 179.991210
41.022920 149.184052 -19.843408 159.484590 -19.805004 179.991206
41.018191 149.183513 -19.843379 159.484376 -19.805035 179.991203
41.013461 149.182972 -19.843351 159.484163 -19.805067 179.991199
41.008731 149.182431 -19.843322 159.483949 -19.805097 179.991196
41.004002 149.181892 -19.843295 159.483735 -19.805129 179.991192
40.999272 149.181351 -19.843266 159.483521 -19.805160 179.991188
40.994542 149.180810 -19.843237 159.483309 -19.805192 179.991185
40.989813 149.180270 -19.843210 159.483096 -19.805224 179.991181
40.985083 149.179729 -19.843182 159.482883 -19.805255 179.991177
40.980353 149.179188 -19.843154 159.482671 -19.805286 179.991174
40.975624 149.178648 -19.843126 159.482458 -19.805319 179.991171
40.970894 149.178107 -19.843098 159.482246 -19.805351 179.991167
40.966164 149.177566 -19.843071 159.482034 -19.805383 179.991164
40.961435 149.177025 -19.843043 159.481822 -19.805415 179.991160
40.956705 149.176484 -19.843015 159.481611 -19.805447 179.991157
40.951975 149.175943 -19.842988 159.481399 -19.805480 179.991153
40.947246 149.175402 -19.842961 159.481188 -19.805512 179.991149
40.942516 149.174860 -19.842933 159.480977 -19.805546 179.991145
40.937786 149.174320 -19.842906 159.480766 -19.805578 179.991142
40.933057 149.173778 -19.842878 159.480556 -19.805610 179.991138
40.928327 149.173237 -19.842851 159.480345 -19.805644 179.991134
40.923597 149.172695 -19.842824 159.480136 -19.805677 179.991131
40.918868 149.172154 -19.842797 159.479925 -19.805709 179.991128
40.914138 149.171613 -19.842771 159.479716 -19.805743 179.991124
40.909408 149.171071 -19.842744 159.479506 -19.805776 179.991120
40.904678 149.170530 -19.842717 159.479297 -19.805810 179.991117
40.899949 149.169988 -19.842690 159.479087 -19.805843 179.991114
40.895219 149.169446 -19.842663 159.478878 -19.805877 179.991110
40.890489 149.168904 -19.842637 159.478669 -19.805911 179.991107
40.885760 149.168362 -19.842610 159.478460 -19.805944 179.991103
40.881030 149.167820 -19.842583 159.478251 -19.805979 179.991099
40.876300 149.167278 -19.842557 159.478043 -19.806013 179.991096
40.871570 149.166736 -19.842531 159.477835 -19.806046 179.991093
40.866841 149.166194 -19.842504 159.477627 -19.806081 179.991089
40.862111 149.165652 -19.842477 159.477420 -19.806115 179.991085
40.857381 149.165110 -19.842451 159.477212 -19.806150 179.991082
40.852651 149.164568 -19.842426 159.477005 -19.806185 179.991078
40.847922 149.164025 -19.842400 159.476797 -19.806219 179.991075
40.843193 149.163483 -19.842374 159.476590 -19.806254 179.991072
40.838463 149.162941 -19.842347 159.476384 -19.806289 179.991068
40.833733 149.162398 -19.842322 159.476177 -19.806323 179.991065
40.829004 149.161856 -19.842296 159.475971 -19.806359 179.991060
40.824274 149.161313 -19.842271 159.475765 -19.806394 179.991057
40.819544 149.160771 -19.842245 159.475558 -19.806430 179.991054
40.814814 149.160228 -19.842219 159.475352 -19.806465 179.991051
40.810085 149.159685 -19.842194 159.475147 -19.806500 179.991047
40.805355 149.159142 -19.842169 159.474942 -19.806536 179.991043
40.800625 149.158599 -19.842143 159.474736 -19.806571 179.991041
40.795895 149.158056 -19.842118 159.474531 -19.806608 179.991037
40.791166 149.157513 -19.842093 159.474327 -19.806643 179.991033
40.786436 149.156971 -19.842067 159.474122 -19.806679 179.991030
40.781706 149.156428 -19.842043 159.473918 -19.806716 179.991027
40.776976 149.155884 -19.842017 159.473713 -19.806751 179.991022
40.772246 149.155341 -19.841993 159.473509 -19.806788 179.991019
40.767517 149.154798 -19.841968 159.473306 -19.806824 179.991016
40.762787 149.154255 -19.841943 159.473102 -19.806860 179.991013
40.758057 149.153711 -19.841918 159.472899 -19.806898 179.991009
40.753327 149.153167 -19.841894 159.472696 -19.806934 179.991006
40.748597 149.152624 -19.841869 159.472492 -19.806971 179.991002
40.743868 149.152081 -19.841844 159.472289 -19.807008 179.990998
40.739138 149.151537 -19.841820 159.472087 -19.807045 179.990996
40.734408 149.150993 -19.841796 159.471884 -19.807082 179.990992
40.729678 149.150450 -19.841771 159.471682 -19.807119 179.990988
40.724948 149.149906 -19.841747 159.471480 -19.807157 179.990985
40.720219 149.149362 -19.841723 159.471278 -19.807194 179.990982
40.715489 149.148819 -19.841698 159.471077 -19.807231 179.990978
40.710759 149.148274 -19.841675 159.470875 -19.807269 179.990975
40.706029 149.147731 -19.841651 159.470674 -19.807307 179.990972
40.701299 149.147186 -19.841627 159.470473 -19.807345 179.990969
40.696569 149.146642 -19.841603 159.470272 -19.807383 179.990964
40.691839 149.146099 -19.841580 159.470072 -19.807420 179.990961
40.687110 149.145554 -19.841556 159.469871 -19.807459 179.990959
40.682380 149.145010 -19.841532 159.469671 -19.807497 179.990955
40.677650 149.144465 -19.841508 159.469471 -19.807536 179.990951
40.672920 149.143921 -19.841485 159.469271 -19.807574 179.990948
40.668190 149.143377 -19.841462 159.469071 -19.807612 179.990945
40.663460 149.142833 -19.841438 159.468872 -19.807651 179.990941
40.658730 149.142288 -19.841415 159.468672 -19.807689 179.990939
40.654001 149.141744 -19.841392 159.468473 -19.807729 179.990935
40.649271 149.141199 -19.841368 159.468274 -19.807767 179.990932
40.644541 149.140653 -19.841345 159.468077 -19.807806 179.990928
40.639811 149.140109 -19.841323 159.467878 -19.807845 179.990924
40.635081 149.139564 -19.841300 159.467680 -19.807884 179.990921
40.630351 149.139020 -19.841277 159.467482 -19.807924 179.990918
40.625621 149.138475 -19.841254 159.467284 -19.807963 179.990914
40.620891 149.137929 -19.841232 159.467086 -19.808003 179.990911
40.616161 149.137385 -19.841209 159.466888 -19.808042 179.990908
40.611432 149.136840 -19.841185 159.466692 -19.808082 179.990905
40.606703 149.136295 -19.841164 159.466495 -19.808122 179.990901
40.601973 149.135750 -19.841141 159.466298 -19.808162 179.990897
40.597243 149.135204 -19.841118 159.466101 -19.808202 179.990895
40.592513 149.134660 -19.841096 159.465905 -19.808242 179.990891
40.587783 149.134114 -19.841074 159.465709 -19.808282 179.990888
40.583053 149.133569 -19.841052 159.465513 -19.808323 179.990885
40.578323 149.133023 -19.841030 159.465317 -19.808363 179.990882
40.573593 149.132478 -19.841008 159.465122 -19.808404 179.990878
40.568863 149.131933 -19.840985 159.464926 -19.808444 179.990875
40.564133 149.131387 -19.840964 159.464731 -19.808484 179.990871
40.559403 149.130841 -19.840942 159.464537 -19.808525 179.990868
40.554673 149.130295 -19.840921 159.464342 -19.808566 179.990865
40.549943 149.129749 -19.840899 159.464147 -19.808607 179.990862
40.545213 149.129204 -19.840877 159.463953 -19.808648 179.990859
40.540483 149.128659 -19.840856 159.463759 -19.808690 179.990855
40.535753 149.128113 -19.840834 159.463565 -19.808731 179.990852
40.531023 149.127567 -19.840812 159.463371 -19.808772 179.990849
40.526294 149.127020 -19.840791 159.463178 -19.808814 179.990845
40.521564 149.126474 -19.840771 159.462985 -19.808855 179.990843
40.516834 149.125928 -19.840749 159.462791 -19.808897 179.990839
40.512104 149.125382 -19.840728 159.462599 -19.808938 179.990836
40.507374 149.124837 -19.840706 159.462406 -19.808980 179.990833
40.502644 149.124291 -19.840686 159.462214 -19.809022 179.990829
40.497914 149.123744 -19.840665 159.462021 -19.809064 179.990826
40.493184 149.123198 -19.840644 159.461830 -19.809107 179.990823
40.488454 149.122652 -19.840624 159.461638 -19.809149 179.990819
40.483724 149.122105 -19.840602 159.461447 -19.809192 179.990817
40.478994 149.121559 -19.840582 159.461255 -19.809234 179.990813
40.474263 149.121012 -19.840561 159.461064 -19.809276 179.990810
40.469533 149.120466 -19.840541 159.460873 -19.809319 179.990807
40.464803 149.119918 -19.840520 159.460682 -19.809361 179.990804
40.460073 149.119372 -19.840500 159.460492 -19.809405 179.990800
40.455343 149.118825 -19.840480 159.460301 -19.809447 179.990797
40.450613 149.118279 -19.840459 159.460112 -19.809491 179.990794
40.445883 149.117732 -19.840440 159.459921 -19.809533 179.990791
40.441153 149.117185 -19.840419 159.459732 -19.809576 179.990788
40.436423 149.116639 -19.840399 159.459543 -19.809620 179.990785
40.431693 149.116092 -19.840380 159.459353 -19.809663 179.990782
40.426963 149.115545 -19.840360 159.459164 -19.809707 179.990778
40.422233 149.114997 -19.840340 159.458976 -19.809750 179.990775
40.417503 149.114450 -19.840321 159.458787 -19.809794 179.990772
40.412773 149.113903 -19.840301 159.458598 -19.809838 179.990769
40.408043 149.113356 -19.840281 159.458411 -19.809881 179.990765
40.403313 149.112809 -19.840261 159.458223 -19.809926 179.990762
40.398583 149.112261 -19.840241 159.458034 -19.809970 179.990760
40.393852 149.111714 -19.840223 159.457847 -19.810014 179.990756
40.389122 149.111167 -19.840203 159.457660 -19.810058 179.990753
40.384392 149.110619 -19.840184 159.457473 -19.810102 179.990750
40.379662 149.110072 -19.840165 159.457287 -19.810147 179.990746
40.374932 149.109525 -19.840145 159.457099 -19.810191 179.990744
40.370202 149.108978 -19.840126 159.456913 -19.810237 179.990740
40.365472 149.108429 -19.840107 159.456727 -19.810281 179.990737
40.360742 149.107882 -19.840089 159.456541 -19.810326 179.990735
40.356012 149.107334 -19.840070 159.456355 -19.810371 179.990731
40.351281 149.106787 -19.840052 159.456170 -19.810416 179.990728
40.346551 149.106239 -19.840033 159.455984 -19.810461 179.990725
40.341821 149.105691 -19.840014 159.455799 -19.810506 179.990722
40.337091 149.105143 -19.839996 159.455614 -19.810552 179.990718
40.332361 149.104595 -19.839977 159.455429 -19.810597 179.990716
40.327631 149.104047 -19.839959 159.455245 -19.810643 179.990713
40.322901 149.103499 -19.839941 159.455061 -19.810688 179.990710
40.318170 149.102951 -19.839923 159.454877 -19.810734 179.990707
40.313440 149.102403 -19.839904 159.454693 -19.810780 179.990704
40.308710 149.101855 -19.839886 159.454509 -19.810825 179.990700
40.303980 149.101307 -19.839868 159.454326 -19.810872 179.990697
40.299250 149.100759 -19.839850 159.454143 -19.810917 179.990694
40.294520 149.100210 -19.839832 159.453960 -19.810964 179.990691
40.289790 149.099662 -19.839814 159.453777 -19.811010 179.990688
40.285060 149.099113 -19.839796 159.453595 -19.811057 179.990685
40.280330 149.098565 -19.839778 159.453412 -19.811103 179.990682
40.275600 149.098017 -19.839761 159.453230 -19.811150 179.990679
40.270870 149.097468 -19.839744 159.453048 -19.811196 179.990676
40.266139 149.096920 -19.839725 159.452867 -19.811243 179.990673
40.261409 149.096371 -19.839708 159.452686 -19.811290 179.990670
40.256679 149.095822 -19.839691 159.452505 -19.811336 179.990667
40.251949 149.095274 -19.839674 159.452324 -19.811384 179.990664
40.247218 149.094725 -19.839656 159.452143 -19.811431 179.990661
40.242488 149.094177 -19.839640 159.451962 -19.811478 179.990657
40.237758 149.093628 -19.839623 159.451782 -19.811525 179.990654
40.233028 149.093079 -19.839605 159.451601 -19.811573 179.990652
40.228297 149.092529 -19.839589 159.451422 -19.811620 179.990648
40.223567 149.091981 -19.839572 159.451243 -19.811667 179.990645
40.218837 149.091432 -19.839555 159.451063 -19.811716 179.990643
40.214107 149.090883 -19.839539 159.450884 -19.811763 179.990639
40.209376 149.090333 -19.839522 159.450705 -19.811811 179.990637
40.204646 149.089784 -19.839506 159.450526 -19.811859 179.990634
40.199916 149.089236 -19.839489 159.450348 -19.811908 179.990630
40.195186 149.088686 -19.839473 159.450169 -19.811955 179.990628
40.190455 149.088137 -19.839456 159.449992 -19.812004 179.990624
40.185725 149.087588 -19.839440 159.449814 -19.812052 179.990621
40.180995 149.087038 -19.839423 159.449636 -19.812100 179.990619
40.176264 149.086489 -19.839408 159.449459 -19.812149 179.990616
40.171534 149.085939 -19.839391 159.449282 -19.812197 179.990612
40.166804 149.085390 -19.839375 159.449104 -19.812246 179.990610
40.162073 149.084840 -19.839360 159.448928 -19.812295 179.990607
40.157343 149.084291 -19.839343 159.448751 -19.812344 179.990604
40.152613 149.083742 -19.839327 159.448576 -19.812393 179.990601
40.147882 149.083192 -19.839312 159.448399 -19.812442 179.990598
40.143152 149.082642 -19.839296 159.448223 -19.812491 179.990595
40.138422 149.082093 -19.839280 159.448048 -19.812541 179.990592
40.133691 149.081543 -19.839266 159.447872 -19.812590 179.990589
40.128961 149.080993 -19.839250 159.447698 -19.812639 179.990586
40.124231 149.080443 -19.839234 159.447522 -19.812689 179.990583
40.119500 149.079893 -19.839220 159.447348 -19.812738 179.990581
40.114770 149.079343 -19.839204 159.447173 -19.812788 179.990577
40.110040 149.078793 -19.839189 159.446999 -19.812838 179.990575
40.105309 149.078243 -19.839174 159.446825 -19.812888 179.990571
40.100579 149.077693 -19.839159 159.446652 -19.812938 179.990569
40.095848 149.077143 -19.839145 159.446479 -19.812988 179.990566
40.091118 149.076593 -19.839130 159.446305 -19.813038 179.990563
40.086388 149.076042 -19.839115 159.446132 -19.813089 179.990561
40.081657 149.075492 -19.839100 159.445959 -19.813139 179.990557
40.076927 149.074942 -19.839085 159.445786 -19.813190 179.990555
40.072196 149.074392 -19.839070 159.445615 -19.813240 179.990551
40.067466 149.073842 -19.839056 159.445442 -19.813290 179.990548
40.062736 149.073292 -19.839041 159.445270 -19.813341 179.990545
40.058005 149.072741 -19.839027 159.445099 -19.813392 179.990543
40.053275 149.072190 -19.839013 159.444927 -19.813443 179.990539
40.048544 149.071640 -19.838999 159.444756 -19.813494 179.990537
40.043814 149.071089 -19.838984 159.444585 -19.813545 179.990535
40.039083 149.070539 -19.838970 159.444414 -19.813596 179.990531
40.034353 149.069988 -19.838956 159.444243 -19.813648 179.990528
40.029622 149.069437 -19.838943 159.444073 -19.813699 179.990526
40.024892 149.068887 -19.838929 159.443904 -19.813751 179.990523
40.020162 149.068336 -19.838915 159.443733 -19.813802 179.990520
40.015431 149.067785 -19.838901 159.443564 -19.813854 179.990518
40.010701 149.067235 -19.838888 159.443395 -19.813905 179.990514
40.005970 149.066683 -19.838875 159.443226 -19.813957 179.990511
40.001240 149.066133 -19.838860 159.443057 -19.814009 179.990509
39.996509 149.065582 -19.838847 159.442887 -19.814060 179.990506
39.991779 149.065031 -19.838834 159.442719 -19.814113 179.990504
39.987048 149.064480 -19.838821 159.442551 -19.814165 179.990500
39.982318 149.063929 -19.838808 159.442383 -19.814218 179.990498
39.977587 149.063378 -19.838795 159.442216 -19.814269 179.990495
39.972857 149.062826 -19.838781 159.442048 -19.814322 179.990492
39.968126 149.062276 -19.838768 159.441881 -19.814374 179.990489
39.963396 149.061724 -19.838756 159.441714 -19.814428 179.990486
39.958665 149.061173 -19.838742 159.441547 -19.814480 179.990484
39.953934 149.060622 -19.838730 159.441381 -19.814533 179.990480
39.949204 149.060070 -19.838717 159.441215 -19.814586 179.990478
39.944473 149.059519 -19.838704 159.441049 -19.814639 179.990475
39.939743 149.058967 -19.838692 159.440883 -19.814692 179.990473
39.935012 149.058417 -19.838680 159.440717 -19.814745 179.990470
39.930282 149.057865 -19.838667 159.440552 -19.814798 179.990467
39.925551 149.057313 -19.838655 159.440387 -19.814852 179.990464
39.920821 149.056761 -19.838643 159.440222 -19.814905 179.990462
39.916090 149.056210 -19.838630 159.440057 -19.814959 179.990459
39.911359 149.055658 -19.838618 159.439893 -19.815012 179.990456
39.906629 149.055106 -19.838606 159.439728 -19.815066 179.990454
39.901898 149.054555 -19.838594 159.439564 -19.815120 179.990451
39.897168 149.054003 -19.838582 159.439400 -19.815174 179.990448
39.892437 149.053451 -19.838571 159.439237 -19.815228 179.990445
39.887706 149.052899 -19.838558 159.439075 -19.815282 179.990442
39.882976 149.052347 -19.838547 159.438911 -19.815336 179.990440
39.878245 149.051796 -19.838535 159.438748 -19.815390 179.990437
39.873514 149.051244 -19.838524 159.438586 -19.815444 179.990434
39.868784 149.050692 -19.838512 159.438423 -19.815498 179.990432
39.864053 149.050140 -19.838500 159.438262 -19.815553 179.990429
39.859323 149.049588 -19.838490 159.438100 -19.815607 179.990426
39.854592 149.049036 -19.838478 159.437938 -19.815663 179.990424
39.849861 149.048485 -19.838466 159.437777 -19.815717 179.990421
39.845131 149.047932 -19.838456 159.437617 -19.815772 179.990418
39.840400 149.047380 -19.838445 159.437455 -19.815827 179.990416
39.835669 149.046828 -19.838433 159.437295 -19.815882 179.990413
39.830939 149.046276 -19.838423 159.437134 -19.815937 179.990411
39.826208 149.045723 -19.838412 159.436975 -19.815993 179.990407
39.821477 149.045171 -19.838401 159.436814 -19.816047 179.990405
39.816747 149.044619 -19.838391 159.436655 -19.816103 179.990403
39.812016 149.044066 -19.838380 159.436496 -19.816158 179.990400
39.807285 149.043514 -19.838370 159.436336 -19.816214 179.990398
39.802554 149.042962 -19.838359 159.436178 -19.816269 179.990395
39.797824 149.042408 -19.838348 159.436019 -19.816326 179.990392
39.793093 149.041856 -19.838338 159.435861 -19.816381 179.990389
39.788362 149.041303 -19.838328 159.435703 -19.816437 179.990386
39.783632 149.040751 -19.838318 159.435544 -19.816493 179.990384
39.778901 149.040199 -19.838308 159.435387 -19.816549 179.990381
39.774170 149.039646 -19.838298 159.435229 -19.816605 179.990379
39.769439 149.039094 -19.838288 159.435073 -19.816662 179.990376
39.764709 149.038541 -19.838278 159.434915 -19.816718 179.990374
39.759978 149.037987 -19.838268 159.434759 -19.816775 179.990371
39.755247 149.037435 -19.838258 159.434603 -19.816831 179.990369
39.750516 149.036882 -19.838248 159.434446 -19.816888 179.990366
39.745786 149.036330 -19.838239 159.434291 -19.816944 179.990363
39.741055 149.035776 -19.838229 159.434135 -19.817001 179.990360
39.736324 149.035223 -19.838220 159.433980 -19.817057 179.990357
39.731593 149.034671 -19.838210 159.433825 -19.817115 179.990356
39.726862 149.034118 -19.838201 159.433669 -19.817171 179.990353
39.722132 149.033564 -19.838192 159.433515 -19.817229 179.990351
39.717401 149.033012 -19.838183 159.433360 -19.817286 179.990347
39.712670 149.032459 -19.838174 159.433206 -19.817344 179.990345
39.707939 149.031905 -19.838165 159.433052 -19.817400 179.990343
39.703208 149.031353 -19.838156 159.432899 -19.817458 179.990340
39.698478 149.030799 -19.838147 159.432745 -19.817515 179.990338
39.693747 149.030246 -19.838139 159.432592 -19.817573 179.990335
39.689016 149.029693 -19.838129 159.432439 -19.817631 179.990333
39.684285 149.029139 -19.838121 159.432286 -19.817689 179.990330
39.679554 149.028587 -19.838112 159.432134 -19.817747 179.990328
39.674823 149.028033 -19.838104 159.431982 -19.817805 179.990325
39.670093 149.027480 -19.838096 159.431830 -19.817863 179.990323
39.665362 149.026926 -19.838087 159.431678 -19.817921 179.990320
39.660631 149.026373 -19.838079 159.431526 -19.817980 179.990318
39.655900 149.025819 -19.838071 159.431375 -19.818037 179.990315
39.651169 149.025266 -19.838063 159.431224 -19.818096 179.990313
39.646438 149.024712 -19.838054 159.431074 -19.818154 179.990310
39.641707 149.024158 -19.838046 159.430923 -19.818213 179.990308
39.636976 149.023605 -19.838039 159.430773 -19.818271 179.990305
39.632245 149.023051 -19.838030 159.430624 -19.818331 179.990302
39.627515 149.022498 -19.838023 159.430474 -19.818389 179.990300
39.622784 149.021944 -19.838015 159.430325 -19.818448 179.990298
39.618053 149.021390 -19.838007 159.430175 -19.818507 179.990295
39.613322 149.020837 -19.838000 159.430027 -19.818566 179.990292
39.608591 149.020283 -19.837993 159.429878 -19.818625 179.990290
39.603860 149.019729 -19.837985 159.429729 -19.818685 179.990287
39.599129 149.019175 -19.837978 159.429581 -19.818744 179.990285
39.594398 149.018622 -19.837970 159.429433 -19.818803 179.990283
39.589667 149.018068 -19.837964 159.429286 -19.818862 179.990280
39.584936 149.017514 -19.837956 159.429138 -19.818922 179.990277
39.580205 149.016960 -19.837949 159.428991 -19.818982 179.990276
39.575474 149.016407 -19.837942 159.428844 -19.819042 179.990273
39.570743 149.015852 -19.837936 159.428697 -19.819102 179.990270
39.566012 149.015298 -19.837928 159.428551 -19.819161 179.990268
39.561281 149.014744 -19.837922 159.428405 -19.819222 179.990266
39.556550 149.014190 -19.837915 159.428260 -19.819281 179.990263
39.551819 149.013636 -19.837908 159.428114 -19.819342 179.990261
39.547088 149.013081 -19.837902 159.427968 -19.819402 179.990259
39.542357 149.012527 -19.837895 159.427823 -19.819463 179.990256
39.537626 149.011974 -19.837889 159.427678 -19.819523 179.990254
39.532895 149.011420 -19.837883 159.427534 -19.819583 179.990251
39.528164 149.010864 -19.837876 159.427390 -19.819644 179.990249
39.523433 149.010311 -19.837871 159.427245 -19.819705 179.990247
39.518702 149.009757 -19.837864 159.427101 -19.819765 179.990244
39.513971 149.009202 -19.837858 159.426958 -19.819826 179.990242
39.509240 149.008647 -19.837853 159.426815 -19.819887 179.990240
39.504509 149.008094 -19.837847 159.426671 -19.819948 179.990237
39.499778 149.007538 -19.837840 159.426529 -19.820010 179.990235
39.495047 149.006984 -19.837835 159.426386 -19.820070 179.990233
39.490316 149.006430 -19.837830 159.426244 -19.820132 179.990230
39.485585 149.005875 -19.837824 159.426102 -19.820193 179.990228
39.480854 149.005321 -19.837818 159.425960 -19.820254 179.990225
39.476123 149.004767 -19.837813 159.425818 -19.820315 179.990224
39.471392 149.004212 -19.837807 159.425678 -19.820377 179.990221
39.466661 149.003658 -19.837802 159.425536 -19.820439 179.990218
39.461930 149.003102 -19.837797 159.425396 -19.820501 179.990216
39.457199 149.002548 -19.837792 159.425255 -19.820562 179.990214
39.452467 149.001993 -19.837787 159.425116 -19.820624 179.990211
39.447736 149.001439 -19.837782 159.424975 -19.820687 179.990209
39.443005 149.000883 -19.837777 159.424836 -19.820748 179.990207
39.438274 149.000329 -19.837772 159.424696 -19.820811 179.990205
39.433543 148.999774 -19.837767 159.424558 -19.820873 179.990202
39.428812 148.999219 -19.837762 159.424418 -19.820935 179.990201
39.424081 148.998664 -19.837758 159.424280 -19.820997 179.990198
39.419350 148.998110 -19.837753 159.424142 -19.821060 179.990195
39.414618 148.997554 -19.837749 159.424003 -19.821122 179.990194
39.409887 148.997000 -19.837744 159.423866 -19.821185 179.990191
39.405156 148.996445 -19.837740 159.423728 -19.821248 179.990189
39.400425 148.995890 -19.837736 159.423591 -19.821311 179.990186
39.395694 148.995335 -19.837732 159.423454 -19.821374 179.990184
39.390963 148.994780 -19.837728 159.423317 -19.821436 179.990182
39.386231 148.994225 -19.837724 159.423181 -19.821500 179.990180
39.381500 148.993670 -19.837720 159.423045 -19.821562 179.990177
39.376769 148.993115 -19.837716 159.422909 -19.821626 179.990175
39.372038 148.992559 -19.837712 159.422773 -19.821689 179.990173
39.367307 148.992005 -19.837709 159.422637 -19.821752 179.990171
39.362575 148.991449 -19.837705 159.422503 -19.821816 179.990169
39.357844 148.990894 -19.837701 159.422368 -19.821879 179.990166
39.353113 148.990339 -19.837698 159.422232 -19.821943 179.990164
39.348382 148.989784 -19.837694 159.422098 -19.822006 179.990162
39.343651 148.989229 -19.837691 159.421964 -19.822071 179.990160
39.338919 148.988673 -19.837688 159.421831 -19.822134 179.990157
39.334188 148.988118 -19.837684 159.421697 -19.822198 179.990155
39.329457 148.987563 -19.837681 159.421564 -19.822263 179.990153
39.324726 148.987007 -19.837678 159.421431 -19.822326 179.990151
39.319994 148.986452 -19.837676 159.421297 -19.822391 179.990149
39.315263 148.985897 -19.837672 159.421165 -19.822455 179.990147
39.310532 148.985341 -19.837670 159.421033 -19.822519 179.990144
39.305801 148.984785 -19.837667 159.420901 -19.822583 179.990142
39.301069 148.984230 -19.837664 159.420769 -19.822648 179.990141
39.296338 148.983675 -19.837662 159.420638 -19.822713 179.990138
39.291607 148.983119 -19.837659 159.420507 -19.822777 179.990136
39.286875 148.982563 -19.837656 159.420376 -19.822842 179.990134
39.282144 148.982008 -19.837654 159.420245 -19.822906 179.990132
39.277413 148.981453 -19.837651 159.420115 -19.822972 179.990129
39.272682 148.980897 -19.837650 159.419985 -19.823036 179.990128
39.267950 148.980341 -19.837648 159.419856 -19.823102 179.990125
39.263219 148.979786 -19.837645 159.419726 -19.823167 179.990123
39.258488 148.979230 -19.837644 159.419597 -19.823232 179.990121
39.253756 148.978674 -19.837641 159.419468 -19.823297 179.990119
39.249025 148.978118 -19.837640 159.419339 -19.823362 179.990117
39.244294 148.977563 -19.837637 159.419210 -19.823428 179.990115
39.239562 148.977007 -19.837636 159.419082 -19.823493 179.990112
39.234831 148.976451 -19.837634 159.418955 -19.823559 179.990110
39.230099 148.975895 -19.837633 159.418827 -19.823625 179.990109
39.225368 148.975340 -19.837631 159.418700 -19.823690 179.990106
39.220637 148.974784 -19.837630 159.418572 -19.823757 179.990104
39.215905 148.974228 -19.837628 159.418445 -19.823822 179.990102
39.211174 148.973672 -19.837627 159.418319 -19.823888 179.990101
39.206443 148.973116 -19.837626 159.418193 -19.823955 179.990098
39.201711 148.972561 -19.837625 159.418067 -19.824020 179.990096
39.196980 148.972005 -19.837624 159.417942 -19.824087 179.990094
39.192248 148.971448 -19.837623 159.417816 -19.824153 179.990092
39.187517 148.970892 -19.837622 159.417690 -19.824219 179.990090
39.182786 148.970336 -19.837622 159.417566 -19.824286 179.990088
39.178054 148.969781 -19.837621 159.417441 -19.824352 179.990086
39.173323 148.969225 -19.837620 159.417316 -19.824419 179.990083
