-69.511486 148.208040 20.000000 1.172832 18.747237 -3.226961
-69.511876 148.207224 20.000000 1.172832 18.747237 -3.231716
-69.512267 148.206408 20.000000 1.172832 18.747237 -3.236470
-69.512656 148.205591 20.000000 1.172832 18.747237 -3.241225
-69.513047 148.204775 20.000000 1.172832 18.747237 -3.245980
-69.513438 148.203958 20.000000 1.172832 18.747237 -3.250734
-69.513828 148.203142 20.000000 1.172832 18.747237 -3.255489
-69.514220 148.202326 20.000000 1.172832 18.747237 -3.260243
-69.514611 148.201509 20.000000 1.172832 18.747237 -3.264998
-69.515002 148.200693 20.000000 1.172832 18.747237 -3.269752
-69.515393 148.199877 20.000000 1.172832 18.747237 -3.274507
-69.515785 148.199061 20.000000 1.172832 18.747237 -3.279262
-69.516176 148.198244 20.000000 1.172832 18.747237 -3.284016
-69.516568 148.197428 20.000000 1.172832 18.747237 -3.288771
-69.516959 148.196612 20.000000 1.172832 18.747237 -3.293525
-69.517351 148.195796 20.000000 1.172832 18.747237 -3.298280
-69.517743 148.194980 20.000000 1.172832 18.747237 -3.303034
-69.518135 148.194163 20.000000 1.172832 18.747237 -3.307789
-69.518528 148.193347 20.000000 1.172832 18.747237 -3.312543
-69.518920 148.192531 20.000000 1.172832 18.747237 -3.317297
-69.519313 148.191715 20.000000 1.172832 18.747237 -3.322052
-69.519705 148.190899 20.000000 1.172832 18.747237 -3.326806
-69.520097 148.190083 20.000000 1.172832 18.747237 -3.331561
-69.520490 148.189267 20.000000 1.172832 18.747237 -3.336315
-69.520883 148.188450 20.000000 1.172832 18.747237 -3.341070
-69.521276 148.187634 20.000000 1.172832 18.747237 -3.345824
-69.521669 148.186818 20.000000 1.172832 18.747237 -3.350578
-69.522063 148.186002 20.000000 1.172832 18.747237 -3.355333
-69.522455 148.185186 20.000000 1.172832 18.747237 -3.360087
-69.522849 148.184370 20.000000 1.172832 18.747237 -3.364841
-69.523242 148.183554 20.000000 1.172832 18.747237 -3.369596
-69.523636 148.182738 20.000000 1.172832 18.747237 -3.374350
-69.524030 148.181922 20.000000 1.172832 18.747237 -3.379104
-69.524424 148.181106 20.000000 1.172832 18.747237 -3.383859
-69.524818 148.180291 20.000000 1.172832 18.747237 -3.388613
-69.525212 148.179475 20.000000 1.172832 18.747237 -3.393367
-69.525606 148.178659 20.000000 1.172832 18.747237 -3.398122
-69.526001 148.177843 20.000000 1.172832 18.747237 -3.402876
-69.526395 148.177027 20.000000 1.172832 18.747237 -3.407630
-69.526790 148.176211 20.000000 1.172832 18.747237 -3.412385
-69.527185 148.175395 20.000000 1.172832 18.747237 -3.417139
-69.527580 148.174579 20.000000 1.172832 18.747237 -3.421893
-69.527974 148.173764 20.000000 1.172832 18.747237 -3.426647
-69.528370 148.172948 20.000000 1.172832 18.747237 -3.431402
-69.528764 148.172132 20.000000 1.172832 18.747237 -3.436156
-69.529160 148.171316 20.000000 1.172832 18.747237 -3.440910
-69.529556 148.170500 20.000000 1.172832 18.747237 -3.445664
-69.529951 148.169685 20.000000 1.172832 18.747237 -3.450419
-69.530347 148.168869 20.000000 1.172832 18.747237 -3.455173
-69.530742 148.168053 20.000000 1.172832 18.747237 -3.459927
-69.531139 148.167237 20.000000 1.172832 18.747237 -3.464681
-69.531535 148.166422 20.000000 1.172832 18.747237 -3.469435
-69.531931 148.165606 20.000000 1.172832 18.747237 -3.474190
-69.532327 148.164790 20.000000 1.172832 18.747237 -3.478944
-69.532723 148.163975 20.000000 1.172832 18.747237 -3.483698
-69.533120 148.163159 20.000000 1.172832 18.747237 -3.488452
-69.533516 148.162343 20.000000 1.172832 18.747237 -3.493207
-69.533913 148.161528 20.000000 1.172832 18.747237 -3.497961
-69.534309 148.160712 20.000000 1.172832 18.747237 -3.502715
-69.534707 148.159897 20.000000 1.172832 18.747237 -3.507469
-69.535104 148.159081 20.000000 1.172832 18.747237 -3.512223
-69.535500 148.158265 20.000000 1.172832 18.747237 -3.516977
-69.535898 148.157450 20.000000 1.172832 18.747237 -3.521732
-69.536295 148.156634 20.000000 1.172832 18.747237 -3.526486
-69.536693 148.155819 20.000000 1.172832 18.747237 -3.531240
-69.537090 148.155003 20.000000 1.172832 18.747237 -3.535994
-69.537488 148.154188 20.000000 1.172832 18.747237 -3.540748
-69.537887 148.153372 20.000000 1.172832 18.747237 -3.545503
-69.538284 148.152557 20.000000 1.172832 18.747237 -3.550257
-69.538682 148.151741 20.000000 1.172832 18.747237 -3.555011
-69.539081 148.150926 20.000000 1.172832 18.747237 -3.559765
-69.539479 148.150110 20.000000 1.172832 18.747237 -3.564519
-69.539878 148.149295 20.000000 1.172832 18.747237 -3.569273
-69.540276 148.148479 20.000000 1.172832 18.747237 -3.574028
-69.540675 148.147664 20.000000 1.172832 18.747237 -3.578782
-69.541074 148.146849 20.000000 1.172832 18.747237 -3.583536
-69.541472 148.146033 20.000000 1.172832 18.747237 -3.588290
-69.541871 148.145218 20.000000 1.172832 18.747237 -3.593044
-69.542270 148.144403 20.000000 1.172832 18.747237 -3.597798
-69.542670 148.143587 20.000000 1.172832 18.747237 -3.602553
-69.543069 148.142772 20.000000 1.172832 18.747237 -3.607307
-69.543468 148.141957 20.000000 1.172832 18.747237 -3.612061
-69.543869 148.141141 20.000000 1.172832 18.747237 -3.616815
-69.544268 148.140326 20.000000 1.172832 18.747237 -3.621569
-69.544668 148.139511 20.000000 1.172832 18.747237 -3.626324
-69.545068 148.138695 20.000000 1.172832 18.747237 -3.631078
-69.545468 148.137880 20.000000 1.172832 18.747237 -3.635832
-69.545869 148.137065 20.000000 1.172832 18.747237 -3.640586
-69.546268 148.136250 20.000000 1.172832 18.747237 -3.645340
-69.546669 148.135435 20.000000 1.172832 18.747237 -3.650094
-69.547070 148.134619 20.000000 1.172832 18.747237 -3.654849
-69.547470 148.133804 20.000000 1.172832 18.747237 -3.659603
-69.547871 148.132989 20.000000 1.172832 18.747237 -3.664357
-69.548272 148.132174 20.000000 1.172832 18.747237 -3.669111
-69.548673 148.131358 20.000000 1.172832 18.747237 -3.673866
-69.549074 148.130543 20.000000 1.172832 18.747237 -3.678620
-69.549476 148.129728 20.000000 1.172832 18.747237 -3.683374
-69.549877 148.128913 20.000000 1.172832 18.747237 -3.688128
-69.550278 148.128098 20.000000 1.172832 18.747237 -3.692882
-69.550679 148.127283 20.000000 1.172832 18.747237 -3.697637
-69.551082 148.126468 20.000000 1.172832 18.747237 -3.702391
-69.551483 148.125653 20.000000 1.172832 18.747237 -3.707145
-69.551885 148.124838 20.000000 1.172832 18.747237 -3.711899
-69.552288 148.124023 20.000000 1.172832 18.747237 -3.716654
-69.552689 148.123208 20.000000 1.172832 18.747237 -3.721408
-69.553092 148.122393 20.000000 1.172832 18.747237 -3.726162
-69.553494 148.121578 20.000000 1.172832 18.747237 -3.730917
-69.553897 148.120763 20.000000 1.172832 18.747237 -3.735671
-69.554300 148.119948 20.000000 1.172832 18.747237 -3.740425
-69.554703 148.119133 20.000000 1.172832 18.747237 -3.745179
-69.555105 148.118318 20.000000 1.172832 18.747237 -3.749934
-69.555508 148.117503 20.000000 1.172832 18.747237 -3.754688
-69.555911 148.116688 20.000000 1.172832 18.747237 -3.759442
-69.556315 148.115873 20.000000 1.172832 18.747237 -3.764197
-69.556718 148.115058 20.000000 1.172832 18.747237 -3.768951
-69.557121 148.114243 20.000000 1.172832 18.747237 -3.773705
-69.557525 148.113428 20.000000 1.172832 18.747237 -3.778460
-69.557929 148.112613 20.000000 1.172832 18.747237 -3.783214
-69.558332 148.111798 20.000000 1.172832 18.747237 -3.787969
-69.558737 148.110983 20.000000 1.172832 18.747237 -3.792723
-69.559141 148.110169 20.000000 1.172832 18.747237 -3.797477
-69.559545 148.109354 20.000000 1.172832 18.747237 -3.802232
-69.559949 148.108539 20.000000 1.172832 18.747237 -3.806986
-69.560353 148.107724 20.000000 1.172832 18.747237 -3.811741
-69.560758 148.106909 20.000000 1.172832 18.747237 -3.816495
-69.561163 148.106095 20.000000 1.172832 18.747237 -3.821249
-69.561568 148.105280 20.000000 1.172832 18.747237 -3.826004
-69.561972 148.104465 20.000000 1.172832 18.747237 -3.830758
-69.562377 148.103650 20.000000 1.172832 18.747237 -3.835513
-69.562783 148.102836 20.000000 1.172832 18.747237 -3.840267
-69.563188 148.102021 20.000000 1.172832 18.747237 -3.845022
-69.563593 148.101206 20.000000 1.172832 18.747237 -3.849776
-69.563998 148.100391 20.000000 1.172832 18.747237 -3.854531
-69.564404 148.099577 20.000000 1.172832 18.747237 -3.859285
-69.564810 148.098762 20.000000 1.172832 18.747237 -3.864040
-69.565216 148.097947 20.000000 1.172832 18.747237 -3.868795
-69.565621 148.097133 20.000000 1.172832 18.747237 -3.873549
-69.566027 148.096318 20.000000 1.172832 18.747237 -3.878304
-69.566434 148.095503 20.000000 1.172832 18.747237 -3.883058
-69.566840 148.094689 20.000000 1.172832 18.747237 -3.887813
-69.567247 148.093874 20.000000 1.172832 18.747237 -3.892567
-69.567653 148.093059 20.000000 1.172832 18.747237 -3.897322
-69.568060 148.092245 20.000000 1.172832 18.747237 -3.902077
-69.568466 148.091430 20.000000 1.172832 18.747237 -3.906831
-69.568874 148.090616 20.000000 1.172832 18.747237 -3.911586
-69.569280 148.089801 20.000000 1.172832 18.747237 -3.916341
-69.569688 148.088986 20.000000 1.172832 18.747237 -3.921096
-69.570095 148.088172 20.000000 1.172832 18.747237 -3.925850
-69.570502 148.087357 20.000000 1.172832 18.747237 -3.930605
-69.570910 148.086543 20.000000 1.172832 18.747237 -3.935360
-69.571318 148.085728 20.000000 1.172832 18.747237 -3.940114
-69.571725 148.084914 20.000000 1.172832 18.747237 -3.944869
-69.572133 148.084099 20.000000 1.172832 18.747237 -3.949624
-69.572541 148.083285 20.000000 1.172832 18.747237 -3.954379
-69.572949 148.082470 20.000000 1.172832 18.747237 -3.959134
-69.573357 148.081656 20.000000 1.172832 18.747237 -3.963889
-69.573765 148.080841 20.000000 1.172832 18.747237 -3.968643
-69.574173 148.080027 20.000000 1.172832 18.747237 -3.973398
-69.574583 148.079212 20.000000 1.172832 18.747237 -3.978153
-69.574991 148.078398 20.000000 1.172832 18.747237 -3.982908
-69.575400 148.077584 20.000000 1.172832 18.747237 -3.987663
-69.575808 148.076769 20.000000 1.172832 18.747237 -3.992418
-69.576218 148.075955 20.000000 1.172832 18.747237 -3.997173
-69.576627 148.075140 20.000000 1.172832 18.747237 -4.001928
-69.577037 148.074326 20.000000 1.172832 18.747237 -4.006683
-69.577445 148.073512 20.000000 1.172832 18.747237 -4.011438
-69.577855 148.072697 20.000000 1.172832 18.747237 -4.016193
-69.578264 148.071883 20.000000 1.172832 18.747237 -4.020948
-69.578674 148.071069 20.000000 1.172832 18.747237 -4.025703
-69.579084 148.070254 20.000000 1.172832 18.747237 -4.030458
-69.579495 148.069440 20.000000 1.172832 18.747237 -4.035213
-69.579904 148.068626 20.000000 1.172832 18.747237 -4.039968
-69.580314 148.067811 20.000000 1.172832 18.747237 -4.044724
-69.580725 148.066997 20.000000 1.172832 18.747237 -4.049479
-69.581135 148.066183 20.000000 1.172832 18.747237 -4.054234
-69.581546 148.065369 20.000000 1.172832 18.747237 -4.058989
-69.581956 148.064554 20.000000 1.172832 18.747237 -4.063744
-69.582367 148.063740 20.000000 1.172832 18.747237 -4.068500
-69.582779 148.062926 20.000000 1.172832 18.747237 -4.073255
-69.583189 148.062112 20.000000 1.172832 18.747237 -4.078010
-69.583600 148.061297 20.000000 1.172832 18.747237 -4.082765
-69.584011 148.060483 20.000000 1.172832 18.747237 -4.087521
-69.584423 148.059669 20.000000 1.172832 18.747237 -4.092276
-69.584834 148.058855 20.000000 1.172832 18.747237 -4.097032
-69.585246 148.058041 20.000000 1.172832 18.747237 -4.101787
-69.585658 148.057226 20.000000 1.172832 18.747237 -4.106542
-69.586070 148.056412 20.000000 1.172832 18.747237 -4.111298
-69.586481 148.055598 20.000000 1.172832 18.747237 -4.116053
-69.586894 148.054784 20.000000 1.172832 18.747237 -4.120809
-69.587306 148.053970 20.000000 1.172832 18.747237 -4.125564
-69.587719 148.053156 20.000000 1.172832 18.747237 -4.130320
-69.588130 148.052342 20.000000 1.172832 18.747237 -4.135075
-69.588543 148.051527 20.000000 1.172832 18.747237 -4.139831
-69.588956 148.050713 20.000000 1.172832 18.747237 -4.144587
-69.589369 148.049899 20.000000 1.172832 18.747237 -4.149342
-69.589782 148.049085 20.000000 1.172832 18.747237 -4.154098
-69.590194 148.048271 20.000000 1.172832 18.747237 -4.158853
-69.590607 148.047457 20.000000 1.172832 18.747237 -4.163609
-69.591022 148.046643 20.000000 1.172832 18.747237 -4.168365
-69.591435 148.045829 20.000000 1.172832 18.747237 -4.173121
-69.591848 148.045015 20.000000 1.172832 18.747237 -4.177876
-69.592261 148.044201 20.000000 1.172832 18.747237 -4.182632
-69.592676 148.043387 20.000000 1.172832 18.747237 -4.187388
-69.593089 148.042573 20.000000 1.172832 18.747237 -4.192144
-69.593504 148.041759 20.000000 1.172832 18.747237 -4.196900
-69.593917 148.040945 20.000000 1.172832 18.747237 -4.201656
-69.594332 148.040131 20.000000 1.172832 18.747237 -4.206412
-69.594746 148.039317 20.000000 1.172832 18.747237 -4.211168
-69.595160 148.038503 20.000000 1.172832 18.747237 -4.215924
-69.595575 148.037689 20.000000 1.172832 18.747237 -4.220680
-69.595990 148.036875 20.000000 1.172832 18.747237 -4.225436
-69.596405 148.036061 20.000000 1.172832 18.747237 -4.230192
-69.596819 148.035247 20.000000 1.172832 18.747237 -4.234948
-69.597234 148.034433 20.000000 1.172832 18.747237 -4.239704
-69.597650 148.033619 20.000000 1.172832 18.747237 -4.244460
-69.598065 148.032806 20.000000 1.172832 18.747237 -4.249216
-69.598480 148.031992 20.000000 1.172832 18.747237 -4.253972
-69.598897 148.031178 20.000000 1.172832 18.747237 -4.258729
-69.599312 148.030364 20.000000 1.172832 18.747237 -4.263485
-69.599728 148.029550 20.000000 1.172832 18.747237 -4.268241
-69.600143 148.028736 20.000000 1.172832 18.747237 -4.272997
-69.600560 148.027922 20.000000 1.172832 18.747237 -4.277754
-69.600976 148.027109 20.000000 1.172832 18.747237 -4.282510
-69.601391 148.026295 20.000000 1.172832 18.747237 -4.287267
-69.601808 148.025481 20.000000 1.172832 18.747237 -4.292023
-69.602225 148.024667 20.000000 1.172832 18.747237 -4.296779
-69.602641 148.023853 20.000000 1.172832 18.747237 -4.301536
-69.603058 148.023040 20.000000 1.172832 18.747237 -4.306292
-69.603474 148.022226 20.000000 1.172832 18.747237 -4.311049
-69.603892 148.021412 20.000000 1.172832 18.747237 -4.315806
-69.604309 148.020598 20.000000 1.172832 18.747237 -4.320562
-69.604726 148.019784 20.000000 1.172832 18.747237 -4.325319
-69.605144 148.018971 20.000000 1.172832 18.747237 -4.330076
-69.605561 148.018157 20.000000 1.172832 18.747237 -4.334832
-69.605979 148.017343 20.000000 1.172832 18.747237 -4.339589
-69.606396 148.016529 20.000000 1.172832 18.747237 -4.344346
-69.606814 148.015716 20.000000 1.172832 18.747237 -4.349103
-69.607232 148.014902 20.000000 1.172832 18.747237 -4.353859
-69.607650 148.014088 20.000000 1.172832 18.747237 -4.358616
-69.608068 148.013275 20.000000 1.172832 18.747237 -4.363373
-69.608487 148.012461 20.000000 1.172832 18.747237 -4.368130
-69.608905 148.011647 20.000000 1.172832 18.747237 -4.372887
-69.609323 148.010834 20.000000 1.172832 18.747237 -4.377644
-69.609742 148.010020 20.000000 1.172832 18.747237 -4.382401
-69.610160 148.009206 20.000000 1.172832 18.747237 -4.387158
-69.610580 148.008393 20.000000 1.172832 18.747237 -4.391915
-69.610999 148.007579 20.000000 1.172832 18.747237 -4.396672
-69.611417 148.006765 20.000000 1.172832 18.747237 -4.401430
-69.611837 148.005952 20.000000 1.172832 18.747237 -4.406187
-69.612257 148.005138 20.000000 1.172832 18.747237 -4.410944
-69.612676 148.004325 20.000000 1.172832 18.747237 -4.415701
-69.613095 148.003511 20.000000 1.172832 18.747237 -4.420459
-69.613515 148.002697 20.000000 1.172832 18.747237 -4.425216
-69.613935 148.001884 20.000000 1.172832 18.747237 -4.429973
-69.614355 148.001070 20.000000 1.172832 18.747237 -4.434731
-69.614775 148.000257 20.000000 1.172832 18.747237 -4.439488
-69.615196 147.999443 20.000000 1.172832 18.747237 -4.444246
-69.615616 147.998630 20.000000 1.172832 18.747237 -4.449003
-69.616036 147.997816 20.000000 1.172832 18.747237 -4.453761
-69.616456 147.997003 20.000000 1.172832 18.747237 -4.458518
-69.616877 147.996189 20.000000 1.172832 18.747237 -4.463276
-69.617298 147.995375 20.000000 1.172832 18.747237 -4.468034
-69.617719 147.994562 20.000000 1.172832 18.747237 -4.472791
-69.618140 147.993748 20.000000 1.172832 18.747237 -4.477549
-69.618561 147.992935 20.000000 1.172832 18.747237 -4.482307
-69.618983 147.992121 20.000000 1.172832 18.747237 -4.487065
-69.619403 147.991308 20.000000 1.172832 18.747237 -4.491823
-69.619825 147.990495 20.000000 1.172832 18.747237 -4.496580
-69.620247 147.989681 20.000000 1.172832 18.747237 -4.501338
-69.620669 147.988868 20.000000 1.172832 18.747237 -4.506096
-69.621091 147.988054 20.000000 1.172832 18.747237 -4.510854
-69.621512 147.987241 20.000000 1.172832 18.747237 -4.515612
-69.621934 147.986427 20.000000 1.172832 18.747237 -4.520370
-69.622357 147.985614 20.000000 1.172832 18.747237 -4.525129
-69.622779 147.984800 20.000000 1.172832 18.747237 -4.529887
-69.623201 147.983987 20.000000 1.172832 18.747237 -4.534645
-69.623625 147.983174 20.000000 1.172832 18.747237 -4.539403
-69.624047 147.982360 20.000000 1.172832 18.747237 -4.544162
-69.624470 147.981547 20.000000 1.172832 18.747237 -4.548920
-69.624893 147.980733 20.000000 1.172832 18.747237 -4.553678
-69.625316 147.979920 20.000000 1.172832 18.747237 -4.558437
-69.625739 147.979107 20.000000 1.172832 18.747237 -4.563195
-69.626163 147.978293 20.000000 1.172832 18.747237 -4.567954
-69.626586 147.977480 20.000000 1.172832 18.747237 -4.572712
-69.627010 147.976666 20.000000 1.172832 18.747237 -4.577471
-69.627433 147.975853 20.000000 1.172832 18.747237 -4.582229
-69.627857 147.975040 20.000000 1.172832 18.747237 -4.586988
-69.628281 147.974226 20.000000 1.172832 18.747237 -4.591747
-69.628705 147.973413 20.000000 1.172832 18.747237 -4.596505
-69.629129 147.972600 20.000000 1.172832 18.747237 -4.601264
-69.629553 147.971786 20.000000 1.172832 18.747237 -4.606023
-69.629978 147.970973 20.000000 1.172832 18.747237 -4.610782
-69.630403 147.970160 20.000000 1.172832 18.747237 -4.615541
-69.630827 147.969346 20.000000 1.172832 18.747237 -4.620300
-69.631252 147.968533 20.000000 1.172832 18.747237 -4.625059
-69.631677 147.967720 20.000000 1.172832 18.747237 -4.629818
-69.632101 147.966907 20.000000 1.172832 18.747237 -4.634577
-69.632526 147.966093 20.000000 1.172832 18.747237 -4.639336
-69.632952 147.965280 20.000000 1.172832 18.747237 -4.644095
-69.633377 147.964467 20.000000 1.172832 18.747237 -4.648854
-69.633802 147.963654 20.000000 1.172832 18.747237 -4.653614
-69.634229 147.962840 20.000000 1.172832 18.747237 -4.658373
-69.634654 147.962027 20.000000 1.172832 18.747237 -4.663132
-69.635080 147.961214 20.000000 1.172832 18.747237 -4.667892
-69.635506 147.960401 20.000000 1.172832 18.747237 -4.672651
-69.635932 147.959587 20.000000 1.172832 18.747237 -4.677411
-69.636359 147.958774 20.000000 1.172832 18.747237 -4.682170
-69.636784 147.957961 20.000000 1.172832 18.747237 -4.686930
-69.637211 147.957148 20.000000 1.172832 18.747237 -4.691689
-69.637638 147.956335 20.000000 1.172832 18.747237 -4.696449
-69.638064 147.955521 20.000000 1.172832 18.747237 -4.701209
-69.638491 147.954708 20.000000 1.172832 18.747237 -4.705968
-69.638918 147.953895 20.000000 1.172832 18.747237 -4.710728
-69.639345 147.953082 20.000000 1.172832 18.747237 -4.715488
-69.639772 147.952269 20.000000 1.172832 18.747237 -4.720248
-69.640200 147.951456 20.000000 1.172832 18.747237 -4.725008
-69.640627 147.950642 20.000000 1.172832 18.747237 -4.729768
-69.641055 147.949829 20.000000 1.172832 18.747237 -4.734528
-69.641482 147.949016 20.000000 1.172832 18.747237 -4.739288
-69.641910 147.948203 20.000000 1.172832 18.747237 -4.744048
-69.642338 147.947390 20.000000 1.172832 18.747237 -4.748808
-69.642766 147.946577 20.000000 1.172832 18.747237 -4.753569
-69.643195 147.945764 20.000000 1.172832 18.747237 -4.758329
-69.643622 147.944951 20.000000 1.172832 18.747237 -4.763089
-69.644051 147.944137 20.000000 1.172832 18.747237 -4.767850
-69.644479 147.943324 20.000000 1.172832 18.747237 -4.772610
-69.644908 147.942511 20.000000 1.172832 18.747237 -4.777371
-69.645337 147.941698 20.000000 1.172832 18.747237 -4.782131
-69.645766 147.940885 20.000000 1.172832 18.747237 -4.786892
-69.646195 147.940072 20.000000 1.172832 18.747237 -4.791652
-69.646624 147.939259 20.000000 1.172832 18.747237 -4.796413
-69.647053 147.938446 20.000000 1.172832 18.747237 -4.801174
-69.647483 147.937633 20.000000 1.172832 18.747237 -4.805935
-69.647912 147.936820 20.000000 1.172832 18.747237 -4.810695
-69.648342 147.936007 20.000000 1.172832 18.747237 -4.815456
-69.648771 147.935194 20.000000 1.172832 18.747237 -4.820217
-69.649201 147.934381 20.000000 1.172832 18.747237 -4.824978
-69.649630 147.933568 20.000000 1.172832 18.747237 -4.829739
-69.650061 147.932755 20.000000 1.172832 18.747237 -4.834500
-69.650491 147.931942 20.000000 1.172832 18.747237 -4.839262
-69.650922 147.931129 20.000000 1.172832 18.747237 -4.844023
-69.651352 147.930316 20.000000 1.172832 18.747237 -4.848784
-69.651783 147.929503 20.000000 1.172832 18.747237 -4.853545
-69.652213 147.928690 20.000000 1.172832 18.747237 -4.858307
-69.652644 147.927877 20.000000 1.172832 18.747237 -4.863068
-69.653075 147.927064 20.000000 1.172832 18.747237 -4.867830
-69.653506 147.926251 20.000000 1.172832 18.747237 -4.872591
-69.653937 147.925438 20.000000 1.172832 18.747237 -4.877353
-69.654368 147.924625 20.000000 1.172832 18.747237 -4.882114
-69.654800 147.923812 20.000000 1.172832 18.747237 -4.886876
-69.655232 147.922999 20.000000 1.172832 18.747237 -4.891638
-69.655663 147.922186 20.000000 1.172832 18.747237 -4.896400
-69.656095 147.921373 20.000000 1.172832 18.747237 -4.901161
-69.656527 147.920560 20.000000 1.172832 18.747237 -4.905923
-69.656959 147.919747 20.000000 1.172832 18.747237 -4.910685
-69.657390 147.918934 20.000000 1.172832 18.747237 -4.915447
-69.657823 147.918121 20.000000 1.172832 18.747237 -4.920209
-69.658256 147.917308 20.000000 1.172832 18.747237 -4.924972
-69.658688 147.916495 20.000000 1.172832 18.747237 -4.929734
-69.659121 147.915682 20.000000 1.172832 18.747237 -4.934496
-69.659553 147.914869 20.000000 1.172832 18.747237 -4.939258
-69.659987 147.914056 20.000000 1.172832 18.747237 -4.944021
-69.660419 147.913244 20.000000 1.172832 18.747237 -4.948783
-69.660852 147.912431 20.000000 1.172832 18.747237 -4.953545
-69.661286 147.911618 20.000000 1.172832 18.747237 -4.958308
-69.661720 147.910805 20.000000 1.172832 18.747237 -4.963071
-69.662152 147.909992 20.000000 1.172832 18.747237 -4.967833
-69.662586 147.909179 20.000000 1.172832 18.747237 -4.972596
-69.663020 147.908366 20.000000 1.172832 18.747237 -4.977359
-69.663454 147.907553 20.000000 1.172832 18.747237 -4.982121
-69.663888 147.906741 20.000000 1.172832 18.747237 -4.986884
-69.664322 147.905928 20.000000 1.172832 18.747237 -4.991647
-69.664756 147.905115 20.000000 1.172832 18.747237 -4.996410
-69.665190 147.904302 20.000000 1.172832 18.747237 -5.001173
-69.665625 147.903489 20.000000 1.172832 18.747237 -5.005936
-69.666060 147.902676 20.000000 1.172832 18.747237 -5.010700
-69.666494 147.901863 20.000000 1.172832 18.747237 -5.015463
-69.666930 147.901051 20.000000 1.172832 18.747237 -5.020226
-69.667364 147.900238 20.000000 1.172832 18.747237 -5.024989
-69.667799 147.899425 20.000000 1.172832 18.747237 -5.029753
-69.668234 147.898612 20.000000 1.172832 18.747237 -5.034516
-69.668670 147.897799 20.000000 1.172832 18.747237 -5.039280
-69.669105 147.896986 20.000000 1.172832 18.747237 -5.044043
-69.669541 147.896174 20.000000 1.172832 18.747237 -5.048807
-69.669977 147.895361 20.000000 1.172832 18.747237 -5.053571
-69.670412 147.894548 20.000000 1.172832 18.747237 -5.058335
-69.670848 147.893735 20.000000 1.172832 18.747237 -5.063098
-69.671284 147.892922 20.000000 1.172832 18.747237 -5.067862
-69.671720 147.892110 20.000000 1.172832 18.747237 -5.072626
-69.672157 147.891297 20.000000 1.172832 18.747237 -5.077390
-69.672593 147.890484 20.000000 1.172832 18.747237 -5.082154
-69.673029 147.889671 20.000000 1.172832 18.747237 -5.086918
-69.673466 147.888858 20.000000 1.172832 18.747237 -5.091683
-69.673903 147.888046 20.000000 1.172832 18.747237 -5.096447
-69.674340 147.887233 20.000000 1.172832 18.747237 -5.101211
-69.674777 147.886420 20.000000 1.172832 18.747237 -5.105976
-69.675215 147.885607 20.000000 1.172832 18.747237 -5.110740
-69.675651 147.884795 20.000000 1.172832 18.747237 -5.115505
-69.676088 147.883982 20.000000 1.172832 18.747237 -5.120269
-69.676526 147.883169 20.000000 1.172832 18.747237 -5.125034
-69.676964 147.882356 20.000000 1.172832 18.747237 -5.129798
-69.677402 147.881544 20.000000 1.172832 18.747237 -5.134563
-69.677840 147.880731 20.000000 1.172832 18.747237 -5.139328
-69.678278 147.879918 20.000000 1.172832 18.747237 -5.144093
-69.678715 147.879105 20.000000 1.172832 18.747237 -5.148858
-69.679154 147.878293 20.000000 1.172832 18.747237 -5.153623
-69.679592 147.877480 20.000000 1.172832 18.747237 -5.158388
-69.680031 147.876667 20.000000 1.172832 18.747237 -5.163153
-69.680470 147.875854 20.000000 1.172832 18.747237 -5.167919
-69.680908 147.875042 20.000000 1.172832 18.747237 -5.172684
-69.681347 147.874229 20.000000 1.172832 18.747237 -5.177449
-69.681786 147.873416 20.000000 1.172832 18.747237 -5.182215
-69.682226 147.872604 20.000000 1.172832 18.747237 -5.186980
-69.682665 147.871791 20.000000 1.172832 18.747237 -5.191746
-69.683104 147.870978 20.000000 1.172832 18.747237 -5.196511
-69.683543 147.870166 20.000000 1.172832 18.747237 -5.201277
-69.683983 147.869353 20.000000 1.172832 18.747237 -5.206043
-69.684422 147.868540 20.000000 1.172832 18.747237 -5.210809
-69.684863 147.867728 20.000000 1.172832 18.747237 -5.215574
-69.685302 147.866915 20.000000 1.172832 18.747237 -5.220340
-69.685743 147.866102 20.000000 1.172832 18.747237 -5.225106
-69.686183 147.865289 20.000000 1.172832 18.747237 -5.229873
-69.686624 147.864477 20.000000 1.172832 18.747237 -5.234639
-69.687063 147.863664 20.000000 1.172832 18.747237 -5.239405
-69.687504 147.862852 20.000000 1.172832 18.747237 -5.244171
-69.687945 147.862039 20.000000 1.172832 18.747237 -5.248938
-69.688386 147.861226 20.000000 1.172832 18.747237 -5.253704
-69.688827 147.860413 20.000000 1.172832 18.747237 -5.258471
-69.689268 147.859601 20.000000 1.172832 18.747237 -5.263237
-69.689709 147.858788 20.000000 1.172832 18.747237 -5.268004
-69.690150 147.857976 20.000000 1.172832 18.747237 -5.272771
-69.690592 147.857163 20.000000 1.172832 18.747237 -5.277537
-69.691034 147.856350 20.000000 1.172832 18.747237 -5.282304
-69.691475 147.855538 20.000000 1.172832 18.747237 -5.287071
-69.691918 147.854725 20.000000 1.172832 18.747237 -5.291838
-69.692359 147.853912 20.000000 1.172832 18.747237 -5.296605
-69.692801 147.853100 20.000000 1.172832 18.747237 -5.301372
-69.693243 147.852287 20.000000 1.172832 18.747237 -5.306140
-69.693686 147.851474 20.000000 1.172832 18.747237 -5.310907
-69.694128 147.850662 20.000000 1.172832 18.747237 -5.315674
-69.694571 147.849849 20.000000 1.172832 18.747237 -5.320442
-69.695014 147.849037 20.000000 1.172832 18.747237 -5.325209
-69.695456 147.848224 20.000000 1.172832 18.747237 -5.329977
-69.695899 147.847411 20.000000 1.172832 18.747237 -5.334745
-69.696342 147.846599 20.000000 1.172832 18.747237 -5.339512
-69.696785 147.845786 20.000000 1.172832 18.747237 -5.344280
-69.697228 147.844974 20.000000 1.172832 18.747237 -5.349048
-69.697672 147.844161 20.000000 1.172832 18.747237 -5.353816
-69.698115 147.843348 20.000000 1.172832 18.747237 -5.358584
-69.698559 147.842536 20.000000 1.172832 18.747237 -5.363352
-69.699003 147.841723 20.000000 1.172832 18.747237 -5.368120
-69.699447 147.840911 20.000000 1.172832 18.747237 -5.372888
-69.699891 147.840098 20.000000 1.172832 18.747237 -5.377657
-69.700335 147.839285 20.000000 1.172832 18.747237 -5.382425
-69.700779 147.838473 20.000000 1.172832 18.747237 -5.387194
-69.701224 147.837660 20.000000 1.172832 18.747237 -5.391962
-69.701668 147.836848 20.000000 1.172832 18.747237 -5.396731
-69.702113 147.836035 20.000000 1.172832 18.747237 -5.401499
-69.702557 147.835223 20.000000 1.172832 18.747237 -5.406268
-69.703003 147.834410 20.000000 1.172832 18.747237 -5.411037
-69.703448 147.833597 20.000000 1.172832 18.747237 -5.415806
-69.703893 147.832785 20.000000 1.172832 18.747237 -5.420575
-69.704338 147.831972 20.000000 1.172832 18.747237 -5.425344
-69.704783 147.831160 20.000000 1.172832 18.747237 -5.430113
-69.705229 147.830347 20.000000 1.172832 18.747237 -5.434882
-69.705674 147.829534 20.000000 1.172832 18.747237 -5.439652
-69.706120 147.828722 20.000000 1.172832 18.747237 -5.444421
-69.706567 147.827909 20.000000 1.172832 18.747237 -5.449191
-69.707013 147.827097 20.000000 1.172832 18.747237 -5.453960
-69.707459 147.826284 20.000000 1.172832 18.747237 -5.458730
-69.707905 147.825472 20.000000 1.172832 18.747237 -5.463499
-69.708352 147.824659 20.000000 1.172832 18.747237 -5.468269
-69.708798 147.823847 20.000000 1.172832 18.747237 -5.473039
-69.709244 147.823034 20.000000 1.172832 18.747237 -5.477809
-69.709691 147.822221 20.000000 1.172832 18.747237 -5.482579
-69.710139 147.821409 20.000000 1.172832 18.747237 -5.487349
-69.710585 147.820596 20.000000 1.172832 18.747237 -5.492119
-69.711033 147.819784 20.000000 1.172832 18.747237 -5.496889
-69.711479 147.818971 20.000000 1.172832 18.747237 -5.501660
-69.711927 147.818159 20.000000 1.172832 18.747237 -5.506430
