-56.889389 149.829432 -10.359068 -19.751267 -81.003566 0.131433
-56.889257 149.829307 -10.358920 -19.751589 -80.998850 0.131852
-56.889125 149.829182 -10.358772 -19.751911 -80.994134 0.132271
-56.888994 149.829057 -10.358624 -19.752233 -80.989417 0.132689
-56.888863 149.828932 -10.358476 -19.752554 -80.984702 0.133107
-56.888732 149.828807 -10.358328 -19.752874 -80.979986 0.133524
-56.888602 149.828682 -10.358180 -19.753195 -80.975270 0.133941
-56.888472 149.828556 -10.358033 -19.753514 -80.970554 0.134357
-56.888342 149.828431 -10.357885 -19.753834 -80.965839 0.134773
-56.888213 149.828305 -10.357738 -19.754153 -80.961123 0.135188
-56.888083 149.828179 -10.357590 -19.754472 -80.956407 0.135602
-56.887955 149.828055 -10.357443 -19.754790 -80.951691 0.136017
-56.887826 149.827929 -10.357295 -19.755108 -80.946976 0.136430
-56.887698 149.827803 -10.357148 -19.755425 -80.942260 0.136844
-56.887569 149.827677 -10.357001 -19.755743 -80.937544 0.137259
-56.887441 149.827551 -10.356853 -19.756060 -80.932829 0.137671
-56.887313 149.827425 -10.356706 -19.756376 -80.928114 0.138082
-56.887186 149.827299 -10.356559 -19.756692 -80.923398 0.138493
-56.887059 149.827173 -10.356411 -19.757008 -80.918683 0.138907
-56.886933 149.827047 -10.356264 -19.757323 -80.913967 0.139316
-56.886807 149.826920 -10.356117 -19.757638 -80.909253 0.139727
-56.886681 149.826795 -10.355969 -19.757953 -80.904537 0.140138
-56.886555 149.826668 -10.355823 -19.758267 -80.899822 0.140546
-56.886430 149.826541 -10.355675 -19.758580 -80.895107 0.140954
-56.886305 149.826414 -10.355529 -19.758895 -80.890392 0.141364
-56.886179 149.826288 -10.355381 -19.759207 -80.885677 0.141772
-56.886054 149.826162 -10.355235 -19.759521 -80.880962 0.142181
-56.885930 149.826035 -10.355088 -19.759832 -80.876246 0.142587
-56.885806 149.825908 -10.354941 -19.760145 -80.871532 0.142995
-56.885683 149.825780 -10.354794 -19.760456 -80.866817 0.143401
-56.885560 149.825654 -10.354647 -19.760768 -80.862102 0.143807
-56.885437 149.825527 -10.354501 -19.761078 -80.857387 0.144212
-56.885313 149.825400 -10.354354 -19.761389 -80.852673 0.144618
-56.885191 149.825272 -10.354207 -19.761700 -80.847958 0.145023
-56.885069 149.825146 -10.354060 -19.762009 -80.843243 0.145426
-56.884947 149.825018 -10.353914 -19.762319 -80.838529 0.145831
-56.884825 149.824890 -10.353768 -19.762628 -80.833814 0.146235
-56.884704 149.824763 -10.353621 -19.762936 -80.829100 0.146636
-56.884582 149.824636 -10.353475 -19.763245 -80.824385 0.147040
-56.884462 149.824508 -10.353328 -19.763553 -80.819671 0.147443
-56.884342 149.824380 -10.353182 -19.763861 -80.814956 0.147845
-56.884222 149.824253 -10.353035 -19.764167 -80.810242 0.148245
-56.884102 149.824125 -10.352889 -19.764474 -80.805528 0.148646
-56.883982 149.823996 -10.352743 -19.764781 -80.800813 0.149046
-56.883863 149.823869 -10.352597 -19.765087 -80.796099 0.149446
-56.883744 149.823741 -10.352450 -19.765393 -80.791386 0.149846
-56.883626 149.823612 -10.352304 -19.765699 -80.786671 0.150245
-56.883507 149.823484 -10.352158 -19.766004 -80.781957 0.150644
-56.883389 149.823356 -10.352013 -19.766309 -80.777243 0.151043
-56.883271 149.823227 -10.351867 -19.766613 -80.772530 0.151441
-56.883154 149.823099 -10.351720 -19.766917 -80.767815 0.151839
-56.883036 149.822971 -10.351574 -19.767221 -80.763101 0.152235
-56.882920 149.822842 -10.351429 -19.767524 -80.758387 0.152631
-56.882804 149.822713 -10.351282 -19.767827 -80.753673 0.153028
-56.882688 149.822585 -10.351137 -19.768129 -80.748960 0.153423
-56.882571 149.822456 -10.350991 -19.768432 -80.744246 0.153818
-56.882456 149.822327 -10.350845 -19.768733 -80.739533 0.154212
-56.882341 149.822198 -10.350700 -19.769036 -80.734819 0.154609
-56.882226 149.822069 -10.350554 -19.769337 -80.730106 0.155002
-56.882111 149.821940 -10.350408 -19.769637 -80.725392 0.155396
-56.881997 149.821811 -10.350263 -19.769937 -80.720679 0.155788
-56.881883 149.821681 -10.350117 -19.770237 -80.715965 0.156181
-56.881769 149.821553 -10.349971 -19.770538 -80.711252 0.156575
-56.881655 149.821423 -10.349826 -19.770837 -80.706539 0.156966
-56.881543 149.821293 -10.349681 -19.771136 -80.701825 0.157356
-56.881429 149.821164 -10.349536 -19.771435 -80.697112 0.157749
-56.881317 149.821034 -10.349390 -19.771733 -80.692398 0.158139
-56.881205 149.820905 -10.349245 -19.772031 -80.687686 0.158529
-56.881093 149.820775 -10.349099 -19.772329 -80.682973 0.158920
-56.880981 149.820645 -10.348955 -19.772626 -80.678260 0.159307
-56.880870 149.820515 -10.348809 -19.772924 -80.673546 0.159698
-56.880759 149.820385 -10.348664 -19.773220 -80.668834 0.160086
-56.880649 149.820256 -10.348519 -19.773516 -80.664121 0.160474
-56.880539 149.820125 -10.348373 -19.773812 -80.659408 0.160862
-56.880428 149.819995 -10.348228 -19.774108 -80.654695 0.161250
-56.880319 149.819865 -10.348083 -19.774403 -80.649982 0.161635
-56.880210 149.819734 -10.347938 -19.774698 -80.645270 0.162022
-56.880100 149.819604 -10.347793 -19.774993 -80.640557 0.162410
-56.879992 149.819473 -10.347649 -19.775286 -80.635844 0.162794
-56.879883 149.819343 -10.347504 -19.775581 -80.631132 0.163179
-56.879775 149.819212 -10.347359 -19.775875 -80.626420 0.163565
-56.879667 149.819081 -10.347214 -19.776167 -80.621707 0.163948
-56.879559 149.818951 -10.347070 -19.776460 -80.616995 0.164332
-56.879452 149.818820 -10.346925 -19.776753 -80.612282 0.164717
-56.879346 149.818689 -10.346781 -19.777045 -80.607569 0.165100
-56.879239 149.818558 -10.346635 -19.777336 -80.602858 0.165482
-56.879133 149.818427 -10.346491 -19.777628 -80.598146 0.165864
-56.879027 149.818296 -10.346347 -19.777919 -80.593433 0.166247
-56.878921 149.818165 -10.346203 -19.778210 -80.588721 0.166628
-56.878816 149.818033 -10.346058 -19.778501 -80.584010 0.167010
-56.878711 149.817902 -10.345914 -19.778791 -80.579297 0.167391
-56.878607 149.817770 -10.345770 -19.779081 -80.574585 0.167772
-56.878502 149.817639 -10.345625 -19.779370 -80.569873 0.168151
-56.878398 149.817507 -10.345481 -19.779660 -80.565161 0.168531
-56.878294 149.817376 -10.345336 -19.779948 -80.560450 0.168909
-56.878191 149.817244 -10.345193 -19.780237 -80.555738 0.169289
-56.878089 149.817113 -10.345048 -19.780525 -80.551026 0.169667
-56.877985 149.816980 -10.344904 -19.780813 -80.546314 0.170044
-56.877883 149.816849 -10.344760 -19.781100 -80.541603 0.170421
-56.877781 149.816716 -10.344615 -19.781387 -80.536891 0.170798
-56.877680 149.816585 -10.344472 -19.781674 -80.532180 0.171175
-56.877578 149.816452 -10.344328 -19.781960 -80.527468 0.171551
-56.877477 149.816320 -10.344184 -19.782246 -80.522756 0.171926
-56.877376 149.816187 -10.344039 -19.782531 -80.518046 0.172301
-56.877276 149.816055 -10.343896 -19.782818 -80.513334 0.172677
-56.877175 149.815922 -10.343752 -19.783103 -80.508623 0.173052
-56.877076 149.815790 -10.343608 -19.783387 -80.503911 0.173425
-56.876976 149.815657 -10.343465 -19.783671 -80.499200 0.173798
-56.876877 149.815525 -10.343321 -19.783956 -80.494489 0.174173
-56.876778 149.815391 -10.343177 -19.784240 -80.489778 0.174545
-56.876680 149.815259 -10.343033 -19.784523 -80.485067 0.174917
-56.876581 149.815126 -10.342890 -19.784806 -80.480356 0.175291
-56.876484 149.814993 -10.342746 -19.785089 -80.475645 0.175662
-56.876386 149.814860 -10.342603 -19.785372 -80.470934 0.176035
-56.876289 149.814727 -10.342459 -19.785654 -80.466223 0.176405
-56.876192 149.814594 -10.342316 -19.785935 -80.461512 0.176774
-56.876096 149.814460 -10.342173 -19.786217 -80.456801 0.177146
-56.875999 149.814327 -10.342029 -19.786498 -80.452091 0.177514
-56.875904 149.814193 -10.341886 -19.786779 -80.447381 0.177885
-56.875808 149.814060 -10.341742 -19.787060 -80.442670 0.178254
-56.875713 149.813927 -10.341599 -19.787340 -80.437959 0.178622
-56.875618 149.813792 -10.341456 -19.787620 -80.433248 0.178991
-56.875524 149.813659 -10.341314 -19.787899 -80.428539 0.179358
-56.875429 149.813524 -10.341170 -19.788178 -80.423828 0.179725
-56.875336 149.813391 -10.341027 -19.788458 -80.419118 0.180094
-56.875242 149.813257 -10.340884 -19.788736 -80.414407 0.180458
-56.875149 149.813123 -10.340741 -19.789014 -80.409697 0.180826
-56.875056 149.812989 -10.340598 -19.789292 -80.404987 0.181192
-56.874963 149.812854 -10.340455 -19.789569 -80.400277 0.181556
-56.874871 149.812720 -10.340312 -19.789847 -80.395567 0.181921
-56.874779 149.812586 -10.340169 -19.790124 -80.390856 0.182286
-56.874688 149.812451 -10.340027 -19.790401 -80.386147 0.182651
-56.874596 149.812317 -10.339884 -19.790677 -80.381437 0.183015
-56.874506 149.812183 -10.339741 -19.790952 -80.376727 0.183377
-56.874415 149.812047 -10.339599 -19.791228 -80.372017 0.183740
-56.874324 149.811913 -10.339456 -19.791504 -80.367307 0.184103
-56.874235 149.811777 -10.339313 -19.791779 -80.362598 0.184465
-56.874145 149.811643 -10.339171 -19.792054 -80.357888 0.184827
-56.874057 149.811508 -10.339028 -19.792328 -80.353178 0.185190
-56.873967 149.811373 -10.338885 -19.792602 -80.348469 0.185551
-56.873878 149.811238 -10.338743 -19.792876 -80.343759 0.185911
-56.873791 149.811103 -10.338600 -19.793150 -80.339050 0.186272
-56.873703 149.810967 -10.338458 -19.793423 -80.334341 0.186631
-56.873616 149.810832 -10.338315 -19.793695 -80.329631 0.186990
-56.873528 149.810697 -10.338173 -19.793968 -80.324922 0.187350
-56.873441 149.810561 -10.338031 -19.794240 -80.320212 0.187708
-56.873355 149.810425 -10.337889 -19.794512 -80.315504 0.188066
-56.873269 149.810290 -10.337746 -19.794784 -80.310794 0.188426
-56.873182 149.810154 -10.337604 -19.795055 -80.306085 0.188783
-56.873098 149.810018 -10.337462 -19.795326 -80.301376 0.189139
-56.873012 149.809882 -10.337320 -19.795597 -80.296667 0.189496
-56.872928 149.809747 -10.337178 -19.795867 -80.291959 0.189852
-56.872843 149.809610 -10.337037 -19.796138 -80.287249 0.190210
-56.872759 149.809474 -10.336895 -19.796407 -80.282540 0.190565
-56.872676 149.809338 -10.336752 -19.796676 -80.277831 0.190920
-56.872592 149.809201 -10.336611 -19.796945 -80.273123 0.191274
-56.872508 149.809065 -10.336469 -19.797214 -80.268415 0.191630
-56.872426 149.808929 -10.336327 -19.797482 -80.263706 0.191983
-56.872344 149.808793 -10.336185 -19.797751 -80.258997 0.192338
-56.872261 149.808656 -10.336044 -19.798019 -80.254288 0.192690
-56.872180 149.808519 -10.335902 -19.798286 -80.249580 0.193042
-56.872099 149.808383 -10.335760 -19.798554 -80.244872 0.193396
-56.872018 149.808245 -10.335618 -19.798820 -80.240164 0.193747
-56.871937 149.808108 -10.335477 -19.799087 -80.235455 0.194100
-56.871857 149.807972 -10.335335 -19.799353 -80.230747 0.194450
-56.871777 149.807835 -10.335193 -19.799619 -80.226038 0.194803
-56.871698 149.807697 -10.335052 -19.799885 -80.221331 0.195152
-56.871618 149.807560 -10.334911 -19.800150 -80.216623 0.195504
-56.871539 149.807423 -10.334770 -19.800416 -80.211914 0.195854
-56.871461 149.807286 -10.334628 -19.800680 -80.207206 0.196202
-56.871382 149.807149 -10.334487 -19.800945 -80.202498 0.196552
-56.871304 149.807010 -10.334345 -19.801208 -80.197791 0.196899
-56.871228 149.806873 -10.334205 -19.801473 -80.193083 0.197249
-56.871150 149.806736 -10.334063 -19.801737 -80.188375 0.197597
-56.871073 149.806598 -10.333922 -19.802000 -80.183667 0.197945
-56.870997 149.806459 -10.333781 -19.802262 -80.178959 0.198291
-56.870921 149.806322 -10.333640 -19.802525 -80.174253 0.198638
-56.870845 149.806184 -10.333498 -19.802788 -80.169545 0.198986
-56.870769 149.806046 -10.333357 -19.803050 -80.164837 0.199332
-56.870695 149.805908 -10.333216 -19.803311 -80.160129 0.199676
-56.870620 149.805769 -10.333076 -19.803573 -80.155422 0.200021
-56.870545 149.805631 -10.332935 -19.803834 -80.150715 0.200367
-56.870472 149.805493 -10.332794 -19.804095 -80.146008 0.200711
-56.870398 149.805355 -10.332653 -19.804356 -80.141301 0.201056
-56.870325 149.805216 -10.332513 -19.804616 -80.136593 0.201399
-56.870252 149.805077 -10.332371 -19.804876 -80.131886 0.201743
-56.870180 149.804938 -10.332231 -19.805136 -80.127179 0.202086
-56.870107 149.804800 -10.332090 -19.805395 -80.122473 0.202429
-56.870035 149.804661 -10.331950 -19.805654 -80.117765 0.202772
-56.869965 149.804522 -10.331808 -19.805913 -80.113058 0.203113
-56.869893 149.804383 -10.331668 -19.806171 -80.108351 0.203455
-56.869822 149.804244 -10.331528 -19.806430 -80.103644 0.203796
-56.869752 149.804105 -10.331387 -19.806687 -80.098939 0.204137
-56.869682 149.803965 -10.331247 -19.806945 -80.094232 0.204477
-56.869613 149.803826 -10.331106 -19.807202 -80.089525 0.204816
-56.869543 149.803687 -10.330966 -19.807460 -80.084818 0.205158
-56.869475 149.803548 -10.330825 -19.807716 -80.080112 0.205497
-56.869406 149.803407 -10.330686 -19.807973 -80.075406 0.205836
-56.869338 149.803268 -10.330545 -19.808229 -80.070699 0.206174
-56.869270 149.803128 -10.330405 -19.808484 -80.065993 0.206511
-56.869203 149.802989 -10.330265 -19.808740 -80.061287 0.206851
-56.869136 149.802849 -10.330124 -19.808995 -80.056580 0.207188
-56.869069 149.802709 -10.329985 -19.809250 -80.051875 0.207524
-56.869002 149.802569 -10.329845 -19.809505 -80.047169 0.207863
-56.868936 149.802429 -10.329704 -19.809760 -80.042462 0.208198
-56.868871 149.802288 -10.329564 -19.810013 -80.037756 0.208533
-56.868806 149.802148 -10.329424 -19.810268 -80.033050 0.208870
-56.868741 149.802008 -10.329285 -19.810521 -80.028344 0.209205
-56.868676 149.801867 -10.329145 -19.810775 -80.023639 0.209541
-56.868613 149.801727 -10.329005 -19.811027 -80.018933 0.209874
-56.868549 149.801586 -10.328865 -19.811280 -80.014228 0.210209
-56.868485 149.801446 -10.328725 -19.811532 -80.009522 0.210542
-56.868422 149.801305 -10.328586 -19.811785 -80.004816 0.210877
-56.868360 149.801164 -10.328446 -19.812036 -80.000112 0.211208
-56.868297 149.801023 -10.328306 -19.812288 -79.995406 0.211542
-56.868235 149.800882 -10.328167 -19.812538 -79.990700 0.211874
-56.868174 149.800741 -10.328026 -19.812790 -79.985995 0.212206
-56.868113 149.800600 -10.327887 -19.813040 -79.981290 0.212536
-56.868052 149.800458 -10.327748 -19.813291 -79.976584 0.212868
-56.867992 149.800317 -10.327609 -19.813541 -79.971880 0.213199
-56.867932 149.800176 -10.327469 -19.813790 -79.967175 0.213528
-56.867872 149.800034 -10.327329 -19.814040 -79.962470 0.213859
-56.867813 149.799893 -10.327190 -19.814289 -79.957765 0.214190
-56.867754 149.799751 -10.327051 -19.814539 -79.953060 0.214520
-56.867696 149.799610 -10.326911 -19.814786 -79.948356 0.214847
-56.867637 149.799468 -10.326773 -19.815035 -79.943651 0.215176
-56.867580 149.799326 -10.326633 -19.815283 -79.938946 0.215505
-56.867523 149.799184 -10.326494 -19.815531 -79.934241 0.215834
-56.867466 149.799042 -10.326354 -19.815779 -79.929536 0.216161
-56.867409 149.798900 -10.326216 -19.816025 -79.924832 0.216487
-56.867353 149.798758 -10.326076 -19.816272 -79.920128 0.216814
-56.867298 149.798616 -10.325937 -19.816519 -79.915424 0.217141
-56.867242 149.798473 -10.325799 -19.816766 -79.910719 0.217466
-56.867187 149.798331 -10.325659 -19.817012 -79.906015 0.217792
-56.867132 149.798188 -10.325520 -19.817258 -79.901310 0.218118
-56.867077 149.798046 -10.325382 -19.817503 -79.896607 0.218443
-56.867024 149.797903 -10.325243 -19.817748 -79.891903 0.218767
-56.866971 149.797760 -10.325104 -19.817993 -79.887199 0.219092
-56.866917 149.797617 -10.324965 -19.818238 -79.882495 0.219416
-56.866864 149.797474 -10.324826 -19.818482 -79.877791 0.219739
-56.866813 149.797331 -10.324688 -19.818726 -79.873087 0.220063
-56.866761 149.797188 -10.324550 -19.818970 -79.868384 0.220384
-56.866709 149.797045 -10.324411 -19.819215 -79.863680 0.220709
-56.866658 149.796902 -10.324272 -19.819458 -79.858976 0.221031
-56.866607 149.796758 -10.324134 -19.819701 -79.854273 0.221352
-56.866557 149.796615 -10.323995 -19.819943 -79.849569 0.221674
-56.866507 149.796471 -10.323856 -19.820186 -79.844865 0.221994
-56.866457 149.796328 -10.323718 -19.820428 -79.840163 0.222314
-56.866408 149.796184 -10.323579 -19.820670 -79.835459 0.222636
-56.866359 149.796040 -10.323441 -19.820912 -79.830756 0.222955
-56.866311 149.795896 -10.323303 -19.821153 -79.826053 0.223274
-56.866263 149.795753 -10.323165 -19.821395 -79.821350 0.223595
-56.866215 149.795608 -10.323026 -19.821635 -79.816647 0.223913
-56.866168 149.795464 -10.322888 -19.821875 -79.811944 0.224231
-56.866121 149.795320 -10.322750 -19.822116 -79.807241 0.224550
-56.866075 149.795176 -10.322611 -19.822356 -79.802538 0.224868
-56.866029 149.795031 -10.322474 -19.822595 -79.797835 0.225184
-56.865983 149.794887 -10.322335 -19.822835 -79.793133 0.225502
-56.865938 149.794742 -10.322197 -19.823074 -79.788431 0.225818
-56.865893 149.794598 -10.322059 -19.823313 -79.783728 0.226136
-56.865849 149.794453 -10.321921 -19.823552 -79.779026 0.226451
-56.865805 149.794308 -10.321783 -19.823790 -79.774323 0.226768
-56.865761 149.794164 -10.321646 -19.824028 -79.769621 0.227082
-56.865718 149.794019 -10.321508 -19.824266 -79.764918 0.227398
-56.865676 149.793874 -10.321369 -19.824503 -79.760217 0.227711
-56.865633 149.793729 -10.321232 -19.824741 -79.755514 0.228026
-56.865591 149.793584 -10.321094 -19.824979 -79.750812 0.228342
-56.865549 149.793438 -10.320956 -19.825215 -79.746110 0.228654
-56.865508 149.793293 -10.320818 -19.825452 -79.741408 0.228968
-56.865468 149.793147 -10.320682 -19.825688 -79.736706 0.229280
-56.865427 149.793002 -10.320544 -19.825923 -79.732005 0.229592
-56.865387 149.792856 -10.320406 -19.826159 -79.727303 0.229905
-56.865347 149.792710 -10.320269 -19.826395 -79.722601 0.230217
-56.865309 149.792566 -10.320131 -19.826629 -79.717900 0.230527
-56.865270 149.792420 -10.319993 -19.826865 -79.713198 0.230839
-56.865231 149.792274 -10.319856 -19.827099 -79.708496 0.231150
-56.865193 149.792127 -10.319719 -19.827334 -79.703796 0.231460
-56.865155 149.791981 -10.319581 -19.827568 -79.699094 0.231771
-56.865119 149.791835 -10.319444 -19.827802 -79.694393 0.232081
-56.865082 149.791689 -10.319306 -19.828035 -79.689692 0.232388
-56.865045 149.791542 -10.319169 -19.828268 -79.684990 0.232698
-56.865009 149.791397 -10.319032 -19.828502 -79.680289 0.233006
-56.864974 149.791250 -10.318895 -19.828734 -79.675589 0.233315
-56.864939 149.791103 -10.318758 -19.828967 -79.670888 0.233623
-56.864904 149.790956 -10.318620 -19.829199 -79.666187 0.233930
-56.864870 149.790809 -10.318484 -19.829431 -79.661486 0.234237
-56.864836 149.790662 -10.318346 -19.829663 -79.656785 0.234545
-56.864803 149.790515 -10.318209 -19.829894 -79.652085 0.234851
-56.864770 149.790369 -10.318073 -19.830126 -79.647385 0.235157
-56.864737 149.790222 -10.317935 -19.830356 -79.642684 0.235463
-56.864705 149.790075 -10.317799 -19.830587 -79.637984 0.235769
-56.864673 149.789927 -10.317662 -19.830817 -79.633283 0.236073
-56.864642 149.789780 -10.317524 -19.831047 -79.628583 0.236378
-56.864611 149.789632 -10.317388 -19.831278 -79.623883 0.236684
-56.864580 149.789485 -10.317251 -19.831508 -79.619183 0.236988
-56.864550 149.789337 -10.317115 -19.831737 -79.614483 0.237291
-56.864521 149.789190 -10.316978 -19.831966 -79.609783 0.237594
-56.864492 149.789042 -10.316841 -19.832194 -79.605083 0.237897
-56.864463 149.788894 -10.316704 -19.832424 -79.600383 0.238201
-56.864434 149.788746 -10.316568 -19.832652 -79.595683 0.238503
-56.864406 149.788598 -10.316432 -19.832879 -79.590984 0.238805
-56.864379 149.788450 -10.316295 -19.833107 -79.586285 0.239106
-56.864352 149.788301 -10.316159 -19.833335 -79.581585 0.239408
-56.864325 149.788153 -10.316022 -19.833562 -79.576885 0.239708
-56.864299 149.788005 -10.315886 -19.833790 -79.572186 0.240011
-56.864273 149.787857 -10.315749 -19.834016 -79.567486 0.240309
-56.864247 149.787708 -10.315613 -19.834242 -79.562788 0.240609
-56.864222 149.787559 -10.315477 -19.834469 -79.558089 0.240910
-56.864198 149.787410 -10.315341 -19.834695 -79.553390 0.241209
-56.864174 149.787262 -10.315205 -19.834921 -79.548690 0.241508
-56.864150 149.787113 -10.315068 -19.835146 -79.543991 0.241806
-56.864126 149.786964 -10.314932 -19.835372 -79.539292 0.242105
-56.864103 149.786814 -10.314796 -19.835596 -79.534594 0.242402
-56.864082 149.786666 -10.314660 -19.835822 -79.529896 0.242700
-56.864059 149.786517 -10.314523 -19.836046 -79.525197 0.242996
-56.864037 149.786367 -10.314388 -19.836270 -79.520498 0.243294
-56.864017 149.786217 -10.314252 -19.836494 -79.515800 0.243590
-56.863996 149.786069 -10.314115 -19.836718 -79.511101 0.243887
-56.863975 149.785919 -10.313980 -19.836942 -79.506403 0.244183
-56.863955 149.785769 -10.313844 -19.837164 -79.501705 0.244477
-56.863937 149.785619 -10.313708 -19.837387 -79.497007 0.244773
-56.863917 149.785470 -10.313572 -19.837610 -79.492309 0.245068
-56.863898 149.785320 -10.313437 -19.837832 -79.487610 0.245361
-56.863880 149.785169 -10.313301 -19.838055 -79.482912 0.245656
-56.863863 149.785020 -10.313165 -19.838277 -79.478214 0.245951
-56.863846 149.784869 -10.313030 -19.838499 -79.473517 0.246245
-56.863828 149.784719 -10.312894 -19.838720 -79.468820 0.246536
-56.863813 149.784568 -10.312758 -19.838941 -79.464122 0.246829
-56.863797 149.784418 -10.312622 -19.839162 -79.459424 0.247122
-56.863781 149.784268 -10.312487 -19.839383 -79.454726 0.247415
-56.863766 149.784117 -10.312352 -19.839604 -79.450029 0.247706
-56.863751 149.783967 -10.312216 -19.839824 -79.445332 0.247998
-56.863737 149.783816 -10.312081 -19.840043 -79.440635 0.248287
-56.863724 149.783664 -10.311945 -19.840263 -79.435938 0.248578
-56.863710 149.783513 -10.311810 -19.840482 -79.431240 0.248869
-56.863697 149.783363 -10.311675 -19.840702 -79.426543 0.249158
-56.863684 149.783211 -10.311539 -19.840921 -79.421846 0.249449
-56.863673 149.783060 -10.311404 -19.841139 -79.417149 0.249738
-56.863661 149.782909 -10.311269 -19.841358 -79.412453 0.250027
-56.863650 149.782757 -10.311134 -19.841576 -79.407756 0.250316
-56.863640 149.782606 -10.310998 -19.841794 -79.403060 0.250604
-56.863629 149.782455 -10.310863 -19.842012 -79.398363 0.250892
-56.863619 149.782303 -10.310728 -19.842229 -79.393666 0.251179
-56.863611 149.782151 -10.310594 -19.842447 -79.388970 0.251468
-56.863601 149.781999 -10.310458 -19.842664 -79.384274 0.251755
-56.863593 149.781847 -10.310323 -19.842881 -79.379578 0.252042
-56.863585 149.781695 -10.310189 -19.843097 -79.374882 0.252327
-56.863577 149.781543 -10.310053 -19.843313 -79.370186 0.252613
-56.863570 149.781391 -10.309919 -19.843529 -79.365489 0.252899
-56.863564 149.781238 -10.309783 -19.843745 -79.360793 0.253185
-56.863557 149.781086 -10.309649 -19.843961 -79.356097 0.253470
-56.863551 149.780934 -10.309514 -19.844176 -79.351402 0.253753
-56.863547 149.780781 -10.309380 -19.844391 -79.346707 0.254037
-56.863541 149.780629 -10.309245 -19.844606 -79.342011 0.254323
-56.863537 149.780476 -10.309110 -19.844820 -79.337315 0.254606
-56.863533 149.780323 -10.308976 -19.845034 -79.332620 0.254889
-56.863530 149.780170 -10.308841 -19.845249 -79.327924 0.255173
-56.863527 149.780017 -10.308706 -19.845463 -79.323229 0.255455
-56.863524 149.779864 -10.308571 -19.845676 -79.318535 0.255736
-56.863522 149.779711 -10.308437 -19.845890 -79.313839 0.256019
-56.863521 149.779557 -10.308303 -19.846103 -79.309144 0.256300
-56.863519 149.779404 -10.308169 -19.846316 -79.304449 0.256583
-56.863519 149.779250 -10.308034 -19.846528 -79.299754 0.256862
-56.863518 149.779097 -10.307900 -19.846741 -79.295059 0.257144
-56.863518 149.778943 -10.307765 -19.846953 -79.290365 0.257423
-56.863519 149.778789 -10.307631 -19.847165 -79.285671 0.257704
-56.863520 149.778636 -10.307497 -19.847376 -79.280976 0.257984
-56.863521 149.778482 -10.307363 -19.847588 -79.276281 0.258264
-56.863524 149.778328 -10.307228 -19.847799 -79.271587 0.258542
-56.863526 149.778174 -10.307094 -19.848010 -79.266892 0.258820
-56.863529 149.778019 -10.306960 -19.848221 -79.262198 0.259099
-56.863532 149.777866 -10.306826 -19.848431 -79.257505 0.259377
-56.863536 149.777711 -10.306691 -19.848642 -79.252811 0.259655
-56.863540 149.777557 -10.306558 -19.848852 -79.248117 0.259933
-56.863546 149.777402 -10.306424 -19.849061 -79.243423 0.260209
-56.863550 149.777248 -10.306290 -19.849271 -79.238729 0.260486
-56.863556 149.777093 -10.306156 -19.849481 -79.234035 0.260763
-56.863562 149.776938 -10.306023 -19.849689 -79.229341 0.261037
-56.863569 149.776783 -10.305888 -19.849898 -79.224648 0.261314
-56.863576 149.776628 -10.305754 -19.850107 -79.219955 0.261589
-56.863583 149.776474 -10.305621 -19.850315 -79.215261 0.261864
-56.863592 149.776318 -10.305487 -19.850524 -79.210568 0.262139
-56.863600 149.776163 -10.305354 -19.850731 -79.205875 0.262413
-56.863608 149.776008 -10.305219 -19.850939 -79.201181 0.262687
-56.863618 149.775853 -10.305086 -19.851146 -79.196488 0.262960
-56.863628 149.775697 -10.304953 -19.851353 -79.191796 0.263234
-56.863639 149.775541 -10.304819 -19.851560 -79.187103 0.263507
-56.863649 149.775385 -10.304685 -19.851767 -79.182410 0.263779
-56.863661 149.775229 -10.304551 -19.851974 -79.177718 0.264052
-56.863672 149.775074 -10.304418 -19.852180 -79.173025 0.264325
-56.863685 149.774917 -10.304284 -19.852386 -79.168332 0.264596
-56.863697 149.774762 -10.304151 -19.852592 -79.163640 0.264867
-56.863711 149.774605 -10.304017 -19.852797 -79.158948 0.265138
-56.863724 149.774450 -10.303884 -19.853003 -79.154256 0.265409
-56.863738 149.774293 -10.303751 -19.853208 -79.149564 0.265679
-56.863752 149.774137 -10.303618 -19.853413 -79.144871 0.265949
-56.863768 149.773980 -10.303485 -19.853617 -79.140179 0.266219
-56.863783 149.773824 -10.303352 -19.853822 -79.135487 0.266489
-56.863799 149.773667 -10.303219 -19.854026 -79.130795 0.266757
-56.863815 149.773510 -10.303086 -19.854230 -79.126104 0.267027
-56.863833 149.773353 -10.302952 -19.854434 -79.121413 0.267296
-56.863851 149.773196 -10.302819 -19.854637 -79.116721 0.267564
-56.863868 149.773039 -10.302686 -19.854840 -79.112029 0.267831
-56.863887 149.772882 -10.302553 -19.855043 -79.107338 0.268098
-56.863905 149.772724 -10.302420 -19.855247 -79.102646 0.268366
-56.863925 149.772568 -10.302287 -19.855449 -79.097955 0.268633
-56.863944 149.772410 -10.302154 -19.855651 -79.093265 0.268899
-56.863965 149.772253 -10.302021 -19.855853 -79.088574 0.269165
-56.863986 149.772094 -10.301888 -19.856055 -79.083883 0.269431
-56.864007 149.771937 -10.301755 -19.856257 -79.079192 0.269696
-56.864029 149.771779 -10.301623 -19.856458 -79.074501 0.269962
-56.864051 149.771621 -10.301490 -19.856660 -79.069810 0.270227
-56.864074 149.771463 -10.301357 -19.856860 -79.065119 0.270491
-56.864098 149.771305 -10.301225 -19.857062 -79.060430 0.270756
-56.864121 149.771148 -10.301092 -19.857262 -79.055739 0.271020
-56.864145 149.770989 -10.300959 -19.857462 -79.051049 0.271282
-56.864169 149.770831 -10.300827 -19.857662 -79.046358 0.271546
-56.864195 149.770672 -10.300694 -19.857862 -79.041668 0.271809
-56.864221 149.770514 -10.300561 -19.858062 -79.036978 0.272072
-56.864246 149.770355 -10.300429 -19.858261 -79.032288 0.272334
-56.864273 149.770196 -10.300296 -19.858460 -79.027598 0.272597
-56.864300 149.770037 -10.300164 -19.858659 -79.022909 0.272857
-56.864328 149.769879 -10.300031 -19.858858 -79.018219 0.273119
-56.864356 149.769720 -10.299899 -19.859057 -79.013529 0.273381
-56.864384 149.769560 -10.299767 -19.859255 -79.008840 0.273640
-56.864414 149.769402 -10.299635 -19.859453 -79.004150 0.273901
-56.864444 149.769242 -10.299503 -19.859650 -78.999461 0.274161
-56.864473 149.769083 -10.299371 -19.859848 -78.994772 0.274421
-56.864504 149.768923 -10.299238 -19.860046 -78.990083 0.274681
-56.864535 149.768764 -10.299106 -19.860242 -78.985394 0.274938
-56.864566 149.768604 -10.298974 -19.860440 -78.980705 0.275198
-56.864598 149.768444 -10.298842 -19.860637 -78.976016 0.275457
-56.864631 149.768285 -10.298710 -19.860833 -78.971327 0.275715
-56.864663 149.768124 -10.298577 -19.861029 -78.966638 0.275972
-56.864697 149.767964 -10.298446 -19.861225 -78.961950 0.276230
-56.864731 149.767805 -10.298313 -19.861421 -78.957261 0.276487
-56.864766 149.767644 -10.298182 -19.861617 -78.952574 0.276744
-56.864801 149.767484 -10.298050 -19.861813 -78.947885 0.277001
-56.864836 149.767323 -10.297918 -19.862008 -78.943197 0.277258
-56.864873 149.767163 -10.297786 -19.862202 -78.938509 0.277512
-56.864909 149.767003 -10.297654 -19.862397 -78.933820 0.277768
-56.864945 149.766841 -10.297523 -19.862592 -78.929132 0.278023
-56.864983 149.766681 -10.297391 -19.862786 -78.924444 0.278278
-56.865021 149.766520 -10.297259 -19.862980 -78.919758 0.278533
-56.865060 149.766359 -10.297127 -19.863174 -78.915070 0.278787
-56.865098 149.766198 -10.296996 -19.863368 -78.910382 0.279042
-56.865138 149.766037 -10.296864 -19.863561 -78.905695 0.279294
-56.865178 149.765876 -10.296732 -19.863754 -78.901007 0.279548
-56.865219 149.765715 -10.296601 -19.863947 -78.896320 0.279801
-56.865259 149.765553 -10.296469 -19.864140 -78.891632 0.280054
-56.865301 149.765391 -10.296338 -19.864333 -78.886945 0.280306
-56.865343 149.765229 -10.296207 -19.864525 -78.882259 0.280558
-56.865386 149.765068 -10.296075 -19.864717 -78.877572 0.280810
-56.865429 149.764906 -10.295944 -19.864909 -78.872885 0.281061
-56.865473 149.764744 -10.295813 -19.865101 -78.868198 0.281313
-56.865516 149.764582 -10.295681 -19.865292 -78.863512 0.281564
-56.865561 149.764420 -10.295550 -19.865484 -78.858825 0.281814
-56.865606 149.764258 -10.295419 -19.865675 -78.854138 0.282063
-56.865652 149.764096 -10.295287 -19.865865 -78.849452 0.282314
-56.865698 149.763934 -10.295156 -19.866056 -78.844767 0.282564
-56.865744 149.763770 -10.295026 -19.866247 -78.840080 0.282813
-56.865791 149.763608 -10.294894 -19.866437 -78.835394 0.283061
-56.865838 149.763446 -10.294763 -19.866626 -78.830708 0.283310
-56.865887 149.763282 -10.294632 -19.866817 -78.826022 0.283559
-56.865935 149.763120 -10.294501 -19.867006 -78.821336 0.283806
-56.865985 149.762957 -10.294370 -19.867195 -78.816651 0.284054
-56.866034 149.762794 -10.294239 -19.867385 -78.811966 0.284302
-56.866085 149.762631 -10.294108 -19.867573 -78.807280 0.284548
-56.866135 149.762468 -10.293977 -19.867762 -78.802595 0.284794
-56.866187 149.762305 -10.293846 -19.867951 -78.797909 0.285041
-56.866238 149.762141 -10.293715 -19.868139 -78.793224 0.285286
-56.866291 149.761977 -10.293585 -19.868327 -78.788539 0.285533
-56.866343 149.761814 -10.293454 -19.868515 -78.783854 0.285778
-56.866396 149.761650 -10.293323 -19.868702 -78.779169 0.286022
-56.866450 149.761486 -10.293193 -19.868890 -78.774485 0.286268
-56.866504 149.761323 -10.293062 -19.869077 -78.769800 0.286512
-56.866559 149.761158 -10.292931 -19.869264 -78.765116 0.286757
-56.866614 149.760994 -10.292801 -19.869451 -78.760431 0.287001
-56.866670 149.760830 -10.292670 -19.869637 -78.755747 0.287244
-56.866726 149.760666 -10.292539 -19.869824 -78.751062 0.287488
