-21.900141 149.997324 -101.108173 169.588142 -19.298121 176.468226
-21.904861 149.997347 -101.108678 169.588537 -19.297985 176.467884
-21.909582 149.997372 -101.109183 169.588932 -19.297848 176.467542
-21.914303 149.997395 -101.109688 169.589327 -19.297713 176.467199
-21.919024 149.997419 -101.110192 169.589723 -19.297576 176.466856
-21.923745 149.997442 -101.110696 169.590118 -19.297441 176.466514
-21.928466 149.997467 -101.111200 169.590513 -19.297305 176.466171
-21.933188 149.997490 -101.111703 169.590910 -19.297170 176.465828
-21.937908 149.997514 -101.112206 169.591305 -19.297034 176.465485
-21.942629 149.997537 -101.112709 169.591701 -19.296899 176.465142
-21.947351 149.997562 -101.113210 169.592096 -19.296764 176.464799
-21.952071 149.997585 -101.113713 169.592492 -19.296630 176.464455
-21.956793 149.997610 -101.114214 169.592887 -19.296494 176.464111
-21.961515 149.997634 -101.114716 169.593283 -19.296360 176.463767
-21.966235 149.997657 -101.115216 169.593679 -19.296225 176.463424
-21.970957 149.997682 -101.115717 169.594075 -19.296092 176.463080
-21.975678 149.997706 -101.116217 169.594471 -19.295957 176.462735
-21.980399 149.997731 -101.116717 169.594867 -19.295824 176.462391
-21.985121 149.997754 -101.117216 169.595263 -19.295689 176.462046
-21.989843 149.997779 -101.117716 169.595659 -19.295556 176.461702
-21.994563 149.997803 -101.118214 169.596055 -19.295422 176.461357
-21.999285 149.997828 -101.118713 169.596451 -19.295289 176.461012
-22.004007 149.997852 -101.119211 169.596847 -19.295156 176.460667
-22.008728 149.997876 -101.119709 169.597245 -19.295023 176.460322
-22.013450 149.997900 -101.120206 169.597641 -19.294890 176.459976
-22.018172 149.997925 -101.120702 169.598037 -19.294758 176.459631
-22.022893 149.997949 -101.121199 169.598434 -19.294625 176.459285
-22.027615 149.997974 -101.121695 169.598830 -19.294492 176.458939
-22.032337 149.997999 -101.122191 169.599227 -19.294360 176.458593
-22.037058 149.998023 -101.122687 169.599624 -19.294228 176.458247
-22.041780 149.998048 -101.123182 169.600020 -19.294096 176.457901
-22.046502 149.998073 -101.123676 169.600417 -19.293964 176.457554
-22.051223 149.998097 -101.124171 169.600814 -19.293833 176.457208
-22.055945 149.998123 -101.124666 169.601211 -19.293701 176.456860
-22.060667 149.998148 -101.125159 169.601607 -19.293569 176.456514
-22.065389 149.998173 -101.125652 169.602005 -19.293439 176.456167
-22.070111 149.998197 -101.126145 169.602402 -19.293307 176.455820
-22.074833 149.998222 -101.126638 169.602799 -19.293177 176.455473
-22.079554 149.998248 -101.127130 169.603196 -19.293046 176.455125
-22.084277 149.998273 -101.127622 169.603594 -19.292915 176.454777
-22.088999 149.998298 -101.128113 169.603991 -19.292785 176.454429
-22.093720 149.998323 -101.128604 169.604389 -19.292654 176.454082
-22.098443 149.998348 -101.129095 169.604786 -19.292525 176.453733
-22.103165 149.998373 -101.129585 169.605184 -19.292395 176.453385
-22.107887 149.998398 -101.130075 169.605581 -19.292264 176.453037
-22.112609 149.998424 -101.130565 169.605979 -19.292135 176.452688
-22.117332 149.998449 -101.131053 169.606376 -19.292006 176.452340
-22.122053 149.998474 -101.131542 169.606774 -19.291876 176.451991
-22.126776 149.998500 -101.132031 169.607172 -19.291747 176.451642
-22.131499 149.998525 -101.132519 169.607570 -19.291618 176.451293
-22.136220 149.998551 -101.133006 169.607967 -19.291489 176.450943
-22.140943 149.998576 -101.133494 169.608366 -19.291361 176.450594
-22.145666 149.998602 -101.133981 169.608764 -19.291232 176.450244
-22.150389 149.998627 -101.134467 169.609162 -19.291103 176.449895
-22.155110 149.998653 -101.134954 169.609560 -19.290976 176.449545
-22.159833 149.998680 -101.135439 169.609959 -19.290848 176.449195
-22.164556 149.998705 -101.135925 169.610357 -19.290719 176.448845
-22.169278 149.998731 -101.136410 169.610755 -19.290592 176.448494
-22.174001 149.998757 -101.136894 169.611154 -19.290464 176.448144
-22.178724 149.998782 -101.137378 169.611552 -19.290337 176.447793
-22.183446 149.998808 -101.137862 169.611951 -19.290210 176.447442
-22.188169 149.998835 -101.138345 169.612350 -19.290083 176.447092
-22.192892 149.998861 -101.138829 169.612749 -19.289956 176.446740
-22.197614 149.998886 -101.139311 169.613147 -19.289830 176.446389
-22.202337 149.998912 -101.139793 169.613546 -19.289703 176.446037
-22.207060 149.998939 -101.140276 169.613945 -19.289576 176.445686
-22.211782 149.998965 -101.140757 169.614344 -19.289450 176.445334
-22.216505 149.998991 -101.141238 169.614743 -19.289324 176.444982
-22.221229 149.999018 -101.141718 169.615142 -19.289198 176.444630
-22.225951 149.999043 -101.142198 169.615541 -19.289072 176.444278
-22.230674 149.999070 -101.142678 169.615941 -19.288946 176.443925
-22.235397 149.999096 -101.143157 169.616340 -19.288822 176.443573
-22.240120 149.999122 -101.143637 169.616740 -19.288696 176.443220
-22.244843 149.999149 -101.144116 169.617138 -19.288571 176.442867
-22.249566 149.999176 -101.144594 169.617538 -19.288447 176.442514
-22.254289 149.999203 -101.145072 169.617937 -19.288322 176.442162
-22.259012 149.999229 -101.145548 169.618337 -19.288197 176.441808
-22.263736 149.999256 -101.146025 169.618737 -19.288072 176.441455
-22.268458 149.999282 -101.146502 169.619137 -19.287948 176.441101
-22.273182 149.999309 -101.146978 169.619537 -19.287824 176.440748
-22.277905 149.999336 -101.147454 169.619937 -19.287700 176.440394
-22.282628 149.999362 -101.147930 169.620337 -19.287576 176.440040
-22.287352 149.999390 -101.148404 169.620737 -19.287453 176.439686
-22.292075 149.999416 -101.148879 169.621137 -19.287330 176.439331
-22.296798 149.999443 -101.149353 169.621537 -19.287207 176.438976
-22.301522 149.999470 -101.149827 169.621937 -19.287083 176.438622
-22.306245 149.999497 -101.150300 169.622337 -19.286960 176.438267
-22.310968 149.999524 -101.150773 169.622738 -19.286837 176.437912
-22.315692 149.999551 -101.151245 169.623138 -19.286716 176.437557
-22.320416 149.999579 -101.151718 169.623538 -19.286593 176.437202
-22.325139 149.999605 -101.152189 169.623939 -19.286471 176.436847
-22.329863 149.999633 -101.152660 169.624339 -19.286348 176.436490
-22.334587 149.999660 -101.153132 169.624741 -19.286226 176.436135
-22.339310 149.999688 -101.153602 169.625142 -19.286104 176.435778
-22.344034 149.999715 -101.154071 169.625542 -19.285984 176.435423
-22.348758 149.999743 -101.154541 169.625943 -19.285862 176.435067
-22.353481 149.999770 -101.155010 169.626344 -19.285741 176.434710
-22.358205 149.999797 -101.155478 169.626745 -19.285620 176.434353
-22.362929 149.999824 -101.155947 169.627147 -19.285499 176.433997
-22.367652 149.999852 -101.156415 169.627548 -19.285378 176.433639
-22.372376 149.999880 -101.156882 169.627949 -19.285257 176.433283
-22.377100 149.999907 -101.157349 169.628350 -19.285138 176.432925
-22.381824 149.999935 -101.157816 169.628752 -19.285017 176.432569
-22.386548 149.999963 -101.158282 169.629154 -19.284897 176.432211
-22.391272 149.999991 -101.158747 169.629555 -19.284777 176.431853
-22.395996 150.000018 -101.159213 169.629956 -19.284658 176.431495
-22.400720 150.000047 -101.159677 169.630359 -19.284538 176.431137
-22.405444 150.000075 -101.160142 169.630760 -19.284419 176.430779
-22.410168 150.000103 -101.160606 169.631162 -19.284299 176.430420
-22.414892 150.000131 -101.161069 169.631564 -19.284181 176.430062
-22.419617 150.000159 -101.161531 169.631966 -19.284063 176.429703
-22.424340 150.000186 -101.161994 169.632368 -19.283944 176.429345
-22.429065 150.000214 -101.162456 169.632770 -19.283825 176.428986
-22.433789 150.000243 -101.162918 169.633172 -19.283707 176.428626
-22.438513 150.000271 -101.163380 169.633575 -19.283589 176.428267
-22.443238 150.000299 -101.163841 169.633977 -19.283471 176.427907
-22.447962 150.000328 -101.164300 169.634380 -19.283353 176.427548
-22.452686 150.000356 -101.164761 169.634782 -19.283236 176.427188
-22.457411 150.000385 -101.165220 169.635185 -19.283118 176.426828
-22.462135 150.000414 -101.165679 169.635587 -19.283001 176.426468
-22.466859 150.000442 -101.166138 169.635991 -19.282884 176.426108
-22.471584 150.000470 -101.166595 169.636393 -19.282767 176.425747
-22.476309 150.000499 -101.167054 169.636796 -19.282650 176.425387
-22.481033 150.000527 -101.167510 169.637199 -19.282534 176.425025
-22.485758 150.000557 -101.167968 169.637602 -19.282418 176.424664
-22.490483 150.000585 -101.168424 169.638005 -19.282301 176.424303
-22.495207 150.000614 -101.168880 169.638408 -19.282185 176.423942
-22.499932 150.000642 -101.169335 169.638812 -19.282070 176.423581
-22.504657 150.000672 -101.169790 169.639215 -19.281954 176.423219
-22.509381 150.000700 -101.170245 169.639618 -19.281839 176.422857
-22.514106 150.000729 -101.170699 169.640021 -19.281724 176.422496
-22.518831 150.000758 -101.171152 169.640425 -19.281608 176.422133
-22.523555 150.000787 -101.171605 169.640829 -19.281494 176.421771
-22.528280 150.000817 -101.172059 169.641233 -19.281379 176.421409
-22.533005 150.000845 -101.172511 169.641636 -19.281265 176.421046
-22.537730 150.000875 -101.172962 169.642041 -19.281150 176.420684
-22.542455 150.000904 -101.173414 169.642445 -19.281036 176.420320
-22.547180 150.000933 -101.173864 169.642848 -19.280922 176.419957
-22.551905 150.000962 -101.174315 169.643252 -19.280808 176.419594
-22.556630 150.000992 -101.174765 169.643657 -19.280695 176.419231
-22.561355 150.001022 -101.175214 169.644061 -19.280582 176.418867
-22.566080 150.001050 -101.175663 169.644466 -19.280468 176.418503
-22.570805 150.001080 -101.176112 169.644870 -19.280355 176.418139
-22.575531 150.001110 -101.176559 169.645274 -19.280243 176.417775
-22.580255 150.001139 -101.177007 169.645679 -19.280130 176.417410
-22.584981 150.001169 -101.177454 169.646084 -19.280018 176.417047
-22.589706 150.001199 -101.177901 169.646489 -19.279905 176.416682
-22.594431 150.001229 -101.178348 169.646894 -19.279793 176.416317
-22.599157 150.001259 -101.178793 169.647299 -19.279681 176.415951
-22.603882 150.001287 -101.179238 169.647704 -19.279569 176.415586
-22.608607 150.001317 -101.179683 169.648108 -19.279457 176.415222
-22.613333 150.001347 -101.180127 169.648513 -19.279346 176.414856
-22.618059 150.001378 -101.180571 169.648918 -19.279235 176.414490
-22.622783 150.001408 -101.181014 169.649324 -19.279124 176.414124
-22.627509 150.001438 -101.181457 169.649729 -19.279013 176.413758
-22.632235 150.001468 -101.181899 169.650134 -19.278903 176.413392
-22.636960 150.001498 -101.182341 169.650540 -19.278793 176.413026
-22.641686 150.001528 -101.182783 169.650947 -19.278682 176.412660
-22.646412 150.001558 -101.183223 169.651352 -19.278572 176.412293
-22.651137 150.001588 -101.183665 169.651758 -19.278462 176.411926
-22.655863 150.001619 -101.184104 169.652164 -19.278352 176.411559
-22.660589 150.001649 -101.184543 169.652570 -19.278243 176.411191
-22.665314 150.001680 -101.184982 169.652976 -19.278134 176.410824
-22.670040 150.001710 -101.185420 169.653382 -19.278025 176.410457
-22.674766 150.001741 -101.185859 169.653788 -19.277915 176.410089
-22.679491 150.001771 -101.186297 169.654194 -19.277806 176.409722
-22.684218 150.001801 -101.186734 169.654601 -19.277698 176.409353
-22.688944 150.001833 -101.187170 169.655007 -19.277590 176.408985
-22.693669 150.001863 -101.187606 169.655414 -19.277482 176.408616
-22.698395 150.001893 -101.188042 169.655820 -19.277373 176.408248
-22.703122 150.001925 -101.188477 169.656227 -19.277265 176.407880
-22.707847 150.001955 -101.188911 169.656634 -19.277158 176.407510
-22.712573 150.001987 -101.189346 169.657041 -19.277051 176.407142
-22.717300 150.002017 -101.189778 169.657447 -19.276944 176.406773
-22.722025 150.002049 -101.190212 169.657854 -19.276836 176.406403
-22.726752 150.002079 -101.190644 169.658262 -19.276729 176.406033
-22.731478 150.002110 -101.191077 169.658669 -19.276623 176.405664
-22.736204 150.002141 -101.191508 169.659077 -19.276517 176.405293
-22.740930 150.002173 -101.191939 169.659484 -19.276410 176.404924
-22.745657 150.002203 -101.192370 169.659891 -19.276304 176.404553
-22.750383 150.002235 -101.192799 169.660299 -19.276198 176.404183
-22.755109 150.002266 -101.193229 169.660706 -19.276093 176.403813
-22.759836 150.002297 -101.193658 169.661114 -19.275986 176.403442
-22.764562 150.002329 -101.194087 169.661522 -19.275881 176.403070
-22.769289 150.002361 -101.194515 169.661929 -19.275777 176.402699
-22.774015 150.002391 -101.194943 169.662338 -19.275672 176.402327
-22.778741 150.002423 -101.195369 169.662746 -19.275566 176.401956
-22.783468 150.002455 -101.195797 169.663154 -19.275462 176.401585
-22.788195 150.002487 -101.196222 169.663562 -19.275358 176.401213
-22.792921 150.002519 -101.196647 169.663971 -19.275253 176.400841
-22.797648 150.002550 -101.197072 169.664379 -19.275150 176.400469
-22.802375 150.002581 -101.197497 169.664788 -19.275046 176.400096
-22.807101 150.002613 -101.197921 169.665197 -19.274942 176.399724
-22.811828 150.002645 -101.198345 169.665605 -19.274839 176.399351
-22.816555 150.002677 -101.198767 169.666014 -19.274736 176.398978
-22.821281 150.002709 -101.199190 169.666422 -19.274632 176.398604
-22.826008 150.002741 -101.199612 169.666831 -19.274530 176.398231
-22.830735 150.002773 -101.200033 169.667241 -19.274428 176.397858
-22.835462 150.002806 -101.200454 169.667649 -19.274325 176.397484
-22.840189 150.002838 -101.200874 169.668059 -19.274223 176.397111
-22.844916 150.002870 -101.201294 169.668468 -19.274121 176.396737
-22.849642 150.002902 -101.201714 169.668877 -19.274019 176.396362
-22.854370 150.002934 -101.202133 169.669287 -19.273917 176.395988
-22.859097 150.002967 -101.202551 169.669697 -19.273816 176.395613
-22.863823 150.003000 -101.202968 169.670106 -19.273715 176.395239
-22.868551 150.003032 -101.203385 169.670515 -19.273614 176.394864
-22.873278 150.003064 -101.203802 169.670925 -19.273513 176.394489
-22.878005 150.003096 -101.204218 169.671336 -19.273412 176.394114
-22.882732 150.003130 -101.204634 169.671746 -19.273312 176.393738
-22.887460 150.003162 -101.205048 169.672156 -19.273212 176.393363
-22.892186 150.003195 -101.205463 169.672566 -19.273112 176.392987
-22.896914 150.003228 -101.205877 169.672977 -19.273012 176.392610
-22.901642 150.003260 -101.206291 169.673386 -19.272912 176.392235
-22.906368 150.003293 -101.206704 169.673797 -19.272813 176.391858
-22.911096 150.003326 -101.207117 169.674207 -19.272714 176.391483
-22.915824 150.003359 -101.207528 169.674618 -19.272615 176.391106
-22.920550 150.003393 -101.207939 169.675029 -19.272516 176.390728
-22.925278 150.003425 -101.208351 169.675440 -19.272418 176.390351
-22.930006 150.003458 -101.208761 169.675851 -19.272319 176.389974
-22.934733 150.003491 -101.209170 169.676262 -19.272221 176.389596
-22.939461 150.003525 -101.209579 169.676673 -19.272122 176.389220
-22.944189 150.003558 -101.209989 169.677084 -19.272025 176.388842
-22.948916 150.003591 -101.210397 169.677495 -19.271927 176.388464
-22.953644 150.003624 -101.210804 169.677908 -19.271830 176.388085
-22.958372 150.003658 -101.211211 169.678319 -19.271732 176.387707
-22.963099 150.003692 -101.211618 169.678730 -19.271636 176.387329
-22.967827 150.003724 -101.212024 169.679142 -19.271539 176.386950
-22.972555 150.003758 -101.212429 169.679554 -19.271443 176.386570
-22.977282 150.003792 -101.212834 169.679965 -19.271346 176.386192
-22.982010 150.003825 -101.213238 169.680377 -19.271250 176.385812
-22.986738 150.003859 -101.213642 169.680790 -19.271154 176.385433
-22.991466 150.003893 -101.214045 169.681202 -19.271058 176.385054
-22.996194 150.003927 -101.214448 169.681614 -19.270962 176.384674
-23.000922 150.003961 -101.214849 169.682026 -19.270868 176.384294
-23.005650 150.003994 -101.215251 169.682439 -19.270772 176.383914
-23.010378 150.004028 -101.215653 169.682851 -19.270678 176.383534
-23.015106 150.004062 -101.216052 169.683264 -19.270582 176.383153
-23.019834 150.004096 -101.216453 169.683676 -19.270488 176.382772
-23.024562 150.004130 -101.216852 169.684090 -19.270394 176.382391
-23.029291 150.004165 -101.217251 169.684502 -19.270299 176.382010
-23.034018 150.004199 -101.217649 169.684916 -19.270206 176.381628
-23.038747 150.004233 -101.218047 169.685329 -19.270112 176.381248
-23.043475 150.004267 -101.218444 169.685741 -19.270018 176.380866
-23.048203 150.004302 -101.218841 169.686155 -19.269925 176.380484
-23.052932 150.004336 -101.219236 169.686568 -19.269832 176.380102
-23.057660 150.004370 -101.219632 169.686982 -19.269740 176.379719
-23.062388 150.004404 -101.220026 169.687395 -19.269647 176.379338
-23.067117 150.004440 -101.220420 169.687810 -19.269554 176.378955
-23.071846 150.004474 -101.220815 169.688223 -19.269462 176.378572
-23.076573 150.004509 -101.221208 169.688637 -19.269370 176.378189
-23.081302 150.004543 -101.221600 169.689051 -19.269278 176.377806
-23.086031 150.004579 -101.221992 169.689465 -19.269187 176.377423
-23.090759 150.004613 -101.222384 169.689879 -19.269095 176.377039
-23.095488 150.004648 -101.222775 169.690294 -19.269003 176.376656
-23.100217 150.004682 -101.223165 169.690707 -19.268913 176.376272
-23.104945 150.004718 -101.223555 169.691122 -19.268822 176.375888
-23.109674 150.004752 -101.223943 169.691537 -19.268731 176.375504
-23.114403 150.004788 -101.224332 169.691951 -19.268642 176.375119
-23.119131 150.004823 -101.224720 169.692366 -19.268551 176.374735
-23.123860 150.004857 -101.225108 169.692781 -19.268461 176.374349
-23.128589 150.004893 -101.225494 169.693197 -19.268372 176.373964
-23.133318 150.004928 -101.225881 169.693611 -19.268282 176.373579
-23.138047 150.004964 -101.226267 169.694026 -19.268193 176.373194
-23.142776 150.004999 -101.226652 169.694442 -19.268103 176.372808
-23.147504 150.005034 -101.227037 169.694858 -19.268015 176.372422
-23.152234 150.005070 -101.227420 169.695272 -19.267926 176.372037
-23.156963 150.005105 -101.227804 169.695688 -19.267838 176.371650
-23.161691 150.005141 -101.228186 169.696104 -19.267750 176.371264
-23.166421 150.005177 -101.228569 169.696520 -19.267662 176.370877
-23.171150 150.005212 -101.228950 169.696936 -19.267574 176.370491
-23.175879 150.005248 -101.229331 169.697352 -19.267486 176.370104
-23.180608 150.005284 -101.229711 169.697768 -19.267399 176.369717
-23.185338 150.005320 -101.230092 169.698183 -19.267312 176.369330
-23.190066 150.005355 -101.230471 169.698600 -19.267225 176.368942
-23.194796 150.005391 -101.230850 169.699016 -19.267138 176.368554
-23.199525 150.005427 -101.231228 169.699433 -19.267051 176.368166
-23.204254 150.005464 -101.231605 169.699849 -19.266965 176.367778
-23.208984 150.005500 -101.231982 169.700266 -19.266880 176.367390
-23.213714 150.005536 -101.232358 169.700684 -19.266794 176.367001
-23.218442 150.005572 -101.232734 169.701100 -19.266708 176.366613
-23.223172 150.005609 -101.233109 169.701517 -19.266622 176.366224
-23.227902 150.005645 -101.233484 169.701934 -19.266537 176.365835
-23.232631 150.005681 -101.233858 169.702352 -19.266452 176.365446
-23.237361 150.005717 -101.234232 169.702769 -19.266368 176.365057
-23.242090 150.005754 -101.234603 169.703186 -19.266283 176.364667
-23.246820 150.005790 -101.234976 169.703603 -19.266199 176.364277
-23.251550 150.005827 -101.235348 169.704021 -19.266115 176.363887
-23.256279 150.005863 -101.235718 169.704439 -19.266031 176.363497
-23.261009 150.005900 -101.236089 169.704857 -19.265947 176.363106
-23.265739 150.005936 -101.236459 169.705275 -19.265863 176.362716
-23.270468 150.005974 -101.236828 169.705693 -19.265781 176.362325
-23.275198 150.006010 -101.237197 169.706111 -19.265698 176.361934
-23.279928 150.006047 -101.237564 169.706529 -19.265615 176.361543
-23.284657 150.006084 -101.237931 169.706947 -19.265533 176.361151
-23.289388 150.006121 -101.238298 169.707367 -19.265450 176.360760
-23.294118 150.006158 -101.238664 169.707785 -19.265368 176.360368
-23.298847 150.006195 -101.239030 169.708203 -19.265286 176.359976
-23.303578 150.006232 -101.239395 169.708623 -19.265204 176.359585
-23.308308 150.006269 -101.239759 169.709041 -19.265123 176.359192
-23.313037 150.006307 -101.240122 169.709461 -19.265042 176.358800
-23.317768 150.006344 -101.240485 169.709879 -19.264961 176.358407
-23.322498 150.006382 -101.240848 169.710298 -19.264880 176.358014
-23.327228 150.006419 -101.241210 169.710718 -19.264799 176.357621
-23.331958 150.006457 -101.241571 169.711137 -19.264719 176.357227
-23.336689 150.006494 -101.241931 169.711557 -19.264639 176.356833
-23.341418 150.006532 -101.242291 169.711976 -19.264559 176.356440
-23.346149 150.006569 -101.242651 169.712396 -19.264479 176.356046
-23.350880 150.006607 -101.243010 169.712817 -19.264400 176.355652
-23.355609 150.006644 -101.243368 169.713236 -19.264320 176.355258
-23.360340 150.006682 -101.243726 169.713656 -19.264242 176.354864
-23.365071 150.006720 -101.244082 169.714076 -19.264163 176.354468
-23.369801 150.006758 -101.244438 169.714497 -19.264084 176.354073
-23.374531 150.006796 -101.244794 169.714917 -19.264006 176.353679
-23.379262 150.006833 -101.245149 169.715337 -19.263928 176.353284
-23.383992 150.006872 -101.245503 169.715758 -19.263850 176.352887
-23.388723 150.006910 -101.245857 169.716179 -19.263773 176.352492
-23.393454 150.006948 -101.246210 169.716600 -19.263695 176.352096
-23.398184 150.006986 -101.246562 169.717021 -19.263618 176.351700
-23.402915 150.007025 -101.246915 169.717442 -19.263541 176.351304
-23.407646 150.007063 -101.247266 169.717863 -19.263465 176.350908
-23.412376 150.007101 -101.247616 169.718285 -19.263388 176.350511
-23.417107 150.007140 -101.247967 169.718706 -19.263312 176.350114
-23.421838 150.007178 -101.248316 169.719127 -19.263236 176.349716
-23.426569 150.007217 -101.248664 169.719549 -19.263159 176.349319
-23.431300 150.007255 -101.249012 169.719971 -19.263084 176.348921
-23.436031 150.007294 -101.249359 169.720393 -19.263009 176.348524
-23.440761 150.007332 -101.249706 169.720815 -19.262934 176.348126
-23.445493 150.007371 -101.250052 169.721237 -19.262859 176.347728
-23.450224 150.007411 -101.250399 169.721659 -19.262784 176.347330
-23.454954 150.007449 -101.250742 169.722081 -19.262710 176.346932
-23.459686 150.007488 -101.251087 169.722504 -19.262635 176.346533
-23.464417 150.007527 -101.251430 169.722926 -19.262561 176.346134
-23.469148 150.007566 -101.251773 169.723349 -19.262488 176.345735
-23.473879 150.007605 -101.252116 169.723771 -19.262414 176.345336
-23.478611 150.007644 -101.252458 169.724194 -19.262341 176.344936
-23.483341 150.007684 -101.252798 169.724617 -19.262268 176.344536
-23.488073 150.007723 -101.253139 169.725041 -19.262195 176.344136
-23.492804 150.007762 -101.253479 169.725464 -19.262122 176.343736
-23.497535 150.007802 -101.253817 169.725887 -19.262050 176.343336
-23.502267 150.007840 -101.254156 169.726310 -19.261978 176.342936
-23.506998 150.007880 -101.254493 169.726734 -19.261906 176.342534
-23.511729 150.007919 -101.254831 169.727157 -19.261834 176.342133
-23.516461 150.007960 -101.255167 169.727582 -19.261763 176.341732
-23.521192 150.008000 -101.255503 169.728005 -19.261692 176.341331
-23.525924 150.008039 -101.255838 169.728429 -19.261621 176.340930
-23.530656 150.008079 -101.256173 169.728854 -19.261550 176.340528
-23.535387 150.008118 -101.256506 169.729278 -19.261480 176.340126
-23.540119 150.008158 -101.256839 169.729702 -19.261410 176.339724
-23.544851 150.008198 -101.257172 169.730127 -19.261339 176.339322
-23.549582 150.008238 -101.257504 169.730551 -19.261269 176.338919
-23.554314 150.008278 -101.257835 169.730975 -19.261200 176.338516
-23.559046 150.008318 -101.258166 169.731401 -19.261131 176.338113
-23.563777 150.008358 -101.258496 169.731825 -19.261061 176.337710
-23.568509 150.008399 -101.258825 169.732251 -19.260993 176.337306
-23.573241 150.008439 -101.259154 169.732676 -19.260925 176.336903
-23.577972 150.008479 -101.259481 169.733101 -19.260856 176.336499
-23.582705 150.008520 -101.259808 169.733526 -19.260788 176.336095
-23.587437 150.008559 -101.260135 169.733952 -19.260720 176.335691
-23.592168 150.008600 -101.260461 169.734377 -19.260652 176.335287
-23.596901 150.008640 -101.260785 169.734803 -19.260585 176.334882
-23.601633 150.008682 -101.261110 169.735230 -19.260518 176.334477
-23.606364 150.008722 -101.261435 169.735655 -19.260450 176.334073
-23.611097 150.008763 -101.261757 169.736082 -19.260384 176.333666
-23.615829 150.008804 -101.262080 169.736508 -19.260317 176.333262
-23.620561 150.008844 -101.262402 169.736934 -19.260251 176.332856
-23.625293 150.008885 -101.262723 169.737361 -19.260185 176.332449
-23.630026 150.008926 -101.263043 169.737787 -19.260119 176.332044
-23.634758 150.008968 -101.263364 169.738213 -19.260054 176.331638
-23.639490 150.009008 -101.263683 169.738640 -19.259988 176.331231
-23.644223 150.009049 -101.264001 169.739068 -19.259924 176.330824
-23.648955 150.009090 -101.264319 169.739495 -19.259859 176.330418
-23.653687 150.009132 -101.264637 169.739922 -19.259794 176.330011
-23.658420 150.009173 -101.264953 169.740350 -19.259730 176.329603
-23.663152 150.009215 -101.265268 169.740776 -19.259666 176.329196
-23.667885 150.009256 -101.265584 169.741204 -19.259602 176.328787
-23.672618 150.009297 -101.265898 169.741632 -19.259538 176.328380
-23.677350 150.009339 -101.266212 169.742059 -19.259475 176.327972
-23.682082 150.009380 -101.266525 169.742487 -19.259411 176.327563
-23.686815 150.009422 -101.266837 169.742915 -19.259349 176.327155
-23.691547 150.009463 -101.267148 169.743344 -19.259286 176.326746
-23.696280 150.009505 -101.267459 169.743772 -19.259224 176.326337
-23.701013 150.009547 -101.267770 169.744200 -19.259161 176.325928
-23.705746 150.009588 -101.268080 169.744629 -19.259100 176.325518
-23.710479 150.009631 -101.268388 169.745057 -19.259038 176.325108
-23.715211 150.009673 -101.268697 169.745486 -19.258977 176.324698
-23.719944 150.009714 -101.269003 169.745916 -19.258915 176.324288
-23.724677 150.009756 -101.269311 169.746344 -19.258855 176.323879
-23.729410 150.009799 -101.269616 169.746773 -19.258794 176.323468
-23.734143 150.009841 -101.269922 169.747203 -19.258733 176.323057
-23.738876 150.009884 -101.270227 169.747632 -19.258673 176.322646
-23.743609 150.009925 -101.270531 169.748061 -19.258613 176.322235
-23.748342 150.009968 -101.270834 169.748491 -19.258554 176.321824
-23.753075 150.010010 -101.271137 169.748921 -19.258494 176.321413
-23.757808 150.010053 -101.271439 169.749350 -19.258435 176.321001
-23.762541 150.010095 -101.271741 169.749781 -19.258376 176.320588
-23.767275 150.010138 -101.272041 169.750211 -19.258317 176.320176
-23.772008 150.010180 -101.272341 169.750641 -19.258259 176.319764
-23.776741 150.010223 -101.272640 169.751072 -19.258200 176.319351
-23.781475 150.010266 -101.272938 169.751502 -19.258142 176.318938
-23.786207 150.010309 -101.273236 169.751933 -19.258085 176.318526
-23.790941 150.010352 -101.273533 169.752363 -19.258027 176.318112
-23.795675 150.010395 -101.273829 169.752794 -19.257970 176.317698
-23.800408 150.010438 -101.274125 169.753225 -19.257913 176.317285
-23.805141 150.010480 -101.274420 169.753656 -19.257856 176.316871
-23.809875 150.010524 -101.274714 169.754088 -19.257799 176.316457
-23.814608 150.010567 -101.275007 169.754518 -19.257744 176.316042
-23.819342 150.010610 -101.275300 169.754950 -19.257688 176.315629
-23.824076 150.010653 -101.275593 169.755382 -19.257631 176.315214
-23.828809 150.010697 -101.275883 169.755814 -19.257577 176.314798
-23.833543 150.010740 -101.276174 169.756246 -19.257521 176.314383
-23.838277 150.010784 -101.276464 169.756678 -19.257466 176.313967
-23.843010 150.010827 -101.276754 169.757110 -19.257411 176.313552
-23.847744 150.010871 -101.277042 169.757542 -19.257357 176.313136
-23.852478 150.010914 -101.277329 169.757975 -19.257303 176.312720
-23.857211 150.010959 -101.277617 169.758407 -19.257248 176.312304
-23.861946 150.011002 -101.277903 169.758839 -19.257194 176.311887
-23.866679 150.011046 -101.278189 169.759272 -19.257142 176.311471
-23.871413 150.011089 -101.278473 169.759706 -19.257088 176.311054
-23.876147 150.011134 -101.278757 169.760139 -19.257035 176.310636
-23.880881 150.011178 -101.279041 169.760571 -19.256982 176.310219
-23.885615 150.011222 -101.279323 169.761004 -19.256929 176.309802
-23.890349 150.011266 -101.279605 169.761438 -19.256878 176.309384
-23.895083 150.011310 -101.279887 169.761872 -19.256826 176.308965
-23.899817 150.011354 -101.280168 169.762305 -19.256774 176.308548
-23.904552 150.011399 -101.280447 169.762739 -19.256722 176.308129
-23.909285 150.011443 -101.280727 169.763173 -19.256671 176.307711
-23.914020 150.011487 -101.281004 169.763607 -19.256620 176.307291
-23.918754 150.011531 -101.281282 169.764041 -19.256570 176.306873
-23.923488 150.011576 -101.281560 169.764476 -19.256519 176.306453
-23.928223 150.011621 -101.281835 169.764910 -19.256469 176.306033
-23.932957 150.011665 -101.282111 169.765344 -19.256419 176.305614
-23.937691 150.011710 -101.282385 169.765779 -19.256369 176.305194
-23.942426 150.011755 -101.282660 169.766214 -19.256319 176.304774
-23.947161 150.011801 -101.282932 169.766650 -19.256270 176.304353
-23.951894 150.011845 -101.283206 169.767085 -19.256221 176.303932
-23.956629 150.011890 -101.283477 169.767520 -19.256172 176.303511
-23.961364 150.011935 -101.283748 169.767955 -19.256124 176.303090
-23.966098 150.011980 -101.284018 169.768391 -19.256076 176.302669
-23.970833 150.012025 -101.284288 169.768826 -19.256029 176.302248
-23.975568 150.012071 -101.284557 169.769262 -19.255981 176.301826
-23.980302 150.012116 -101.284825 169.769697 -19.255934 176.301404
-23.985037 150.012161 -101.285092 169.770134 -19.255886 176.300981
-23.989772 150.012207 -101.285358 169.770570 -19.255840 176.300559
-23.994506 150.012252 -101.285624 169.771006 -19.255793 176.300137
-23.999241 150.012297 -101.285889 169.771443 -19.255747 176.299713
-24.003977 150.012343 -101.286154 169.771879 -19.255700 176.299290
-24.008711 150.012388 -101.286416 169.772316 -19.255655 176.298868
-24.013446 150.012434 -101.286679 169.772753 -19.255609 176.298443
-24.018180 150.012479 -101.286942 169.773190 -19.255564 176.298019
-24.022916 150.012526 -101.287203 169.773627 -19.255519 176.297596
-24.027651 150.012572 -101.287463 169.774064 -19.255474 176.297171
-24.032385 150.012617 -101.287723 169.774501 -19.255429 176.296747
-24.037121 150.012663 -101.287982 169.774939 -19.255384 176.296323
-24.041856 150.012710 -101.288240 169.775377 -19.255340 176.295897
-24.046591 150.012755 -101.288497 169.775814 -19.255297 176.295472
-24.051326 150.012802 -101.288754 169.776253 -19.255253 176.295047
-24.056062 150.012848 -101.289010 169.776690 -19.255210 176.294621
-24.060796 150.012895 -101.289265 169.777129 -19.255168 176.294195
-24.065532 150.012941 -101.289519 169.777567 -19.255125 176.293769
-24.070267 150.012987 -101.289773 169.778006 -19.255083 176.293343
-24.075002 150.013033 -101.290026 169.778445 -19.255041 176.292916
-24.079737 150.013080 -101.290277 169.778883 -19.254998 176.292490
-24.084473 150.013127 -101.290528 169.779322 -19.254957 176.292063
-24.089208 150.013173 -101.290779 169.779761 -19.254915 176.291636
-24.093944 150.013220 -101.291028 169.780200 -19.254875 176.291208
-24.098679 150.013267 -101.291277 169.780640 -19.254834 176.290781
-24.103414 150.013314 -101.291525 169.781079 -19.254794 176.290353
-24.108150 150.013360 -101.291772 169.781519 -19.254754 176.289924
-24.112886 150.013408 -101.292018 169.781959 -19.254713 176.289497
-24.117620 150.013455 -101.292264 169.782399 -19.254673 176.289068
-24.122356 150.013502 -101.292509 169.782839 -19.254634 176.288639
-24.127092 150.013549 -101.292753 169.783279 -19.254595 176.288210
-24.131827 150.013597 -101.292996 169.783719 -19.254556 176.287780
-24.136563 150.013644 -101.293238 169.784160 -19.254517 176.287351
-24.141298 150.013691 -101.293480 169.784600 -19.254479 176.286922
-24.146034 150.013739 -101.293721 169.785041 -19.254441 176.286491
-24.150770 150.013786 -101.293960 169.785481 -19.254404 176.286061
-24.155505 150.013833 -101.294200 169.785922 -19.254366 176.285631
-24.160241 150.013881 -101.294438 169.786364 -19.254329 176.285200
-24.164977 150.013929 -101.294675 169.786805 -19.254292 176.284769
