-10.254367 152.872050 71.116021 14.346768 10.659441 11.187115
-10.254401 152.871814 71.120306 14.347489 10.656730 11.187376
-10.254435 152.871577 71.124592 14.348209 10.654019 11.187636
-10.254470 152.871340 71.128877 14.348930 10.651308 11.187897
-10.254503 152.871103 71.133162 14.349651 10.648598 11.188158
-10.254537 152.870866 71.137448 14.350370 10.645888 11.188418
-10.254571 152.870629 71.141734 14.351090 10.643178 11.188678
-10.254606 152.870392 71.146020 14.351809 10.640468 11.188939
-10.254639 152.870155 71.150306 14.352528 10.637759 11.189199
-10.254673 152.869917 71.154593 14.353247 10.635049 11.189459
-10.254707 152.869680 71.158879 14.353965 10.632340 11.189719
-10.254740 152.869442 71.163167 14.354682 10.629630 11.189979
-10.254774 152.869204 71.167453 14.355400 10.626922 11.190239
-10.254808 152.868966 71.171741 14.356117 10.624214 11.190499
-10.254841 152.868728 71.176027 14.356834 10.621504 11.190758
-10.254874 152.868490 71.180315 14.357551 10.618796 11.191018
-10.254908 152.868251 71.184603 14.358266 10.616088 11.191277
-10.254941 152.868013 71.188890 14.358983 10.613381 11.191537
-10.254975 152.867774 71.193179 14.359698 10.610673 11.191797
-10.255008 152.867535 71.197466 14.360413 10.607966 11.192056
-10.255042 152.867296 71.201754 14.361128 10.605258 11.192315
-10.255075 152.867057 71.206044 14.361842 10.602552 11.192574
-10.255108 152.866818 71.210332 14.362557 10.599845 11.192833
-10.255141 152.866579 71.214621 14.363270 10.597138 11.193092
-10.255174 152.866340 71.218909 14.363984 10.594433 11.193351
-10.255207 152.866100 71.223198 14.364697 10.591726 11.193610
-10.255240 152.865861 71.227489 14.365409 10.589020 11.193869
-10.255273 152.865621 71.231778 14.366123 10.586314 11.194128
-10.255306 152.865381 71.236068 14.366834 10.583609 11.194386
-10.255339 152.865141 71.240357 14.367547 10.580903 11.194645
-10.255373 152.864901 71.244647 14.368257 10.578198 11.194903
-10.255405 152.864661 71.248938 14.368969 10.575493 11.195162
-10.255438 152.864421 71.253228 14.369679 10.572789 11.195420
-10.255471 152.864180 71.257519 14.370390 10.570085 11.195679
-10.255503 152.863939 71.261809 14.371100 10.567380 11.195937
-10.255537 152.863699 71.266099 14.371810 10.564676 11.196195
-10.255569 152.863458 71.270391 14.372519 10.561972 11.196453
-10.255601 152.863217 71.274682 14.373229 10.559268 11.196711
-10.255633 152.862976 71.278974 14.373938 10.556565 11.196969
-10.255667 152.862735 71.283265 14.374646 10.553862 11.197227
-10.255699 152.862493 71.287556 14.375354 10.551159 11.197484
-10.255731 152.862252 71.291849 14.376061 10.548456 11.197742
-10.255764 152.862010 71.296141 14.376769 10.545754 11.197999
-10.255796 152.861769 71.300433 14.377476 10.543051 11.198257
-10.255828 152.861527 71.304725 14.378183 10.540349 11.198514
-10.255861 152.861285 71.309018 14.378890 10.537648 11.198772
-10.255892 152.861043 71.313311 14.379595 10.534945 11.199029
-10.255924 152.860801 71.317604 14.380301 10.532244 11.199286
-10.255957 152.860558 71.321897 14.381007 10.529543 11.199543
-10.255988 152.860316 71.326191 14.381711 10.526842 11.199800
-10.256021 152.860073 71.330484 14.382416 10.524141 11.200057
-10.256052 152.859831 71.334778 14.383120 10.521440 11.200314
-10.256085 152.859588 71.339071 14.383824 10.518740 11.200571
-10.256116 152.859345 71.343365 14.384528 10.516040 11.200827
-10.256148 152.859102 71.347660 14.385231 10.513340 11.201084
-10.256180 152.858859 71.351954 14.385934 10.510640 11.201341
-10.256212 152.858615 71.356248 14.386637 10.507941 11.201597
-10.256243 152.858372 71.360543 14.387340 10.505242 11.201854
-10.256275 152.858128 71.364839 14.388041 10.502542 11.202110
-10.256307 152.857885 71.369134 14.388743 10.499844 11.202366
-10.256338 152.857641 71.373429 14.389444 10.497146 11.202622
-10.256370 152.857397 71.377724 14.390145 10.494447 11.202878
-10.256402 152.857153 71.382020 14.390846 10.491749 11.203134
-10.256432 152.856909 71.386315 14.391546 10.489051 11.203390
-10.256464 152.856664 71.390611 14.392246 10.486354 11.203646
-10.256496 152.856420 71.394908 14.392946 10.483655 11.203902
-10.256526 152.856175 71.399204 14.393645 10.480959 11.204157
-10.256558 152.855931 71.403501 14.394344 10.478262 11.204413
-10.256589 152.855686 71.407797 14.395042 10.475565 11.204668
-10.256621 152.855441 71.412094 14.395740 10.472869 11.204924
-10.256651 152.855196 71.416392 14.396438 10.470172 11.205179
-10.256682 152.854951 71.420689 14.397136 10.467476 11.205434
-10.256713 152.854705 71.424986 14.397833 10.464781 11.205690
-10.256745 152.854460 71.429284 14.398530 10.462085 11.205945
-10.256776 152.854215 71.433582 14.399226 10.459390 11.206199
-10.256807 152.853969 71.437880 14.399922 10.456694 11.206454
-10.256838 152.853723 71.442178 14.400618 10.453999 11.206709
-10.256868 152.853477 71.446476 14.401314 10.451305 11.206964
-10.256898 152.853231 71.450774 14.402009 10.448610 11.207219
-10.256929 152.852985 71.455074 14.402704 10.445916 11.207474
-10.256960 152.852739 71.459372 14.403398 10.443222 11.207728
-10.256991 152.852492 71.463672 14.404092 10.440528 11.207982
-10.257021 152.852246 71.467970 14.404786 10.437835 11.208237
-10.257052 152.851999 71.472270 14.405479 10.435142 11.208491
-10.257082 152.851752 71.476570 14.406172 10.432448 11.208745
-10.257113 152.851505 71.480870 14.406865 10.429756 11.208999
-10.257143 152.851258 71.485170 14.407557 10.427064 11.209253
-10.257173 152.851011 71.489470 14.408249 10.424371 11.209507
-10.257204 152.850764 71.493770 14.408940 10.421680 11.209761
-10.257234 152.850517 71.498071 14.409632 10.418987 11.210015
-10.257265 152.850269 71.502372 14.410323 10.416296 11.210269
-10.257295 152.850021 71.506672 14.411014 10.413604 11.210522
-10.257325 152.849774 71.510973 14.411704 10.410913 11.210776
-10.257355 152.849526 71.515275 14.412394 10.408223 11.211030
-10.257385 152.849278 71.519576 14.413083 10.405532 11.211283
-10.257415 152.849030 71.523879 14.413773 10.402841 11.211536
-10.257444 152.848781 71.528181 14.414462 10.400151 11.211790
-10.257475 152.848533 71.532483 14.415150 10.397461 11.212043
-10.257505 152.848285 71.536784 14.415838 10.394772 11.212296
-10.257534 152.848036 71.541087 14.416526 10.392082 11.212548
-10.257564 152.847787 71.545389 14.417214 10.389393 11.212802
-10.257594 152.847538 71.549692 14.417900 10.386705 11.213054
-10.257624 152.847289 71.553995 14.418588 10.384016 11.213307
-10.257653 152.847040 71.558299 14.419274 10.381327 11.213560
-10.257683 152.846791 71.562602 14.419960 10.378639 11.213812
-10.257713 152.846542 71.566905 14.420646 10.375951 11.214065
-10.257742 152.846292 71.571209 14.421331 10.373264 11.214317
-10.257772 152.846042 71.575513 14.422016 10.370577 11.214570
-10.257801 152.845793 71.579817 14.422701 10.367889 11.214822
-10.257830 152.845543 71.584122 14.423385 10.365202 11.215074
-10.257860 152.845293 71.588426 14.424070 10.362516 11.215326
-10.257889 152.845043 71.592731 14.424753 10.359829 11.215578
-10.257919 152.844793 71.597036 14.425437 10.357143 11.215830
-10.257947 152.844542 71.601341 14.426119 10.354457 11.216082
-10.257977 152.844292 71.605646 14.426802 10.351772 11.216334
-10.258006 152.844041 71.609951 14.427484 10.349086 11.216585
-10.258035 152.843790 71.614258 14.428166 10.346401 11.216837
-10.258064 152.843539 71.618563 14.428847 10.343716 11.217088
-10.258093 152.843289 71.622869 14.429529 10.341031 11.217340
-10.258121 152.843037 71.627175 14.430209 10.338347 11.217591
-10.258151 152.842786 71.631482 14.430890 10.335663 11.217842
-10.258179 152.842535 71.635789 14.431570 10.332979 11.218093
-10.258208 152.842283 71.640095 14.432249 10.330295 11.218344
-10.258237 152.842032 71.644402 14.432929 10.327612 11.218596
-10.258265 152.841780 71.648709 14.433609 10.324928 11.218847
-10.258294 152.841528 71.653017 14.434287 10.322246 11.219097
-10.258323 152.841276 71.657324 14.434965 10.319563 11.219348
-10.258351 152.841024 71.661632 14.435644 10.316881 11.219599
-10.258380 152.840772 71.665940 14.436322 10.314199 11.219850
-10.258409 152.840520 71.670249 14.436998 10.311517 11.220100
-10.258437 152.840267 71.674557 14.437675 10.308835 11.220350
-10.258465 152.840015 71.678865 14.438352 10.306155 11.220601
-10.258494 152.839762 71.683174 14.439028 10.303474 11.220851
-10.258522 152.839509 71.687483 14.439705 10.300792 11.221101
-10.258550 152.839256 71.691792 14.440379 10.298112 11.221351
-10.258578 152.839003 71.696101 14.441055 10.295432 11.221601
-10.258607 152.838750 71.700411 14.441730 10.292752 11.221851
-10.258635 152.838496 71.704720 14.442404 10.290072 11.222101
-10.258663 152.838243 71.709031 14.443078 10.287393 11.222351
-10.258691 152.837989 71.713340 14.443752 10.284714 11.222600
-10.258718 152.837736 71.717651 14.444426 10.282034 11.222850
-10.258746 152.837482 71.721961 14.445099 10.279356 11.223100
-10.258774 152.837228 71.726272 14.445771 10.276677 11.223349
-10.258802 152.836974 71.730583 14.446444 10.273999 11.223598
-10.258830 152.836720 71.734895 14.447116 10.271321 11.223848
-10.258858 152.836465 71.739206 14.447787 10.268644 11.224097
-10.258886 152.836211 71.743517 14.448459 10.265967 11.224346
-10.258913 152.835956 71.747828 14.449129 10.263289 11.224595
-10.258941 152.835702 71.752141 14.449801 10.260612 11.224844
-10.258969 152.835447 71.756453 14.450471 10.257936 11.225092
-10.258996 152.835192 71.760765 14.451141 10.255260 11.225341
-10.259024 152.834937 71.765078 14.451810 10.252584 11.225590
-10.259051 152.834682 71.769390 14.452480 10.249908 11.225838
-10.259078 152.834426 71.773703 14.453148 10.247233 11.226087
-10.259105 152.834171 71.778016 14.453817 10.244558 11.226335
-10.259133 152.833915 71.782330 14.454484 10.241883 11.226584
-10.259160 152.833660 71.786642 14.455153 10.239209 11.226832
-10.259188 152.833404 71.790956 14.455820 10.236533 11.227080
-10.259215 152.833148 71.795270 14.456487 10.233859 11.227328
-10.259242 152.832892 71.799584 14.457154 10.231186 11.227576
-10.259269 152.832636 71.803899 14.457820 10.228513 11.227824
-10.259296 152.832379 71.808213 14.458485 10.225839 11.228072
-10.259322 152.832123 71.812528 14.459152 10.223166 11.228320
-10.259350 152.831866 71.816843 14.459816 10.220494 11.228567
-10.259377 152.831610 71.821158 14.460482 10.217821 11.228815
-10.259403 152.831353 71.825473 14.461146 10.215149 11.229062
-10.259430 152.831096 71.829788 14.461810 10.212477 11.229309
-10.259457 152.830839 71.834105 14.462475 10.209806 11.229557
-10.259484 152.830582 71.838420 14.463138 10.207134 11.229804
-10.259510 152.830324 71.842737 14.463801 10.204463 11.230051
-10.259537 152.830067 71.847053 14.464463 10.201792 11.230298
-10.259564 152.829810 71.851369 14.465126 10.199122 11.230545
-10.259590 152.829552 71.855685 14.465788 10.196452 11.230792
-10.259617 152.829294 71.860003 14.466449 10.193782 11.231039
-10.259643 152.829036 71.864320 14.467111 10.191112 11.231285
-10.259669 152.828778 71.868637 14.467772 10.188443 11.231532
-10.259696 152.828520 71.872955 14.468432 10.185773 11.231779
-10.259722 152.828262 71.877272 14.469092 10.183105 11.232025
-10.259748 152.828003 71.881590 14.469753 10.180436 11.232271
-10.259774 152.827745 71.885908 14.470412 10.177769 11.232518
-10.259801 152.827486 71.890227 14.471071 10.175100 11.232764
-10.259827 152.827227 71.894545 14.471730 10.172433 11.233010
-10.259853 152.826968 71.898864 14.472388 10.169765 11.233256
-10.259879 152.826709 71.903183 14.473046 10.167098 11.233502
-10.259905 152.826450 71.907503 14.473704 10.164432 11.233748
-10.259930 152.826191 71.911821 14.474361 10.161765 11.233993
-10.259957 152.825932 71.916141 14.475018 10.159099 11.234239
-10.259982 152.825672 71.920461 14.475675 10.156433 11.234485
-10.260008 152.825412 71.924781 14.476331 10.153768 11.234730
-10.260034 152.825153 71.929101 14.476987 10.151102 11.234975
-10.260059 152.824893 71.933422 14.477643 10.148437 11.235221
-10.260085 152.824633 71.937742 14.478298 10.145772 11.235466
-10.260110 152.824373 71.942063 14.478953 10.143108 11.235711
-10.260136 152.824112 71.946384 14.479607 10.140444 11.235956
-10.260162 152.823852 71.950705 14.480261 10.137780 11.236201
-10.260187 152.823591 71.955027 14.480915 10.135116 11.236446
-10.260213 152.823331 71.959348 14.481569 10.132453 11.236691
-10.260238 152.823070 71.963670 14.482222 10.129790 11.236936
-10.260264 152.822809 71.967992 14.482874 10.127127 11.237180
-10.260288 152.822548 71.972315 14.483527 10.124465 11.237425
-10.260314 152.822287 71.976637 14.484179 10.121803 11.237669
-10.260339 152.822026 71.980960 14.484830 10.119141 11.237913
-10.260365 152.821764 71.985283 14.485481 10.116479 11.238157
-10.260389 152.821503 71.989606 14.486132 10.113818 11.238402
-10.260414 152.821241 71.993929 14.486783 10.111157 11.238646
-10.260439 152.820980 71.998253 14.487433 10.108496 11.238890
-10.260464 152.820718 72.002576 14.488083 10.105837 11.239134
-10.260489 152.820456 72.006901 14.488732 10.103176 11.239378
-10.260514 152.820194 72.011224 14.489381 10.100517 11.239621
-10.260538 152.819931 72.015548 14.490029 10.097857 11.239865
-10.260563 152.819669 72.019873 14.490678 10.095198 11.240109
-10.260588 152.819406 72.024198 14.491326 10.092539 11.240352
-10.260613 152.819144 72.028523 14.491973 10.089880 11.240595
-10.260637 152.818881 72.032848 14.492620 10.087222 11.240839
-10.260662 152.818618 72.037173 14.493267 10.084565 11.241082
-10.260687 152.818355 72.041499 14.493913 10.081907 11.241325
-10.260711 152.818092 72.045825 14.494559 10.079250 11.241568
-10.260735 152.817829 72.050151 14.495205 10.076593 11.241811
-10.260760 152.817565 72.054477 14.495851 10.073936 11.242054
-10.260784 152.817302 72.058805 14.496496 10.071279 11.242297
-10.260808 152.817038 72.063131 14.497141 10.068623 11.242539
-10.260833 152.816775 72.067458 14.497784 10.065967 11.242782
-10.260857 152.816511 72.071785 14.498428 10.063312 11.243024
-10.260881 152.816247 72.076112 14.499072 10.060657 11.243267
-10.260905 152.815983 72.080440 14.499715 10.058001 11.243509
-10.260930 152.815718 72.084768 14.500358 10.055347 11.243751
-10.260954 152.815454 72.089096 14.501000 10.052693 11.243993
-10.260978 152.815190 72.093424 14.501642 10.050038 11.244235
-10.261001 152.814925 72.097752 14.502284 10.047385 11.244477
-10.261025 152.814660 72.102081 14.502926 10.044732 11.244719
-10.261049 152.814395 72.106409 14.503566 10.042079 11.244961
-10.261072 152.814131 72.110738 14.504207 10.039426 11.245203
-10.261097 152.813865 72.115068 14.504847 10.036773 11.245444
-10.261120 152.813600 72.119398 14.505487 10.034122 11.245686
-10.261144 152.813335 72.123728 14.506126 10.031470 11.245927
-10.261167 152.813069 72.128057 14.506765 10.028818 11.246169
-10.261191 152.812804 72.132388 14.507405 10.026167 11.246410
-10.261214 152.812538 72.136717 14.508043 10.023516 11.246651
-10.261238 152.812272 72.141048 14.508680 10.020866 11.246892
-10.261262 152.812006 72.145379 14.509318 10.018215 11.247133
-10.261285 152.811740 72.149710 14.509955 10.015565 11.247374
-10.261308 152.811474 72.154041 14.510593 10.012916 11.247615
-10.261332 152.811208 72.158373 14.511229 10.010267 11.247856
-10.261354 152.810941 72.162705 14.511865 10.007618 11.248096
-10.261377 152.810675 72.167036 14.512500 10.004969 11.248336
-10.261401 152.810408 72.171368 14.513136 10.002321 11.248577
-10.261424 152.810141 72.175700 14.513772 9.999673 11.248817
-10.261446 152.809874 72.180034 14.514407 9.997025 11.249058
-10.261470 152.809607 72.184367 14.515040 9.994377 11.249298
-10.261492 152.809340 72.188700 14.515674 9.991731 11.249538
-10.261516 152.809073 72.193033 14.516308 9.989084 11.249778
-10.261538 152.808805 72.197366 14.516942 9.986437 11.250018
-10.261561 152.808537 72.201699 14.517573 9.983791 11.250257
-10.261584 152.808270 72.206033 14.518206 9.981146 11.250497
-10.261607 152.808002 72.210367 14.518838 9.978501 11.250737
-10.261629 152.807734 72.214702 14.519470 9.975855 11.250976
-10.261652 152.807466 72.219037 14.520101 9.973210 11.251216
-10.261674 152.807198 72.223371 14.520732 9.970566 11.251455
-10.261697 152.806929 72.227706 14.521363 9.967921 11.251694
-10.261719 152.806661 72.232042 14.521993 9.965277 11.251934
-10.261742 152.806392 72.236377 14.522623 9.962634 11.252173
-10.261764 152.806124 72.240713 14.523252 9.959991 11.252412
-10.261786 152.805855 72.245048 14.523882 9.957348 11.252650
-10.261809 152.805586 72.249384 14.524511 9.954705 11.252889
-10.261830 152.805317 72.253721 14.525139 9.952063 11.253128
-10.261853 152.805048 72.258057 14.525766 9.949421 11.253367
-10.261875 152.804778 72.262394 14.526395 9.946780 11.253605
-10.261897 152.804509 72.266731 14.527022 9.944138 11.253844
-10.261919 152.804239 72.271068 14.527648 9.941498 11.254082
-10.261941 152.803970 72.275406 14.528275 9.938857 11.254320
-10.261963 152.803700 72.279744 14.528901 9.936217 11.254558
-10.261985 152.803430 72.284081 14.529527 9.933577 11.254796
-10.262007 152.803160 72.288420 14.530152 9.930938 11.255034
-10.262029 152.802890 72.292758 14.530778 9.928298 11.255272
-10.262051 152.802619 72.297097 14.531402 9.925659 11.255510
-10.262072 152.802349 72.301435 14.532026 9.923021 11.255748
-10.262093 152.802078 72.305774 14.532651 9.920382 11.255986
-10.262115 152.801808 72.310113 14.533273 9.917745 11.256223
-10.262137 152.801537 72.314452 14.533897 9.915107 11.256460
-10.262159 152.801266 72.318792 14.534520 9.912470 11.256698
-10.262180 152.800995 72.323133 14.535141 9.909832 11.256935
-10.262201 152.800724 72.327472 14.535764 9.907196 11.257172
-10.262222 152.800453 72.331813 14.536385 9.904560 11.257409
-10.262244 152.800181 72.336153 14.537007 9.901923 11.257646
-10.262265 152.799910 72.340495 14.537628 9.899288 11.257883
-10.262286 152.799638 72.344835 14.538248 9.896653 11.258120
-10.262307 152.799366 72.349176 14.538868 9.894018 11.258356
-10.262329 152.799094 72.353519 14.539488 9.891383 11.258593
-10.262350 152.798822 72.357860 14.540107 9.888750 11.258829
-10.262371 152.798550 72.362202 14.540726 9.886116 11.259066
-10.262392 152.798278 72.366544 14.541345 9.883482 11.259302
-10.262413 152.798005 72.370886 14.541963 9.880849 11.259539
-10.262434 152.797733 72.375229 14.542582 9.878216 11.259775
-10.262454 152.797460 72.379572 14.543199 9.875584 11.260011
-10.262475 152.797187 72.383915 14.543816 9.872951 11.260247
-10.262496 152.796914 72.388258 14.544432 9.870319 11.260482
-10.262516 152.796641 72.392602 14.545049 9.867688 11.260718
-10.262537 152.796368 72.396945 14.545665 9.865056 11.260954
-10.262557 152.796095 72.401290 14.546280 9.862425 11.261190
-10.262578 152.795822 72.405634 14.546896 9.859795 11.261425
-10.262598 152.795548 72.409978 14.547511 9.857165 11.261660
-10.262619 152.795274 72.414323 14.548125 9.854536 11.261896
-10.262640 152.795001 72.418669 14.548739 9.851906 11.262131
-10.262660 152.794727 72.423013 14.549353 9.849277 11.262366
-10.262680 152.794453 72.427358 14.549966 9.846649 11.262601
-10.262700 152.794179 72.431705 14.550579 9.844020 11.262836
-10.262720 152.793904 72.436050 14.551191 9.841391 11.263071
-10.262740 152.793630 72.440396 14.551804 9.838764 11.263305
-10.262761 152.793355 72.444743 14.552416 9.836137 11.263540
-10.262781 152.793081 72.449089 14.553027 9.833509 11.263774
-10.262801 152.792806 72.453436 14.553639 9.830883 11.264009
-10.262820 152.792531 72.457783 14.554248 9.828257 11.264243
-10.262841 152.792256 72.462130 14.554859 9.825631 11.264478
-10.262861 152.791981 72.466478 14.555469 9.823005 11.264712
-10.262880 152.791706 72.470826 14.556078 9.820380 11.264946
-10.262901 152.791430 72.475174 14.556687 9.817755 11.265180
-10.262920 152.791155 72.479522 14.557297 9.815131 11.265414
-10.262939 152.790879 72.483871 14.557905 9.812506 11.265648
-10.262960 152.790603 72.488219 14.558513 9.809882 11.265881
-10.262979 152.790327 72.492568 14.559120 9.807259 11.266115
-10.262998 152.790051 72.496918 14.559727 9.804635 11.266348
-10.263018 152.789775 72.501266 14.560335 9.802013 11.266582
-10.263037 152.789499 72.505616 14.560941 9.799391 11.266815
-10.263056 152.789223 72.509966 14.561547 9.796768 11.267048
-10.263076 152.788946 72.514315 14.562153 9.794147 11.267281
-10.263095 152.788670 72.518666 14.562758 9.791525 11.267514
-10.263115 152.788393 72.523017 14.563364 9.788904 11.267748
-10.263133 152.788116 72.527367 14.563968 9.786284 11.267980
-10.263153 152.787839 72.531719 14.564572 9.783663 11.268213
-10.263172 152.787562 72.536070 14.565175 9.781044 11.268446
-10.263191 152.787285 72.540422 14.565779 9.778424 11.268678
-10.263210 152.787007 72.544773 14.566383 9.775805 11.268911
-10.263229 152.786730 72.549125 14.566984 9.773186 11.269143
-10.263247 152.786452 72.553477 14.567587 9.770567 11.269375
-10.263267 152.786174 72.557830 14.568189 9.767950 11.269607
-10.263285 152.785896 72.562183 14.568791 9.765331 11.269840
-10.263304 152.785618 72.566536 14.569392 9.762714 11.270072
-10.263322 152.785340 72.570888 14.569993 9.760097 11.270303
-10.263341 152.785062 72.575242 14.570593 9.757481 11.270535
-10.263360 152.784784 72.579596 14.571193 9.754864 11.270767
-10.263378 152.784505 72.583949 14.571793 9.752248 11.270999
-10.263397 152.784227 72.588304 14.572392 9.749633 11.271230
-10.263415 152.783948 72.592658 14.572990 9.747017 11.271461
-10.263434 152.783669 72.597013 14.573589 9.744403 11.271693
-10.263452 152.783390 72.601368 14.574186 9.741788 11.271924
-10.263470 152.783111 72.605722 14.574785 9.739174 11.272155
-10.263488 152.782832 72.610078 14.575382 9.736560 11.272386
-10.263507 152.782552 72.614434 14.575978 9.733947 11.272617
-10.263524 152.782273 72.618789 14.576576 9.731334 11.272848
-10.263543 152.781993 72.623145 14.577171 9.728721 11.273079
-10.263561 152.781713 72.627502 14.577768 9.726109 11.273309
-10.263579 152.781434 72.631859 14.578362 9.723497 11.273540
-10.263597 152.781154 72.636215 14.578958 9.720886 11.273770
-10.263615 152.780874 72.640572 14.579552 9.718275 11.274001
-10.263633 152.780593 72.644929 14.580146 9.715664 11.274231
-10.263651 152.780313 72.649287 14.580740 9.713053 11.274461
-10.263669 152.780032 72.653645 14.581334 9.710443 11.274691
-10.263686 152.779752 72.658002 14.581926 9.707834 11.274921
-10.263703 152.779471 72.662361 14.582519 9.705224 11.275151
-10.263721 152.779190 72.666720 14.583112 9.702615 11.275381
-10.263739 152.778909 72.671078 14.583704 9.700007 11.275610
-10.263757 152.778628 72.675438 14.584295 9.697399 11.275840
-10.263774 152.778347 72.679796 14.584886 9.694791 11.276069
-10.263792 152.778066 72.684156 14.585477 9.692183 11.276299
-10.263808 152.777784 72.688516 14.586067 9.689576 11.276528
-10.263825 152.777503 72.692875 14.586657 9.686969 11.276757
-10.263843 152.777221 72.697235 14.587246 9.684363 11.276986
-10.263860 152.776939 72.701597 14.587835 9.681757 11.277215
-10.263877 152.776657 72.705957 14.588425 9.679151 11.277444
-10.263894 152.776375 72.710318 14.589013 9.676547 11.277673
-10.263912 152.776093 72.714679 14.589601 9.673942 11.277902
-10.263929 152.775810 72.719041 14.590189 9.671337 11.278130
-10.263946 152.775528 72.723402 14.590776 9.668734 11.278359
-10.263962 152.775245 72.727764 14.591363 9.666130 11.278587
-10.263979 152.774963 72.732126 14.591949 9.663526 11.278816
-10.263996 152.774680 72.736489 14.592535 9.660924 11.279044
-10.264013 152.774397 72.740852 14.593120 9.658321 11.279272
-10.264029 152.774114 72.745214 14.593706 9.655719 11.279500
-10.264046 152.773831 72.749578 14.594291 9.653118 11.279728
-10.264063 152.773547 72.753941 14.594876 9.650516 11.279956
-10.264079 152.773264 72.758305 14.595459 9.647915 11.280183
-10.264096 152.772980 72.762668 14.596043 9.645315 11.280411
-10.264113 152.772696 72.767032 14.596626 9.642714 11.280638
-10.264129 152.772413 72.771397 14.597209 9.640115 11.280866
-10.264145 152.772129 72.775762 14.597792 9.637515 11.281093
-10.264161 152.771845 72.780126 14.598374 9.634917 11.281320
-10.264178 152.771560 72.784491 14.598956 9.632317 11.281548
-10.264194 152.771276 72.788857 14.599537 9.629719 11.281775
-10.264211 152.770992 72.793222 14.600119 9.627121 11.282002
-10.264227 152.770707 72.797588 14.600699 9.624523 11.282228
-10.264242 152.770422 72.801954 14.601279 9.621926 11.282455
-10.264258 152.770138 72.806321 14.601859 9.619330 11.282682
-10.264274 152.769853 72.810688 14.602439 9.616733 11.282908
-10.264291 152.769568 72.815054 14.603017 9.614137 11.283135
-10.264306 152.769282 72.819422 14.603596 9.611543 11.283361
-10.264322 152.768997 72.823789 14.604174 9.608947 11.283587
-10.264337 152.768712 72.828156 14.604753 9.606352 11.283814
-10.264354 152.768426 72.832525 14.605329 9.603758 11.284039
-10.264369 152.768140 72.836893 14.605907 9.601164 11.284266
-10.264384 152.767854 72.841261 14.606484 9.598571 11.284491
-10.264401 152.767569 72.845630 14.607059 9.595978 11.284717
-10.264416 152.767282 72.849999 14.607635 9.593384 11.284943
-10.264431 152.766996 72.854367 14.608211 9.590792 11.285168
-10.264447 152.766710 72.858737 14.608786 9.588200 11.285394
-10.264462 152.766424 72.863106 14.609361 9.585609 11.285619
-10.264477 152.766137 72.867477 14.609935 9.583017 11.285844
-10.264493 152.765850 72.871847 14.610509 9.580426 11.286069
-10.264508 152.765563 72.876217 14.611083 9.577836 11.286295
-10.264522 152.765277 72.880588 14.611656 9.575246 11.286520
-10.264538 152.764989 72.884959 14.612228 9.572656 11.286744
-10.264553 152.764702 72.889330 14.612800 9.570068 11.286969
-10.264568 152.764415 72.893702 14.613373 9.567478 11.287194
-10.264583 152.764128 72.898073 14.613944 9.564890 11.287418
-10.264598 152.763840 72.902445 14.614515 9.562302 11.287643
-10.264613 152.763552 72.906817 14.615086 9.559714 11.287867
-10.264628 152.763264 72.911190 14.615656 9.557127 11.288091
-10.264642 152.762977 72.915562 14.616227 9.554540 11.288316
-10.264657 152.762689 72.919936 14.616796 9.551954 11.288540
-10.264672 152.762400 72.924309 14.617365 9.549368 11.288763
-10.264687 152.762112 72.928682 14.617934 9.546782 11.288987
-10.264701 152.761824 72.933056 14.618503 9.544198 11.289211
-10.264716 152.761535 72.937430 14.619070 9.541613 11.289435
-10.264729 152.761246 72.941804 14.619638 9.539028 11.289658
-10.264744 152.760958 72.946179 14.620205 9.536444 11.289882
-10.264758 152.760669 72.950553 14.620772 9.533860 11.290105
-10.264773 152.760380 72.954928 14.621339 9.531277 11.290328
-10.264787 152.760090 72.959304 14.621905 9.528695 11.290552
-10.264801 152.759801 72.963680 14.622470 9.526113 11.290774
-10.264815 152.759512 72.968056 14.623035 9.523530 11.290997
-10.264829 152.759222 72.972431 14.623600 9.520949 11.291220
-10.264843 152.758933 72.976808 14.624164 9.518367 11.291443
-10.264858 152.758643 72.981184 14.624729 9.515788 11.291666
-10.264871 152.758353 72.985561 14.625292 9.513207 11.291888
-10.264885 152.758063 72.989938 14.625856 9.510627 11.292111
-10.264899 152.757773 72.994315 14.626418 9.508048 11.292333
-10.264912 152.757482 72.998693 14.626981 9.505469 11.292555
-10.264926 152.757192 73.003071 14.627542 9.502890 11.292777
-10.264940 152.756901 73.007449 14.628104 9.500312 11.292999
-10.264954 152.756611 73.011827 14.628665 9.497734 11.293221
-10.264967 152.756320 73.016206 14.629226 9.495157 11.293443
-10.264981 152.756029 73.020585 14.629787 9.492579 11.293665
-10.264995 152.755738 73.024964 14.630347 9.490003 11.293886
-10.265008 152.755447 73.029344 14.630907 9.487427 11.294108
-10.265021 152.755155 73.033724 14.631465 9.484851 11.294329
-10.265034 152.754864 73.038104 14.632024 9.482276 11.294551
-10.265048 152.754573 73.042483 14.632582 9.479701 11.294772
-10.265061 152.754281 73.046864 14.633140 9.477126 11.294993
-10.265075 152.753989 73.051245 14.633699 9.474553 11.295214
-10.265087 152.753697 73.055626 14.634256 9.471979 11.295435
-10.265100 152.753405 73.060007 14.634812 9.469406 11.295655
-10.265113 152.753113 73.064389 14.635368 9.466833 11.295876
-10.265126 152.752821 73.068771 14.635925 9.464261 11.296097
-10.265139 152.752528 73.073152 14.636480 9.461689 11.296317
-10.265152 152.752236 73.077535 14.637036 9.459118 11.296538
-10.265165 152.751943 73.081917 14.637590 9.456547 11.296758
-10.265178 152.751650 73.086301 14.638145 9.453976 11.296978
-10.265190 152.751357 73.090683 14.638699 9.451406 11.297198
-10.265203 152.751064 73.095066 14.639252 9.448836 11.297418
-10.265215 152.750771 73.099450 14.639805 9.446267 11.297638
-10.265228 152.750478 73.103834 14.640358 9.443698 11.297858
-10.265241 152.750185 73.108219 14.640911 9.441130 11.298077
-10.265253 152.749891 73.112603 14.641462 9.438561 11.298297
-10.265265 152.749597 73.116988 14.642014 9.435994 11.298517
-10.265278 152.749304 73.121373 14.642565 9.433426 11.298736
-10.265290 152.749010 73.125758 14.643116 9.430860 11.298955
-10.265302 152.748716 73.130144 14.643666 9.428293 11.299174
-10.265315 152.748422 73.134529 14.644216 9.425728 11.299393
-10.265327 152.748127 73.138915 14.644765 9.423162 11.299612
-10.265339 152.747833 73.143302 14.645314 9.420597 11.299831
-10.265351 152.747538 73.147688 14.645864 9.418032 11.300050
-10.265363 152.747244 73.152075 14.646411 9.415469 11.300268
-10.265374 152.746949 73.156462 14.646960 9.412905 11.300487
-10.265386 152.746654 73.160850 14.647507 9.410342 11.300705
-10.265399 152.746359 73.165237 14.648054 9.407779 11.300923
-10.265411 152.746064 73.169625 14.648601 9.405217 11.301141
-10.265422 152.745769 73.174013 14.649147 9.402655 11.301360
-10.265434 152.745473 73.178401 14.649693 9.400093 11.301578
-10.265445 152.745178 73.182790 14.650238 9.397532 11.301795
-10.265457 152.744882 73.187179 14.650783 9.394972 11.302013
-10.265468 152.744586 73.191569 14.651328 9.392412 11.302231
