26.877080 149.983070 73.102446 12.440990 64.682178 15.473204
26.876486 149.983092 73.101434 12.445024 64.686569 15.476333
26.875891 149.983113 73.100422 12.449058 64.690960 15.479462
26.875297 149.983135 73.099410 12.453094 64.695350 15.482592
26.874702 149.983157 73.098397 12.457131 64.699741 15.485724
26.874107 149.983179 73.097385 12.461169 64.704131 15.488856
26.873512 149.983200 73.096373 12.465208 64.708521 15.491990
26.872917 149.983222 73.095361 12.469249 64.712911 15.495126
26.872322 149.983244 73.094348 12.473290 64.717302 15.498261
26.871727 149.983265 73.093335 12.477332 64.721691 15.501398
26.871132 149.983287 73.092323 12.481375 64.726081 15.504536
26.870537 149.983309 73.091310 12.485421 64.730471 15.507675
26.869942 149.983331 73.090298 12.489465 64.734861 15.510815
26.869346 149.983352 73.089285 12.493511 64.739251 15.513956
26.868751 149.983374 73.088272 12.497560 64.743641 15.517100
26.868156 149.983396 73.087259 12.501608 64.748030 15.520242
26.867561 149.983418 73.086247 12.505658 64.752419 15.523387
26.866965 149.983439 73.085233 12.509709 64.756808 15.526533
26.866370 149.983461 73.084220 12.513761 64.761198 15.529679
26.865775 149.983483 73.083207 12.517814 64.765587 15.532827
26.865178 149.983505 73.082194 12.521868 64.769976 15.535975
26.864583 149.983526 73.081181 12.525923 64.774365 15.539125
26.863988 149.983548 73.080168 12.529979 64.778754 15.542277
26.863392 149.983570 73.079155 12.534036 64.783143 15.545429
26.862796 149.983592 73.078141 12.538095 64.787532 15.548582
26.862201 149.983613 73.077128 12.542154 64.791920 15.551736
26.861605 149.983635 73.076114 12.546215 64.796309 15.554892
26.861009 149.983657 73.075100 12.550276 64.800697 15.558048
26.860413 149.983679 73.074087 12.554340 64.805086 15.561206
26.859817 149.983700 73.073074 12.558403 64.809474 15.564364
26.859221 149.983722 73.072060 12.562469 64.813862 15.567525
26.858625 149.983744 73.071045 12.566535 64.818251 15.570686
26.858029 149.983766 73.070032 12.570602 64.822638 15.573848
26.857433 149.983788 73.069018 12.574670 64.827027 15.577011
26.856836 149.983809 73.068004 12.578739 64.831414 15.580175
26.856240 149.983831 73.066989 12.582810 64.835803 15.583341
26.855644 149.983853 73.065976 12.586880 64.840190 15.586506
26.855048 149.983875 73.064962 12.590954 64.844578 15.589674
26.854452 149.983897 73.063947 12.595027 64.848965 15.592843
26.853856 149.983918 73.062933 12.599102 64.853353 15.596013
26.853259 149.983940 73.061919 12.603178 64.857740 15.599184
26.852662 149.983962 73.060904 12.607254 64.862128 15.602355
26.852066 149.983984 73.059890 12.611331 64.866515 15.605528
26.851469 149.984006 73.058875 12.615411 64.870902 15.608702
26.850873 149.984028 73.057861 12.619490 64.875289 15.611877
26.850276 149.984049 73.056846 12.623573 64.879677 15.615054
26.849680 149.984071 73.055831 12.627654 64.884063 15.618231
26.849083 149.984093 73.054816 12.631738 64.888450 15.621410
26.848486 149.984115 73.053801 12.635823 64.892837 15.624590
26.847889 149.984137 73.052787 12.639908 64.897223 15.627770
26.847292 149.984159 73.051772 12.643995 64.901610 15.630952
26.846695 149.984180 73.050756 12.648082 64.905996 15.634134
26.846098 149.984202 73.049742 12.652171 64.910383 15.637318
26.845502 149.984224 73.048726 12.656260 64.914769 15.640503
26.844905 149.984247 73.047712 12.660352 64.919156 15.643690
26.844307 149.984269 73.046696 12.664443 64.923542 15.646877
26.843710 149.984291 73.045681 12.668536 64.927927 15.650065
26.843113 149.984313 73.044666 12.672631 64.932314 15.653255
26.842516 149.984334 73.043650 12.676726 64.936699 15.656445
26.841918 149.984356 73.042634 12.680823 64.941086 15.659638
26.841321 149.984378 73.041619 12.684921 64.945471 15.662830
26.840724 149.984400 73.040604 12.689019 64.949856 15.666024
26.840126 149.984422 73.039588 12.693120 64.954243 15.669220
26.839528 149.984444 73.038572 12.697219 64.958628 15.672416
26.838931 149.984466 73.037556 12.701322 64.963013 15.675613
26.838334 149.984488 73.036540 12.705425 64.967399 15.678812
26.837736 149.984509 73.035524 12.709528 64.971784 15.682011
26.837139 149.984531 73.034508 12.713635 64.976170 15.685212
26.836541 149.984553 73.033492 12.717741 64.980554 15.688413
26.835943 149.984575 73.032476 12.721848 64.984939 15.691616
26.835345 149.984597 73.031460 12.725957 64.989324 15.694821
26.834747 149.984619 73.030444 12.730066 64.993709 15.698026
26.834150 149.984641 73.029428 12.734178 64.998093 15.701232
26.833552 149.984663 73.028411 12.738289 65.002479 15.704439
26.832954 149.984685 73.027394 12.742403 65.006863 15.707648
26.832356 149.984707 73.026378 12.746516 65.011247 15.710857
26.831757 149.984729 73.025362 12.750631 65.015631 15.714067
26.831159 149.984751 73.024345 12.754749 65.020016 15.717280
26.830561 149.984772 73.023328 12.758865 65.024400 15.720493
26.829963 149.984794 73.022312 12.762983 65.028784 15.723707
26.829365 149.984816 73.021295 12.767103 65.033169 15.726922
26.828767 149.984838 73.020277 12.771223 65.037553 15.730138
26.828169 149.984860 73.019261 12.775345 65.041936 15.733355
26.827570 149.984882 73.018244 12.779469 65.046320 15.736574
26.826971 149.984904 73.017227 12.783593 65.050704 15.739794
26.826373 149.984926 73.016209 12.787718 65.055087 15.743015
26.825775 149.984948 73.015192 12.791844 65.059471 15.746237
26.825176 149.984970 73.014176 12.795972 65.063854 15.749460
26.824578 149.984992 73.013158 12.800099 65.068238 15.752684
26.823978 149.985014 73.012141 12.804229 65.072621 15.755909
26.823380 149.985036 73.011123 12.808360 65.077004 15.759135
26.822781 149.985058 73.010106 12.812492 65.081387 15.762363
26.822183 149.985080 73.009088 12.816625 65.085770 15.765591
26.821584 149.985102 73.008071 12.820760 65.090153 15.768823
26.820985 149.985124 73.007053 12.824893 65.094536 15.772053
26.820386 149.985146 73.006036 12.829030 65.098919 15.775285
26.819787 149.985168 73.005017 12.833168 65.103301 15.778518
26.819188 149.985190 73.004000 12.837305 65.107684 15.781752
26.818589 149.985212 73.002982 12.841446 65.112067 15.784988
26.817990 149.985234 73.001963 12.845586 65.116449 15.788224
26.817391 149.985256 73.000945 12.849728 65.120831 15.791462
26.816792 149.985278 72.999927 12.853870 65.125214 15.794701
26.816193 149.985300 72.998909 12.858015 65.129596 15.797941
26.815593 149.985322 72.997891 12.862160 65.133978 15.801182
26.814993 149.985344 72.996873 12.866306 65.138360 15.804424
26.814394 149.985366 72.995854 12.870454 65.142742 15.807668
26.813795 149.985388 72.994836 12.874602 65.147124 15.810912
26.813196 149.985410 72.993817 12.878751 65.151505 15.814157
26.812596 149.985432 72.992799 12.882903 65.155887 15.817404
26.811997 149.985454 72.991781 12.887055 65.160268 15.820653
26.811397 149.985476 72.990762 12.891208 65.164650 15.823902
26.810797 149.985498 72.989743 12.895361 65.169031 15.827152
26.810198 149.985520 72.988724 12.899517 65.173412 15.830403
26.809598 149.985542 72.987705 12.903673 65.177794 15.833656
26.808998 149.985564 72.986687 12.907831 65.182175 15.836909
26.808399 149.985586 72.985667 12.911989 65.186556 15.840164
26.807799 149.985608 72.984648 12.916149 65.190937 15.843419
26.807198 149.985631 72.983629 12.920310 65.195318 15.846677
26.806598 149.985653 72.982610 12.924472 65.199699 15.849935
26.805999 149.985675 72.981591 12.928636 65.204079 15.853195
26.805399 149.985697 72.980572 12.932800 65.208460 15.856455
26.804799 149.985719 72.979551 12.936964 65.212841 15.859716
26.804199 149.985741 72.978532 12.941131 65.217221 15.862979
26.803599 149.985763 72.977513 12.945299 65.221601 15.866243
26.802998 149.985786 72.976493 12.949467 65.225982 15.869508
26.802398 149.985808 72.975473 12.953638 65.230362 15.872775
26.801797 149.985830 72.974454 12.957809 65.234742 15.876042
26.801197 149.985852 72.973435 12.961981 65.239122 15.879310
26.800597 149.985874 72.972415 12.966155 65.243502 15.882580
26.799997 149.985896 72.971394 12.970328 65.247881 15.885850
26.799396 149.985918 72.970374 12.974505 65.252261 15.889122
26.798795 149.985940 72.969355 12.978681 65.256641 15.892395
26.798195 149.985962 72.968334 12.982858 65.261021 15.895670
26.797594 149.985984 72.967315 12.987038 65.265400 15.898946
26.796994 149.986006 72.966294 12.991218 65.269779 15.902222
26.796393 149.986029 72.965274 12.995398 65.274159 15.905499
26.795792 149.986051 72.964253 12.999582 65.278538 15.908778
26.795191 149.986073 72.963233 13.003765 65.282917 15.912058
26.794590 149.986095 72.962212 13.007950 65.287296 15.915339
26.793989 149.986117 72.961192 13.012135 65.291675 15.918621
26.793389 149.986139 72.960171 13.016322 65.296054 15.921906
26.792788 149.986161 72.959151 13.020510 65.300433 15.925190
26.792187 149.986183 72.958130 13.024699 65.304812 15.928476
26.791586 149.986206 72.957109 13.028890 65.309191 15.931763
26.790984 149.986228 72.956089 13.033081 65.313569 15.935051
26.790383 149.986250 72.955068 13.037274 65.317948 15.938340
26.789782 149.986272 72.954046 13.041467 65.322325 15.941630
26.789181 149.986294 72.953025 13.045663 65.326703 15.944921
26.788580 149.986316 72.952004 13.049859 65.331082 15.948215
26.787978 149.986339 72.950982 13.054055 65.335460 15.951508
26.787377 149.986361 72.949962 13.058254 65.339838 15.954803
26.786775 149.986383 72.948940 13.062454 65.344216 15.958100
26.786174 149.986405 72.947918 13.066655 65.348594 15.961397
26.785572 149.986427 72.946898 13.070856 65.352972 15.964695
26.784971 149.986449 72.945876 13.075060 65.357350 15.967995
26.784369 149.986472 72.944854 13.079262 65.361726 15.971296
26.783768 149.986494 72.943832 13.083468 65.366104 15.974598
26.783166 149.986516 72.942811 13.087674 65.370482 15.977901
26.782564 149.986538 72.941789 13.091882 65.374859 15.981206
26.781962 149.986560 72.940768 13.096091 65.379236 15.984511
26.781360 149.986582 72.939745 13.100301 65.383614 15.987818
26.780759 149.986605 72.938723 13.104511 65.387990 15.991125
26.780157 149.986627 72.937701 13.108723 65.392367 15.994434
26.779555 149.986649 72.936679 13.112936 65.396744 15.997745
26.778952 149.986671 72.935657 13.117152 65.401121 16.001056
26.778350 149.986693 72.934635 13.121367 65.405498 16.004369
26.777748 149.986716 72.933612 13.125583 65.409874 16.007682
26.777146 149.986738 72.932590 13.129801 65.414250 16.010997
26.776544 149.986760 72.931567 13.134020 65.418627 16.014313
26.775942 149.986782 72.930545 13.138240 65.423004 16.017630
26.775340 149.986805 72.929523 13.142462 65.427380 16.020949
26.774737 149.986827 72.928500 13.146684 65.431756 16.024268
26.774135 149.986849 72.927477 13.150907 65.436132 16.027589
26.773533 149.986871 72.926454 13.155133 65.440508 16.030911
26.772930 149.986894 72.925432 13.159359 65.444884 16.034234
26.772328 149.986916 72.924408 13.163586 65.449259 16.037558
26.771726 149.986938 72.923386 13.167813 65.453635 16.040882
26.771123 149.986960 72.922362 13.172043 65.458011 16.044209
26.770520 149.986984 72.921339 13.176274 65.462387 16.047538
26.769917 149.987006 72.920316 13.180504 65.466762 16.050866
26.769314 149.987028 72.919293 13.184738 65.471137 16.054196
26.768712 149.987050 72.918269 13.188973 65.475513 16.057528
26.768109 149.987073 72.917246 13.193207 65.479887 16.060860
26.767506 149.987095 72.916223 13.197444 65.484263 16.064194
26.766903 149.987117 72.915199 13.201681 65.488638 16.067528
26.766300 149.987139 72.914175 13.205920 65.493012 16.070864
26.765697 149.987162 72.913152 13.210159 65.497387 16.074202
26.765094 149.987184 72.912129 13.214400 65.501762 16.077540
26.764491 149.987206 72.911105 13.218643 65.506136 16.080880
26.763888 149.987229 72.910081 13.222886 65.510511 16.084220
26.763285 149.987251 72.909057 13.227130 65.514886 16.087562
26.762681 149.987273 72.908033 13.231377 65.519260 16.090905
26.762078 149.987295 72.907009 13.235623 65.523634 16.094249
26.761475 149.987318 72.905984 13.239871 65.528009 16.097596
26.760872 149.987340 72.904961 13.244120 65.532382 16.100942
26.760269 149.987362 72.903936 13.248371 65.536757 16.104290
26.759665 149.987385 72.902912 13.252622 65.541131 16.107639
26.759062 149.987407 72.901888 13.256874 65.545504 16.110988
26.758458 149.987429 72.900863 13.261129 65.549878 16.114340
26.757854 149.987452 72.899838 13.265383 65.554252 16.117692
26.757251 149.987474 72.898814 13.269640 65.558625 16.121046
26.756647 149.987496 72.897790 13.273898 65.562999 16.124402
26.756044 149.987519 72.896765 13.278155 65.567372 16.127757
26.755440 149.987541 72.895740 13.282415 65.571746 16.131115
26.754835 149.987563 72.894715 13.286676 65.576119 16.134473
26.754232 149.987586 72.893690 13.290939 65.580492 16.137833
26.753628 149.987608 72.892665 13.295201 65.584865 16.141193
26.753024 149.987630 72.891640 13.299466 65.589238 16.144556
26.752420 149.987653 72.890615 13.303731 65.593611 16.147920
26.751816 149.987675 72.889589 13.307998 65.597983 16.151284
26.751213 149.987698 72.888565 13.312265 65.602357 16.154650
26.750608 149.987720 72.887539 13.316535 65.606729 16.158016
26.750004 149.987742 72.886513 13.320805 65.611102 16.161384
26.749400 149.987765 72.885488 13.325077 65.615473 16.164753
26.748795 149.987787 72.884462 13.329349 65.619846 16.168124
26.748191 149.987809 72.883437 13.333622 65.624218 16.171495
26.747587 149.987832 72.882411 13.337897 65.628591 16.174869
26.746983 149.987854 72.881385 13.342174 65.632962 16.178243
26.746378 149.987877 72.880360 13.346452 65.637335 16.181618
26.745773 149.987899 72.879334 13.350730 65.641706 16.184994
26.745169 149.987921 72.878307 13.355010 65.646078 16.188372
26.744565 149.987944 72.877282 13.359290 65.650449 16.191750
26.743960 149.987966 72.876256 13.363572 65.654822 16.195131
26.743356 149.987989 72.875230 13.367855 65.659193 16.198512
26.742750 149.988011 72.874203 13.372140 65.663565 16.201895
26.742146 149.988033 72.873177 13.376426 65.667935 16.205278
26.741541 149.988056 72.872150 13.380712 65.672306 16.208663
26.740936 149.988078 72.871124 13.385001 65.676678 16.212049
26.740332 149.988101 72.870097 13.389290 65.681048 16.215436
26.739727 149.988123 72.869071 13.393580 65.685420 16.218825
26.739122 149.988146 72.868044 13.397871 65.689790 16.222214
26.738516 149.988168 72.867017 13.402165 65.694162 16.225607
26.737911 149.988190 72.865991 13.406458 65.698532 16.228998
26.737306 149.988213 72.864964 13.410753 65.702902 16.232391
26.736701 149.988235 72.863937 13.415049 65.707273 16.235785
26.736096 149.988258 72.862910 13.419347 65.711643 16.239181
26.735491 149.988280 72.861883 13.423645 65.716013 16.242577
26.734885 149.988303 72.860855 13.427946 65.720384 16.245976
26.734280 149.988326 72.859829 13.432246 65.724754 16.249376
26.733675 149.988349 72.858802 13.436550 65.729124 16.252777
26.733070 149.988371 72.857774 13.440852 65.733494 16.256178
26.732464 149.988394 72.856747 13.445156 65.737864 16.259581
26.731859 149.988416 72.855719 13.449462 65.742234 16.262985
26.731254 149.988439 72.854691 13.453770 65.746603 16.266391
26.730647 149.988461 72.853664 13.458078 65.750973 16.269797
26.730042 149.988484 72.852636 13.462388 65.755343 16.273205
26.729436 149.988506 72.851609 13.466698 65.759712 16.276615
26.728831 149.988529 72.850581 13.471010 65.764081 16.280025
26.728225 149.988551 72.849553 13.475323 65.768451 16.283437
26.727619 149.988574 72.848525 13.479637 65.772820 16.286849
26.727013 149.988596 72.847496 13.483952 65.777188 16.290263
26.726407 149.988619 72.846469 13.488269 65.781557 16.293678
26.725801 149.988641 72.845440 13.492588 65.785926 16.297094
26.725195 149.988664 72.844413 13.496905 65.790295 16.300512
26.724590 149.988686 72.843384 13.501225 65.794663 16.303931
26.723984 149.988709 72.842356 13.505548 65.799033 16.307352
26.723378 149.988731 72.841327 13.509871 65.803401 16.310773
26.722771 149.988754 72.840299 13.514193 65.807769 16.314195
26.722165 149.988776 72.839270 13.518519 65.812137 16.317618
26.721559 149.988799 72.838241 13.522845 65.816506 16.321043
26.720952 149.988821 72.837212 13.527173 65.820874 16.324469
26.720346 149.988844 72.836184 13.531500 65.825242 16.327897
26.719740 149.988866 72.835155 13.535831 65.829609 16.331326
26.719133 149.988889 72.834126 13.540161 65.833977 16.334755
26.718526 149.988912 72.833097 13.544493 65.838346 16.338186
26.717920 149.988934 72.832068 13.548828 65.842713 16.341619
26.717314 149.988957 72.831039 13.553162 65.847080 16.345052
26.716707 149.988979 72.830009 13.557497 65.851448 16.348486
26.716101 149.989002 72.828981 13.561834 65.855815 16.351923
26.715494 149.989024 72.827951 13.566174 65.860183 16.355361
26.714887 149.989047 72.826921 13.570513 65.864550 16.358799
26.714280 149.989070 72.825891 13.574854 65.868917 16.362239
26.713673 149.989092 72.824862 13.579195 65.873284 16.365679
26.713067 149.989115 72.823832 13.583539 65.877650 16.369121
26.712460 149.989137 72.822803 13.587883 65.882017 16.372565
26.711853 149.989160 72.821773 13.592229 65.886385 16.376011
26.711245 149.989183 72.820743 13.596576 65.890751 16.379456
26.710638 149.989205 72.819714 13.600923 65.895118 16.382903
26.710032 149.989228 72.818683 13.605272 65.899484 16.386351
26.709425 149.989250 72.817653 13.609623 65.903850 16.389800
26.708818 149.989273 72.816623 13.613975 65.908216 16.393251
26.708211 149.989296 72.815593 13.618326 65.912582 16.396703
26.707603 149.989318 72.814563 13.622681 65.916948 16.400156
26.706995 149.989341 72.813532 13.627035 65.921314 16.403611
26.706388 149.989364 72.812502 13.631393 65.925681 16.407067
26.705781 149.989386 72.811471 13.635750 65.930047 16.410524
26.705174 149.989409 72.810441 13.640110 65.934412 16.413982
26.704566 149.989431 72.809410 13.644469 65.938778 16.417441
26.703959 149.989454 72.808379 13.648832 65.943143 16.420902
26.703350 149.989477 72.807348 13.653194 65.947509 16.424364
26.702743 149.989499 72.806318 13.657557 65.951874 16.427828
26.702136 149.989522 72.805286 13.661923 65.956239 16.431293
26.701528 149.989545 72.804256 13.666289 65.960604 16.434758
26.700920 149.989567 72.803224 13.670656 65.964969 16.438225
26.700313 149.989590 72.802194 13.675025 65.969334 16.441693
26.699705 149.989613 72.801162 13.679394 65.973699 16.445162
26.699096 149.989635 72.800131 13.683766 65.978064 16.448632
26.698489 149.989659 72.799099 13.688138 65.982428 16.452105
26.697881 149.989682 72.798068 13.692512 65.986793 16.455578
26.697273 149.989705 72.797036 13.696887 65.991157 16.459053
26.696665 149.989727 72.796005 13.701263 65.995522 16.462528
26.696057 149.989750 72.794973 13.705640 65.999886 16.466005
26.695448 149.989773 72.793942 13.710019 66.004250 16.469483
26.694840 149.989795 72.792909 13.714398 66.008614 16.472962
26.694232 149.989818 72.791878 13.718779 66.012978 16.476443
26.693624 149.989841 72.790846 13.723162 66.017342 16.479926
26.693016 149.989863 72.789814 13.727545 66.021706 16.483409
26.692408 149.989886 72.788782 13.731930 66.026070 16.486893
26.691799 149.989909 72.787749 13.736315 66.030434 16.490378
26.691190 149.989932 72.786717 13.740703 66.034797 16.493866
26.690582 149.989954 72.785685 13.745091 66.039161 16.497354
26.689973 149.989977 72.784652 13.749481 66.043523 16.500843
26.689365 149.990000 72.783620 13.753871 66.047887 16.504334
26.688757 149.990023 72.782587 13.758263 66.052250 16.507826
26.688148 149.990045 72.781555 13.762657 66.056613 16.511319
26.687538 149.990068 72.780522 13.767051 66.060976 16.514814
26.686930 149.990091 72.779489 13.771447 66.065339 16.518309
26.686321 149.990114 72.778456 13.775844 66.069702 16.521806
26.685712 149.990136 72.777423 13.780242 66.074065 16.525304
26.685104 149.990159 72.776391 13.784642 66.078428 16.528805
26.684495 149.990182 72.775358 13.789042 66.082789 16.532305
26.683885 149.990205 72.774325 13.793444 66.087152 16.535807
26.683276 149.990227 72.773291 13.797847 66.091514 16.539310
26.682667 149.990250 72.772258 13.802252 66.095877 16.542815
26.682058 149.990273 72.771225 13.806658 66.100239 16.546321
26.681449 149.990296 72.770191 13.811065 66.104601 16.549828
26.680840 149.990319 72.769158 13.815473 66.108962 16.553337
26.680231 149.990341 72.768124 13.819882 66.113324 16.556846
26.679621 149.990364 72.767090 13.824293 66.117686 16.560357
26.679012 149.990387 72.766056 13.828706 66.122048 16.563869
26.678403 149.990410 72.765023 13.833118 66.126410 16.567383
26.677794 149.990433 72.763989 13.837533 66.130770 16.570897
26.677184 149.990455 72.762955 13.841948 66.135132 16.574413
26.676575 149.990478 72.761921 13.846365 66.139493 16.577931
26.675964 149.990501 72.760887 13.850783 66.143855 16.581449
26.675355 149.990524 72.759852 13.855203 66.148215 16.584969
26.674746 149.990547 72.758819 13.859623 66.152576 16.588490
26.674136 149.990570 72.757785 13.864045 66.156937 16.592012
26.673527 149.990592 72.756749 13.868469 66.161298 16.595536
26.672917 149.990615 72.755715 13.872893 66.165658 16.599060
26.672306 149.990638 72.754681 13.877318 66.170019 16.602587
26.671697 149.990661 72.753646 13.881745 66.174380 16.606115
26.671087 149.990684 72.752612 13.886174 66.178741 16.609644
26.670477 149.990707 72.751577 13.890602 66.183100 16.613173
26.669867 149.990730 72.750542 13.895033 66.187461 16.616704
26.669257 149.990752 72.749507 13.899466 66.191821 16.620237
26.668648 149.990775 72.748472 13.903898 66.196180 16.623770
26.668037 149.990798 72.747437 13.908333 66.200541 16.627306
26.667426 149.990821 72.746402 13.912770 66.204901 16.630843
26.666816 149.990844 72.745367 13.917205 66.209260 16.634380
26.666206 149.990867 72.744331 13.921644 66.213620 16.637919
26.665596 149.990890 72.743296 13.926084 66.217980 16.641460
26.664986 149.990913 72.742261 13.930525 66.222338 16.645001
26.664375 149.990935 72.741226 13.934966 66.226698 16.648543
26.663765 149.990958 72.740189 13.939410 66.231058 16.652088
26.663154 149.990981 72.739154 13.943853 66.235416 16.655633
26.662544 149.991004 72.738118 13.948300 66.239776 16.659181
26.661934 149.991027 72.737082 13.952746 66.244134 16.662728
26.661323 149.991050 72.736047 13.957194 66.248493 16.666277
26.660712 149.991073 72.735011 13.961645 66.252852 16.669828
26.660101 149.991096 72.733975 13.966095 66.257210 16.673379
26.659490 149.991119 72.732938 13.970547 66.261569 16.676932
26.658880 149.991143 72.731902 13.975001 66.265927 16.680487
26.658269 149.991166 72.730866 13.979456 66.270286 16.684043
26.657658 149.991189 72.729829 13.983912 66.274645 16.687600
26.657048 149.991212 72.728794 13.988369 66.279002 16.691158
26.656436 149.991234 72.727757 13.992827 66.283361 16.694718
26.655825 149.991257 72.726720 13.997287 66.287718 16.698278
26.655214 149.991280 72.725683 14.001748 66.292077 16.701840
26.654603 149.991303 72.724647 14.006210 66.296434 16.705404
26.653992 149.991326 72.723610 14.010674 66.300792 16.708969
26.653381 149.991349 72.722573 14.015137 66.305149 16.712534
26.652769 149.991372 72.721537 14.019604 66.309507 16.716102
26.652158 149.991395 72.720499 14.024071 66.313864 16.719670
26.651547 149.991418 72.719462 14.028541 66.318222 16.723241
26.650936 149.991441 72.718426 14.033009 66.322579 16.726811
26.650325 149.991464 72.717388 14.037481 66.326936 16.730385
26.649713 149.991487 72.716351 14.041953 66.331293 16.733958
26.649101 149.991510 72.715314 14.046427 66.335650 16.737534
26.648490 149.991533 72.714276 14.050901 66.340006 16.741109
26.647878 149.991556 72.713238 14.055379 66.344364 16.744688
26.647267 149.991579 72.712200 14.059856 66.348720 16.748266
26.646655 149.991602 72.711163 14.064334 66.353077 16.751846
26.646044 149.991625 72.710125 14.068815 66.357433 16.755428
26.645431 149.991648 72.709087 14.073297 66.361790 16.759012
26.644820 149.991671 72.708050 14.077779 66.366146 16.762596
26.644208 149.991694 72.707012 14.082262 66.370501 16.766181
26.643596 149.991717 72.705973 14.086747 66.374858 16.769768
26.642985 149.991740 72.704935 14.091234 66.379213 16.773356
26.642373 149.991763 72.703897 14.095722 66.383570 16.776945
26.641761 149.991786 72.702859 14.100211 66.387925 16.780536
26.641148 149.991809 72.701820 14.104701 66.392280 16.784128
26.640536 149.991833 72.700782 14.109193 66.396637 16.787722
26.639924 149.991856 72.699743 14.113686 66.400992 16.791317
26.639312 149.991879 72.698705 14.118179 66.405347 16.794912
26.638700 149.991902 72.697666 14.122675 66.409703 16.798510
26.638088 149.991925 72.696627 14.127172 66.414057 16.802108
26.637475 149.991948 72.695588 14.131671 66.418413 16.805708
26.636863 149.991971 72.694550 14.136169 66.422768 16.809310
26.636250 149.991994 72.693511 14.140670 66.427122 16.812912
26.635638 149.992017 72.692472 14.145172 66.431478 16.816516
26.635026 149.992040 72.691432 14.149676 66.435832 16.820122
26.634413 149.992063 72.690394 14.154179 66.440186 16.823727
26.633800 149.992086 72.689354 14.158684 66.444540 16.827335
26.633188 149.992109 72.688315 14.163193 66.448895 16.830945
26.632575 149.992133 72.687275 14.167701 66.453249 16.834556
26.631963 149.992156 72.686235 14.172210 66.457603 16.838167
26.631350 149.992179 72.685196 14.176721 66.461958 16.841780
26.630737 149.992202 72.684157 14.181233 66.466312 16.845394
26.630124 149.992225 72.683117 14.185747 66.470665 16.849010
26.629511 149.992248 72.682076 14.190262 66.475019 16.852627
26.628898 149.992271 72.681037 14.194779 66.479373 16.856246
26.628285 149.992294 72.679996 14.199296 66.483726 16.859866
26.627673 149.992318 72.678957 14.203813 66.488080 16.863486
26.627060 149.992341 72.677916 14.208333 66.492433 16.867108
26.626446 149.992364 72.676876 14.212855 66.496787 16.870733
26.625833 149.992387 72.675836 14.217378 66.501140 16.874358
26.625220 149.992410 72.674796 14.221902 66.505493 16.877984
26.624607 149.992433 72.673755 14.226426 66.509845 16.881611
26.623994 149.992457 72.672714 14.230953 66.514198 16.885241
26.623380 149.992481 72.671674 14.235481 66.518552 16.888871
26.622767 149.992504 72.670633 14.240011 66.522904 16.892503
26.622153 149.992527 72.669592 14.244542 66.527256 16.896136
26.621540 149.992550 72.668551 14.249073 66.531609 16.899770
26.620927 149.992573 72.667510 14.253605 66.535961 16.903405
26.620313 149.992597 72.666469 14.258140 66.540313 16.907042
26.619700 149.992620 72.665429 14.262676 66.544666 16.910681
26.619086 149.992643 72.664388 14.267212 66.549018 16.914321
26.618472 149.992666 72.663346 14.271750 66.553370 16.917961
26.617858 149.992689 72.662305 14.276291 66.557722 16.921604
26.617245 149.992713 72.661263 14.280832 66.562073 16.925247
26.616631 149.992736 72.660222 14.285374 66.566425 16.928892
26.616017 149.992759 72.659180 14.289917 66.570776 16.932538
26.615404 149.992782 72.658139 14.294462 66.575128 16.936186
26.614789 149.992805 72.657097 14.299009 66.579480 16.939836
26.614175 149.992829 72.656055 14.303556 66.583831 16.943486
26.613561 149.992852 72.655014 14.308103 66.588182 16.947137
26.612947 149.992875 72.653971 14.312654 66.592533 16.950790
26.612333 149.992898 72.652929 14.317206 66.596884 16.954444
26.611719 149.992922 72.651887 14.321759 66.601235 16.958100
26.611104 149.992945 72.650845 14.326312 66.605586 16.961757
26.610490 149.992968 72.649803 14.330867 66.609936 16.965416
26.609876 149.992991 72.648761 14.335423 66.614287 16.969075
26.609262 149.993015 72.647718 14.339982 66.618637 16.972736
26.608648 149.993038 72.646675 14.344540 66.622988 16.976398
26.608034 149.993061 72.645633 14.349102 66.627338 16.980062
26.607418 149.993084 72.644591 14.353663 66.631688 16.983727
26.606804 149.993108 72.643548 14.358226 66.636038 16.987394
26.606190 149.993131 72.642505 14.362792 66.640388 16.991062
26.605575 149.993154 72.641462 14.367357 66.644738 16.994731
26.604961 149.993178 72.640419 14.371924 66.649088 16.998401
26.604346 149.993201 72.639376 14.376492 66.653437 17.002073
26.603731 149.993224 72.638333 14.381062 66.657787 17.005746
26.603116 149.993247 72.637290 14.385633 66.662137 17.009420
26.602502 149.993271 72.636246 14.390206 66.666486 17.013097
26.601887 149.993294 72.635203 14.394780 66.670835 17.016774
26.601272 149.993317 72.634160 14.399355 66.675184 17.020453
26.600658 149.993341 72.633116 14.403932 66.679533 17.024133
26.600042 149.993364 72.632072 14.408510 66.683882 17.027814
26.599427 149.993387 72.631028 14.413089 66.688230 17.031496
26.598812 149.993411 72.629985 14.417668 66.692579 17.035180
26.598197 149.993434 72.628941 14.422251 66.696928 17.038866
26.597582 149.993457 72.627897 14.426833 66.701277 17.042552
26.596967 149.993481 72.626854 14.431418 66.705625 17.046241
26.596352 149.993504 72.625809 14.436005 66.709974 17.049930
26.595736 149.993527 72.624765 14.440591 66.714322 17.053621
26.595121 149.993551 72.623720 14.445179 66.718670 17.057313
26.594506 149.993574 72.622676 14.449770 66.723018 17.061007
26.593891 149.993598 72.621632 14.454360 66.727366 17.064702
26.593275 149.993621 72.620587 14.458952 66.731714 17.068398
26.592660 149.993644 72.619543 14.463547 66.736061 17.072096
26.592044 149.993668 72.618498 14.468142 66.740409 17.075795
26.591428 149.993691 72.617454 14.472738 66.744757 17.079495
26.590813 149.993714 72.616408 14.477336 66.749105 17.083196
26.590197 149.993739 72.615364 14.481935 66.753451 17.086900
26.589582 149.993762 72.614319 14.486535 66.757798 17.090604
26.588966 149.993786 72.613274 14.491137 66.762146 17.094310
26.588350 149.993809 72.612228 14.495741 66.766493 17.098017
26.587734 149.993832 72.611183 14.500346 66.770840 17.101726
26.587118 149.993856 72.610138 14.504950 66.775186 17.105435
