-32.590475 150.000000 20.000000 1.172832 18.747237 7.095970
-32.585708 150.000000 20.000000 1.172832 18.747237 7.095970
-32.580941 150.000000 20.000000 1.172832 18.747237 7.095970
-32.576174 150.000000 20.000000 1.172832 18.747237 7.095970
-32.571407 150.000000 20.000000 1.172832 18.747237 7.095970
-32.566640 150.000000 20.000000 1.172832 18.747237 7.095970
-32.561873 150.000000 20.000000 1.172832 18.747237 7.095970
-32.557107 150.000000 20.000000 1.172832 18.747237 7.095970
-32.552340 150.000000 20.000000 1.172832 18.747237 7.095970
-32.547573 150.000000 20.000000 1.172832 18.747237 7.095970
-32.542806 150.000000 20.000000 1.172832 18.747237 7.095970
-32.538039 150.000000 20.000000 1.172832 18.747237 7.095970
-32.533272 150.000000 20.000000 1.172832 18.747237 7.095970
-32.528505 150.000000 20.000000 1.172832 18.747237 7.095970
-32.523738 150.000000 20.000000 1.172832 18.747237 7.095970
-32.518972 150.000000 20.000000 1.172832 18.747237 7.095970
-32.514205 150.000000 20.000000 1.172832 18.747237 7.095970
-32.509438 150.000000 20.000000 1.172832 18.747237 7.095970
-32.504671 150.000000 20.000000 1.172832 18.747237 7.095970
-32.499904 150.000000 20.000000 1.172832 18.747237 7.095970
-32.495137 150.000000 20.000000 1.172832 18.747237 7.095970
-32.490370 150.000000 20.000000 1.172832 18.747237 7.095970
-32.485604 150.000000 20.000000 1.172832 18.747237 7.095970
-32.480837 150.000000 20.000000 1.172832 18.747237 7.095970
-32.476070 150.000000 20.000000 1.172832 18.747237 7.095970
-32.471303 150.000000 20.000000 1.172832 18.747237 7.095970
-32.466536 150.000000 20.000000 1.172832 18.747237 7.095970
-32.461769 150.000000 20.000000 1.172832 18.747237 7.095970
-32.457002 150.000000 20.000000 1.172832 18.747237 7.095970
-32.452236 150.000000 20.000000 1.172832 18.747237 7.095970
-32.447469 150.000000 20.000000 1.172832 18.747237 7.095970
-32.442702 150.000000 20.000000 1.172832 18.747237 7.095970
-32.437935 150.000000 20.000000 1.172832 18.747237 7.095970
-32.433168 150.000000 20.000000 1.172832 18.747237 7.095970
-32.428401 150.000000 20.000000 1.172832 18.747237 7.095970
-32.423634 150.000000 20.000000 1.172832 18.747237 7.095970
-32.418868 150.000000 20.000000 1.172832 18.747237 7.095970
-32.414101 150.000000 20.000000 1.172832 18.747237 7.095970
-32.409334 150.000000 20.000000 1.172832 18.747237 7.095970
-32.404567 150.000000 20.000000 1.172832 18.747237 7.095970
-32.399800 150.000000 20.000000 1.172832 18.747237 7.095970
-32.395033 150.000000 20.000000 1.172832 18.747237 7.095970
-32.390266 150.000000 20.000000 1.172832 18.747237 7.095970
-32.385500 150.000000 20.000000 1.172832 18.747237 7.095970
-32.380733 150.000000 20.000000 1.172832 18.747237 7.095970
-32.375966 150.000000 20.000000 1.172832 18.747237 7.095970
-32.371199 150.000000 20.000000 1.172832 18.747237 7.095970
-32.366432 150.000000 20.000000 1.172832 18.747237 7.095970
-32.361665 150.000000 20.000000 1.172832 18.747237 7.095970
-32.356898 150.000000 20.000000 1.172832 18.747237 7.095970
-32.352132 150.000000 20.000000 1.172832 18.747237 7.095970
-32.347365 150.000000 20.000000 1.172832 18.747237 7.095970
-32.342598 150.000000 20.000000 1.172832 18.747237 7.095970
-32.337831 150.000000 20.000000 1.172832 18.747237 7.095970
-32.333064 150.000000 20.000000 1.172832 18.747237 7.095970
-32.328297 150.000000 20.000000 1.172832 18.747237 7.095970
-32.323530 150.000000 20.000000 1.172832 18.747237 7.095970
-32.318764 150.000000 20.000000 1.172832 18.747237 7.095970
-32.313997 150.000000 20.000000 1.172832 18.747237 7.095970
-32.309230 150.000000 20.000000 1.172832 18.747237 7.095970
-32.304463 150.000000 20.000000 1.172832 18.747237 7.095970
-32.299696 150.000000 20.000000 1.172832 18.747237 7.095970
-32.294929 150.000000 20.000000 1.172832 18.747237 7.095970
-32.290162 150.000000 20.000000 1.172832 18.747237 7.095970
-32.285396 150.000000 20.000000 1.172832 18.747237 7.095970
-32.280629 150.000000 20.000000 1.172832 18.747237 7.095970
-32.275862 150.000000 20.000000 1.172832 18.747237 7.095970
-32.271095 150.000000 20.000000 1.172832 18.747237 7.095970
-32.266328 150.000000 20.000000 1.172832 18.747237 7.095970
-32.261561 150.000000 20.000000 1.172832 18.747237 7.095970
-32.256794 150.000000 20.000000 1.172832 18.747237 7.095970
-32.252028 150.000000 20.000000 1.172832 18.747237 7.095970
-32.247261 150.000000 20.000000 1.172832 18.747237 7.095970
-32.242494 150.000000 20.000000 1.172832 18.747237 7.095970
-32.237727 150.000000 20.000000 1.172832 18.747237 7.095970
-32.232960 150.000000 20.000000 1.172832 18.747237 7.095970
-32.228193 150.000000 20.000000 1.172832 18.747237 7.095970
-32.223427 150.000000 20.000000 1.172832 18.747237 7.095970
-32.218660 150.000000 20.000000 1.172832 18.747237 7.095970
-32.213893 150.000000 20.000000 1.172832 18.747237 7.095970
-32.209126 150.000000 20.000000 1.172832 18.747237 7.095970
-32.204359 150.000000 20.000000 1.172832 18.747237 7.095970
-32.199592 150.000000 20.000000 1.172832 18.747237 7.095970
-32.194825 150.000000 20.000000 1.172832 18.747237 7.095970
-32.190059 150.000000 20.000000 1.172832 18.747237 7.095970
-32.185292 150.000000 20.000000 1.172832 18.747237 7.095970
-32.180525 150.000000 20.000000 1.172832 18.747237 7.095970
-32.175758 150.000000 20.000000 1.172832 18.747237 7.095970
-32.170991 150.000000 20.000000 1.172832 18.747237 7.095970
-32.166224 150.000000 20.000000 1.172832 18.747237 7.095970
-32.161458 150.000000 20.000000 1.172832 18.747237 7.095970
-32.156691 150.000000 20.000000 1.172832 18.747237 7.095970
-32.151924 150.000000 20.000000 1.172832 18.747237 7.095970
-32.147157 150.000000 20.000000 1.172832 18.747237 7.095970
-32.142390 150.000000 20.000000 1.172832 18.747237 7.095970
-32.137623 150.000000 20.000000 1.172832 18.747237 7.095970
-32.132856 150.000000 20.000000 1.172832 18.747237 7.095970
-32.128090 150.000000 20.000000 1.172832 18.747237 7.095970
-32.123323 150.000000 20.000000 1.172832 18.747237 7.095970
-32.118556 150.000000 20.000000 1.172832 18.747237 7.095970
-32.113789 150.000000 20.000000 1.172832 18.747237 7.095970
-32.109022 150.000000 20.000000 1.172832 18.747237 7.095970
-32.104255 150.000000 20.000000 1.172832 18.747237 7.095970
-32.099489 150.000000 20.000000 1.172832 18.747237 7.095970
-32.094722 150.000000 20.000000 1.172832 18.747237 7.095970
-32.089955 150.000000 20.000000 1.172832 18.747237 7.095970
-32.085188 150.000000 20.000000 1.172832 18.747237 7.095970
-32.080421 150.000000 20.000000 1.172832 18.747237 7.095970
-32.075654 150.000000 20.000000 1.172832 18.747237 7.095970
-32.070887 150.000000 20.000000 1.172832 18.747237 7.095970
-32.066121 150.000000 20.000000 1.172832 18.747237 7.095970
-32.061354 150.000000 20.000000 1.172832 18.747237 7.095970
-32.056587 150.000000 20.000000 1.172832 18.747237 7.095970
-32.051820 150.000000 20.000000 1.172832 18.747237 7.095970
-32.047053 150.000000 20.000000 1.172832 18.747237 7.095970
-32.042286 150.000000 20.000000 1.172832 18.747237 7.095970
-32.037520 150.000000 20.000000 1.172832 18.747237 7.095970
-32.032753 150.000000 20.000000 1.172832 18.747237 7.095970
-32.027986 150.000000 20.000000 1.172832 18.747237 7.095970
-32.023219 150.000000 20.000000 1.172832 18.747237 7.095970
-32.018452 150.000000 20.000000 1.172832 18.747237 7.095970
-32.013685 150.000000 20.000000 1.172832 18.747237 7.095970
-32.008919 150.000000 20.000000 1.172832 18.747237 7.095970
-32.004152 150.000000 20.000000 1.172832 18.747237 7.095970
-31.999385 150.000000 20.000000 1.172832 18.747237 7.095970
-31.994618 150.000000 20.000000 1.172832 18.747237 7.095970
-31.989851 150.000000 20.000000 1.172832 18.747237 7.095970
-31.985084 150.000000 20.000000 1.172832 18.747237 7.095970
-31.980317 150.000000 20.000000 1.172832 18.747237 7.095970
-31.975551 150.000000 20.000000 1.172832 18.747237 7.095970
-31.970784 150.000000 20.000000 1.172832 18.747237 7.095970
-31.966017 150.000000 20.000000 1.172832 18.747237 7.095970
-31.961250 150.000000 20.000000 1.172832 18.747237 7.095970
-31.956483 150.000000 20.000000 1.172832 18.747237 7.095970
-31.951716 150.000000 20.000000 1.172832 18.747237 7.095970
-31.946950 150.000000 20.000000 1.172832 18.747237 7.095970
-31.942183 150.000000 20.000000 1.172832 18.747237 7.095970
-31.937416 150.000000 20.000000 1.172832 18.747237 7.095970
-31.932649 150.000000 20.000000 1.172832 18.747237 7.095970
-31.927882 150.000000 20.000000 1.172832 18.747237 7.095970
-31.923115 150.000000 20.000000 1.172832 18.747237 7.095970
-31.918348 150.000000 20.000000 1.172832 18.747237 7.095970
-31.913582 150.000000 20.000000 1.172832 18.747237 7.095970
-31.908815 150.000000 20.000000 1.172832 18.747237 7.095970
-31.904048 150.000000 20.000000 1.172832 18.747237 7.095970
-31.899281 150.000000 20.000000 1.172832 18.747237 7.095970
-31.894514 150.000000 20.000000 1.172832 18.747237 7.095970
-31.889747 150.000000 20.000000 1.172832 18.747237 7.095970
-31.884981 150.000000 20.000000 1.172832 18.747237 7.095970
-31.880214 150.000000 20.000000 1.172832 18.747237 7.095970
-31.875447 150.000000 20.000000 1.172832 18.747237 7.095970
-31.870680 150.000000 20.000000 1.172832 18.747237 7.095970
-31.865913 150.000000 20.000000 1.172832 18.747237 7.095970
-31.861146 150.000000 20.000000 1.172832 18.747237 7.095970
-31.856380 150.000000 20.000000 1.172832 18.747237 7.095970
-31.851613 150.000000 20.000000 1.172832 18.747237 7.095970
-31.846846 150.000000 20.000000 1.172832 18.747237 7.095970
-31.842079 150.000000 20.000000 1.172832 18.747237 7.095970
-31.837312 150.000000 20.000000 1.172832 18.747237 7.095970
-31.832545 150.000000 20.000000 1.172832 18.747237 7.095970
-31.827778 150.000000 20.000000 1.172832 18.747237 7.095970
-31.823012 150.000000 20.000000 1.172832 18.747237 7.095970
-31.818245 150.000000 20.000000 1.172832 18.747237 7.095970
-31.813478 150.000000 20.000000 1.172832 18.747237 7.095970
-31.808711 150.000000 20.000000 1.172832 18.747237 7.095970
-31.803944 150.000000 20.000000 1.172832 18.747237 7.095970
-31.799177 150.000000 20.000000 1.172832 18.747237 7.095970
-31.794411 150.000000 20.000000 1.172832 18.747237 7.095970
-31.789644 150.000000 20.000000 1.172832 18.747237 7.095970
-31.784877 150.000000 20.000000 1.172832 18.747237 7.095970
-31.780110 150.000000 20.000000 1.172832 18.747237 7.095970
-31.775343 150.000000 20.000000 1.172832 18.747237 7.095970
-31.770576 150.000000 20.000000 1.172832 18.747237 7.095970
-31.765810 150.000000 20.000000 1.172832 18.747237 7.095970
-31.761043 150.000000 20.000000 1.172832 18.747237 7.095970
-31.756276 150.000000 20.000000 1.172832 18.747237 7.095970
-31.751509 150.000000 20.000000 1.172832 18.747237 7.095970
-31.746742 150.000000 20.000000 1.172832 18.747237 7.095970
-31.741975 150.000000 20.000000 1.172832 18.747237 7.095970
-31.737208 150.000000 20.000000 1.172832 18.747237 7.095970
-31.732442 150.000000 20.000000 1.172832 18.747237 7.095970
-31.727675 150.000000 20.000000 1.172832 18.747237 7.095970
-31.722908 150.000000 20.000000 1.172832 18.747237 7.095970
-31.718141 150.000000 20.000000 1.172832 18.747237 7.095970
-31.713374 150.000000 20.000000 1.172832 18.747237 7.095970
-31.708607 150.000000 20.000000 1.172832 18.747237 7.095970
-31.703841 150.000000 20.000000 1.172832 18.747237 7.095970
-31.699074 150.000000 20.000000 1.172832 18.747237 7.095970
-31.694307 150.000000 20.000000 1.172832 18.747237 7.095970
-31.689540 150.000000 20.000000 1.172832 18.747237 7.095970
-31.684773 150.000000 20.000000 1.172832 18.747237 7.095970
-31.680006 150.000000 20.000000 1.172832 18.747237 7.095970
-31.675239 150.000000 20.000000 1.172832 18.747237 7.095970
-31.670473 150.000000 20.000000 1.172832 18.747237 7.095970
-31.665706 150.000000 20.000000 1.172832 18.747237 7.095970
-31.660939 150.000000 20.000000 1.172832 18.747237 7.095970
-31.656172 150.000000 20.000000 1.172832 18.747237 7.095970
-31.651405 150.000000 20.000000 1.172832 18.747237 7.095970
-31.646638 150.000000 20.000000 1.172832 18.747237 7.095970
-31.641872 150.000000 20.000000 1.172832 18.747237 7.095970
-31.637105 150.000000 20.000000 1.172832 18.747237 7.095970
-31.632338 150.000000 20.000000 1.172832 18.747237 7.095970
-31.627571 150.000000 20.000000 1.172832 18.747237 7.095970
-31.622804 150.000000 20.000000 1.172832 18.747237 7.095970
-31.618037 150.000000 20.000000 1.172832 18.747237 7.095970
-31.613270 150.000000 20.000000 1.172832 18.747237 7.095970
-31.608504 150.000000 20.000000 1.172832 18.747237 7.095970
-31.603737 150.000000 20.000000 1.172832 18.747237 7.095970
-31.598970 150.000000 20.000000 1.172832 18.747237 7.095970
-31.594203 150.000000 20.000000 1.172832 18.747237 7.095970
-31.589436 150.000000 20.000000 1.172832 18.747237 7.095970
-31.584669 150.000000 20.000000 1.172832 18.747237 7.095970
-31.579902 150.000000 20.000000 1.172832 18.747237 7.095970
-31.575136 150.000000 20.000000 1.172832 18.747237 7.095970
-31.570369 150.000000 20.000000 1.172832 18.747237 7.095970
-31.565602 150.000000 20.000000 1.172832 18.747237 7.095970
-31.560835 150.000000 20.000000 1.172832 18.747237 7.095970
-31.556068 150.000000 20.000000 1.172832 18.747237 7.095970
-31.551301 150.000000 20.000000 1.172832 18.747237 7.095970
-31.546535 150.000000 20.000000 1.172832 18.747237 7.095970
-31.541768 150.000000 20.000000 1.172832 18.747237 7.095970
-31.537001 150.000000 20.000000 1.172832 18.747237 7.095970
-31.532234 150.000000 20.000000 1.172832 18.747237 7.095970
-31.527467 150.000000 20.000000 1.172832 18.747237 7.095970
-31.522700 150.000000 20.000000 1.172832 18.747237 7.095970
-31.517933 150.000000 20.000000 1.172832 18.747237 7.095970
-31.513167 150.000000 20.000000 1.172832 18.747237 7.095970
-31.508400 150.000000 20.000000 1.172832 18.747237 7.095970
-31.503633 150.000000 20.000000 1.172832 18.747237 7.095970
-31.498866 150.000000 20.000000 1.172832 18.747237 7.095970
-31.494099 150.000000 20.000000 1.172832 18.747237 7.095970
-31.489332 150.000000 20.000000 1.172832 18.747237 7.095970
-31.484565 150.000000 20.000000 1.172832 18.747237 7.095970
-31.479799 150.000000 20.000000 1.172832 18.747237 7.095970
-31.475032 150.000000 20.000000 1.172832 18.747237 7.095970
-31.470265 150.000000 20.000000 1.172832 18.747237 7.095970
-31.465498 150.000000 20.000000 1.172832 18.747237 7.095970
-31.460731 150.000000 20.000000 1.172832 18.747237 7.095970
-31.455964 150.000000 20.000000 1.172832 18.747237 7.095970
-31.451197 150.000000 20.000000 1.172832 18.747237 7.095970
-31.446431 150.000000 20.000000 1.172832 18.747237 7.095970
-31.441664 150.000000 20.000000 1.172832 18.747237 7.095970
-31.436897 150.000000 20.000000 1.172832 18.747237 7.095970
-31.432130 150.000000 20.000000 1.172832 18.747237 7.095970
-31.427363 150.000000 20.000000 1.172832 18.747237 7.095970
-31.422596 150.000000 20.000000 1.172832 18.747237 7.095970
-31.417829 150.000000 20.000000 1.172832 18.747237 7.095970
-31.413063 150.000000 20.000000 1.172832 18.747237 7.095970
-31.408296 150.000000 20.000000 1.172832 18.747237 7.095970
-31.403529 150.000000 20.000000 1.172832 18.747237 7.095970
-31.398762 150.000000 20.000000 1.172832 18.747237 7.095970
-31.393995 150.000000 20.000000 1.172832 18.747237 7.095970
-31.389228 150.000000 20.000000 1.172832 18.747237 7.095970
-31.384461 150.000000 20.000000 1.172832 18.747237 7.095970
-31.379695 150.000000 20.000000 1.172832 18.747237 7.095970
-31.374928 150.000000 20.000000 1.172832 18.747237 7.095970
-31.370161 150.000000 20.000000 1.172832 18.747237 7.095970
-31.365394 150.000000 20.000000 1.172832 18.747237 7.095970
-31.360627 150.000000 20.000000 1.172832 18.747237 7.095970
-31.355860 150.000000 20.000000 1.172832 18.747237 7.095970
-31.351093 150.000000 20.000000 1.172832 18.747237 7.095970
-31.346327 150.000000 20.000000 1.172832 18.747237 7.095970
-31.341560 150.000000 20.000000 1.172832 18.747237 7.095970
-31.336793 150.000000 20.000000 1.172832 18.747237 7.095970
-31.332026 150.000000 20.000000 1.172832 18.747237 7.095970
-31.327259 150.000000 20.000000 1.172832 18.747237 7.095970
-31.322492 150.000000 20.000000 1.172832 18.747237 7.095970
-31.317725 150.000000 20.000000 1.172832 18.747237 7.095970
-31.312959 150.000000 20.000000 1.172832 18.747237 7.095970
-31.308192 150.000000 20.000000 1.172832 18.747237 7.095970
-31.303425 150.000000 20.000000 1.172832 18.747237 7.095970
-31.298658 150.000000 20.000000 1.172832 18.747237 7.095970
-31.293891 150.000000 20.000000 1.172832 18.747237 7.095970
-31.289124 150.000000 20.000000 1.172832 18.747237 7.095970
-31.284357 150.000000 20.000000 1.172832 18.747237 7.095970
-31.279591 150.000000 20.000000 1.172832 18.747237 7.095970
-31.274824 150.000000 20.000000 1.172832 18.747237 7.095970
-31.270057 150.000000 20.000000 1.172832 18.747237 7.095970
-31.265290 150.000000 20.000000 1.172832 18.747237 7.095970
-31.260523 150.000000 20.000000 1.172832 18.747237 7.095970
-31.255756 150.000000 20.000000 1.172832 18.747237 7.095970
-31.250989 150.000000 20.000000 1.172832 18.747237 7.095970
-31.246223 150.000000 20.000000 1.172832 18.747237 7.095970
-31.241456 150.000000 20.000000 1.172832 18.747237 7.095970
-31.236689 150.000000 20.000000 1.172832 18.747237 7.095970
-31.231922 150.000000 20.000000 1.172832 18.747237 7.095970
-31.227155 150.000000 20.000000 1.172832 18.747237 7.095970
-31.222388 150.000000 20.000000 1.172832 18.747237 7.095970
-31.217621 150.000000 20.000000 1.172832 18.747237 7.095970
-31.212854 150.000000 20.000000 1.172832 18.747237 7.095970
-31.208088 150.000000 20.000000 1.172832 18.747237 7.095970
-31.203321 150.000000 20.000000 1.172832 18.747237 7.095970
-31.198554 150.000000 20.000000 1.172832 18.747237 7.095970
-31.193787 150.000000 20.000000 1.172832 18.747237 7.095970
-31.189020 150.000000 20.000000 1.172832 18.747237 7.095970
-31.184253 150.000000 20.000000 1.172832 18.747237 7.095970
-31.179486 150.000000 20.000000 1.172832 18.747237 7.095970
-31.174720 150.000000 20.000000 1.172832 18.747237 7.095970
-31.169953 150.000000 20.000000 1.172832 18.747237 7.095970
-31.165186 150.000000 20.000000 1.172832 18.747237 7.095970
-31.160419 150.000000 20.000000 1.172832 18.747237 7.095970
-31.155652 150.000000 20.000000 1.172832 18.747237 7.095970
-31.150885 150.000000 20.000000 1.172832 18.747237 7.095970
-31.146118 150.000000 20.000000 1.172832 18.747237 7.095970
-31.141351 150.000000 20.000000 1.172832 18.747237 7.095970
-31.136585 150.000000 20.000000 1.172832 18.747237 7.095970
-31.131818 150.000000 20.000000 1.172832 18.747237 7.095970
-31.127051 150.000000 20.000000 1.172832 18.747237 7.095970
-31.122284 150.000000 20.000000 1.172832 18.747237 7.095970
-31.117517 150.000000 20.000000 1.172832 18.747237 7.095970
-31.112750 150.000000 20.000000 1.172832 18.747237 7.095970
-31.107983 150.000000 20.000000 1.172832 18.747237 7.095970
-31.103217 150.000000 20.000000 1.172832 18.747237 7.095970
-31.098450 150.000000 20.000000 1.172832 18.747237 7.095970
-31.093683 150.000000 20.000000 1.172832 18.747237 7.095970
-31.088916 150.000000 20.000000 1.172832 18.747237 7.095970
-31.084149 150.000000 20.000000 1.172832 18.747237 7.095970
-31.079382 150.000000 20.000000 1.172832 18.747237 7.095970
-31.074615 150.000000 20.000000 1.172832 18.747237 7.095970
-31.069848 150.000000 20.000000 1.172832 18.747237 7.095970
-31.065082 150.000000 20.000000 1.172832 18.747237 7.095970
-31.060315 150.000000 20.000000 1.172832 18.747237 7.095970
-31.055548 150.000000 20.000000 1.172832 18.747237 7.095970
-31.050781 150.000000 20.000000 1.172832 18.747237 7.095970
-31.046014 150.000000 20.000000 1.172832 18.747237 7.095970
-31.041247 150.000000 20.000000 1.172832 18.747237 7.095970
-31.036480 150.000000 20.000000 1.172832 18.747237 7.095970
-31.031713 150.000000 20.000000 1.172832 18.747237 7.095970
-31.026947 150.000000 20.000000 1.172832 18.747237 7.095970
-31.022180 150.000000 20.000000 1.172832 18.747237 7.095970
-31.017413 150.000000 20.000000 1.172832 18.747237 7.095970
-31.012646 150.000000 20.000000 1.172832 18.747237 7.095970
-31.007879 150.000000 20.000000 1.172832 18.747237 7.095970
-31.003112 150.000000 20.000000 1.172832 18.747237 7.095970
-30.998345 150.000000 20.000000 1.172832 18.747237 7.095970
-30.993579 150.000000 20.000000 1.172832 18.747237 7.095970
-30.988812 150.000000 20.000000 1.172832 18.747237 7.095970
-30.984045 150.000000 20.000000 1.172832 18.747237 7.095970
-30.979278 150.000000 20.000000 1.172832 18.747237 7.095970
-30.974511 150.000000 20.000000 1.172832 18.747237 7.095970
-30.969744 150.000000 20.000000 1.172832 18.747237 7.095970
-30.964977 150.000000 20.000000 1.172832 18.747237 7.095970
-30.960210 150.000000 20.000000 1.172832 18.747237 7.095970
-30.955444 150.000000 20.000000 1.172832 18.747237 7.095970
-30.950677 150.000000 20.000000 1.172832 18.747237 7.095970
-30.945910 150.000000 20.000000 1.172832 18.747237 7.095970
-30.941143 150.000000 20.000000 1.172832 18.747237 7.095970
-30.936376 150.000000 20.000000 1.172832 18.747237 7.095970
-30.931609 150.000000 20.000000 1.172832 18.747237 7.095970
-30.926842 150.000000 20.000000 1.172832 18.747237 7.095970
-30.922075 150.000000 20.000000 1.172832 18.747237 7.095970
-30.917309 150.000000 20.000000 1.172832 18.747237 7.095970
-30.912542 150.000000 20.000000 1.172832 18.747237 7.095970
-30.907775 150.000000 20.000000 1.172832 18.747237 7.095970
-30.903008 150.000000 20.000000 1.172832 18.747237 7.095970
-30.898241 150.000000 20.000000 1.172832 18.747237 7.095970
-30.893474 150.000000 20.000000 1.172832 18.747237 7.095970
-30.888707 150.000000 20.000000 1.172832 18.747237 7.095970
-30.883940 150.000000 20.000000 1.172832 18.747237 7.095970
-30.879174 150.000000 20.000000 1.172832 18.747237 7.095970
-30.874407 150.000000 20.000000 1.172832 18.747237 7.095970
-30.869640 150.000000 20.000000 1.172832 18.747237 7.095970
-30.864873 150.000000 20.000000 1.172832 18.747237 7.095970
-30.860106 150.000000 20.000000 1.172832 18.747237 7.095970
-30.855339 150.000000 20.000000 1.172832 18.747237 7.095970
-30.850572 150.000000 20.000000 1.172832 18.747237 7.095970
-30.845805 150.000000 20.000000 1.172832 18.747237 7.095970
-30.841039 150.000000 20.000000 1.172832 18.747237 7.095970
-30.836272 150.000000 20.000000 1.172832 18.747237 7.095970
-30.831505 150.000000 20.000000 1.172832 18.747237 7.095970
-30.826738 150.000000 20.000000 1.172832 18.747237 7.095970
-30.821971 150.000000 20.000000 1.172832 18.747237 7.095970
-30.817204 150.000000 20.000000 1.172832 18.747237 7.095970
-30.812437 150.000000 20.000000 1.172832 18.747237 7.095970
-30.807670 150.000000 20.000000 1.172832 18.747237 7.095970
-30.802904 150.000000 20.000000 1.172832 18.747237 7.095970
-30.798137 150.000000 20.000000 1.172832 18.747237 7.095970
-30.793370 150.000000 20.000000 1.172832 18.747237 7.095970
-30.788603 150.000000 20.000000 1.172832 18.747237 7.095970
-30.783836 150.000000 20.000000 1.172832 18.747237 7.095970
-30.779069 150.000000 20.000000 1.172832 18.747237 7.095970
-30.774302 150.000000 20.000000 1.172832 18.747237 7.095970
-30.769535 150.000000 20.000000 1.172832 18.747237 7.095970
-30.764769 150.000000 20.000000 1.172832 18.747237 7.095970
-30.760002 150.000000 20.000000 1.172832 18.747237 7.095970
-30.755235 150.000000 20.000000 1.172832 18.747237 7.095970
-30.750468 150.000000 20.000000 1.172832 18.747237 7.095970
-30.745701 150.000000 20.000000 1.172832 18.747237 7.095970
-30.740934 150.000000 20.000000 1.172832 18.747237 7.095970
-30.736167 150.000000 20.000000 1.172832 18.747237 7.095970
-30.731400 150.000000 20.000000 1.172832 18.747237 7.095970
-30.726634 150.000000 20.000000 1.172832 18.747237 7.095970
-30.721867 150.000000 20.000000 1.172832 18.747237 7.095970
-30.717100 150.000000 20.000000 1.172832 18.747237 7.095970
-30.712333 150.000000 20.000000 1.172832 18.747237 7.095970
-30.707566 150.000000 20.000000 1.172832 18.747237 7.095970
-30.702799 150.000000 20.000000 1.172832 18.747237 7.095970
-30.698032 150.000000 20.000000 1.172832 18.747237 7.095970
-30.693265 150.000000 20.000000 1.172832 18.747237 7.095970
-30.688499 150.000000 20.000000 1.172832 18.747237 7.095970
-30.683732 150.000000 20.000000 1.172832 18.747237 7.095970
-30.678965 150.000000 20.000000 1.172832 18.747237 7.095970
-30.674198 150.000000 20.000000 1.172832 18.747237 7.095970
-30.669431 150.000000 20.000000 1.172832 18.747237 7.095970
-30.664664 150.000000 20.000000 1.172832 18.747237 7.095970
-30.659897 150.000000 20.000000 1.172832 18.747237 7.095970
-30.655130 150.000000 20.000000 1.172832 18.747237 7.095970
-30.650363 150.000000 20.000000 1.172832 18.747237 7.095970
-30.645597 150.000000 20.000000 1.172832 18.747237 7.095970
-30.640830 150.000000 20.000000 1.172832 18.747237 7.095970
-30.636063 150.000000 20.000000 1.172832 18.747237 7.095970
-30.631296 150.000000 20.000000 1.172832 18.747237 7.095970
-30.626529 150.000000 20.000000 1.172832 18.747237 7.095970
-30.621762 150.000000 20.000000 1.172832 18.747237 7.095970
-30.616995 150.000000 20.000000 1.172832 18.747237 7.095970
-30.612228 150.000000 20.000000 1.172832 18.747237 7.095970
-30.607462 150.000000 20.000000 1.172832 18.747237 7.095970
-30.602695 150.000000 20.000000 1.172832 18.747237 7.095970
-30.597928 150.000000 20.000000 1.172832 18.747237 7.095970
-30.593161 150.000000 20.000000 1.172832 18.747237 7.095970
-30.588394 150.000000 20.000000 1.172832 18.747237 7.095970
-30.583627 150.000000 20.000000 1.172832 18.747237 7.095970
-30.578860 150.000000 20.000000 1.172832 18.747237 7.095970
-30.574093 150.000000 20.000000 1.172832 18.747237 7.095970
-30.569327 150.000000 20.000000 1.172832 18.747237 7.095970
-30.564560 150.000000 20.000000 1.172832 18.747237 7.095970
-30.559793 150.000000 20.000000 1.172832 18.747237 7.095970
-30.555026 150.000000 20.000000 1.172832 18.747237 7.095970
-30.550259 150.000000 20.000000 1.172832 18.747237 7.095970
-30.545492 150.000000 20.000000 1.172832 18.747237 7.095970
-30.540725 150.000000 20.000000 1.172832 18.747237 7.095970
-30.535958 150.000000 20.000000 1.172832 18.747237 7.095970
-30.531191 150.000000 20.000000 1.172832 18.747237 7.095970
-30.526425 150.000000 20.000000 1.172832 18.747237 7.095970
-30.521658 150.000000 20.000000 1.172832 18.747237 7.095970
-30.516891 150.000000 20.000000 1.172832 18.747237 7.095970
-30.512124 150.000000 20.000000 1.172832 18.747237 7.095970
-30.507357 150.000000 20.000000 1.172832 18.747237 7.095970
-30.502590 150.000000 20.000000 1.172832 18.747237 7.095970
-30.497823 150.000000 20.000000 1.172832 18.747237 7.095970
-30.493056 150.000000 20.000000 1.172832 18.747237 7.095970
-30.488290 150.000000 20.000000 1.172832 18.747237 7.095970
-30.483523 150.000000 20.000000 1.172832 18.747237 7.095970
-30.478756 150.000000 20.000000 1.172832 18.747237 7.095970
-30.473989 150.000000 20.000000 1.172832 18.747237 7.095970
-30.469222 150.000000 20.000000 1.172832 18.747237 7.095970
-30.464455 150.000000 20.000000 1.172832 18.747237 7.095970
-30.459688 150.000000 20.000000 1.172832 18.747237 7.095970
-30.454921 150.000000 20.000000 1.172832 18.747237 7.095970
-30.450155 150.000000 20.000000 1.172832 18.747237 7.095970
-30.445388 150.000000 20.000000 1.172832 18.747237 7.095970
-30.440621 150.000000 20.000000 1.172832 18.747237 7.095970
-30.435854 150.000000 20.000000 1.172832 18.747237 7.095970
-30.431087 150.000000 20.000000 1.172832 18.747237 7.095970
-30.426320 150.000000 20.000000 1.172832 18.747237 7.095970
-30.421553 150.000000 20.000000 1.172832 18.747237 7.095970
-30.416786 150.000000 20.000000 1.172832 18.747237 7.095970
-30.412019 150.000000 20.000000 1.172832 18.747237 7.095970
-30.407253 150.000000 20.000000 1.172832 18.747237 7.095970
-30.402486 150.000000 20.000000 1.172832 18.747237 7.095970
-30.397719 150.000000 20.000000 1.172832 18.747237 7.095970
-30.392952 150.000000 20.000000 1.172832 18.747237 7.095970
-30.388185 150.000000 20.000000 1.172832 18.747237 7.095970
-30.383418 150.000000 20.000000 1.172832 18.747237 7.095970
-30.378651 150.000000 20.000000 1.172832 18.747237 7.095970
-30.373884 150.000000 20.000000 1.172832 18.747237 7.095970
-30.369118 150.000000 20.000000 1.172832 18.747237 7.095970
-30.364351 150.000000 20.000000 1.172832 18.747237 7.095970
-30.359584 150.000000 20.000000 1.172832 18.747237 7.095970
-30.354817 150.000000 20.000000 1.172832 18.747237 7.095970
-30.350050 150.000000 20.000000 1.172832 18.747237 7.095970
-30.345283 150.000000 20.000000 1.172832 18.747237 7.095970
-30.340516 150.000000 20.000000 1.172832 18.747237 7.095970
-30.335749 150.000000 20.000000 1.172832 18.747237 7.095970
-30.330982 150.000000 20.000000 1.172832 18.747237 7.095970
-30.326216 150.000000 20.000000 1.172832 18.747237 7.095970
-30.321449 150.000000 20.000000 1.172832 18.747237 7.095970
-30.316682 150.000000 20.000000 1.172832 18.747237 7.095970
-30.311915 150.000000 20.000000 1.172832 18.747237 7.095970
-30.307148 150.000000 20.000000 1.172832 18.747237 7.095970
