-10.003898 151.042334 90.478174 10.962609 11.803937 10.181039
-10.004090 151.042061 90.480697 10.960671 11.807087 10.180411
-10.004283 151.041788 90.483222 10.958733 11.810237 10.179784
-10.004477 151.041514 90.485745 10.956795 11.813387 10.179156
-10.004670 151.041241 90.488268 10.954855 11.816538 10.178529
-10.004863 151.040968 90.490790 10.952917 11.819689 10.177901
-10.005058 151.040695 90.493312 10.950978 11.822840 10.177274
-10.005252 151.040422 90.495833 10.949038 11.825992 10.176646
-10.005446 151.040149 90.498353 10.947098 11.829144 10.176018
-10.005642 151.039876 90.500873 10.945158 11.832296 10.175390
-10.005836 151.039604 90.503392 10.943218 11.835449 10.174762
-10.006031 151.039331 90.505910 10.941277 11.838602 10.174134
-10.006228 151.039058 90.508429 10.939336 11.841755 10.173506
-10.006423 151.038786 90.510946 10.937395 11.844910 10.172878
-10.006620 151.038514 90.513463 10.935454 11.848064 10.172249
-10.006816 151.038241 90.515979 10.933511 11.851218 10.171621
-10.007014 151.037969 90.518495 10.931570 11.854373 10.170993
-10.007210 151.037697 90.521010 10.929628 11.857528 10.170364
-10.007408 151.037425 90.523524 10.927685 11.860684 10.169736
-10.007605 151.037153 90.526038 10.925742 11.863840 10.169107
-10.007804 151.036881 90.528551 10.923799 11.866996 10.168478
-10.008002 151.036610 90.531064 10.921855 11.870154 10.167850
-10.008200 151.036338 90.533576 10.919912 11.873310 10.167221
-10.008400 151.036067 90.536087 10.917967 11.876467 10.166592
-10.008598 151.035795 90.538599 10.916024 11.879626 10.165963
-10.008798 151.035524 90.541109 10.914080 11.882783 10.165334
-10.008998 151.035252 90.543618 10.912134 11.885942 10.164705
-10.009198 151.034981 90.546127 10.910190 11.889101 10.164076
-10.009398 151.034710 90.548635 10.908244 11.892259 10.163447
-10.009599 151.034439 90.551143 10.906299 11.895419 10.162817
-10.009800 151.034168 90.553651 10.904353 11.898579 10.162188
-10.010001 151.033897 90.556157 10.902407 11.901739 10.161559
-10.010202 151.033626 90.558664 10.900461 11.904899 10.160929
-10.010404 151.033356 90.561168 10.898513 11.908061 10.160299
-10.010606 151.033085 90.563673 10.896567 11.911222 10.159670
-10.010808 151.032815 90.566178 10.894619 11.914383 10.159040
-10.011011 151.032544 90.568681 10.892672 11.917546 10.158410
-10.011214 151.032274 90.571185 10.890724 11.920708 10.157781
-10.011416 151.032004 90.573687 10.888776 11.923870 10.157151
-10.011620 151.031733 90.576188 10.886828 11.927034 10.156521
-10.011824 151.031463 90.578690 10.884879 11.930197 10.155891
-10.012028 151.031193 90.581191 10.882930 11.933361 10.155261
-10.012232 151.030923 90.583690 10.880981 11.936524 10.154631
-10.012437 151.030654 90.586190 10.879032 11.939689 10.154000
-10.012642 151.030384 90.588689 10.877082 11.942854 10.153370
-10.012847 151.030114 90.591187 10.875132 11.946019 10.152740
-10.013052 151.029845 90.593685 10.873182 11.949185 10.152109
-10.013258 151.029575 90.596182 10.871231 11.952351 10.151479
-10.013464 151.029306 90.598678 10.869281 11.955517 10.150848
-10.013671 151.029036 90.601175 10.867330 11.958683 10.150217
-10.013878 151.028767 90.603670 10.865378 11.961850 10.149587
-10.014084 151.028498 90.606164 10.863426 11.965017 10.148956
-10.014291 151.028229 90.608659 10.861475 11.968185 10.148325
-10.014499 151.027960 90.611152 10.859522 11.971353 10.147694
-10.014706 151.027691 90.613645 10.857570 11.974521 10.147063
-10.014915 151.027422 90.616137 10.855618 11.977689 10.146432
-10.015123 151.027154 90.618630 10.853664 11.980858 10.145801
-10.015332 151.026885 90.621120 10.851711 11.984027 10.145170
-10.015540 151.026617 90.623611 10.849757 11.987197 10.144538
-10.015750 151.026348 90.626100 10.847804 11.990367 10.143907
-10.015959 151.026080 90.628591 10.845850 11.993537 10.143276
-10.016169 151.025811 90.631079 10.843895 11.996708 10.142644
-10.016379 151.025543 90.633568 10.841941 11.999879 10.142013
-10.016589 151.025275 90.636055 10.839986 12.003050 10.141381
-10.016800 151.025007 90.638542 10.838030 12.006222 10.140749
-10.017011 151.024739 90.641028 10.836076 12.009394 10.140118
-10.017222 151.024471 90.643514 10.834120 12.012566 10.139486
-10.017434 151.024204 90.646000 10.832164 12.015738 10.138854
-10.017646 151.023936 90.648484 10.830207 12.018912 10.138222
-10.017857 151.023668 90.650968 10.828251 12.022085 10.137590
-10.018070 151.023401 90.653452 10.826294 12.025259 10.136958
-10.018282 151.023134 90.655934 10.824337 12.028433 10.136326
-10.018496 151.022866 90.658417 10.822379 12.031607 10.135694
-10.018708 151.022599 90.660898 10.820422 12.034782 10.135062
-10.018922 151.022332 90.663380 10.818464 12.037957 10.134429
-10.019137 151.022065 90.665860 10.816505 12.041132 10.133796
-10.019350 151.021798 90.668340 10.814547 12.044308 10.133164
-10.019565 151.021531 90.670819 10.812588 12.047484 10.132531
-10.019779 151.021264 90.673298 10.810629 12.050661 10.131899
-10.019994 151.020998 90.675776 10.808670 12.053837 10.131266
-10.020210 151.020731 90.678254 10.806711 12.057015 10.130634
-10.020426 151.020464 90.680731 10.804751 12.060191 10.130001
-10.020641 151.020198 90.683207 10.802791 12.063369 10.129368
-10.020857 151.019932 90.685683 10.800831 12.066548 10.128735
-10.021074 151.019665 90.688159 10.798870 12.069726 10.128102
-10.021290 151.019399 90.690633 10.796909 12.072905 10.127469
-10.021507 151.019133 90.693107 10.794947 12.076084 10.126835
-10.021725 151.018867 90.695581 10.792986 12.079264 10.126202
-10.021943 151.018601 90.698053 10.791024 12.082444 10.125569
-10.022161 151.018335 90.700526 10.789063 12.085623 10.124936
-10.022379 151.018069 90.702998 10.787100 12.088803 10.124302
-10.022597 151.017804 90.705469 10.785137 12.091984 10.123669
-10.022815 151.017538 90.707940 10.783175 12.095166 10.123035
-10.023035 151.017273 90.710409 10.781212 12.098347 10.122402
-10.023254 151.017007 90.712878 10.779249 12.101529 10.121768
-10.023474 151.016742 90.715348 10.777284 12.104711 10.121134
-10.023694 151.016477 90.717816 10.775321 12.107893 10.120500
-10.023914 151.016212 90.720284 10.773357 12.111075 10.119866
-10.024134 151.015947 90.722751 10.771392 12.114258 10.119232
-10.024355 151.015682 90.725217 10.769427 12.117442 10.118598
-10.024576 151.015417 90.727682 10.767462 12.120627 10.117964
-10.024798 151.015152 90.730148 10.765498 12.123810 10.117330
-10.025019 151.014887 90.732613 10.763531 12.126995 10.116696
-10.025241 151.014623 90.735077 10.761566 12.130180 10.116061
-10.025464 151.014358 90.737540 10.759599 12.133364 10.115427
-10.025687 151.014094 90.740004 10.757633 12.136550 10.114792
-10.025909 151.013829 90.742465 10.755666 12.139735 10.114158
-10.026132 151.013565 90.744928 10.753700 12.142921 10.113523
-10.026356 151.013301 90.747388 10.751732 12.146108 10.112889
-10.026579 151.013037 90.749850 10.749765 12.149295 10.112254
-10.026804 151.012773 90.752309 10.747798 12.152482 10.111619
-10.027028 151.012509 90.754769 10.745829 12.155669 10.110984
-10.027252 151.012245 90.757227 10.743861 12.158857 10.110350
-10.027478 151.011981 90.759686 10.741893 12.162045 10.109715
-10.027703 151.011717 90.762144 10.739923 12.165233 10.109079
-10.027928 151.011454 90.764601 10.737955 12.168422 10.108444
-10.028153 151.011190 90.767058 10.735985 12.171611 10.107809
-10.028380 151.010927 90.769514 10.734015 12.174800 10.107174
-10.028606 151.010664 90.771968 10.732046 12.177990 10.106539
-10.028833 151.010400 90.774423 10.730075 12.181179 10.105903
-10.029060 151.010137 90.776878 10.728105 12.184370 10.105268
-10.029288 151.009874 90.779332 10.726135 12.187560 10.104632
-10.029515 151.009611 90.781784 10.724163 12.190752 10.103996
-10.029742 151.009348 90.784237 10.722192 12.193943 10.103361
-10.029971 151.009085 90.786688 10.720221 12.197135 10.102725
-10.030200 151.008823 90.789140 10.718249 12.200326 10.102089
-10.030428 151.008560 90.791590 10.716277 12.203519 10.101454
-10.030657 151.008298 90.794041 10.714304 12.206711 10.100818
-10.030886 151.008035 90.796491 10.712331 12.209904 10.100181
-10.031116 151.007773 90.798939 10.710359 12.213098 10.099545
-10.031345 151.007510 90.801387 10.708386 12.216291 10.098909
-10.031576 151.007248 90.803836 10.706412 12.219485 10.098273
-10.031807 151.006986 90.806283 10.704438 12.222679 10.097637
-10.032037 151.006724 90.808730 10.702464 12.225873 10.097000
-10.032268 151.006462 90.811176 10.700490 12.229068 10.096364
-10.032500 151.006200 90.813622 10.698516 12.232264 10.095728
-10.032732 151.005938 90.816067 10.696541 12.235458 10.095091
-10.032963 151.005677 90.818511 10.694566 12.238654 10.094455
-10.033195 151.005415 90.820954 10.692590 12.241851 10.093818
-10.033428 151.005154 90.823398 10.690615 12.245047 10.093181
-10.033661 151.004892 90.825841 10.688639 12.248244 10.092544
-10.033893 151.004631 90.828282 10.686663 12.251441 10.091908
-10.034127 151.004370 90.830724 10.684686 12.254639 10.091271
-10.034360 151.004108 90.833165 10.682710 12.257836 10.090634
-10.034594 151.003847 90.835606 10.680733 12.261034 10.089997
-10.034829 151.003586 90.838045 10.678756 12.264232 10.089359
-10.035063 151.003325 90.840484 10.676779 12.267431 10.088722
-10.035298 151.003065 90.842923 10.674801 12.270630 10.088085
-10.035533 151.002804 90.845361 10.672822 12.273829 10.087448
-10.035769 151.002543 90.847798 10.670844 12.277029 10.086810
-10.036004 151.002283 90.850235 10.668866 12.280229 10.086173
-10.036240 151.002022 90.852671 10.666887 12.283429 10.085535
-10.036477 151.001762 90.855107 10.664909 12.286630 10.084898
-10.036713 151.001501 90.857542 10.662928 12.289831 10.084260
-10.036950 151.001241 90.859977 10.660949 12.293032 10.083622
-10.037187 151.000981 90.862411 10.658970 12.296234 10.082985
-10.037424 151.000721 90.864845 10.656990 12.299436 10.082347
-10.037662 151.000461 90.867277 10.655009 12.302638 10.081709
-10.037900 151.000201 90.869710 10.653028 12.305840 10.081071
-10.038138 150.999941 90.872142 10.651047 12.309043 10.080433
-10.038377 150.999681 90.874572 10.649066 12.312247 10.079795
-10.038615 150.999422 90.877003 10.647085 12.315450 10.079157
-10.038854 150.999162 90.879433 10.645103 12.318653 10.078518
-10.039094 150.998903 90.881863 10.643121 12.321858 10.077880
-10.039334 150.998643 90.884292 10.641138 12.325062 10.077242
-10.039573 150.998384 90.886720 10.639156 12.328267 10.076603
-10.039814 150.998125 90.889148 10.637173 12.331472 10.075965
-10.040054 150.997866 90.891575 10.635191 12.334677 10.075326
-10.040295 150.997607 90.894002 10.633207 12.337883 10.074688
-10.040536 150.997348 90.896427 10.631224 12.341089 10.074049
-10.040777 150.997089 90.898853 10.629240 12.344295 10.073410
-10.041019 150.996830 90.901278 10.627255 12.347501 10.072771
-10.041261 150.996571 90.903702 10.625272 12.350709 10.072133
-10.041503 150.996312 90.906126 10.623287 12.353916 10.071494
-10.041746 150.996054 90.908549 10.621302 12.357124 10.070855
-10.041988 150.995795 90.910971 10.619317 12.360331 10.070216
-10.042232 150.995537 90.913394 10.617331 12.363540 10.069576
-10.042475 150.995279 90.915815 10.615345 12.366748 10.068937
-10.042719 150.995021 90.918236 10.613360 12.369957 10.068298
-10.042962 150.994762 90.920657 10.611374 12.373166 10.067659
-10.043207 150.994504 90.923076 10.609387 12.376376 10.067019
-10.043451 150.994246 90.925496 10.607400 12.379586 10.066380
-10.043695 150.993988 90.927914 10.605414 12.382796 10.065740
-10.043941 150.993731 90.930333 10.603427 12.386006 10.065101
-10.044186 150.993473 90.932750 10.601439 12.389217 10.064461
-10.044431 150.993215 90.935167 10.599451 12.392428 10.063821
-10.044677 150.992958 90.937583 10.597463 12.395639 10.063182
-10.044924 150.992700 90.939998 10.595475 12.398851 10.062542
-10.045170 150.992443 90.942414 10.593486 12.402063 10.061902
-10.045416 150.992186 90.944828 10.591497 12.405275 10.061262
-10.045664 150.991928 90.947243 10.589508 12.408488 10.060622
-10.045911 150.991671 90.949656 10.587519 12.411701 10.059982
-10.046159 150.991414 90.952069 10.585530 12.414915 10.059342
-10.046406 150.991157 90.954482 10.583539 12.418127 10.058701
-10.046654 150.990900 90.956894 10.581549 12.421341 10.058061
-10.046902 150.990644 90.959305 10.579559 12.424556 10.057421
-10.047151 150.990387 90.961716 10.577569 12.427770 10.056781
-10.047400 150.990130 90.964126 10.575578 12.430985 10.056140
-10.047649 150.989874 90.966535 10.573587 12.434201 10.055499
-10.047899 150.989617 90.968945 10.571596 12.437416 10.054859
-10.048149 150.989361 90.971353 10.569604 12.440632 10.054218
-10.048399 150.989104 90.973761 10.567612 12.443847 10.053578
-10.048649 150.988848 90.976169 10.565620 12.447063 10.052937
-10.048899 150.988592 90.978575 10.563628 12.450280 10.052296
-10.049150 150.988336 90.980981 10.561635 12.453497 10.051655
-10.049401 150.988080 90.983387 10.559641 12.456715 10.051014
-10.049653 150.987824 90.985792 10.557649 12.459932 10.050373
-10.049904 150.987568 90.988196 10.555656 12.463150 10.049732
-10.050157 150.987313 90.990600 10.553662 12.466369 10.049091
-10.050409 150.987057 90.993004 10.551668 12.469587 10.048450
-10.050661 150.986801 90.995407 10.549674 12.472806 10.047808
-10.050914 150.986546 90.997809 10.547679 12.476025 10.047167
-10.051167 150.986291 91.000211 10.545684 12.479245 10.046525
-10.051421 150.986035 91.002612 10.543690 12.482464 10.045884
-10.051674 150.985780 91.005012 10.541694 12.485684 10.045243
-10.051928 150.985525 91.007413 10.539699 12.488905 10.044601
-10.052181 150.985270 91.009812 10.537703 12.492126 10.043959
-10.052436 150.985015 91.012211 10.535708 12.495347 10.043318
-10.052691 150.984760 91.014609 10.533711 12.498568 10.042676
-10.052945 150.984505 91.017007 10.531714 12.501789 10.042034
-10.053201 150.984250 91.019404 10.529718 12.505012 10.041392
-10.053456 150.983996 91.021802 10.527720 12.508234 10.040750
-10.053713 150.983741 91.024198 10.525724 12.511456 10.040108
-10.053968 150.983487 91.026593 10.523726 12.514679 10.039466
-10.054225 150.983232 91.028988 10.521728 12.517902 10.038824
-10.054481 150.982978 91.031382 10.519731 12.521125 10.038182
-10.054739 150.982724 91.033776 10.517732 12.524350 10.037539
-10.054995 150.982469 91.036169 10.515733 12.527574 10.036897
-10.055253 150.982215 91.038562 10.513734 12.530798 10.036255
-10.055510 150.981961 91.040955 10.511736 12.534023 10.035612
-10.055768 150.981707 91.043347 10.509737 12.537247 10.034970
-10.056026 150.981453 91.045738 10.507737 12.540473 10.034327
-10.056285 150.981200 91.048128 10.505737 12.543699 10.033685
-10.056544 150.980946 91.050518 10.503737 12.546924 10.033042
-10.056802 150.980692 91.052908 10.501736 12.550151 10.032399
-10.057062 150.980439 91.055296 10.499737 12.553377 10.031756
-10.057322 150.980185 91.057685 10.497736 12.556604 10.031114
-10.057581 150.979932 91.060072 10.495735 12.559831 10.030471
-10.057841 150.979679 91.062460 10.493734 12.563059 10.029828
-10.058102 150.979426 91.064847 10.491732 12.566287 10.029185
-10.058363 150.979173 91.067232 10.489730 12.569514 10.028541
-10.058624 150.978919 91.069619 10.487728 12.572743 10.027898
-10.058884 150.978667 91.072004 10.485725 12.575971 10.027255
-10.059146 150.978414 91.074388 10.483723 12.579200 10.026612
-10.059407 150.978161 91.076772 10.481720 12.582430 10.025968
-10.059669 150.977908 91.079155 10.479717 12.585659 10.025325
-10.059932 150.977655 91.081538 10.477714 12.588889 10.024682
-10.060194 150.977403 91.083920 10.475711 12.592119 10.024038
-10.060457 150.977150 91.086302 10.473707 12.595350 10.023394
-10.060720 150.976898 91.088683 10.471702 12.598581 10.022751
-10.060983 150.976646 91.091064 10.469698 12.601812 10.022107
-10.061247 150.976394 91.093444 10.467694 12.605043 10.021463
-10.061511 150.976141 91.095823 10.465690 12.608275 10.020820
-10.061775 150.975889 91.098203 10.463684 12.611507 10.020176
-10.062039 150.975637 91.100581 10.461679 12.614739 10.019532
-10.062304 150.975385 91.102959 10.459673 12.617971 10.018888
-10.062568 150.975134 91.105336 10.457667 12.621204 10.018243
-10.062833 150.974882 91.107713 10.455662 12.624438 10.017599
-10.063099 150.974630 91.110089 10.453655 12.627671 10.016955
-10.063365 150.974379 91.112464 10.451649 12.630905 10.016311
-10.063631 150.974127 91.114840 10.449642 12.634140 10.015667
-10.063897 150.973876 91.117214 10.447635 12.637374 10.015022
-10.064163 150.973624 91.119588 10.445627 12.640608 10.014378
-10.064430 150.973373 91.121962 10.443620 12.643843 10.013733
-10.064697 150.973122 91.124334 10.441612 12.647078 10.013089
-10.064964 150.972871 91.126707 10.439605 12.650314 10.012444
-10.065231 150.972620 91.129079 10.437596 12.653550 10.011799
-10.065500 150.972369 91.131450 10.435587 12.656786 10.011155
-10.065767 150.972118 91.133821 10.433579 12.660023 10.010510
-10.066035 150.971867 91.136191 10.431570 12.663260 10.009865
-10.066305 150.971616 91.138560 10.429561 12.666497 10.009220
-10.066573 150.971366 91.140930 10.427552 12.669734 10.008575
-10.066843 150.971115 91.143298 10.425542 12.672972 10.007930
-10.067111 150.970865 91.145666 10.423532 12.676210 10.007285
-10.067382 150.970614 91.148034 10.421521 12.679448 10.006640
-10.067651 150.970364 91.150400 10.419511 12.682687 10.005995
-10.067921 150.970114 91.152767 10.417501 12.685926 10.005350
-10.068191 150.969863 91.155132 10.415490 12.689165 10.004704
-10.068462 150.969613 91.157497 10.413479 12.692404 10.004059
-10.068733 150.969363 91.159863 10.411467 12.695645 10.003414
-10.069004 150.969113 91.162227 10.409455 12.698885 10.002768
-10.069276 150.968864 91.164590 10.407444 12.702125 10.002123
-10.069547 150.968614 91.166953 10.405431 12.705365 10.001477
-10.069819 150.968364 91.169316 10.403419 12.708606 10.000831
-10.070092 150.968115 91.171678 10.401406 12.711848 10.000185
-10.070364 150.967865 91.174039 10.399394 12.715090 9.999540
-10.070637 150.967616 91.176400 10.397381 12.718331 9.998894
-10.070910 150.967366 91.178761 10.395366 12.721573 9.998248
-10.071183 150.967117 91.181120 10.393353 12.724816 9.997602
-10.071456 150.966868 91.183480 10.391339 12.728059 9.996956
-10.071730 150.966619 91.185838 10.389325 12.731302 9.996310
-10.072004 150.966369 91.188197 10.387311 12.734545 9.995664
-10.072278 150.966120 91.190555 10.385297 12.737788 9.995018
-10.072553 150.965872 91.192911 10.383281 12.741033 9.994371
-10.072828 150.965623 91.195268 10.381267 12.744277 9.993725
-10.073103 150.965374 91.197624 10.379252 12.747521 9.993079
-10.073378 150.965125 91.199980 10.377236 12.750767 9.992433
-10.073653 150.964877 91.202334 10.375220 12.754012 9.991786
-10.073929 150.964628 91.204688 10.373204 12.757258 9.991139
-10.074205 150.964380 91.207043 10.371188 12.760503 9.990493
-10.074481 150.964131 91.209396 10.369172 12.763749 9.989846
-10.074759 150.963883 91.211749 10.367154 12.766995 9.989200
-10.075035 150.963635 91.214101 10.365138 12.770242 9.988553
-10.075312 150.963387 91.216452 10.363120 12.773488 9.987906
-10.075590 150.963139 91.218804 10.361103 12.776736 9.987259
-10.075867 150.962891 91.221154 10.359085 12.779983 9.986612
-10.076145 150.962643 91.223504 10.357068 12.783231 9.985965
-10.076423 150.962395 91.225854 10.355049 12.786479 9.985318
-10.076701 150.962147 91.228203 10.353031 12.789728 9.984671
-10.076980 150.961900 91.230551 10.351013 12.792976 9.984024
-10.077259 150.961652 91.232899 10.348993 12.796225 9.983377
-10.077538 150.961405 91.235247 10.346974 12.799474 9.982730
-10.077817 150.961157 91.237593 10.344955 12.802724 9.982082
-10.078097 150.960910 91.239940 10.342936 12.805973 9.981435
-10.078377 150.960663 91.242285 10.340915 12.809224 9.980787
-10.078656 150.960415 91.244631 10.338895 12.812475 9.980140
-10.078937 150.960168 91.246975 10.336875 12.815725 9.979493
-10.079218 150.959921 91.249320 10.334855 12.818976 9.978845
-10.079498 150.959674 91.251664 10.332834 12.822227 9.978197
-10.079780 150.959427 91.254006 10.330813 12.825479 9.977550
-10.080061 150.959181 91.256349 10.328792 12.828731 9.976902
-10.080343 150.958934 91.258691 10.326770 12.831983 9.976254
-10.080624 150.958687 91.261033 10.324749 12.835235 9.975606
-10.080907 150.958441 91.263373 10.322727 12.838489 9.974958
-10.081189 150.958194 91.265713 10.320705 12.841741 9.974310
-10.081472 150.957948 91.268053 10.318682 12.844995 9.973662
-10.081754 150.957701 91.270393 10.316660 12.848248 9.973014
-10.082037 150.957455 91.272732 10.314637 12.851502 9.972366
-10.082321 150.957209 91.275070 10.312613 12.854756 9.971718
-10.082604 150.956963 91.277408 10.310590 12.858011 9.971070
-10.082888 150.956717 91.279745 10.308566 12.861266 9.970421
-10.083173 150.956471 91.282082 10.306543 12.864520 9.969773
-10.083456 150.956225 91.284418 10.304519 12.867776 9.969124
-10.083741 150.955979 91.286753 10.302494 12.871032 9.968476
-10.084026 150.955733 91.289089 10.300470 12.874288 9.967827
-10.084311 150.955488 91.291423 10.298445 12.877544 9.967179
-10.084596 150.955242 91.293757 10.296420 12.880800 9.966530
-10.084882 150.954997 91.296091 10.294395 12.884057 9.965881
-10.085168 150.954751 91.298423 10.292369 12.887314 9.965233
-10.085454 150.954506 91.300756 10.290343 12.890572 9.964584
-10.085740 150.954261 91.303087 10.288317 12.893829 9.963935
-10.086027 150.954015 91.305418 10.286291 12.897088 9.963286
-10.086314 150.953770 91.307750 10.284265 12.900345 9.962637
-10.086601 150.953525 91.310080 10.282238 12.903603 9.961988
-10.086888 150.953280 91.312410 10.280211 12.906862 9.961339
-10.087176 150.953035 91.314739 10.278185 12.910122 9.960690
-10.087463 150.952791 91.317067 10.276157 12.913381 9.960041
-10.087751 150.952546 91.319396 10.274130 12.916641 9.959391
-10.088040 150.952301 91.321723 10.272102 12.919901 9.958742
-10.088328 150.952057 91.324051 10.270073 12.923161 9.958092
-10.088617 150.951812 91.326377 10.268046 12.926422 9.957443
-10.088906 150.951568 91.328703 10.266017 12.929683 9.956794
-10.089195 150.951323 91.331029 10.263988 12.932944 9.956144
-10.089485 150.951079 91.333354 10.261959 12.936205 9.955495
-10.089775 150.950835 91.335678 10.259930 12.939467 9.954845
-10.090065 150.950591 91.338002 10.257900 12.942729 9.954195
-10.090355 150.950347 91.340325 10.255872 12.945991 9.953546
-10.090645 150.950103 91.342649 10.253842 12.949253 9.952896
-10.090937 150.949859 91.344971 10.251812 12.952516 9.952246
-10.091227 150.949615 91.347292 10.249781 12.955779 9.951596
-10.091518 150.949371 91.349614 10.247751 12.959042 9.950946
-10.091809 150.949127 91.351935 10.245720 12.962306 9.950296
-10.092102 150.948884 91.354255 10.243689 12.965570 9.949646
-10.092393 150.948640 91.356575 10.241657 12.968834 9.948996
-10.092686 150.948397 91.358894 10.239625 12.972098 9.948346
-10.092978 150.948153 91.361213 10.237594 12.975363 9.947696
-10.093271 150.947910 91.363531 10.235562 12.978629 9.947045
-10.093564 150.947667 91.365849 10.233530 12.981894 9.946395
-10.093857 150.947424 91.368165 10.231498 12.985160 9.945745
-10.094151 150.947181 91.370482 10.229465 12.988426 9.945094
-10.094444 150.946938 91.372798 10.227432 12.991692 9.944444
-10.094738 150.946695 91.375113 10.225399 12.994958 9.943793
-10.095032 150.946452 91.377428 10.223366 12.998226 9.943142
-10.095326 150.946209 91.379743 10.221332 13.001492 9.942492
-10.095620 150.945966 91.382057 10.219299 13.004760 9.941841
-10.095916 150.945724 91.384370 10.217264 13.008027 9.941190
-10.096211 150.945481 91.386683 10.215231 13.011295 9.940540
-10.096506 150.945239 91.388995 10.213196 13.014563 9.939889
-10.096802 150.944996 91.391307 10.211162 13.017832 9.939238
-10.097098 150.944754 91.393619 10.209126 13.021100 9.938587
-10.097393 150.944512 91.395929 10.207092 13.024369 9.937936
-10.097690 150.944269 91.398240 10.205056 13.027639 9.937285
-10.097986 150.944027 91.400549 10.203021 13.030909 9.936634
-10.098283 150.943785 91.402858 10.200985 13.034178 9.935982
-10.098579 150.943543 91.405167 10.198949 13.037448 9.935331
-10.098877 150.943301 91.407475 10.196913 13.040719 9.934680
-10.099174 150.943059 91.409783 10.194876 13.043990 9.934029
-10.099472 150.942818 91.412090 10.192840 13.047260 9.933377
-10.099770 150.942576 91.414397 10.190802 13.050532 9.932726
-10.100068 150.942334 91.416703 10.188765 13.053803 9.932074
-10.100367 150.942093 91.419008 10.186729 13.057075 9.931423
-10.100666 150.941851 91.421314 10.184691 13.060348 9.930771
-10.100965 150.941610 91.423618 10.182653 13.063620 9.930120
-10.101264 150.941369 91.425922 10.180615 13.066892 9.929468
-10.101563 150.941128 91.428225 10.178577 13.070166 9.928816
-10.101862 150.940886 91.430529 10.176538 13.073438 9.928164
-10.102162 150.940645 91.432831 10.174500 13.076712 9.927513
-10.102462 150.940404 91.435133 10.172461 13.079986 9.926861
-10.102762 150.940163 91.437434 10.170422 13.083260 9.926209
-10.103063 150.939922 91.439735 10.168383 13.086535 9.925557
-10.103363 150.939682 91.442035 10.166343 13.089809 9.924905
-10.103664 150.939441 91.444336 10.164302 13.093084 9.924252
-10.103966 150.939200 91.446635 10.162263 13.096359 9.923600
-10.104267 150.938960 91.448934 10.160223 13.099634 9.922948
-10.104569 150.938719 91.451232 10.158182 13.102910 9.922296
-10.104870 150.938479 91.453530 10.156142 13.106186 9.921644
-10.105173 150.938238 91.455827 10.154101 13.109462 9.920991
-10.105475 150.937998 91.458123 10.152060 13.112739 9.920339
-10.105778 150.937758 91.460420 10.150019 13.116016 9.919686
-10.106081 150.937518 91.462716 10.147977 13.119293 9.919034
-10.106384 150.937278 91.465011 10.145935 13.122570 9.918381
-10.106687 150.937038 91.467305 10.143893 13.125848 9.917729
-10.106991 150.936798 91.469600 10.141851 13.129126 9.917076
-10.107294 150.936558 91.471894 10.139808 13.132404 9.916423
-10.107599 150.936318 91.474187 10.137766 13.135683 9.915771
-10.107902 150.936079 91.476480 10.135723 13.138961 9.915118
-10.108207 150.935839 91.478771 10.133680 13.142240 9.914465
-10.108512 150.935599 91.481064 10.131637 13.145519 9.913812
-10.108817 150.935360 91.483354 10.129593 13.148799 9.913159
-10.109121 150.935120 91.485645 10.127550 13.152078 9.912506
-10.109427 150.934881 91.487935 10.125505 13.155359 9.911853
-10.109732 150.934642 91.490225 10.123461 13.158640 9.911200
-10.110038 150.934403 91.492514 10.121416 13.161920 9.910547
-10.110345 150.934164 91.494802 10.119373 13.165201 9.909894
-10.110650 150.933925 91.497090 10.117328 13.168482 9.909240
-10.110957 150.933686 91.499378 10.115282 13.171764 9.908587
-10.111264 150.933447 91.501665 10.113237 13.175046 9.907933
-10.111571 150.933208 91.503951 10.111191 13.178327 9.907280
-10.111878 150.932969 91.506237 10.109146 13.181610 9.906627
-10.112186 150.932730 91.508522 10.107100 13.184893 9.905973
-10.112494 150.932492 91.510807 10.105054 13.188175 9.905320
-10.112802 150.932253 91.513092 10.103007 13.191459 9.904666
-10.113109 150.932015 91.515376 10.100961 13.194742 9.904012
-10.113417 150.931776 91.517659 10.098914 13.198025 9.903358
-10.113726 150.931538 91.519942 10.096867 13.201310 9.902705
-10.114035 150.931300 91.522224 10.094820 13.204594 9.902051
-10.114344 150.931062 91.524507 10.092772 13.207878 9.901397
-10.114653 150.930823 91.526788 10.090725 13.211163 9.900743
-10.114963 150.930585 91.529069 10.088677 13.214448 9.900089
-10.115272 150.930347 91.531349 10.086629 13.217733 9.899435
-10.115582 150.930110 91.533629 10.084580 13.221019 9.898781
-10.115892 150.929872 91.535908 10.082532 13.224305 9.898127
-10.116203 150.929634 91.538187 10.080484 13.227591 9.897473
-10.116513 150.929396 91.540466 10.078434 13.230877 9.896818
-10.116824 150.929159 91.542743 10.076386 13.234164 9.896164
-10.117135 150.928921 91.545021 10.074336 13.237451 9.895510
-10.117447 150.928684 91.547297 10.072287 13.240737 9.894856
-10.117758 150.928446 91.549574 10.070237 13.244025 9.894201
-10.118070 150.928209 91.551850 10.068187 13.247313 9.893547
-10.118381 150.927972 91.554125 10.066137 13.250601 9.892892
-10.118693 150.927734 91.556399 10.064086 13.253890 9.892238
-10.119006 150.927497 91.558674 10.062036 13.257178 9.891583
-10.119319 150.927260 91.560948 10.059985 13.260467 9.890929
-10.119631 150.927023 91.563221 10.057933 13.263756 9.890274
-10.119945 150.926786 91.565493 10.055883 13.267046 9.889619
-10.120258 150.926550 91.567766 10.053831 13.270335 9.888964
-10.120571 150.926313 91.570037 10.051779 13.273624 9.888309
-10.120885 150.926076 91.572309 10.049727 13.276915 9.887654
-10.121199 150.925839 91.574579 10.047675 13.280205 9.887000
-10.121514 150.925603 91.576850 10.045623 13.283496 9.886345
-10.121827 150.925366 91.579119 10.043570 13.286787 9.885690
-10.122143 150.925130 91.581388 10.041517 13.290079 9.885034
-10.122457 150.924894 91.583657 10.039464 13.293369 9.884379
-10.122772 150.924657 91.585926 10.037411 13.296661 9.883724
-10.123087 150.924421 91.588193 10.035358 13.299953 9.883069
-10.123403 150.924185 91.590460 10.033304 13.303246 9.882414
-10.123718 150.923949 91.592727 10.031251 13.306539 9.881759
-10.124034 150.923713 91.594993 10.029197 13.309832 9.881103
-10.124351 150.923477 91.597259 10.027143 13.313124 9.880448
-10.124667 150.923241 91.599524 10.025088 13.316417 9.879792
-10.124983 150.923006 91.601788 10.023033 13.319711 9.879137
-10.125301 150.922770 91.604053 10.020979 13.323005 9.878481
-10.125617 150.922534 91.606316 10.018924 13.326299 9.877825
-10.125934 150.922299 91.608580 10.016868 13.329594 9.877170
-10.126252 150.922063 91.610842 10.014813 13.332889 9.876514
-10.126570 150.921828 91.613104 10.012758 13.336184 9.875858
-10.126888 150.921592 91.615367 10.010701 13.339479 9.875203
-10.127205 150.921357 91.617627 10.008645 13.342774 9.874547
-10.127524 150.921122 91.619888 10.006589 13.346070 9.873891
-10.127842 150.920887 91.622148 10.004532 13.349365 9.873235
