-29.854443 152.266842 -50.459045 169.489075 -31.804390 175.598807
-29.854453 152.266714 -50.455838 169.488508 -31.801447 175.599172
-29.854462 152.266586 -50.452631 169.487939 -31.798504 175.599538
-29.854470 152.266458 -50.449425 169.487370 -31.795561 175.599903
-29.854480 152.266331 -50.446218 169.486802 -31.792618 175.600269
-29.854489 152.266202 -50.443011 169.486234 -31.789675 175.600634
-29.854498 152.266075 -50.439806 169.485665 -31.786731 175.600999
-29.854507 152.265946 -50.436599 169.485096 -31.783788 175.601364
-29.854515 152.265818 -50.433392 169.484528 -31.780844 175.601729
-29.854525 152.265690 -50.430187 169.483959 -31.777901 175.602095
-29.854534 152.265561 -50.426980 169.483390 -31.774958 175.602460
-29.854542 152.265434 -50.423774 169.482822 -31.772015 175.602826
-29.854551 152.265305 -50.420568 169.482253 -31.769071 175.603192
-29.854559 152.265177 -50.417362 169.481685 -31.766128 175.603556
-29.854568 152.265049 -50.414156 169.481115 -31.763185 175.603923
-29.854576 152.264921 -50.410950 169.480547 -31.760241 175.604287
-29.854585 152.264792 -50.407744 169.479978 -31.757298 175.604653
-29.854593 152.264663 -50.404538 169.479409 -31.754354 175.605019
-29.854602 152.264535 -50.401332 169.478840 -31.751411 175.605384
-29.854610 152.264407 -50.398127 169.478271 -31.748467 175.605750
-29.854618 152.264279 -50.394920 169.477701 -31.745524 175.606116
-29.854626 152.264150 -50.391715 169.477133 -31.742580 175.606481
-29.854634 152.264021 -50.388510 169.476563 -31.739636 175.606847
-29.854642 152.263893 -50.385304 169.475994 -31.736693 175.607212
-29.854650 152.263764 -50.382099 169.475425 -31.733749 175.607578
-29.854658 152.263635 -50.378893 169.474855 -31.730805 175.607944
-29.854665 152.263507 -50.375688 169.474286 -31.727861 175.608309
-29.854673 152.263378 -50.372482 169.473717 -31.724918 175.608675
-29.854681 152.263250 -50.369277 169.473147 -31.721974 175.609041
-29.854688 152.263121 -50.366071 169.472578 -31.719030 175.609407
-29.854696 152.262991 -50.362866 169.472008 -31.716086 175.609773
-29.854704 152.262863 -50.359661 169.471439 -31.713142 175.610139
-29.854711 152.262734 -50.356455 169.470868 -31.710198 175.610505
-29.854719 152.262605 -50.353251 169.470299 -31.707254 175.610870
-29.854726 152.262477 -50.350045 169.469730 -31.704310 175.611235
-29.854733 152.262347 -50.346840 169.469160 -31.701366 175.611601
-29.854740 152.262218 -50.343636 169.468589 -31.698421 175.611967
-29.854748 152.262090 -50.340431 169.468020 -31.695477 175.612333
-29.854755 152.261960 -50.337225 169.467450 -31.692533 175.612699
-29.854762 152.261831 -50.334021 169.466880 -31.689589 175.613065
-29.854769 152.261702 -50.330816 169.466310 -31.686644 175.613431
-29.854775 152.261573 -50.327611 169.465740 -31.683700 175.613797
-29.854783 152.261443 -50.324406 169.465170 -31.680756 175.614164
-29.854789 152.261315 -50.321202 169.464600 -31.677811 175.614530
-29.854796 152.261185 -50.317998 169.464030 -31.674867 175.614896
-29.854803 152.261056 -50.314792 169.463460 -31.671923 175.615262
-29.854810 152.260927 -50.311588 169.462888 -31.668978 175.615628
-29.854816 152.260798 -50.308384 169.462319 -31.666034 175.615994
-29.854822 152.260668 -50.305179 169.461749 -31.663089 175.616360
-29.854829 152.260538 -50.301975 169.461178 -31.660144 175.616727
-29.854835 152.260410 -50.298770 169.460608 -31.657200 175.617092
-29.854842 152.260280 -50.295566 169.460037 -31.654255 175.617459
-29.854848 152.260150 -50.292362 169.459466 -31.651311 175.617825
-29.854855 152.260020 -50.289158 169.458896 -31.648366 175.618191
-29.854861 152.259892 -50.285954 169.458325 -31.645421 175.618557
-29.854867 152.259762 -50.282750 169.457754 -31.642476 175.618923
-29.854873 152.259632 -50.279546 169.457183 -31.639533 175.619290
-29.854879 152.259503 -50.276342 169.456613 -31.636588 175.619656
-29.854885 152.259373 -50.273138 169.456042 -31.633643 175.620022
-29.854891 152.259243 -50.269933 169.455471 -31.630698 175.620389
-29.854896 152.259113 -50.266729 169.454900 -31.627753 175.620755
-29.854902 152.258984 -50.263525 169.454329 -31.624808 175.621121
-29.854907 152.258854 -50.260321 169.453758 -31.621863 175.621489
-29.854913 152.258724 -50.257118 169.453187 -31.618918 175.621854
-29.854919 152.258594 -50.253914 169.452616 -31.615973 175.622221
-29.854924 152.258464 -50.250710 169.452044 -31.613028 175.622587
-29.854929 152.258335 -50.247506 169.451474 -31.610083 175.622954
-29.854935 152.258205 -50.244303 169.450902 -31.607138 175.623320
-29.854941 152.258075 -50.241099 169.450330 -31.604193 175.623688
-29.854945 152.257945 -50.237896 169.449760 -31.601248 175.624054
-29.854951 152.257814 -50.234692 169.449188 -31.598302 175.624420
-29.854955 152.257685 -50.231489 169.448617 -31.595357 175.624787
-29.854961 152.257555 -50.228285 169.448045 -31.592412 175.625154
-29.854966 152.257424 -50.225083 169.447474 -31.589468 175.625521
-29.854971 152.257294 -50.221879 169.446902 -31.586522 175.625888
-29.854976 152.257164 -50.218676 169.446330 -31.583577 175.626254
-29.854981 152.257034 -50.215472 169.445759 -31.580632 175.626621
-29.854986 152.256904 -50.212269 169.445188 -31.577686 175.626987
-29.854990 152.256773 -50.209066 169.444615 -31.574741 175.627354
-29.854994 152.256643 -50.205863 169.444044 -31.571795 175.627721
-29.855000 152.256513 -50.202659 169.443472 -31.568850 175.628088
-29.855004 152.256382 -50.199457 169.442900 -31.565904 175.628455
-29.855008 152.256251 -50.196254 169.442327 -31.562959 175.628822
-29.855013 152.256122 -50.193051 169.441756 -31.560013 175.629188
-29.855017 152.255991 -50.189848 169.441184 -31.557069 175.629555
-29.855021 152.255861 -50.186645 169.440611 -31.554123 175.629922
-29.855025 152.255730 -50.183443 169.440040 -31.551177 175.630289
-29.855030 152.255599 -50.180240 169.439468 -31.548232 175.630656
-29.855034 152.255469 -50.177036 169.438895 -31.545286 175.631023
-29.855038 152.255338 -50.173834 169.438323 -31.542340 175.631390
-29.855042 152.255208 -50.170631 169.437751 -31.539395 175.631757
-29.855046 152.255077 -50.167429 169.437178 -31.536449 175.632124
-29.855050 152.254947 -50.164226 169.436605 -31.533503 175.632492
-29.855053 152.254816 -50.161023 169.436033 -31.530557 175.632859
-29.855057 152.254685 -50.157821 169.435461 -31.527612 175.633226
-29.855061 152.254554 -50.154618 169.434887 -31.524666 175.633593
-29.855064 152.254423 -50.151416 169.434315 -31.521721 175.633960
-29.855068 152.254292 -50.148213 169.433742 -31.518775 175.634327
-29.855072 152.254161 -50.145011 169.433170 -31.515829 175.634694
-29.855075 152.254030 -50.141808 169.432597 -31.512883 175.635061
-29.855079 152.253900 -50.138606 169.432024 -31.509937 175.635429
-29.855082 152.253769 -50.135404 169.431452 -31.506991 175.635795
-29.855086 152.253638 -50.132201 169.430879 -31.504046 175.636163
-29.855088 152.253507 -50.128999 169.430306 -31.501100 175.636531
-29.855091 152.253376 -50.125797 169.429733 -31.498153 175.636898
-29.855095 152.253244 -50.122595 169.429160 -31.495207 175.637265
-29.855098 152.253113 -50.119393 169.428587 -31.492261 175.637633
-29.855100 152.252982 -50.116191 169.428012 -31.489315 175.638000
-29.855104 152.252851 -50.112988 169.427440 -31.486369 175.638367
-29.855107 152.252720 -50.109787 169.426867 -31.483424 175.638735
-29.855109 152.252588 -50.106585 169.426293 -31.480477 175.639103
-29.855112 152.252457 -50.103383 169.425720 -31.477531 175.639470
-29.855114 152.252326 -50.100181 169.425146 -31.474585 175.639837
-29.855117 152.252194 -50.096980 169.424573 -31.471639 175.640205
-29.855119 152.252063 -50.093777 169.423999 -31.468692 175.640572
-29.855122 152.251931 -50.090576 169.423425 -31.465746 175.640941
-29.855124 152.251800 -50.087374 169.422852 -31.462800 175.641308
-29.855127 152.251668 -50.084173 169.422279 -31.459854 175.641676
-29.855129 152.251537 -50.080970 169.421705 -31.456908 175.642043
-29.855132 152.251405 -50.077769 169.421131 -31.453961 175.642411
-29.855134 152.251274 -50.074567 169.420557 -31.451015 175.642778
-29.855136 152.251142 -50.071366 169.419983 -31.448068 175.643147
-29.855138 152.251011 -50.068164 169.419409 -31.445123 175.643514
-29.855140 152.250879 -50.064963 169.418835 -31.442176 175.643882
-29.855142 152.250747 -50.061761 169.418261 -31.439230 175.644250
-29.855144 152.250616 -50.058560 169.417688 -31.436283 175.644617
-29.855146 152.250484 -50.055359 169.417113 -31.433336 175.644986
-29.855148 152.250352 -50.052157 169.416539 -31.430390 175.645353
-29.855149 152.250220 -50.048956 169.415965 -31.427444 175.645721
-29.855151 152.250089 -50.045754 169.415390 -31.424498 175.646090
-29.855152 152.249957 -50.042553 169.414817 -31.421551 175.646457
-29.855154 152.249825 -50.039353 169.414242 -31.418604 175.646825
-29.855155 152.249693 -50.036151 169.413667 -31.415657 175.647193
-29.855157 152.249561 -50.032950 169.413093 -31.412712 175.647561
-29.855158 152.249428 -50.029749 169.412518 -31.409765 175.647930
-29.855159 152.249296 -50.026547 169.411944 -31.406818 175.648298
-29.855160 152.249164 -50.023347 169.411369 -31.403871 175.648665
-29.855162 152.249032 -50.020146 169.410795 -31.400925 175.649033
-29.855163 152.248900 -50.016944 169.410219 -31.397979 175.649402
-29.855164 152.248768 -50.013744 169.409645 -31.395032 175.649770
-29.855165 152.248636 -50.010543 169.409070 -31.392085 175.650138
-29.855166 152.248504 -50.007342 169.408495 -31.389138 175.650507
-29.855166 152.248372 -50.004141 169.407921 -31.386191 175.650875
-29.855167 152.248240 -50.000940 169.407345 -31.383245 175.651243
-29.855168 152.248107 -49.997740 169.406770 -31.380298 175.651611
-29.855169 152.247974 -49.994539 169.406196 -31.377351 175.651979
-29.855169 152.247842 -49.991338 169.405620 -31.374404 175.652348
-29.855170 152.247710 -49.988137 169.405045 -31.371457 175.652716
-29.855171 152.247578 -49.984937 169.404470 -31.368511 175.653085
-29.855171 152.247445 -49.981737 169.403894 -31.365564 175.653453
-29.855172 152.247313 -49.978535 169.403319 -31.362617 175.653821
-29.855171 152.247179 -49.975335 169.402744 -31.359670 175.654190
-29.855172 152.247047 -49.972134 169.402167 -31.356724 175.654559
-29.855172 152.246915 -49.968934 169.401592 -31.353777 175.654927
-29.855172 152.246782 -49.965734 169.401017 -31.350830 175.655295
-29.855172 152.246650 -49.962534 169.400441 -31.347883 175.655664
-29.855173 152.246517 -49.959332 169.399866 -31.344936 175.656033
-29.855172 152.246385 -49.956132 169.399290 -31.341989 175.656402
-29.855173 152.246251 -49.952932 169.398715 -31.339042 175.656770
-29.855172 152.246119 -49.949732 169.398138 -31.336095 175.657139
-29.855172 152.245986 -49.946531 169.397562 -31.333149 175.657508
-29.855172 152.245853 -49.943331 169.396986 -31.330201 175.657876
-29.855171 152.245721 -49.940131 169.396410 -31.327254 175.658246
-29.855171 152.245587 -49.936931 169.395834 -31.324307 175.658614
-29.855170 152.245454 -49.933731 169.395258 -31.321360 175.658983
-29.855170 152.245321 -49.930530 169.394682 -31.318413 175.659352
-29.855169 152.245189 -49.927330 169.394106 -31.315466 175.659720
-29.855169 152.245056 -49.924130 169.393530 -31.312519 175.660089
-29.855168 152.244922 -49.920930 169.392953 -31.309572 175.660458
-29.855167 152.244789 -49.917730 169.392377 -31.306625 175.660827
-29.855166 152.244656 -49.914530 169.391800 -31.303677 175.661197
-29.855165 152.244523 -49.911330 169.391224 -31.300730 175.661565
-29.855164 152.244390 -49.908130 169.390647 -31.297784 175.661935
-29.855163 152.244257 -49.904930 169.390072 -31.294836 175.662303
-29.855162 152.244124 -49.901730 169.389495 -31.291889 175.662672
-29.855161 152.243991 -49.898531 169.388918 -31.288942 175.663042
-29.855160 152.243857 -49.895331 169.388341 -31.285995 175.663410
-29.855159 152.243724 -49.892131 169.387764 -31.283047 175.663780
-29.855157 152.243590 -49.888931 169.387188 -31.280100 175.664149
-29.855156 152.243457 -49.885731 169.386611 -31.277153 175.664518
-29.855155 152.243323 -49.882532 169.386034 -31.274206 175.664887
-29.855153 152.243190 -49.879332 169.385457 -31.271258 175.665256
-29.855151 152.243057 -49.876132 169.384880 -31.268312 175.665626
-29.855150 152.242923 -49.872933 169.384303 -31.265364 175.665995
-29.855149 152.242789 -49.869734 169.383725 -31.262416 175.666365
-29.855146 152.242656 -49.866533 169.383148 -31.259469 175.666733
-29.855145 152.242523 -49.863335 169.382571 -31.256522 175.667103
-29.855143 152.242389 -49.860135 169.381994 -31.253575 175.667472
-29.855141 152.242255 -49.856935 169.381417 -31.250627 175.667842
-29.855139 152.242122 -49.853736 169.380839 -31.247680 175.668211
-29.855136 152.241987 -49.850536 169.380261 -31.244733 175.668581
-29.855135 152.241854 -49.847337 169.379684 -31.241785 175.668951
-29.855132 152.241721 -49.844137 169.379106 -31.238838 175.669320
-29.855130 152.241586 -49.840939 169.378529 -31.235890 175.669690
-29.855128 152.241453 -49.837739 169.377951 -31.232943 175.670059
-29.855126 152.241319 -49.834540 169.377374 -31.229996 175.670429
-29.855123 152.241185 -49.831340 169.376795 -31.227048 175.670798
-29.855121 152.241051 -49.828141 169.376218 -31.224101 175.671169
-29.855118 152.240916 -49.824941 169.375640 -31.221154 175.671538
-29.855115 152.240783 -49.821742 169.375062 -31.218206 175.671908
-29.855113 152.240649 -49.818544 169.374485 -31.215258 175.672277
-29.855110 152.240514 -49.815344 169.373906 -31.212311 175.672647
-29.855107 152.240381 -49.812145 169.373328 -31.209364 175.673018
-29.855104 152.240246 -49.808946 169.372749 -31.206416 175.673387
-29.855102 152.240112 -49.805746 169.372171 -31.203469 175.673757
-29.855099 152.239978 -49.802548 169.371593 -31.200521 175.674127
-29.855096 152.239844 -49.799349 169.371014 -31.197573 175.674497
-29.855093 152.239710 -49.796150 169.370436 -31.194626 175.674867
-29.855089 152.239576 -49.792950 169.369858 -31.191679 175.675236
-29.855086 152.239441 -49.789752 169.369280 -31.188731 175.675607
-29.855083 152.239307 -49.786553 169.368701 -31.185784 175.675976
-29.855079 152.239172 -49.783354 169.368122 -31.182836 175.676347
-29.855076 152.239038 -49.780155 169.367544 -31.179888 175.676717
-29.855073 152.238903 -49.776956 169.366965 -31.176941 175.677087
-29.855069 152.238769 -49.773757 169.366386 -31.173993 175.677457
-29.855066 152.238634 -49.770558 169.365807 -31.171045 175.677828
-29.855062 152.238500 -49.767360 169.365228 -31.168098 175.678197
-29.855059 152.238366 -49.764161 169.364649 -31.165150 175.678568
-29.855055 152.238231 -49.760962 169.364071 -31.162203 175.678938
-29.855050 152.238097 -49.757764 169.363492 -31.159255 175.679308
-29.855047 152.237962 -49.754565 169.362913 -31.156307 175.679679
-29.855043 152.237827 -49.751366 169.362333 -31.153360 175.680049
-29.855039 152.237692 -49.748168 169.361754 -31.150412 175.680420
-29.855035 152.237558 -49.744969 169.361175 -31.147464 175.680790
-29.855031 152.237423 -49.741770 169.360596 -31.144517 175.681160
-29.855027 152.237288 -49.738572 169.360016 -31.141569 175.681531
-29.855022 152.237153 -49.735373 169.359437 -31.138622 175.681901
-29.855018 152.237019 -49.732174 169.358857 -31.135674 175.682272
-29.855013 152.236883 -49.728976 169.358278 -31.132726 175.682643
-29.855009 152.236749 -49.725777 169.357698 -31.129779 175.683012
-29.855005 152.236613 -49.722579 169.357118 -31.126831 175.683383
-29.855000 152.236479 -49.719381 169.356538 -31.123884 175.683754
-29.854995 152.236343 -49.716182 169.355958 -31.120936 175.684125
-29.854991 152.236209 -49.712984 169.355378 -31.117988 175.684496
-29.854986 152.236073 -49.709785 169.354798 -31.115041 175.684866
-29.854982 152.235939 -49.706587 169.354219 -31.112093 175.685237
-29.854976 152.235803 -49.703388 169.353639 -31.109146 175.685608
-29.854971 152.235668 -49.700190 169.353059 -31.106198 175.685979
-29.854967 152.235533 -49.696992 169.352478 -31.103251 175.686350
-29.854962 152.235397 -49.693793 169.351899 -31.100303 175.686720
-29.854956 152.235263 -49.690595 169.351318 -31.097354 175.687091
-29.854952 152.235127 -49.687397 169.350738 -31.094407 175.687462
-29.854946 152.234992 -49.684199 169.350157 -31.091459 175.687834
-29.854941 152.234857 -49.681000 169.349577 -31.088512 175.688205
-29.854935 152.234721 -49.677803 169.348997 -31.085564 175.688575
-29.854930 152.234586 -49.674604 169.348417 -31.082616 175.688946
-29.854924 152.234450 -49.671406 169.347836 -31.079669 175.689317
-29.854919 152.234315 -49.668208 169.347255 -31.076720 175.689689
-29.854913 152.234179 -49.665010 169.346675 -31.073773 175.690060
-29.854907 152.234043 -49.661811 169.346093 -31.070825 175.690431
-29.854902 152.233908 -49.658614 169.345512 -31.067878 175.690802
-29.854896 152.233772 -49.655415 169.344932 -31.064930 175.691173
-29.854890 152.233637 -49.652218 169.344350 -31.061983 175.691545
-29.854884 152.233501 -49.649019 169.343770 -31.059034 175.691916
-29.854878 152.233365 -49.645821 169.343188 -31.056087 175.692287
-29.854873 152.233230 -49.642623 169.342608 -31.053139 175.692658
-29.854867 152.233094 -49.639425 169.342026 -31.050191 175.693030
-29.854861 152.232958 -49.636227 169.341445 -31.047244 175.693401
-29.854854 152.232823 -49.633029 169.340865 -31.044296 175.693773
-29.854848 152.232687 -49.629832 169.340283 -31.041348 175.694145
-29.854842 152.232551 -49.626633 169.339702 -31.038400 175.694516
-29.854835 152.232415 -49.623436 169.339121 -31.035453 175.694887
-29.854828 152.232279 -49.620237 169.338538 -31.032505 175.695259
-29.854822 152.232143 -49.617040 169.337957 -31.029557 175.695631
-29.854816 152.232008 -49.613843 169.337375 -31.026609 175.696002
-29.854809 152.231871 -49.610644 169.336793 -31.023662 175.696374
-29.854802 152.231735 -49.607447 169.336212 -31.020714 175.696745
-29.854795 152.231600 -49.604248 169.335630 -31.017767 175.697118
-29.854789 152.231463 -49.601051 169.335048 -31.014818 175.697488
-29.854781 152.231327 -49.597854 169.334466 -31.011871 175.697861
-29.854775 152.231190 -49.594655 169.333884 -31.008923 175.698233
-29.854767 152.231055 -49.591458 169.333303 -31.005976 175.698604
-29.854761 152.230918 -49.588261 169.332721 -31.003028 175.698976
-29.854753 152.230782 -49.585062 169.332138 -31.000080 175.699348
-29.854747 152.230646 -49.581865 169.331556 -30.997132 175.699719
-29.854739 152.230510 -49.578668 169.330974 -30.994185 175.700091
-29.854732 152.230373 -49.575469 169.330391 -30.991237 175.700464
-29.854724 152.230236 -49.572272 169.329809 -30.988289 175.700836
-29.854717 152.230101 -49.569075 169.329227 -30.985341 175.701208
-29.854710 152.229964 -49.565876 169.328644 -30.982394 175.701580
-29.854702 152.229827 -49.562679 169.328062 -30.979446 175.701952
-29.854694 152.229691 -49.559482 169.327479 -30.976498 175.702324
-29.854687 152.229555 -49.556284 169.326896 -30.973550 175.702696
-29.854679 152.229418 -49.553086 169.326314 -30.970603 175.703069
-29.854671 152.229281 -49.549889 169.325731 -30.967655 175.703441
-29.854663 152.229144 -49.546691 169.325148 -30.964708 175.703813
-29.854655 152.229008 -49.543494 169.324565 -30.961759 175.704186
-29.854647 152.228872 -49.540297 169.323982 -30.958812 175.704558
-29.854639 152.228735 -49.537099 169.323399 -30.955864 175.704930
-29.854631 152.228598 -49.533901 169.322816 -30.952917 175.705303
-29.854623 152.228461 -49.530704 169.322232 -30.949968 175.705675
-29.854615 152.228324 -49.527507 169.321649 -30.947021 175.706047
-29.854607 152.228187 -49.524310 169.321066 -30.944073 175.706420
-29.854598 152.228051 -49.521112 169.320483 -30.941126 175.706793
-29.854589 152.227914 -49.517914 169.319899 -30.938179 175.707165
-29.854581 152.227777 -49.514717 169.319316 -30.935230 175.707538
-29.854573 152.227640 -49.511520 169.318732 -30.932283 175.707910
-29.854564 152.227502 -49.508322 169.318148 -30.929335 175.708284
-29.854555 152.227365 -49.505125 169.317565 -30.926388 175.708656
-29.854547 152.227228 -49.501928 169.316981 -30.923439 175.709029
-29.854538 152.227092 -49.498731 169.316397 -30.920492 175.709401
-29.854529 152.226955 -49.495534 169.315814 -30.917545 175.709774
-29.854520 152.226817 -49.492336 169.315230 -30.914597 175.710147
-29.854511 152.226680 -49.489138 169.314646 -30.911650 175.710520
-29.854502 152.226543 -49.485941 169.314062 -30.908701 175.710893
-29.854493 152.226405 -49.482744 169.313478 -30.905754 175.711265
-29.854483 152.226268 -49.479547 169.312893 -30.902806 175.711639
-29.854475 152.226131 -49.476349 169.312310 -30.899859 175.712012
-29.854465 152.225993 -49.473152 169.311725 -30.896912 175.712384
-29.854456 152.225857 -49.469955 169.311141 -30.893964 175.712758
-29.854446 152.225719 -49.466758 169.310557 -30.891016 175.713131
-29.854437 152.225582 -49.463561 169.309973 -30.888068 175.713504
-29.854428 152.225444 -49.460364 169.309388 -30.885121 175.713876
-29.854418 152.225307 -49.457166 169.308804 -30.882173 175.714250
-29.854409 152.225169 -49.453969 169.308218 -30.879226 175.714623
-29.854399 152.225032 -49.450772 169.307634 -30.876279 175.714997
-29.854389 152.224894 -49.447575 169.307049 -30.873330 175.715370
-29.854379 152.224756 -49.444378 169.306464 -30.870383 175.715743
-29.854369 152.224619 -49.441181 169.305880 -30.867436 175.716117
-29.854359 152.224481 -49.437984 169.305294 -30.864488 175.716490
-29.854349 152.224343 -49.434787 169.304710 -30.861541 175.716863
-29.854339 152.224206 -49.431589 169.304125 -30.858593 175.717237
-29.854329 152.224068 -49.428392 169.303539 -30.855646 175.717610
-29.854318 152.223930 -49.425196 169.302955 -30.852699 175.717983
-29.854308 152.223792 -49.421999 169.302370 -30.849750 175.718357
-29.854298 152.223654 -49.418802 169.301784 -30.846803 175.718731
-29.854287 152.223516 -49.415605 169.301199 -30.843855 175.719105
-29.854277 152.223379 -49.412408 169.300613 -30.840908 175.719478
-29.854266 152.223241 -49.409211 169.300028 -30.837961 175.719852
-29.854256 152.223103 -49.406014 169.299442 -30.835013 175.720225
-29.854245 152.222965 -49.402817 169.298856 -30.832066 175.720600
-29.854235 152.222827 -49.399619 169.298271 -30.829119 175.720973
-29.854224 152.222689 -49.396422 169.297685 -30.826171 175.721347
-29.854213 152.222551 -49.393225 169.297100 -30.823224 175.721721
-29.854202 152.222413 -49.390029 169.296514 -30.820277 175.722094
-29.854191 152.222275 -49.386832 169.295928 -30.817329 175.722468
-29.854180 152.222136 -49.383635 169.295342 -30.814382 175.722843
-29.854169 152.221998 -49.380438 169.294755 -30.811435 175.723216
-29.854158 152.221860 -49.377241 169.294169 -30.808487 175.723591
-29.854147 152.221722 -49.374044 169.293583 -30.805540 175.723964
-29.854135 152.221583 -49.370847 169.292997 -30.802593 175.724339
-29.854124 152.221444 -49.367650 169.292411 -30.799645 175.724712
-29.854113 152.221306 -49.364454 169.291824 -30.796698 175.725087
-29.854101 152.221168 -49.361257 169.291239 -30.793751 175.725461
-29.854090 152.221030 -49.358060 169.290651 -30.790803 175.725835
-29.854078 152.220891 -49.354863 169.290066 -30.787856 175.726209
-29.854067 152.220753 -49.351666 169.289479 -30.784909 175.726584
-29.854055 152.220614 -49.348469 169.288892 -30.781961 175.726958
-29.854043 152.220476 -49.345273 169.288305 -30.779014 175.727332
-29.854031 152.220337 -49.342076 169.287718 -30.776067 175.727707
-29.854019 152.220198 -49.338879 169.287131 -30.773119 175.728082
-29.854007 152.220060 -49.335682 169.286544 -30.770172 175.728456
-29.853996 152.219921 -49.332485 169.285958 -30.767225 175.728830
-29.853983 152.219783 -49.329288 169.285371 -30.764278 175.729204
-29.853971 152.219644 -49.326092 169.284784 -30.761331 175.729579
-29.853960 152.219505 -49.322895 169.284196 -30.758384 175.729954
-29.853947 152.219366 -49.319698 169.283610 -30.755436 175.730328
-29.853935 152.219227 -49.316501 169.283022 -30.752489 175.730703
-29.853922 152.219088 -49.313304 169.282435 -30.749542 175.731078
-29.853909 152.218950 -49.310108 169.281847 -30.746595 175.731453
-29.853897 152.218811 -49.306911 169.281260 -30.743648 175.731827
-29.853884 152.218672 -49.303714 169.280672 -30.740701 175.732202
-29.853872 152.218533 -49.300517 169.280085 -30.737754 175.732577
-29.853859 152.218394 -49.297320 169.279497 -30.734807 175.732952
-29.853846 152.218255 -49.294124 169.278909 -30.731860 175.733327
-29.853833 152.218116 -49.290927 169.278322 -30.728913 175.733702
-29.853821 152.217976 -49.287730 169.277733 -30.725966 175.734077
-29.853808 152.217837 -49.284533 169.277146 -30.723018 175.734452
-29.853795 152.217698 -49.281336 169.276558 -30.720072 175.734827
-29.853782 152.217559 -49.278140 169.275970 -30.717125 175.735202
-29.853769 152.217419 -49.274943 169.275381 -30.714178 175.735577
-29.853755 152.217281 -49.271746 169.274794 -30.711231 175.735953
-29.853742 152.217141 -49.268550 169.274205 -30.708284 175.736328
-29.853729 152.217002 -49.265353 169.273617 -30.705337 175.736702
-29.853716 152.216862 -49.262157 169.273028 -30.702391 175.737078
-29.853702 152.216723 -49.258960 169.272440 -30.699443 175.737453
-29.853689 152.216584 -49.255763 169.271852 -30.696496 175.737829
-29.853675 152.216445 -49.252566 169.271263 -30.693550 175.738204
-29.853661 152.216305 -49.249369 169.270674 -30.690603 175.738580
-29.853648 152.216166 -49.246173 169.270086 -30.687656 175.738955
-29.853634 152.216026 -49.242976 169.269497 -30.684709 175.739330
-29.853620 152.215886 -49.239779 169.268908 -30.681762 175.739706
-29.853606 152.215747 -49.236582 169.268319 -30.678816 175.740082
-29.853592 152.215608 -49.233386 169.267730 -30.675868 175.740457
-29.853578 152.215467 -49.230190 169.267141 -30.672922 175.740833
-29.853564 152.215328 -49.226993 169.266552 -30.669975 175.741208
-29.853550 152.215189 -49.223796 169.265963 -30.667029 175.741584
-29.853535 152.215048 -49.220599 169.265373 -30.664082 175.741960
-29.853522 152.214909 -49.217402 169.264784 -30.661135 175.742336
-29.853507 152.214769 -49.214206 169.264195 -30.658189 175.742711
-29.853493 152.214629 -49.211009 169.263606 -30.655242 175.743087
-29.853479 152.214489 -49.207812 169.263016 -30.652296 175.743463
-29.853464 152.214350 -49.204616 169.262427 -30.649349 175.743839
-29.853449 152.214209 -49.201419 169.261837 -30.646402 175.744215
-29.853435 152.214070 -49.198223 169.261248 -30.643456 175.744591
-29.853420 152.213929 -49.195026 169.260658 -30.640509 175.744967
-29.853406 152.213790 -49.191829 169.260067 -30.637563 175.745343
-29.853391 152.213650 -49.188632 169.259477 -30.634617 175.745719
-29.853376 152.213509 -49.185435 169.258887 -30.631669 175.746095
-29.853361 152.213370 -49.182239 169.258297 -30.628723 175.746471
-29.853346 152.213230 -49.179042 169.257708 -30.625777 175.746847
-29.853331 152.213089 -49.175846 169.257118 -30.622830 175.747224
-29.853316 152.212950 -49.172649 169.256528 -30.619884 175.747600
-29.853301 152.212809 -49.169452 169.255937 -30.616938 175.747977
-29.853286 152.212669 -49.166255 169.255347 -30.613991 175.748353
-29.853269 152.212528 -49.163059 169.254756 -30.611045 175.748730
-29.853254 152.212388 -49.159863 169.254166 -30.608098 175.749106
-29.853239 152.212247 -49.156666 169.253575 -30.605152 175.749482
-29.853224 152.212107 -49.153469 169.252984 -30.602206 175.749860
-29.853208 152.211967 -49.150272 169.252394 -30.599260 175.750236
-29.853192 152.211827 -49.147075 169.251803 -30.596313 175.750612
-29.853176 152.211686 -49.143879 169.251212 -30.593367 175.750989
-29.853161 152.211546 -49.140682 169.250621 -30.590421 175.751365
-29.853146 152.211406 -49.137486 169.250031 -30.587475 175.751742
-29.853129 152.211265 -49.134289 169.249440 -30.584529 175.752118
-29.853113 152.211124 -49.131092 169.248848 -30.581583 175.752496
-29.853097 152.210983 -49.127895 169.248257 -30.578637 175.752872
-29.853081 152.210843 -49.124698 169.247667 -30.575690 175.753249
-29.853065 152.210702 -49.121501 169.247075 -30.572744 175.753626
-29.853049 152.210562 -49.118306 169.246483 -30.569798 175.754003
-29.853032 152.210421 -49.115109 169.245892 -30.566852 175.754380
-29.853016 152.210280 -49.111912 169.245301 -30.563906 175.754757
-29.853000 152.210139 -49.108715 169.244710 -30.560960 175.755133
-29.852984 152.209998 -49.105518 169.244118 -30.558014 175.755511
-29.852967 152.209858 -49.102322 169.243525 -30.555068 175.755888
-29.852950 152.209716 -49.099125 169.242934 -30.552122 175.756266
-29.852934 152.209576 -49.095928 169.242343 -30.549176 175.756643
-29.852917 152.209435 -49.092731 169.241750 -30.546230 175.757020
-29.852900 152.209293 -49.089534 169.241159 -30.543284 175.757398
-29.852883 152.209153 -49.086337 169.240566 -30.540339 175.757775
-29.852867 152.209011 -49.083142 169.239975 -30.537393 175.758151
-29.852850 152.208871 -49.079945 169.239382 -30.534447 175.758530
-29.852833 152.208729 -49.076748 169.238790 -30.531501 175.758907
-29.852815 152.208588 -49.073551 169.238197 -30.528556 175.759285
-29.852798 152.208447 -49.070355 169.237605 -30.525610 175.759662
-29.852781 152.208306 -49.067158 169.237013 -30.522664 175.760040
-29.852764 152.208165 -49.063961 169.236420 -30.519718 175.760417
-29.852746 152.208024 -49.060764 169.235828 -30.516772 175.760794
-29.852729 152.207883 -49.057567 169.235236 -30.513827 175.761172
-29.852712 152.207741 -49.054371 169.234642 -30.510881 175.761550
-29.852694 152.207600 -49.051174 169.234050 -30.507936 175.761928
-29.852677 152.207459 -49.047977 169.233457 -30.504990 175.762305
-29.852659 152.207317 -49.044780 169.232864 -30.502045 175.762683
-29.852642 152.207175 -49.041583 169.232272 -30.499099 175.763061
-29.852624 152.207035 -49.038387 169.231678 -30.496154 175.763439
-29.852606 152.206893 -49.035190 169.231085 -30.493209 175.763817
-29.852588 152.206751 -49.031993 169.230492 -30.490263 175.764195
-29.852570 152.206610 -49.028796 169.229899 -30.487318 175.764572
-29.852552 152.206468 -49.025600 169.229306 -30.484372 175.764951
-29.852535 152.206326 -49.022403 169.228712 -30.481427 175.765329
-29.852516 152.206184 -49.019206 169.228119 -30.478482 175.765707
-29.852498 152.206043 -49.016008 169.227526 -30.475536 175.766085
-29.852479 152.205902 -49.012811 169.226931 -30.472590 175.766463
-29.852461 152.205760 -49.009615 169.226338 -30.469645 175.766842
-29.852443 152.205618 -49.006418 169.225744 -30.466700 175.767219
-29.852424 152.205476 -49.003221 169.225150 -30.463755 175.767598
-29.852406 152.205334 -49.000024 169.224556 -30.460810 175.767977
-29.852387 152.205192 -48.996828 169.223962 -30.457864 175.768356
-29.852369 152.205051 -48.993631 169.223368 -30.454919 175.768733
-29.852350 152.204909 -48.990434 169.222774 -30.451974 175.769112
-29.852331 152.204767 -48.987237 169.222181 -30.449029 175.769490
-29.852313 152.204625 -48.984040 169.221587 -30.446084 175.769869
-29.852294 152.204482 -48.980843 169.220992 -30.443139 175.770248
-29.852274 152.204341 -48.977646 169.220398 -30.440194 175.770626
-29.852256 152.204199 -48.974449 169.219803 -30.437249 175.771005
-29.852237 152.204057 -48.971252 169.219209 -30.434304 175.771384
-29.852217 152.203914 -48.968056 169.218614 -30.431359 175.771763
-29.852198 152.203772 -48.964858 169.218020 -30.428414 175.772142
-29.852180 152.203631 -48.961661 169.217425 -30.425469 175.772520
-29.852160 152.203488 -48.958464 169.216830 -30.422525 175.772899
-29.852141 152.203346 -48.955268 169.216235 -30.419580 175.773278
-29.852121 152.203203 -48.952071 169.215641 -30.416635 175.773657
-29.852102 152.203061 -48.948873 169.215046 -30.413690 175.774035
-29.852082 152.202919 -48.945676 169.214450 -30.410745 175.774414
-29.852062 152.202777 -48.942480 169.213856 -30.407801 175.774794
-29.852043 152.202634 -48.939283 169.213260 -30.404856 175.775173
-29.852023 152.202492 -48.936085 169.212665 -30.401911 175.775552
-29.852003 152.202349 -48.932888 169.212070 -30.398967 175.775931
-29.851983 152.202207 -48.929692 169.211474 -30.396022 175.776311
-29.851964 152.202064 -48.926494 169.210880 -30.393077 175.776689
