71.578494 149.754563 13.894452 160.202553 53.081528 178.491585
71.579566 149.754523 13.895121 160.202529 53.077148 178.491955
71.580637 149.754483 13.895790 160.202506 53.072768 178.492323
71.581708 149.754443 13.896458 160.202483 53.068386 178.492693
71.582778 149.754403 13.897127 160.202460 53.064005 178.493063
71.583849 149.754364 13.897796 160.202437 53.059624 178.493432
71.584919 149.754324 13.898464 160.202413 53.055243 178.493801
71.585989 149.754283 13.899132 160.202390 53.050862 178.494171
71.587058 149.754243 13.899800 160.202367 53.046481 178.494540
71.588127 149.754203 13.900468 160.202344 53.042099 178.494910
71.589196 149.754163 13.901135 160.202320 53.037718 178.495279
71.590264 149.754124 13.901802 160.202297 53.033336 178.495649
71.591332 149.754083 13.902469 160.202273 53.028954 178.496018
71.592400 149.754043 13.903136 160.202250 53.024572 178.496388
71.593467 149.754003 13.903803 160.202226 53.020189 178.496757
71.594534 149.753964 13.904469 160.202203 53.015806 178.497126
71.595601 149.753924 13.905135 160.202179 53.011424 178.497496
71.596667 149.753884 13.905802 160.202156 53.007041 178.497866
71.597733 149.753844 13.906468 160.202133 53.002658 178.498234
71.598799 149.753804 13.907134 160.202109 52.998275 178.498604
71.599864 149.753764 13.907800 160.202085 52.993892 178.498974
71.600929 149.753724 13.908465 160.202062 52.989508 178.499343
71.601994 149.753685 13.909131 160.202038 52.985125 178.499712
71.603058 149.753645 13.909796 160.202015 52.980741 178.500081
71.604122 149.753605 13.910461 160.201991 52.976356 178.500451
71.605186 149.753565 13.911126 160.201967 52.971972 178.500820
71.606250 149.753526 13.911790 160.201944 52.967588 178.501189
71.607313 149.753485 13.912454 160.201920 52.963204 178.501558
71.608375 149.753446 13.913118 160.201896 52.958819 178.501928
71.609437 149.753407 13.913782 160.201873 52.954435 178.502298
71.610499 149.753366 13.914447 160.201849 52.950050 178.502667
71.611562 149.753327 13.915110 160.201825 52.945665 178.503036
71.612623 149.753288 13.915774 160.201802 52.941280 178.503404
71.613684 149.753247 13.916437 160.201778 52.936895 178.503774
71.614744 149.753208 13.917100 160.201754 52.932509 178.504143
71.615804 149.753168 13.917763 160.201730 52.928123 178.504513
71.616864 149.753129 13.918426 160.201707 52.923737 178.504882
71.617925 149.753089 13.919089 160.201683 52.919351 178.505251
71.618984 149.753049 13.919751 160.201659 52.914965 178.505620
71.620043 149.753010 13.920413 160.201635 52.910579 178.505989
71.621102 149.752970 13.921076 160.201611 52.906193 178.506359
71.622160 149.752931 13.921737 160.201587 52.901806 178.506728
71.623218 149.752891 13.922399 160.201563 52.897419 178.507097
71.624275 149.752852 13.923060 160.201539 52.893033 178.507466
71.625333 149.752812 13.923722 160.201515 52.888646 178.507836
71.626390 149.752773 13.924383 160.201491 52.884257 178.508205
71.627446 149.752734 13.925044 160.201467 52.879870 178.508574
71.628503 149.752694 13.925705 160.201444 52.875483 178.508943
71.629559 149.752655 13.926365 160.201420 52.871095 178.509312
71.630614 149.752615 13.927026 160.201396 52.866707 178.509681
71.631671 149.752575 13.927686 160.201371 52.862320 178.510051
71.632726 149.752536 13.928346 160.201347 52.857932 178.510420
71.633780 149.752496 13.929006 160.201323 52.853543 178.510788
71.634835 149.752457 13.929666 160.201299 52.849155 178.511157
71.635888 149.752417 13.930326 160.201275 52.844766 178.511526
71.636943 149.752379 13.930985 160.201251 52.840377 178.511896
71.637995 149.752339 13.931644 160.201227 52.835988 178.512265
71.639048 149.752300 13.932303 160.201203 52.831599 178.512634
71.640101 149.752260 13.932962 160.201179 52.827210 178.513003
71.641154 149.752222 13.933620 160.201154 52.822821 178.513371
71.642206 149.752182 13.934279 160.201130 52.818431 178.513741
71.643258 149.752142 13.934938 160.201106 52.814042 178.514110
71.644309 149.752104 13.935595 160.201082 52.809652 178.514479
71.645360 149.752064 13.936254 160.201057 52.805262 178.514848
71.646411 149.752025 13.936911 160.201033 52.800872 178.515217
71.647462 149.751986 13.937569 160.201009 52.796482 178.515586
71.648512 149.751946 13.938226 160.200984 52.792090 178.515956
71.649562 149.751908 13.938883 160.200960 52.787700 178.516324
71.650611 149.751868 13.939540 160.200935 52.783309 178.516693
71.651660 149.751829 13.940197 160.200911 52.778918 178.517062
71.652709 149.751790 13.940854 160.200887 52.774527 178.517431
71.653757 149.751751 13.941510 160.200862 52.770136 178.517801
71.654806 149.751711 13.942166 160.200838 52.765745 178.518169
71.655854 149.751673 13.942822 160.200813 52.761353 178.518539
71.656900 149.751634 13.943478 160.200789 52.756962 178.518907
71.657948 149.751594 13.944134 160.200764 52.752570 178.519276
71.658995 149.751556 13.944790 160.200740 52.748177 178.519645
71.660041 149.751517 13.945445 160.200715 52.743785 178.520014
71.661088 149.751477 13.946100 160.200691 52.739393 178.520383
71.662133 149.751438 13.946755 160.200666 52.735000 178.520752
71.663179 149.751400 13.947409 160.200641 52.730608 178.521121
71.664224 149.751361 13.948064 160.200617 52.726215 178.521489
71.665269 149.751321 13.948719 160.200593 52.721822 178.521858
71.666313 149.751282 13.949373 160.200568 52.717429 178.522227
71.667357 149.751244 13.950027 160.200543 52.713036 178.522595
71.668401 149.751205 13.950681 160.200518 52.708643 178.522965
71.669445 149.751166 13.951334 160.200494 52.704250 178.523334
71.670488 149.751127 13.951988 160.200469 52.699855 178.523702
71.671531 149.751088 13.952641 160.200444 52.695461 178.524071
71.672574 149.751050 13.953294 160.200420 52.691067 178.524440
71.673615 149.751011 13.953948 160.200395 52.686673 178.524809
71.674657 149.750972 13.954600 160.200370 52.682279 178.525177
71.675699 149.750933 13.955253 160.200346 52.677885 178.525547
71.676740 149.750894 13.955906 160.200321 52.673490 178.525916
71.677781 149.750855 13.956557 160.200296 52.669096 178.526284
71.678822 149.750817 13.957210 160.200271 52.664701 178.526652
71.679862 149.750778 13.957861 160.200246 52.660306 178.527022
71.680902 149.750739 13.958513 160.200221 52.655910 178.527391
71.681942 149.750700 13.959165 160.200196 52.651514 178.527759
71.682981 149.750661 13.959816 160.200172 52.647119 178.528127
71.684020 149.750623 13.960467 160.200147 52.642723 178.528496
71.685058 149.750584 13.961118 160.200122 52.638328 178.528866
71.686097 149.750545 13.961769 160.200097 52.633932 178.529234
71.687135 149.750506 13.962419 160.200072 52.629536 178.529603
71.688172 149.750468 13.963069 160.200047 52.625140 178.529971
71.689210 149.750429 13.963719 160.200022 52.620743 178.530339
71.690246 149.750391 13.964370 160.199997 52.616347 178.530708
71.691283 149.750353 13.965020 160.199972 52.611950 178.531077
71.692319 149.750314 13.965669 160.199947 52.607552 178.531446
71.693355 149.750275 13.966319 160.199922 52.603155 178.531815
71.694391 149.750237 13.966968 160.199896 52.598758 178.532184
71.695426 149.750198 13.967617 160.199872 52.594361 178.532552
71.696462 149.750160 13.968265 160.199846 52.589964 178.532921
71.697496 149.750121 13.968914 160.199821 52.585566 178.533290
71.698530 149.750083 13.969563 160.199796 52.581168 178.533658
71.699564 149.750044 13.970212 160.199771 52.576771 178.534027
71.700599 149.750006 13.970859 160.199746 52.572373 178.534395
71.701632 149.749967 13.971507 160.199720 52.567974 178.534764
71.702664 149.749929 13.972155 160.199695 52.563575 178.535132
71.703697 149.749891 13.972802 160.199670 52.559177 178.535501
71.704729 149.749851 13.973451 160.199645 52.554778 178.535869
71.705762 149.749813 13.974098 160.199620 52.550379 178.536237
71.706793 149.749775 13.974744 160.199594 52.545980 178.536607
71.707825 149.749736 13.975391 160.199569 52.541581 178.536975
71.708856 149.749698 13.976038 160.199543 52.537182 178.537344
71.709886 149.749660 13.976684 160.199518 52.532783 178.537712
71.710917 149.749622 13.977331 160.199493 52.528383 178.538081
71.711947 149.749584 13.977976 160.199468 52.523984 178.538449
71.712977 149.749545 13.978623 160.199442 52.519583 178.538817
71.714006 149.749507 13.979269 160.199417 52.515183 178.539186
71.715035 149.749468 13.979913 160.199391 52.510783 178.539555
71.716065 149.749430 13.980559 160.199366 52.506382 178.539923
71.717093 149.749392 13.981204 160.199340 52.501982 178.540291
71.718121 149.749354 13.981849 160.199315 52.497581 178.540660
71.719149 149.749316 13.982494 160.199289 52.493181 178.541029
71.720176 149.749278 13.983138 160.199264 52.488780 178.541396
71.721204 149.749240 13.983783 160.199238 52.484379 178.541765
71.722231 149.749201 13.984428 160.199213 52.479978 178.542134
71.723257 149.749163 13.985071 160.199187 52.475576 178.542502
71.724283 149.749125 13.985715 160.199162 52.471174 178.542870
71.725309 149.749087 13.986359 160.199136 52.466772 178.543239
71.726335 149.749049 13.987002 160.199110 52.462370 178.543607
71.727360 149.749010 13.987646 160.199085 52.457969 178.543976
71.728385 149.748973 13.988288 160.199059 52.453566 178.544344
71.729410 149.748935 13.988932 160.199034 52.449164 178.544712
71.730434 149.748897 13.989574 160.199008 52.444762 178.545081
71.731457 149.748858 13.990216 160.198982 52.440359 178.545449
71.732482 149.748820 13.990859 160.198957 52.435957 178.545818
71.733505 149.748783 13.991501 160.198931 52.431554 178.546186
71.734527 149.748745 13.992143 160.198905 52.427150 178.546554
71.735550 149.748706 13.992785 160.198879 52.422747 178.546922
71.736573 149.748669 13.993426 160.198853 52.418343 178.547290
71.737595 149.748631 13.994067 160.198828 52.413940 178.547659
71.738616 149.748592 13.994709 160.198802 52.409537 178.548027
71.739637 149.748555 13.995350 160.198776 52.405133 178.548396
71.740658 149.748517 13.995990 160.198750 52.400729 178.548764
71.741679 149.748479 13.996631 160.198724 52.396325 178.549132
71.742700 149.748441 13.997271 160.198698 52.391921 178.549501
71.743720 149.748404 13.997912 160.198672 52.387516 178.549868
71.744739 149.748365 13.998553 160.198647 52.383112 178.550237
71.745758 149.748328 13.999192 160.198621 52.378706 178.550604
71.746777 149.748290 13.999832 160.198595 52.374302 178.550973
71.747797 149.748252 14.000471 160.198569 52.369897 178.551342
71.748815 149.748215 14.001111 160.198543 52.365492 178.551709
71.749833 149.748176 14.001750 160.198517 52.361086 178.552078
71.750851 149.748139 14.002389 160.198491 52.356681 178.552446
71.751868 149.748102 14.003027 160.198465 52.352276 178.552814
71.752885 149.748063 14.003666 160.198439 52.347870 178.553182
71.753902 149.748026 14.004304 160.198412 52.343464 178.553551
71.754918 149.747988 14.004942 160.198386 52.339058 178.553918
71.755934 149.747951 14.005580 160.198361 52.334651 178.554287
71.756951 149.747913 14.006218 160.198334 52.330245 178.554655
71.757967 149.747875 14.006856 160.198308 52.325838 178.555023
71.758982 149.747837 14.007493 160.198282 52.321432 178.555391
71.759996 149.747800 14.008130 160.198256 52.317025 178.555759
71.761011 149.747762 14.008767 160.198230 52.312618 178.556127
71.762025 149.747725 14.009404 160.198204 52.308211 178.556496
71.763039 149.747687 14.010041 160.198178 52.303804 178.556864
71.764053 149.747650 14.010677 160.198151 52.299397 178.557231
71.765066 149.747612 14.011314 160.198125 52.294989 178.557600
71.766079 149.747575 14.011950 160.198099 52.290582 178.557968
71.767091 149.747537 14.012586 160.198072 52.286173 178.558336
71.768104 149.747500 14.013221 160.198046 52.281765 178.558704
71.769116 149.747462 14.013857 160.198020 52.277357 178.559072
71.770127 149.747425 14.014492 160.197994 52.272949 178.559440
71.771139 149.747387 14.015126 160.197967 52.268541 178.559808
71.772150 149.747350 14.015762 160.197941 52.264132 178.560175
71.773160 149.747313 14.016396 160.197915 52.259724 178.560543
71.774171 149.747275 14.017031 160.197888 52.255315 178.560912
71.775181 149.747238 14.017665 160.197861 52.250906 178.561280
71.776191 149.747200 14.018300 160.197835 52.246497 178.561648
71.777200 149.747163 14.018934 160.197809 52.242087 178.562015
71.778209 149.747126 14.019567 160.197782 52.237677 178.562383
71.779218 149.747088 14.020201 160.197756 52.233268 178.562751
71.780226 149.747051 14.020834 160.197729 52.228858 178.563119
71.781234 149.747014 14.021467 160.197703 52.224448 178.563487
71.782242 149.746977 14.022100 160.197676 52.220038 178.563855
71.783249 149.746940 14.022733 160.197650 52.215628 178.564223
71.784256 149.746902 14.023366 160.197623 52.211218 178.564590
71.785263 149.746865 14.023998 160.197597 52.206808 178.564959
71.786270 149.746828 14.024631 160.197570 52.202397 178.565327
71.787276 149.746790 14.025262 160.197544 52.197987 178.565695
71.788282 149.746753 14.025894 160.197517 52.193575 178.566063
71.789288 149.746716 14.026526 160.197490 52.189164 178.566430
71.790293 149.746679 14.027157 160.197464 52.184753 178.566798
71.791297 149.746642 14.027789 160.197437 52.180341 178.567166
71.792302 149.746605 14.028420 160.197410 52.175930 178.567533
71.793306 149.746568 14.029050 160.197384 52.171518 178.567902
71.794310 149.746531 14.029681 160.197357 52.167107 178.568270
71.795314 149.746493 14.030312 160.197330 52.162695 178.568637
71.796318 149.746457 14.030942 160.197303 52.158283 178.569005
71.797321 149.746420 14.031572 160.197276 52.153871 178.569373
71.798323 149.746382 14.032202 160.197250 52.149457 178.569741
71.799325 149.746345 14.032832 160.197223 52.145045 178.570108
71.800328 149.746309 14.033461 160.197196 52.140632 178.570476
71.801329 149.746272 14.034090 160.197170 52.136220 178.570843
71.802331 149.746235 14.034720 160.197143 52.131807 178.571212
71.803331 149.746198 14.035349 160.197116 52.127394 178.571579
71.804332 149.746160 14.035977 160.197089 52.122981 178.571947
71.805333 149.746123 14.036606 160.197062 52.118567 178.572315
71.806333 149.746087 14.037234 160.197035 52.114154 178.572682
71.807332 149.746050 14.037863 160.197008 52.109740 178.573049
71.808332 149.746013 14.038491 160.196981 52.105325 178.573418
71.809331 149.745976 14.039118 160.196954 52.100912 178.573785
71.810330 149.745939 14.039746 160.196927 52.096498 178.574153
71.811328 149.745902 14.040373 160.196900 52.092083 178.574521
71.812327 149.745865 14.041000 160.196874 52.087669 178.574888
71.813325 149.745829 14.041627 160.196846 52.083255 178.575256
71.814323 149.745793 14.042254 160.196819 52.078840 178.575623
71.815319 149.745756 14.042881 160.196792 52.074425 178.575991
71.816316 149.745719 14.043507 160.196765 52.070010 178.576359
71.817313 149.745682 14.044134 160.196738 52.065595 178.576726
71.818309 149.745645 14.044760 160.196711 52.061180 178.577094
71.819305 149.745609 14.045385 160.196684 52.056764 178.577461
71.820301 149.745572 14.046011 160.196657 52.052348 178.577829
71.821296 149.745535 14.046636 160.196630 52.047933 178.578196
71.822291 149.745498 14.047262 160.196602 52.043517 178.578564
71.823286 149.745462 14.047887 160.196575 52.039101 178.578931
71.824280 149.745425 14.048511 160.196548 52.034685 178.579299
71.825274 149.745388 14.049136 160.196521 52.030269 178.579666
71.826268 149.745352 14.049761 160.196494 52.025852 178.580034
71.827261 149.745315 14.050385 160.196466 52.021436 178.580402
71.828254 149.745279 14.051009 160.196439 52.017019 178.580769
71.829248 149.745242 14.051633 160.196412 52.012601 178.581137
71.830239 149.745206 14.052257 160.196384 52.008184 178.581504
71.831232 149.745169 14.052880 160.196357 52.003767 178.581872
71.832223 149.745133 14.053503 160.196330 51.999350 178.582239
71.833215 149.745096 14.054127 160.196302 51.994933 178.582606
71.834207 149.745060 14.054750 160.196275 51.990515 178.582974
71.835197 149.745024 14.055372 160.196248 51.986097 178.583341
71.836188 149.744987 14.055995 160.196220 51.981680 178.583708
71.837177 149.744951 14.056617 160.196193 51.977262 178.584076
71.838168 149.744915 14.057239 160.196166 51.972844 178.584444
71.839158 149.744878 14.057862 160.196138 51.968425 178.584811
71.840146 149.744842 14.058483 160.196111 51.964006 178.585178
71.841136 149.744806 14.059104 160.196083 51.959587 178.585546
71.842124 149.744769 14.059726 160.196055 51.955169 178.585914
71.843113 149.744732 14.060347 160.196028 51.950750 178.586280
71.844100 149.744696 14.060968 160.196001 51.946331 178.586648
71.845088 149.744660 14.061589 160.195973 51.941912 178.587015
71.846076 149.744624 14.062209 160.195945 51.937493 178.587383
71.847063 149.744588 14.062829 160.195918 51.933073 178.587749
71.848050 149.744552 14.063450 160.195890 51.928654 178.588117
71.849036 149.744515 14.064070 160.195863 51.924234 178.588484
71.850021 149.744479 14.064689 160.195835 51.919813 178.588851
71.851008 149.744443 14.065309 160.195807 51.915393 178.589219
71.851994 149.744407 14.065928 160.195780 51.910973 178.589586
71.852978 149.744371 14.066548 160.195752 51.906553 178.589953
71.853964 149.744334 14.067166 160.195725 51.902133 178.590320
71.854948 149.744298 14.067785 160.195697 51.897712 178.590688
71.855931 149.744262 14.068404 160.195669 51.893291 178.591055
71.856916 149.744226 14.069022 160.195641 51.888870 178.591422
71.857900 149.744190 14.069641 160.195614 51.884450 178.591789
71.858883 149.744153 14.070259 160.195586 51.880028 178.592157
71.859865 149.744118 14.070876 160.195558 51.875607 178.592524
71.860848 149.744082 14.071494 160.195530 51.871185 178.592891
71.861830 149.744045 14.072111 160.195503 51.866763 178.593258
71.862813 149.744009 14.072728 160.195475 51.862342 178.593625
71.863794 149.743974 14.073345 160.195447 51.857920 178.593993
71.864776 149.743938 14.073962 160.195419 51.853498 178.594359
71.865757 149.743901 14.074578 160.195391 51.849076 178.594727
71.866737 149.743866 14.075195 160.195363 51.844653 178.595094
71.867718 149.743830 14.075811 160.195335 51.840231 178.595461
71.868698 149.743793 14.076427 160.195308 51.835809 178.595828
71.869678 149.743758 14.077043 160.195280 51.831386 178.596195
71.870657 149.743722 14.077658 160.195252 51.826962 178.596562
71.871636 149.743686 14.078274 160.195224 51.822539 178.596929
71.872615 149.743650 14.078889 160.195196 51.818116 178.597296
71.873593 149.743615 14.079504 160.195168 51.813693 178.597663
71.874572 149.743578 14.080119 160.195140 51.809269 178.598030
71.875550 149.743543 14.080734 160.195112 51.804846 178.598397
71.876527 149.743507 14.081348 160.195084 51.800422 178.598764
71.877505 149.743471 14.081962 160.195056 51.795998 178.599131
71.878481 149.743436 14.082576 160.195027 51.791574 178.599499
71.879458 149.743400 14.083189 160.194999 51.787150 178.599865
71.880435 149.743364 14.083804 160.194971 51.782726 178.600232
71.881410 149.743328 14.084417 160.194943 51.778301 178.600599
71.882387 149.743293 14.085030 160.194915 51.773876 178.600966
71.883362 149.743258 14.085643 160.194887 51.769451 178.601333
71.884336 149.743221 14.086256 160.194859 51.765027 178.601700
71.885312 149.743186 14.086869 160.194830 51.760602 178.602067
71.886286 149.743150 14.087480 160.194802 51.756177 178.602433
71.887260 149.743115 14.088093 160.194774 51.751751 178.602800
71.888234 149.743079 14.088705 160.194746 51.747326 178.603168
71.889207 149.743044 14.089317 160.194718 51.742901 178.603535
71.890180 149.743008 14.089928 160.194689 51.738475 178.603901
71.891153 149.742973 14.090540 160.194661 51.734048 178.604268
71.892126 149.742937 14.091151 160.194633 51.729622 178.604635
71.893098 149.742902 14.091763 160.194604 51.725196 178.605002
71.894070 149.742866 14.092373 160.194576 51.720770 178.605368
71.895042 149.742831 14.092983 160.194548 51.716344 178.605736
71.896013 149.742795 14.093594 160.194520 51.711917 178.606102
71.896984 149.742760 14.094204 160.194491 51.707490 178.606469
71.897954 149.742724 14.094815 160.194463 51.703064 178.606836
71.898925 149.742688 14.095424 160.194434 51.698637 178.607203
71.899895 149.742653 14.096034 160.194406 51.694210 178.607570
71.900865 149.742617 14.096643 160.194378 51.689782 178.607936
71.901834 149.742583 14.097252 160.194349 51.685354 178.608302
71.902804 149.742547 14.097861 160.194320 51.680927 178.608670
71.903772 149.742511 14.098470 160.194292 51.676499 178.609037
71.904740 149.742477 14.099078 160.194264 51.672071 178.609404
71.905708 149.742441 14.099687 160.194235 51.667643 178.609770
71.906677 149.742406 14.100295 160.194207 51.663215 178.610136
71.907644 149.742371 14.100903 160.194178 51.658787 178.610503
71.908611 149.742335 14.101511 160.194150 51.654359 178.610869
71.909578 149.742300 14.102119 160.194121 51.649930 178.611237
71.910545 149.742265 14.102726 160.194093 51.645502 178.611603
71.911511 149.742229 14.103333 160.194064 51.641072 178.611970
71.912477 149.742195 14.103940 160.194035 51.636643 178.612337
71.913443 149.742159 14.104547 160.194006 51.632214 178.612704
71.914408 149.742124 14.105153 160.193978 51.627785 178.613070
71.915374 149.742089 14.105760 160.193949 51.623356 178.613437
71.916338 149.742054 14.106366 160.193921 51.618926 178.613803
71.917303 149.742019 14.106972 160.193892 51.614497 178.614170
71.918266 149.741983 14.107578 160.193863 51.610067 178.614537
71.919230 149.741949 14.108184 160.193834 51.605637 178.614903
71.920193 149.741913 14.108789 160.193806 51.601207 178.615270
71.921156 149.741878 14.109394 160.193777 51.596777 178.615636
71.922120 149.741843 14.109999 160.193748 51.592346 178.616003
71.923083 149.741809 14.110603 160.193719 51.587915 178.616369
71.924045 149.741773 14.111208 160.193691 51.583485 178.616735
71.925006 149.741738 14.111813 160.193662 51.579054 178.617102
71.925968 149.741703 14.112417 160.193633 51.574623 178.617469
71.926929 149.741669 14.113020 160.193604 51.570192 178.617835
71.927890 149.741634 14.113624 160.193575 51.565761 178.618202
71.928851 149.741599 14.114228 160.193546 51.561330 178.618569
71.929812 149.741564 14.114831 160.193517 51.556898 178.618934
71.930772 149.741529 14.115434 160.193488 51.552467 178.619301
71.931731 149.741494 14.116037 160.193460 51.548034 178.619668
71.932691 149.741460 14.116640 160.193431 51.543602 178.620034
71.933650 149.741425 14.117243 160.193402 51.539170 178.620400
71.934608 149.741390 14.117845 160.193373 51.534738 178.620767
71.935567 149.741355 14.118447 160.193344 51.530306 178.621133
71.936525 149.741320 14.119049 160.193315 51.525874 178.621499
71.937484 149.741285 14.119651 160.193286 51.521441 178.621866
71.938441 149.741250 14.120252 160.193257 51.517009 178.622232
71.939398 149.741215 14.120853 160.193228 51.512576 178.622599
71.940355 149.741181 14.121455 160.193199 51.508143 178.622965
71.941312 149.741147 14.122055 160.193169 51.503710 178.623331
71.942268 149.741112 14.122656 160.193141 51.499276 178.623697
71.943224 149.741077 14.123256 160.193112 51.494842 178.624064
71.944180 149.741042 14.123857 160.193082 51.490409 178.624430
71.945135 149.741008 14.124457 160.193053 51.485975 178.624797
71.946090 149.740973 14.125056 160.193024 51.481541 178.625163
71.947045 149.740938 14.125656 160.192995 51.477108 178.625529
71.947999 149.740904 14.126256 160.192966 51.472674 178.625895
71.948953 149.740869 14.126855 160.192937 51.468239 178.626261
71.949907 149.740835 14.127454 160.192907 51.463805 178.626628
71.950860 149.740800 14.128053 160.192878 51.459371 178.626994
71.951814 149.740765 14.128651 160.192849 51.454935 178.627360
71.952767 149.740731 14.129250 160.192820 51.450500 178.627727
71.953720 149.740697 14.129848 160.192790 51.446066 178.628093
71.954672 149.740662 14.130446 160.192761 51.441631 178.628459
71.955623 149.740628 14.131044 160.192731 51.437195 178.628826
71.956575 149.740593 14.131642 160.192703 51.432760 178.629192
71.957527 149.740559 14.132239 160.192673 51.428325 178.629557
71.958477 149.740525 14.132836 160.192644 51.423889 178.629923
71.959429 149.740490 14.133434 160.192615 51.419454 178.630289
71.960380 149.740456 14.134030 160.192585 51.415018 178.630655
71.961330 149.740422 14.134626 160.192555 51.410582 178.631022
71.962280 149.740387 14.135223 160.192526 51.406145 178.631388
71.963229 149.740353 14.135819 160.192497 51.401709 178.631754
71.964177 149.740318 14.136415 160.192467 51.397272 178.632121
71.965126 149.740284 14.137011 160.192438 51.392836 178.632487
71.966075 149.740250 14.137606 160.192408 51.388399 178.632853
71.967023 149.740215 14.138202 160.192379 51.383962 178.633219
71.967971 149.740181 14.138796 160.192349 51.379525 178.633585
71.968919 149.740147 14.139392 160.192320 51.375088 178.633951
71.969866 149.740113 14.139986 160.192290 51.370651 178.634317
71.970813 149.740079 14.140581 160.192261 51.366214 178.634682
71.971760 149.740044 14.141175 160.192231 51.361775 178.635048
71.972707 149.740010 14.141769 160.192202 51.357338 178.635414
71.973653 149.739976 14.142363 160.192172 51.352900 178.635780
71.974599 149.739942 14.142957 160.192142 51.348462 178.636147
71.975544 149.739908 14.143551 160.192113 51.344024 178.636513
71.976490 149.739873 14.144143 160.192083 51.339586 178.636879
71.977435 149.739840 14.144737 160.192053 51.335148 178.637245
71.978379 149.739806 14.145329 160.192024 51.330709 178.637610
71.979324 149.739772 14.145922 160.191994 51.326271 178.637976
71.980268 149.739738 14.146515 160.191965 51.321832 178.638342
71.981210 149.739703 14.147107 160.191935 51.317393 178.638708
71.982154 149.739670 14.147699 160.191905 51.312953 178.639074
71.983097 149.739636 14.148291 160.191875 51.308514 178.639440
71.984040 149.739602 14.148882 160.191845 51.304075 178.639805
71.984982 149.739568 14.149474 160.191816 51.299636 178.640172
71.985925 149.739534 14.150065 160.191786 51.295196 178.640538
71.986866 149.739500 14.150657 160.191756 51.290757 178.640903
71.987808 149.739466 14.151247 160.191726 51.286317 178.641269
71.988749 149.739432 14.151838 160.191697 51.281877 178.641635
71.989690 149.739399 14.152428 160.191667 51.277437 178.642001
71.990631 149.739365 14.153018 160.191637 51.272997 178.642366
71.991570 149.739331 14.153608 160.191607 51.268555 178.642732
71.992511 149.739297 14.154198 160.191577 51.264115 178.643098
71.993450 149.739264 14.154787 160.191547 51.259674 178.643463
71.994390 149.739229 14.155377 160.191517 51.255234 178.643830
71.995329 149.739196 14.155966 160.191488 51.250793 178.644195
71.996268 149.739161 14.156554 160.191457 51.246352 178.644561
71.997206 149.739128 14.157144 160.191428 51.241911 178.644927
71.998144 149.739095 14.157732 160.191397 51.237469 178.645293
71.999082 149.739061 14.158320 160.191367 51.233028 178.645658
72.000019 149.739027 14.158909 160.191338 51.228587 178.646024
72.000957 149.738994 14.159496 160.191307 51.224145 178.646389
72.001894 149.738960 14.160084 160.191278 51.219702 178.646755
72.002831 149.738927 14.160671 160.191247 51.215260 178.647121
72.003767 149.738892 14.161258 160.191217 51.210818 178.647486
72.004702 149.738859 14.161846 160.191187 51.206376 178.647852
72.005638 149.738825 14.162433 160.191157 51.201934 178.648217
72.006574 149.738792 14.163018 160.191127 51.197491 178.648583
72.007509 149.738758 14.163605 160.191097 51.193049 178.648948
72.008444 149.738725 14.164191 160.191067 51.188606 178.649315
72.009378 149.738692 14.164777 160.191037 51.184163 178.649680
72.010312 149.738658 14.165364 160.191007 51.179720 178.650046
72.011246 149.738625 14.165949 160.190976 51.175277 178.650411
72.012179 149.738591 14.166534 160.190946 51.170833 178.650776
72.013113 149.738558 14.167119 160.190916 51.166389 178.651142
72.014046 149.738524 14.167705 160.190886 51.161946 178.651508
72.014979 149.738491 14.168289 160.190855 51.157502 178.651873
72.015910 149.738457 14.168874 160.190825 51.153058 178.652239
72.016843 149.738424 14.169458 160.190795 51.148614 178.652604
72.017775 149.738391 14.170042 160.190764 51.144170 178.652970
72.018706 149.738357 14.170626 160.190734 51.139726 178.653335
72.019637 149.738324 14.171209 160.190704 51.135282 178.653700
72.020567 149.738290 14.171793 160.190674 51.130837 178.654065
72.021498 149.738258 14.172376 160.190643 51.126391 178.654431
72.022429 149.738224 14.172959 160.190613 51.121947 178.654797
72.023359 149.738191 14.173542 160.190583 51.117502 178.655162
72.024287 149.738158 14.174124 160.190552 51.113057 178.655527
72.025217 149.738124 14.174708 160.190522 51.108612 178.655892
72.026146 149.738092 14.175290 160.190491 51.104166 178.656258
72.027075 149.738058 14.175871 160.190461 51.099721 178.656624
72.028003 149.738025 14.176453 160.190430 51.095275 178.656989
72.028931 149.737992 14.177035 160.190400 51.090830 178.657354
72.029859 149.737959 14.177616 160.190370 51.086384 178.657720
72.030787 149.737926 14.178197 160.190339 51.081938 178.658084
72.031714 149.737893 14.178779 160.190308 51.077491 178.658450
72.032640 149.737859 14.179359 160.190278 51.073045 178.658816
72.033567 149.737827 14.179939 160.190247 51.068598 178.659180
72.034493 149.737793 14.180520 160.190217 51.064152 178.659546
72.035420 149.737760 14.181100 160.190186 51.059705 178.659911
72.036344 149.737727 14.181680 160.190156 51.055259 178.660276
72.037270 149.737695 14.182260 160.190125 51.050812 178.660641
72.038195 149.737661 14.182839 160.190095 51.046365 178.661007
72.039120 149.737628 14.183418 160.190064 51.041917 178.661373
72.040044 149.737596 14.183997 160.190033 51.037470 178.661737
72.040968 149.737563 14.184576 160.190002 51.033022 178.662102
72.041892 149.737530 14.185155 160.189972 51.028574 178.662468
72.042816 149.737496 14.185733 160.189941 51.024127 178.662833
72.043739 149.737464 14.186311 160.189911 51.019679 178.663198
72.044662 149.737431 14.186889 160.189880 51.015231 178.663563
72.045585 149.737398 14.187467 160.189849 51.010783 178.663928
72.046507 149.737365 14.188044 160.189818 51.006335 178.664293
72.047429 149.737332 14.188622 160.189788 51.001886 178.664659
72.048351 149.737300 14.189199 160.189757 50.997438 178.665023
72.049272 149.737267 14.189776 160.189726 50.992989 178.665388
72.050193 149.737234 14.190352 160.189695 50.988540 178.665754
72.051114 149.737201 14.190928 160.189664 50.984091 178.666119
72.052034 149.737168 14.191505 160.189634 50.979642 178.666484
72.052954 149.737137 14.192082 160.189603 50.975192 178.666849
72.053874 149.737104 14.192657 160.189572 50.970743 178.667214
72.054794 149.737071 14.193233 160.189541 50.966294 178.667578
