27.157186 149.972906 73.582350 10.619589 62.565724 14.087264
27.156614 149.972927 73.581361 10.623162 62.570152 14.089929
27.156042 149.972947 73.580371 10.626734 62.574578 14.092594
27.155469 149.972968 73.579381 10.630309 62.579005 14.095260
27.154897 149.972989 73.578392 10.633884 62.583431 14.097929
27.154325 149.973010 73.577403 10.637459 62.587857 14.100596
27.153752 149.973030 73.576413 10.641036 62.592283 14.103265
27.153179 149.973051 73.575424 10.644614 62.596711 14.105935
27.152606 149.973072 73.574434 10.648192 62.601137 14.108605
27.152034 149.973093 73.573444 10.651771 62.605563 14.111277
27.151461 149.973114 73.572454 10.655352 62.609989 14.113949
27.150888 149.973134 73.571464 10.658932 62.614415 14.116622
27.150315 149.973155 73.570474 10.662514 62.618840 14.119296
27.149743 149.973176 73.569484 10.666098 62.623266 14.121971
27.149170 149.973198 73.568495 10.669681 62.627693 14.124648
27.148597 149.973218 73.567505 10.673266 62.632118 14.127325
27.148023 149.973239 73.566515 10.676851 62.636544 14.130002
27.147450 149.973260 73.565525 10.680438 62.640970 14.132680
27.146877 149.973281 73.564535 10.684024 62.645395 14.135359
27.146304 149.973301 73.563545 10.687613 62.649820 14.138040
27.145731 149.973322 73.562555 10.691201 62.654246 14.140720
27.145158 149.973343 73.561565 10.694791 62.658671 14.143402
27.144584 149.973364 73.560575 10.698381 62.663096 14.146085
27.144011 149.973385 73.559584 10.701974 62.667521 14.148770
27.143437 149.973405 73.558594 10.705565 62.671946 14.151454
27.142863 149.973426 73.557604 10.709158 62.676372 14.154139
27.142290 149.973447 73.556614 10.712753 62.680797 14.156826
27.141717 149.973468 73.555622 10.716348 62.685222 14.159513
27.141143 149.973488 73.554632 10.719943 62.689647 14.162200
27.140570 149.973509 73.553642 10.723541 62.694072 14.164889
27.139996 149.973530 73.552651 10.727138 62.698496 14.167579
27.139422 149.973551 73.551661 10.730736 62.702921 14.170269
27.138849 149.973572 73.550671 10.734336 62.707345 14.172961
27.138274 149.973592 73.549680 10.737936 62.711770 14.175654
27.137700 149.973613 73.548689 10.741537 62.716194 14.178347
27.137126 149.973634 73.547698 10.745139 62.720619 14.181041
27.136552 149.973655 73.546708 10.748743 62.725043 14.183737
27.135978 149.973676 73.545717 10.752346 62.729467 14.186432
27.135405 149.973696 73.544726 10.755951 62.733892 14.189129
27.134830 149.973717 73.543736 10.759556 62.738316 14.191826
27.134256 149.973738 73.542744 10.763162 62.742740 14.194525
27.133681 149.973759 73.541754 10.766771 62.747164 14.197225
27.133107 149.973780 73.540763 10.770379 62.751587 14.199926
27.132533 149.973800 73.539772 10.773988 62.756011 14.202627
27.131959 149.973821 73.538781 10.777597 62.760435 14.205329
27.131384 149.973842 73.537790 10.781208 62.764859 14.208032
27.130810 149.973863 73.536798 10.784820 62.769282 14.210735
27.130236 149.973884 73.535807 10.788432 62.773706 14.213440
27.129661 149.973904 73.534816 10.792046 62.778130 14.216145
27.129086 149.973925 73.533825 10.795660 62.782553 14.218852
27.128511 149.973946 73.532834 10.799275 62.786976 14.221559
27.127936 149.973967 73.531843 10.802891 62.791400 14.224268
27.127362 149.973988 73.530851 10.806508 62.795822 14.226977
27.126787 149.974008 73.529860 10.810126 62.800245 14.229687
27.126213 149.974029 73.528869 10.813745 62.804668 14.232398
27.125638 149.974050 73.527878 10.817365 62.809091 14.235110
27.125063 149.974071 73.526886 10.820986 62.813514 14.237822
27.124487 149.974092 73.525894 10.824607 62.817937 14.240536
27.123912 149.974113 73.524903 10.828230 62.822360 14.243250
27.123337 149.974133 73.523911 10.831852 62.826783 14.245965
27.122762 149.974154 73.522920 10.835476 62.831206 14.248681
27.122187 149.974175 73.521928 10.839101 62.835628 14.251399
27.121612 149.974196 73.520937 10.842728 62.840051 14.254118
27.121037 149.974217 73.519944 10.846354 62.844472 14.256836
27.120462 149.974238 73.518953 10.849981 62.848895 14.259555
27.119886 149.974258 73.517961 10.853610 62.853317 14.262276
27.119310 149.974279 73.516969 10.857240 62.857740 14.264998
27.118735 149.974300 73.515977 10.860871 62.862162 14.267720
27.118159 149.974321 73.514985 10.864501 62.866584 14.270443
27.117584 149.974342 73.513994 10.868134 62.871006 14.273168
27.117008 149.974363 73.513002 10.871767 62.875427 14.275893
27.116433 149.974383 73.512010 10.875400 62.879850 14.278619
27.115857 149.974404 73.511017 10.879035 62.884271 14.281346
27.115282 149.974425 73.510025 10.882671 62.888693 14.284074
27.114705 149.974446 73.509033 10.886307 62.893115 14.286802
27.114129 149.974467 73.508041 10.889945 62.897537 14.289532
27.113554 149.974488 73.507049 10.893582 62.901958 14.292262
27.112978 149.974508 73.506057 10.897222 62.906379 14.294993
27.112402 149.974529 73.505064 10.900862 62.910801 14.297725
27.111826 149.974551 73.504072 10.904504 62.915222 14.300460
27.111250 149.974572 73.503079 10.908145 62.919644 14.303194
27.110674 149.974593 73.502087 10.911788 62.924064 14.305928
27.110097 149.974614 73.501094 10.915431 62.928485 14.308664
27.109521 149.974635 73.500102 10.919077 62.932906 14.311401
27.108945 149.974655 73.499109 10.922722 62.937328 14.314138
27.108369 149.974676 73.498117 10.926369 62.941748 14.316877
27.107792 149.974697 73.497125 10.930016 62.946169 14.319616
27.107216 149.974718 73.496131 10.933663 62.950590 14.322356
27.106640 149.974739 73.495139 10.937314 62.955011 14.325098
27.106063 149.974760 73.494146 10.940963 62.959432 14.327841
27.105486 149.974781 73.493153 10.944613 62.963851 14.330583
27.104909 149.974802 73.492161 10.948266 62.968272 14.333327
27.104333 149.974822 73.491168 10.951919 62.972693 14.336072
27.103756 149.974843 73.490175 10.955572 62.977112 14.338817
27.103180 149.974864 73.489182 10.959226 62.981533 14.341564
27.102603 149.974885 73.488189 10.962883 62.985953 14.344312
27.102026 149.974906 73.487195 10.966539 62.990374 14.347060
27.101450 149.974927 73.486203 10.970195 62.994793 14.349809
27.100872 149.974948 73.485210 10.973853 62.999213 14.352560
27.100295 149.974969 73.484216 10.977512 63.003633 14.355311
27.099718 149.974989 73.483224 10.981173 63.008052 14.358063
27.099141 149.975010 73.482230 10.984834 63.012472 14.360816
27.098564 149.975031 73.481236 10.988496 63.016892 14.363570
27.097987 149.975052 73.480243 10.992158 63.021312 14.366325
27.097410 149.975073 73.479250 10.995821 63.025731 14.369080
27.096833 149.975094 73.478256 10.999486 63.030151 14.371836
27.096255 149.975115 73.477263 11.003151 63.034571 14.374594
27.095677 149.975136 73.476269 11.006817 63.038989 14.377353
27.095100 149.975157 73.475276 11.010484 63.043409 14.380112
27.094523 149.975177 73.474282 11.014152 63.047827 14.382872
27.093945 149.975198 73.473289 11.017821 63.052247 14.385633
27.093368 149.975219 73.472295 11.021492 63.056666 14.388395
27.092791 149.975240 73.471302 11.025162 63.061085 14.391158
27.092213 149.975261 73.470308 11.028834 63.065504 14.393922
27.091635 149.975282 73.469314 11.032507 63.069923 14.396686
27.091057 149.975303 73.468320 11.036179 63.074341 14.399451
27.090479 149.975324 73.467326 11.039854 63.078760 14.402219
27.089901 149.975345 73.466332 11.043530 63.083179 14.404987
27.089324 149.975366 73.465338 11.047206 63.087597 14.407755
27.088746 149.975386 73.464345 11.050883 63.092016 14.410524
27.088168 149.975407 73.463351 11.054560 63.096434 14.413293
27.087590 149.975428 73.462356 11.058240 63.100852 14.416065
27.087012 149.975449 73.461363 11.061919 63.105270 14.418836
27.086433 149.975470 73.460368 11.065601 63.109689 14.421610
27.085855 149.975491 73.459374 11.069282 63.114107 14.424383
27.085277 149.975512 73.458380 11.072965 63.118525 14.427158
27.084699 149.975533 73.457386 11.076649 63.122943 14.429935
27.084121 149.975554 73.456392 11.080332 63.127360 14.432711
27.083543 149.975575 73.455398 11.084018 63.131779 14.435488
27.082964 149.975596 73.454402 11.087705 63.136196 14.438267
27.082386 149.975617 73.453408 11.091391 63.140614 14.441046
27.081807 149.975637 73.452414 11.095080 63.145032 14.443826
27.081228 149.975658 73.451419 11.098768 63.149449 14.446607
27.080650 149.975679 73.450425 11.102459 63.153867 14.449389
27.080071 149.975700 73.449430 11.106149 63.158284 14.452172
27.079493 149.975721 73.448436 11.109842 63.162701 14.454957
27.078914 149.975742 73.447441 11.113533 63.167118 14.457741
27.078336 149.975763 73.446446 11.117228 63.171536 14.460527
27.077757 149.975784 73.445451 11.120921 63.175952 14.463313
27.077177 149.975805 73.444457 11.124617 63.180370 14.466101
27.076598 149.975826 73.443462 11.128314 63.184786 14.468889
27.076020 149.975847 73.442466 11.132010 63.189204 14.471679
27.075441 149.975868 73.441472 11.135709 63.193620 14.474469
27.074862 149.975889 73.440477 11.139408 63.198037 14.477260
27.074283 149.975910 73.439482 11.143108 63.202453 14.480053
27.073704 149.975931 73.438487 11.146810 63.206870 14.482847
27.073125 149.975952 73.437492 11.150511 63.211287 14.485640
27.072545 149.975973 73.436496 11.154214 63.215704 14.488435
27.071966 149.975994 73.435501 11.157917 63.220120 14.491230
27.071386 149.976015 73.434506 11.161621 63.224535 14.494027
27.070807 149.976035 73.433510 11.165328 63.228952 14.496825
27.070228 149.976056 73.432515 11.169034 63.233368 14.499623
27.069648 149.976077 73.431520 11.172741 63.237784 14.502423
27.069069 149.976099 73.430525 11.176449 63.242200 14.505224
27.068490 149.976120 73.429529 11.180158 63.246617 14.508026
27.067909 149.976141 73.428534 11.183868 63.251032 14.510827
27.067330 149.976162 73.427538 11.187579 63.255447 14.513630
27.066750 149.976183 73.426542 11.191291 63.259864 14.516435
27.066170 149.976204 73.425546 11.195004 63.264279 14.519239
27.065591 149.976225 73.424552 11.198718 63.268695 14.522046
27.065011 149.976246 73.423556 11.202433 63.273110 14.524852
27.064431 149.976267 73.422560 11.206148 63.277525 14.527660
27.063851 149.976288 73.421564 11.209865 63.281941 14.530470
27.063271 149.976309 73.420568 11.213583 63.286356 14.533280
27.062691 149.976330 73.419572 11.217301 63.290772 14.536091
27.062111 149.976351 73.418576 11.221021 63.295187 14.538902
27.061531 149.976372 73.417581 11.224741 63.299601 14.541714
27.060951 149.976393 73.416584 11.228463 63.304017 14.544528
27.060371 149.976414 73.415589 11.232185 63.308431 14.547342
27.059791 149.976435 73.414592 11.235907 63.312846 14.550157
27.059210 149.976456 73.413596 11.239632 63.317261 14.552973
27.058629 149.976477 73.412600 11.243357 63.321676 14.555792
27.058049 149.976498 73.411604 11.247083 63.326090 14.558610
27.057469 149.976519 73.410608 11.250811 63.330505 14.561429
27.056888 149.976540 73.409611 11.254537 63.334919 14.564248
27.056308 149.976561 73.408615 11.258266 63.339333 14.567069
27.055727 149.976582 73.407619 11.261997 63.343748 14.569892
27.055147 149.976603 73.406622 11.265726 63.348162 14.572714
27.054566 149.976624 73.405626 11.269458 63.352576 14.575537
27.053985 149.976645 73.404629 11.273190 63.356991 14.578362
27.053404 149.976666 73.403632 11.276924 63.361405 14.581189
27.052823 149.976687 73.402635 11.280658 63.365818 14.584015
27.052243 149.976708 73.401639 11.284393 63.370232 14.586842
27.051662 149.976729 73.400642 11.288130 63.374647 14.589671
27.051081 149.976750 73.399646 11.291866 63.379060 14.592500
27.050500 149.976771 73.398649 11.295605 63.383473 14.595330
27.049919 149.976792 73.397651 11.299344 63.387888 14.598161
27.049337 149.976813 73.396655 11.303084 63.392301 14.600994
27.048756 149.976834 73.395658 11.306824 63.396714 14.603826
27.048175 149.976855 73.394661 11.310565 63.401127 14.606661
27.047594 149.976876 73.393664 11.314309 63.405541 14.609497
27.047013 149.976897 73.392667 11.318052 63.409954 14.612332
27.046432 149.976918 73.391670 11.321796 63.414367 14.615169
27.045850 149.976939 73.390672 11.325543 63.418780 14.618007
27.045268 149.976960 73.389675 11.329289 63.423193 14.620845
27.044687 149.976981 73.388678 11.333036 63.427607 14.623685
27.044105 149.977002 73.387681 11.336784 63.432019 14.626525
27.043524 149.977024 73.386683 11.340534 63.436432 14.629367
27.042942 149.977045 73.385686 11.344284 63.440844 14.632210
27.042361 149.977066 73.384689 11.348035 63.445257 14.635053
27.041779 149.977087 73.383691 11.351787 63.449670 14.637898
27.041198 149.977108 73.382694 11.355540 63.454083 14.640743
27.040615 149.977129 73.381696 11.359294 63.458495 14.643589
27.040033 149.977150 73.380699 11.363050 63.462907 14.646437
27.039452 149.977171 73.379701 11.366806 63.467319 14.649285
27.038870 149.977192 73.378703 11.370563 63.471732 14.652134
27.038288 149.977213 73.377705 11.374321 63.476144 14.654984
27.037706 149.977234 73.376707 11.378079 63.480556 14.657836
27.037124 149.977255 73.375710 11.381839 63.484968 14.660688
27.036542 149.977276 73.374712 11.385599 63.489380 14.663541
27.035959 149.977297 73.373714 11.389361 63.493791 14.666395
27.035377 149.977318 73.372716 11.393123 63.498203 14.669249
27.034795 149.977339 73.371718 11.396886 63.502615 14.672105
27.034212 149.977360 73.370719 11.400651 63.507027 14.674962
27.033630 149.977382 73.369721 11.404416 63.511438 14.677819
27.033048 149.977403 73.368723 11.408183 63.515850 14.680678
27.032466 149.977425 73.367725 11.411950 63.520261 14.683538
27.031883 149.977446 73.366727 11.415718 63.524672 14.686399
27.031300 149.977467 73.365728 11.419486 63.529083 14.689260
27.030717 149.977488 73.364730 11.423257 63.533494 14.692122
27.030135 149.977509 73.363732 11.427028 63.537905 14.694986
27.029552 149.977530 73.362734 11.430801 63.542317 14.697851
27.028970 149.977551 73.361735 11.434573 63.546728 14.700716
27.028387 149.977572 73.360736 11.438347 63.551139 14.703582
27.027804 149.977593 73.359738 11.442123 63.555549 14.706449
27.027222 149.977614 73.358739 11.445898 63.559960 14.709318
27.026638 149.977636 73.357740 11.449675 63.564371 14.712187
27.026055 149.977657 73.356742 11.453452 63.568781 14.715057
27.025472 149.977678 73.355744 11.457231 63.573192 14.717928
27.024889 149.977699 73.354744 11.461010 63.577602 14.720800
27.024306 149.977720 73.353746 11.464791 63.582012 14.723673
27.023723 149.977741 73.352746 11.468572 63.586423 14.726546
27.023140 149.977762 73.351748 11.472355 63.590833 14.729422
27.022557 149.977783 73.350749 11.476138 63.595243 14.732298
27.021973 149.977804 73.349750 11.479923 63.599653 14.735175
27.021390 149.977826 73.348751 11.483708 63.604063 14.738053
27.020806 149.977847 73.347752 11.487494 63.608473 14.740931
27.020223 149.977868 73.346753 11.491282 63.612883 14.743811
27.019640 149.977889 73.345753 11.495070 63.617292 14.746691
27.019056 149.977910 73.344754 11.498858 63.621702 14.749573
27.018473 149.977931 73.343755 11.502650 63.626112 14.752456
27.017888 149.977952 73.342755 11.506440 63.630521 14.755339
27.017305 149.977973 73.341756 11.510232 63.634931 14.758224
27.016721 149.977994 73.340756 11.514025 63.639340 14.761110
27.016138 149.978016 73.339757 11.517818 63.643749 14.763996
27.015554 149.978037 73.338757 11.521615 63.648159 14.766884
27.014970 149.978058 73.337757 11.525410 63.652568 14.769772
27.014386 149.978079 73.336758 11.529207 63.656977 14.772661
27.013803 149.978100 73.335758 11.533005 63.661386 14.775551
27.013218 149.978121 73.334758 11.536803 63.665795 14.778442
27.012634 149.978142 73.333759 11.540603 63.670204 14.781335
27.012050 149.978164 73.332758 11.544404 63.674613 14.784229
27.011466 149.978185 73.331759 11.548206 63.679021 14.787123
27.010882 149.978206 73.330759 11.552008 63.683429 14.790017
27.010298 149.978227 73.329759 11.555811 63.687838 14.792914
27.009714 149.978248 73.328759 11.559616 63.692246 14.795811
27.009129 149.978269 73.327759 11.563422 63.696655 14.798709
27.008544 149.978291 73.326758 11.567228 63.701063 14.801608
27.007960 149.978312 73.325758 11.571035 63.705472 14.804507
27.007376 149.978333 73.324758 11.574843 63.709880 14.807408
27.006791 149.978354 73.323758 11.578653 63.714288 14.810311
27.006207 149.978375 73.322757 11.582464 63.718696 14.813214
27.005622 149.978396 73.321758 11.586276 63.723104 14.816118
27.005038 149.978418 73.320757 11.590086 63.727511 14.819022
27.004452 149.978439 73.319756 11.593900 63.731919 14.821928
27.003868 149.978460 73.318755 11.597715 63.736327 14.824835
27.003283 149.978481 73.317755 11.601529 63.740735 14.827742
27.002698 149.978502 73.316754 11.605346 63.745142 14.830651
27.002114 149.978523 73.315754 11.609164 63.749550 14.833562
27.001529 149.978545 73.314753 11.612980 63.753957 14.836472
27.000944 149.978566 73.313753 11.616800 63.758364 14.839384
27.000359 149.978587 73.312751 11.620619 63.762772 14.842296
26.999773 149.978608 73.311751 11.624441 63.767179 14.845210
26.999188 149.978629 73.310750 11.628262 63.771586 14.848125
26.998603 149.978651 73.309749 11.632086 63.775993 14.851041
26.998018 149.978672 73.308748 11.635909 63.780400 14.853956
26.997433 149.978693 73.307747 11.639735 63.784807 14.856874
26.996848 149.978714 73.306746 11.643560 63.789214 14.859794
26.996263 149.978735 73.305745 11.647388 63.793621 14.862714
26.995677 149.978757 73.304743 11.651216 63.798027 14.865634
26.995091 149.978778 73.303742 11.655043 63.802433 14.868555
26.994506 149.978799 73.302741 11.658874 63.806840 14.871477
26.993920 149.978820 73.301740 11.662705 63.811247 14.874401
26.993335 149.978841 73.300739 11.666536 63.815653 14.877325
26.992750 149.978864 73.299737 11.670368 63.820059 14.880250
26.992164 149.978885 73.298735 11.674202 63.824465 14.883176
26.991578 149.978906 73.297734 11.678038 63.828871 14.886105
26.990992 149.978927 73.296732 11.681873 63.833278 14.889033
26.990406 149.978948 73.295731 11.685709 63.837683 14.891962
26.989820 149.978970 73.294729 11.689547 63.842089 14.894892
26.989235 149.978991 73.293727 11.693385 63.846495 14.897824
26.988649 149.979012 73.292725 11.697225 63.850901 14.900756
26.988063 149.979033 73.291724 11.701065 63.855306 14.903689
26.987477 149.979055 73.290721 11.704907 63.859712 14.906623
26.986891 149.979076 73.289720 11.708749 63.864118 14.909559
26.986304 149.979097 73.288718 11.712592 63.868523 14.912495
26.985718 149.979118 73.287716 11.716437 63.872928 14.915432
26.985132 149.979140 73.286714 11.720283 63.877334 14.918371
26.984546 149.979161 73.285712 11.724129 63.881738 14.921310
26.983960 149.979182 73.284710 11.727977 63.886144 14.924250
26.983373 149.979203 73.283707 11.731826 63.890549 14.927191
26.982787 149.979225 73.282705 11.735674 63.894955 14.930133
26.982200 149.979246 73.281703 11.739524 63.899359 14.933076
26.981614 149.979267 73.280700 11.743376 63.903764 14.936021
26.981027 149.979288 73.279697 11.747228 63.908168 14.938966
26.980441 149.979310 73.278696 11.751081 63.912573 14.941912
26.979854 149.979331 73.277693 11.754936 63.916978 14.944859
26.979268 149.979352 73.276690 11.758791 63.921382 14.947807
26.978681 149.979373 73.275688 11.762647 63.925787 14.950756
26.978094 149.979395 73.274685 11.766505 63.930191 14.953706
26.977507 149.979416 73.273682 11.770363 63.934595 14.956657
26.976920 149.979437 73.272679 11.774222 63.939000 14.959609
26.976333 149.979458 73.271677 11.778083 63.943404 14.962564
26.975746 149.979480 73.270673 11.781943 63.947808 14.965517
26.975159 149.979501 73.269670 11.785806 63.952212 14.968473
26.974573 149.979522 73.268668 11.789668 63.956615 14.971428
26.973986 149.979544 73.267665 11.793534 63.961019 14.974386
26.973399 149.979565 73.266662 11.797398 63.965424 14.977344
26.972811 149.979586 73.265659 11.801264 63.969827 14.980302
26.972223 149.979607 73.264655 11.805132 63.974231 14.983263
26.971636 149.979629 73.263652 11.808999 63.978634 14.986224
26.971049 149.979650 73.262649 11.812868 63.983037 14.989186
26.970462 149.979671 73.261646 11.816739 63.987440 14.992149
26.969875 149.979693 73.260642 11.820610 63.991844 14.995113
26.969287 149.979714 73.259638 11.824481 63.996247 14.998078
26.968699 149.979735 73.258635 11.828354 64.000650 15.001044
26.968111 149.979757 73.257631 11.832228 64.005054 15.004011
26.967524 149.979778 73.256628 11.836105 64.009456 15.006979
26.966936 149.979799 73.255624 11.839981 64.013859 15.009948
26.966349 149.979820 73.254621 11.843857 64.018262 15.012919
26.965761 149.979842 73.253616 11.847736 64.022665 15.015890
26.965174 149.979863 73.252613 11.851614 64.027067 15.018862
26.964586 149.979884 73.251609 11.855495 64.031470 15.021835
26.963997 149.979906 73.250605 11.859375 64.035872 15.024809
26.963409 149.979927 73.249601 11.863258 64.040275 15.027784
26.962822 149.979948 73.248597 11.867141 64.044677 15.030760
26.962234 149.979970 73.247593 11.871025 64.049080 15.033738
26.961646 149.979991 73.246589 11.874910 64.053481 15.036716
26.961058 149.980012 73.245585 11.878797 64.057884 15.039696
26.960470 149.980034 73.244581 11.882682 64.062286 15.042675
26.959881 149.980055 73.243576 11.886571 64.066688 15.045656
26.959293 149.980076 73.242572 11.890460 64.071090 15.048638
26.958705 149.980098 73.241568 11.894350 64.075491 15.051621
26.958116 149.980119 73.240563 11.898240 64.079893 15.054605
26.957528 149.980140 73.239558 11.902133 64.084294 15.057590
26.956940 149.980162 73.238554 11.906026 64.088696 15.060577
26.956351 149.980184 73.237550 11.909921 64.093097 15.063565
26.955762 149.980205 73.236545 11.913815 64.097500 15.066553
26.955174 149.980227 73.235540 11.917712 64.101900 15.069542
26.954585 149.980248 73.234536 11.921608 64.106302 15.072532
26.953997 149.980270 73.233530 11.925507 64.110703 15.075524
26.953408 149.980291 73.232526 11.929405 64.115104 15.078515
26.952819 149.980312 73.231521 11.933306 64.119505 15.081509
26.952231 149.980334 73.230516 11.937206 64.123906 15.084503
26.951642 149.980355 73.229511 11.941110 64.128307 15.087500
26.951052 149.980376 73.228506 11.945012 64.132708 15.090496
26.950464 149.980398 73.227501 11.948917 64.137108 15.093493
26.949875 149.980419 73.226496 11.952822 64.141509 15.096491
26.949286 149.980441 73.225491 11.956727 64.145910 15.099490
26.948697 149.980462 73.224486 11.960635 64.150310 15.102491
26.948108 149.980483 73.223480 11.964543 64.154711 15.105492
26.947519 149.980505 73.222475 11.968452 64.159111 15.108494
26.946929 149.980526 73.221470 11.972361 64.163511 15.111497
26.946340 149.980547 73.220464 11.976273 64.167911 15.114503
26.945750 149.980569 73.219458 11.980186 64.172311 15.117509
26.945161 149.980590 73.218452 11.984099 64.176711 15.120515
26.944572 149.980612 73.217447 11.988013 64.181111 15.123523
26.943983 149.980633 73.216442 11.991928 64.185511 15.126531
26.943393 149.980654 73.215436 11.995844 64.189910 15.129540
26.942804 149.980676 73.214429 11.999762 64.194311 15.132551
26.942213 149.980697 73.213424 12.003680 64.198710 15.135563
26.941624 149.980719 73.212418 12.007599 64.203109 15.138576
26.941034 149.980740 73.211412 12.011520 64.207509 15.141590
26.940445 149.980762 73.210407 12.015441 64.211908 15.144605
26.939855 149.980783 73.209400 12.019364 64.216307 15.147620
26.939265 149.980804 73.208394 12.023288 64.220707 15.150637
26.938676 149.980826 73.207388 12.027212 64.225106 15.153655
26.938085 149.980847 73.206381 12.031136 64.229505 15.156673
26.937495 149.980869 73.205375 12.035063 64.233904 15.159693
26.936905 149.980890 73.204369 12.038991 64.238303 15.162715
26.936315 149.980912 73.203363 12.042920 64.242702 15.165737
26.935726 149.980933 73.202356 12.046848 64.247100 15.168759
26.935136 149.980954 73.201350 12.050779 64.251499 15.171783
26.934545 149.980976 73.200343 12.054711 64.255898 15.174809
26.933954 149.980997 73.199336 12.058643 64.260296 15.177834
26.933364 149.981019 73.198329 12.062577 64.264695 15.180861
26.932774 149.981040 73.197324 12.066510 64.269093 15.183888
26.932184 149.981062 73.196317 12.070446 64.273491 15.186918
26.931594 149.981083 73.195309 12.074383 64.277890 15.189949
26.931003 149.981105 73.194303 12.078321 64.282288 15.192980
26.930413 149.981126 73.193296 12.082259 64.286685 15.196012
26.929823 149.981147 73.192289 12.086199 64.291083 15.199045
26.929231 149.981169 73.191282 12.090139 64.295481 15.202079
26.928640 149.981190 73.190275 12.094083 64.299879 15.205115
26.928050 149.981212 73.189267 12.098025 64.304277 15.208151
26.927459 149.981233 73.188261 12.101968 64.308674 15.211188
26.926869 149.981255 73.187254 12.105914 64.313072 15.214228
26.926278 149.981276 73.186246 12.109859 64.317469 15.217267
26.925687 149.981298 73.185238 12.113806 64.321866 15.220307
26.925096 149.981319 73.184231 12.117754 64.326264 15.223349
26.924505 149.981341 73.183224 12.121702 64.330662 15.226391
26.923914 149.981362 73.182216 12.125654 64.335058 15.229435
26.923323 149.981384 73.181209 12.129604 64.339455 15.232479
26.922732 149.981405 73.180201 12.133556 64.343852 15.235525
26.922141 149.981427 73.179193 12.137509 64.348249 15.238572
26.921550 149.981448 73.178185 12.141463 64.352646 15.241620
26.920958 149.981470 73.177178 12.145419 64.357043 15.244669
26.920367 149.981491 73.176170 12.149375 64.361440 15.247719
26.919776 149.981513 73.175162 12.153332 64.365836 15.250770
26.919184 149.981534 73.174154 12.157290 64.370233 15.253821
26.918593 149.981556 73.173146 12.161248 64.374629 15.256874
26.918002 149.981577 73.172138 12.165208 64.379026 15.259928
26.917410 149.981599 73.171130 12.169170 64.383422 15.262983
26.916819 149.981621 73.170121 12.173133 64.387818 15.266040
26.916227 149.981643 73.169114 12.177096 64.392214 15.269097
26.915635 149.981664 73.168106 12.181059 64.396610 15.272154
26.915043 149.981686 73.167097 12.185025 64.401006 15.275214
26.914452 149.981707 73.166088 12.188992 64.405402 15.278274
26.913860 149.981729 73.165080 12.192961 64.409798 15.281336
26.913268 149.981750 73.164072 12.196928 64.414194 15.284398
26.912677 149.981772 73.163063 12.200899 64.418589 15.287461
26.912084 149.981793 73.162055 12.204868 64.422985 15.290526
26.911492 149.981815 73.161046 12.208841 64.427380 15.293592
26.910900 149.981837 73.160037 12.212813 64.431776 15.296658
26.910308 149.981858 73.159029 12.216787 64.436171 15.299726
26.909716 149.981880 73.158020 12.220761 64.440566 15.302794
26.909124 149.981901 73.157010 12.224738 64.444961 15.305864
26.908532 149.981923 73.156001 12.228714 64.449357 15.308935
26.907939 149.981944 73.154993 12.232692 64.453752 15.312006
26.907347 149.981966 73.153984 12.236672 64.458146 15.315080
26.906755 149.981987 73.152974 12.240651 64.462541 15.318154
26.906163 149.982009 73.151965 12.244632 64.466936 15.321229
26.905570 149.982031 73.150956 12.248615 64.471331 15.324305
26.904978 149.982052 73.149947 12.252598 64.475725 15.327382
26.904386 149.982074 73.148937 12.256582 64.480120 15.330460
26.903792 149.982095 73.147928 12.260567 64.484514 15.333539
26.903200 149.982117 73.146919 12.264552 64.488908 15.336619
26.902607 149.982138 73.145909 12.268539 64.493302 15.339701
26.902015 149.982160 73.144899 12.272528 64.497696 15.342783
26.901422 149.982182 73.143890 12.276517 64.502090 15.345866
26.900830 149.982203 73.142880 12.280507 64.506485 15.348951
26.900237 149.982225 73.141871 12.284499 64.510879 15.352036
26.899644 149.982246 73.140861 12.288492 64.515272 15.355123
26.899050 149.982268 73.139851 12.292485 64.519666 15.358210
26.898457 149.982290 73.138841 12.296480 64.524060 15.361299
26.897865 149.982311 73.137831 12.300476 64.528454 15.364390
26.897272 149.982333 73.136821 12.304473 64.532847 15.367481
26.896679 149.982354 73.135810 12.308471 64.537241 15.370573
26.896086 149.982376 73.134801 12.312469 64.541634 15.373665
26.895493 149.982398 73.133790 12.316469 64.546027 15.376759
26.894899 149.982419 73.132780 12.320470 64.550420 15.379854
26.894305 149.982441 73.131770 12.324473 64.554813 15.382950
26.893712 149.982462 73.130759 12.328475 64.559207 15.386047
26.893119 149.982484 73.129749 12.332480 64.563600 15.389146
26.892526 149.982506 73.128738 12.336484 64.567993 15.392246
26.891932 149.982527 73.127728 12.340491 64.572386 15.395346
26.891339 149.982549 73.126718 12.344497 64.576778 15.398447
26.890745 149.982571 73.125707 12.348506 64.581170 15.401550
26.890151 149.982592 73.124696 12.352515 64.585563 15.404653
26.889558 149.982614 73.123685 12.356526 64.589956 15.407758
26.888964 149.982636 73.122675 12.360537 64.594348 15.410864
26.888370 149.982657 73.121664 12.364551 64.598741 15.413971
26.887777 149.982679 73.120653 12.368563 64.603132 15.417079
26.887183 149.982700 73.119642 12.372578 64.607524 15.420188
26.886588 149.982722 73.118631 12.376595 64.611917 15.423298
26.885995 149.982744 73.117620 12.380611 64.616309 15.426409
26.885401 149.982765 73.116608 12.384629 64.620701 15.429521
26.884807 149.982787 73.115597 12.388647 64.625092 15.432634
26.884213 149.982809 73.114586 12.392667 64.629484 15.435748
26.883619 149.982830 73.113575 12.396689 64.633876 15.438864
26.883025 149.982853 73.112563 12.400711 64.638268 15.441981
26.882430 149.982875 73.111552 12.404734 64.642658 15.445098
26.881836 149.982896 73.110540 12.408758 64.647050 15.448217
26.881242 149.982918 73.109529 12.412783 64.651441 15.451336
26.880647 149.982940 73.108517 12.416810 64.655833 15.454457
26.880053 149.982962 73.107506 12.420837 64.660223 15.457579
26.879459 149.982983 73.106493 12.424866 64.664615 15.460702
26.878865 149.983005 73.105482 12.428894 64.669006 15.463825
26.878269 149.983027 73.104470 12.432925 64.673397 15.466951
26.877675 149.983048 73.103458 12.436956 64.677787 15.470077
