-57.116309 150.988202 37.986548 175.681907 25.355984 172.562005
-57.117092 150.987995 37.987554 175.683347 25.346016 172.562617
-57.117874 150.987789 37.988560 175.684786 25.336050 172.563228
-57.118658 150.987583 37.989568 175.686226 25.326083 172.563838
-57.119441 150.987376 37.990576 175.687665 25.316116 172.564449
-57.120224 150.987170 37.991585 175.689104 25.306149 172.565059
-57.121008 150.986963 37.992594 175.690542 25.296182 172.565669
-57.121791 150.986757 37.993604 175.691980 25.286215 172.566278
-57.122575 150.986551 37.994616 175.693418 25.276248 172.566887
-57.123359 150.986344 37.995628 175.694856 25.266280 172.567496
-57.124143 150.986138 37.996641 175.696294 25.256313 172.568105
-57.124926 150.985932 37.997654 175.697731 25.246346 172.568713
-57.125710 150.985725 37.998668 175.699169 25.236379 172.569321
-57.126494 150.985519 37.999683 175.700606 25.226411 172.569928
-57.127279 150.985311 38.000698 175.702042 25.216445 172.570535
-57.128063 150.985105 38.001714 175.703479 25.206477 172.571142
-57.128848 150.984899 38.002732 175.704915 25.196509 172.571750
-57.129632 150.984692 38.003749 175.706351 25.186542 172.572356
-57.130417 150.984486 38.004768 175.707787 25.176574 172.572962
-57.131202 150.984280 38.005788 175.709222 25.166607 172.573568
-57.131987 150.984072 38.006808 175.710657 25.156640 172.574173
-57.132772 150.983866 38.007829 175.712093 25.146672 172.574778
-57.133557 150.983659 38.008851 175.713527 25.136704 172.575382
-57.134342 150.983453 38.009872 175.714962 25.126736 172.575987
-57.135128 150.983246 38.010896 175.716396 25.116769 172.576591
-57.135912 150.983039 38.011920 175.717831 25.106801 172.577194
-57.136699 150.982833 38.012945 175.719265 25.096833 172.577798
-57.137484 150.982626 38.013971 175.720698 25.086865 172.578401
-57.138270 150.982419 38.014996 175.722132 25.076897 172.579003
-57.139056 150.982213 38.016023 175.723565 25.066930 172.579606
-57.139842 150.982006 38.017051 175.724998 25.056961 172.580208
-57.140628 150.981799 38.018079 175.726431 25.046993 172.580809
-57.141414 150.981593 38.019109 175.727863 25.037025 172.581412
-57.142200 150.981385 38.020139 175.729296 25.027057 172.582013
-57.142987 150.981179 38.021169 175.730728 25.017089 172.582613
-57.143773 150.980973 38.022201 175.732160 25.007120 172.583214
-57.144559 150.980765 38.023233 175.733591 24.997153 172.583814
-57.145346 150.980559 38.024266 175.735023 24.987185 172.584414
-57.146133 150.980351 38.025300 175.736454 24.977217 172.585013
-57.146920 150.980145 38.026334 175.737885 24.967248 172.585612
-57.147707 150.979938 38.027370 175.739315 24.957280 172.586211
-57.148494 150.979731 38.028406 175.740746 24.947311 172.586810
-57.149281 150.979525 38.029443 175.742176 24.937343 172.587409
-57.150069 150.979318 38.030480 175.743606 24.927375 172.588007
-57.150857 150.979110 38.031519 175.745036 24.917406 172.588604
-57.151644 150.978904 38.032557 175.746466 24.907438 172.589201
-57.152432 150.978696 38.033597 175.747895 24.897469 172.589798
-57.153220 150.978490 38.034638 175.749324 24.887501 172.590395
-57.154007 150.978283 38.035679 175.750753 24.877532 172.590991
-57.154795 150.978076 38.036721 175.752182 24.867562 172.591588
-57.155583 150.977869 38.037764 175.753610 24.857594 172.592183
-57.156371 150.977663 38.038807 175.755038 24.847625 172.592779
-57.157160 150.977455 38.039852 175.756466 24.837657 172.593374
-57.157948 150.977248 38.040896 175.757894 24.827688 172.593968
-57.158737 150.977041 38.041943 175.759322 24.817719 172.594562
-57.159526 150.976834 38.042989 175.760749 24.807750 172.595157
-57.160314 150.976627 38.044036 175.762176 24.797781 172.595751
-57.161103 150.976420 38.045084 175.763603 24.787812 172.596344
-57.161892 150.976213 38.046133 175.765029 24.777843 172.596937
-57.162681 150.976006 38.047182 175.766456 24.767874 172.597530
-57.163470 150.975799 38.048233 175.767882 24.757905 172.598124
-57.164259 150.975592 38.049284 175.769308 24.747936 172.598716
-57.165048 150.975384 38.050335 175.770734 24.737967 172.599307
-57.165838 150.975177 38.051388 175.772159 24.727998 172.599899
-57.166628 150.974971 38.052441 175.773584 24.718029 172.600490
-57.167418 150.974763 38.053495 175.775010 24.708059 172.601082
-57.168207 150.974556 38.054550 175.776434 24.698090 172.601672
-57.168997 150.974348 38.055606 175.777859 24.688121 172.602262
-57.169787 150.974141 38.056662 175.779283 24.678151 172.602852
-57.170577 150.973935 38.057719 175.780707 24.668182 172.603441
-57.171367 150.973727 38.058777 175.782131 24.658213 172.604032
-57.172157 150.973520 38.059835 175.783555 24.648243 172.604621
-57.172948 150.973313 38.060894 175.784979 24.638274 172.605209
-57.173739 150.973105 38.061954 175.786402 24.628304 172.605797
-57.174529 150.972898 38.063015 175.787825 24.618334 172.606386
-57.175320 150.972690 38.064076 175.789248 24.608364 172.606974
-57.176111 150.972484 38.065138 175.790670 24.598395 172.607561
-57.176901 150.972277 38.066201 175.792093 24.588426 172.608148
-57.177692 150.972069 38.067265 175.793515 24.578456 172.608736
-57.178484 150.971862 38.068329 175.794937 24.568486 172.609322
-57.179276 150.971654 38.069394 175.796358 24.558516 172.609908
-57.180067 150.971447 38.070460 175.797780 24.548547 172.610494
-57.180859 150.971240 38.071527 175.799201 24.538576 172.611080
-57.181650 150.971032 38.072595 175.800622 24.528607 172.611665
-57.182442 150.970825 38.073663 175.802043 24.518637 172.612250
-57.183234 150.970617 38.074732 175.803464 24.508666 172.612835
-57.184026 150.970410 38.075801 175.804884 24.498697 172.613419
-57.184818 150.970203 38.076872 175.806304 24.488726 172.614003
-57.185610 150.969995 38.077943 175.807724 24.478757 172.614587
-57.186402 150.969788 38.079015 175.809144 24.468786 172.615171
-57.187194 150.969580 38.080087 175.810563 24.458816 172.615753
-57.187987 150.969372 38.081160 175.811982 24.448846 172.616336
-57.188779 150.969165 38.082234 175.813401 24.438876 172.616919
-57.189572 150.968957 38.083309 175.814820 24.428905 172.617501
-57.190365 150.968750 38.084384 175.816239 24.418936 172.618083
-57.191158 150.968542 38.085460 175.817657 24.408965 172.618665
-57.191951 150.968335 38.086538 175.819075 24.398995 172.619246
-57.192744 150.968127 38.087616 175.820493 24.389025 172.619826
-57.193537 150.967919 38.088694 175.821911 24.379054 172.620408
-57.194331 150.967712 38.089773 175.823328 24.369084 172.620988
-57.195124 150.967505 38.090853 175.824745 24.359113 172.621567
-57.195918 150.967297 38.091934 175.826163 24.349143 172.622148
-57.196712 150.967089 38.093016 175.827579 24.339172 172.622727
-57.197505 150.966881 38.094097 175.828996 24.329202 172.623305
-57.198299 150.966674 38.095180 175.830412 24.319231 172.623885
-57.199094 150.966467 38.096263 175.831828 24.309260 172.624463
-57.199887 150.966258 38.097348 175.833244 24.299290 172.625041
-57.200681 150.966051 38.098433 175.834660 24.289319 172.625619
-57.201476 150.965843 38.099519 175.836076 24.279348 172.626196
-57.202271 150.965635 38.100605 175.837491 24.269378 172.626774
-57.203065 150.965428 38.101693 175.838906 24.259407 172.627351
-57.203859 150.965220 38.102780 175.840321 24.249436 172.627927
-57.204654 150.965012 38.103869 175.841735 24.239465 172.628504
-57.205449 150.964804 38.104960 175.843150 24.229494 172.629079
-57.206244 150.964597 38.106049 175.844564 24.219523 172.629655
-57.207039 150.964389 38.107141 175.845978 24.209552 172.630231
-57.207834 150.964181 38.108232 175.847392 24.199581 172.630805
-57.208629 150.963973 38.109324 175.848805 24.189610 172.631380
-57.209426 150.963765 38.110418 175.850218 24.179639 172.631954
-57.210220 150.963557 38.111511 175.851632 24.169668 172.632528
-57.211016 150.963350 38.112606 175.853044 24.159697 172.633103
-57.211812 150.963141 38.113702 175.854457 24.149725 172.633676
-57.212608 150.962934 38.114798 175.855870 24.139754 172.634249
-57.213404 150.962725 38.115894 175.857282 24.129783 172.634822
-57.214200 150.962518 38.116992 175.858694 24.119812 172.635395
-57.214996 150.962310 38.118090 175.860106 24.109841 172.635967
-57.215792 150.962102 38.119189 175.861517 24.099869 172.636538
-57.216588 150.961894 38.120289 175.862929 24.089898 172.637110
-57.217385 150.961686 38.121390 175.864340 24.079927 172.637681
-57.218182 150.961478 38.122490 175.865750 24.069956 172.638253
-57.218979 150.961271 38.123593 175.867161 24.059983 172.638823
-57.219776 150.961062 38.124695 175.868572 24.050012 172.639394
-57.220572 150.960854 38.125798 175.869982 24.040041 172.639964
-57.221370 150.960646 38.126903 175.871392 24.030069 172.640534
-57.222167 150.960438 38.128008 175.872802 24.020098 172.641103
-57.222964 150.960230 38.129113 175.874211 24.010127 172.641673
-57.223761 150.960022 38.130219 175.875621 24.000154 172.642241
-57.224559 150.959814 38.131327 175.877030 23.990183 172.642810
-57.225357 150.959605 38.132434 175.878439 23.980211 172.643378
-57.226155 150.959398 38.133543 175.879848 23.970240 172.643945
-57.226952 150.959190 38.134652 175.881256 23.960267 172.644513
-57.227750 150.958981 38.135762 175.882665 23.950296 172.645080
-57.228548 150.958773 38.136872 175.884073 23.940324 172.645648
-57.229347 150.958565 38.137984 175.885481 23.930352 172.646214
-57.230145 150.958357 38.139096 175.886888 23.920380 172.646781
-57.230943 150.958149 38.140209 175.888296 23.910409 172.647346
-57.231741 150.957940 38.141322 175.889703 23.900436 172.647913
-57.232540 150.957733 38.142436 175.891110 23.890464 172.648478
-57.233338 150.957524 38.143551 175.892517 23.880493 172.649043
-57.234138 150.957316 38.144667 175.893924 23.870520 172.649608
-57.234936 150.957108 38.145784 175.895330 23.860548 172.650172
-57.235736 150.956899 38.146900 175.896736 23.850576 172.650737
-57.236534 150.956691 38.148019 175.898142 23.840604 172.651301
-57.237334 150.956482 38.149137 175.899548 23.830632 172.651865
-57.238133 150.956275 38.150256 175.900953 23.820659 172.652427
-57.238932 150.956066 38.151376 175.902359 23.810688 172.652991
-57.239732 150.955858 38.152497 175.903764 23.800715 172.653553
-57.240531 150.955650 38.153618 175.905169 23.790743 172.654116
-57.241332 150.955441 38.154740 175.906573 23.780770 172.654677
-57.242131 150.955233 38.155863 175.907978 23.770798 172.655240
-57.242930 150.955024 38.156986 175.909382 23.760826 172.655802
-57.243731 150.954816 38.158110 175.910786 23.750854 172.656362
-57.244531 150.954608 38.159235 175.912190 23.740881 172.656923
-57.245332 150.954399 38.160361 175.913594 23.730908 172.657483
-57.246132 150.954191 38.161487 175.914997 23.720936 172.658044
-57.246932 150.953982 38.162614 175.916400 23.710963 172.658603
-57.247733 150.953774 38.163741 175.917803 23.700991 172.659164
-57.248533 150.953566 38.164870 175.919206 23.691018 172.659723
-57.249334 150.953357 38.165999 175.920609 23.681045 172.660282
-57.250135 150.953149 38.167129 175.922011 23.671073 172.660841
-57.250936 150.952940 38.168259 175.923413 23.661100 172.661399
-57.251737 150.952731 38.169391 175.924815 23.651127 172.661957
-57.252538 150.952522 38.170522 175.926217 23.641155 172.662515
-57.253339 150.952314 38.171654 175.927618 23.631182 172.663072
-57.254141 150.952106 38.172787 175.929019 23.621209 172.663630
-57.254942 150.951897 38.173922 175.930421 23.611236 172.664186
-57.255744 150.951689 38.175056 175.931821 23.601263 172.664743
-57.256546 150.951480 38.176192 175.933222 23.591290 172.665300
-57.257346 150.951271 38.177328 175.934622 23.581317 172.665855
-57.258149 150.951063 38.178464 175.936023 23.571345 172.666411
-57.258950 150.950854 38.179602 175.937423 23.561372 172.666967
-57.259753 150.950646 38.180740 175.938823 23.551398 172.667521
-57.260554 150.950436 38.181879 175.940222 23.541425 172.668077
-57.261357 150.950228 38.183018 175.941622 23.531453 172.668631
-57.262160 150.950020 38.184158 175.943021 23.521479 172.669185
-57.262962 150.949811 38.185299 175.944420 23.511506 172.669739
-57.263765 150.949602 38.186440 175.945819 23.501533 172.670293
-57.264567 150.949393 38.187583 175.947217 23.491559 172.670846
-57.265370 150.949185 38.188725 175.948615 23.481586 172.671399
-57.266173 150.948975 38.189870 175.950014 23.471613 172.671952
-57.266976 150.948767 38.191014 175.951412 23.461639 172.672504
-57.267779 150.948559 38.192159 175.952809 23.451667 172.673056
-57.268581 150.948349 38.193304 175.954207 23.441693 172.673608
-57.269385 150.948141 38.194451 175.955604 23.431720 172.674159
-57.270188 150.947932 38.195597 175.957001 23.421747 172.674710
-57.270992 150.947723 38.196745 175.958398 23.411773 172.675261
-57.271795 150.947515 38.197894 175.959795 23.401800 172.675811
-57.272598 150.947305 38.199043 175.961191 23.391826 172.676362
-57.273403 150.947097 38.200192 175.962588 23.381852 172.676912
-57.274206 150.946887 38.201342 175.963984 23.371879 172.677461
-57.275010 150.946679 38.202494 175.965380 23.361905 172.678011
-57.275814 150.946470 38.203645 175.966775 23.351932 172.678560
-57.276618 150.946261 38.204798 175.968171 23.341958 172.679109
-57.277422 150.946053 38.205951 175.969566 23.331985 172.679657
-57.278227 150.945843 38.207104 175.970961 23.322011 172.680205
-57.279030 150.945635 38.208259 175.972356 23.312036 172.680753
-57.279835 150.945425 38.209414 175.973750 23.302063 172.681300
-57.280639 150.945216 38.210570 175.975145 23.292089 172.681847
-57.281444 150.945007 38.211726 175.976539 23.282115 172.682395
-57.282249 150.944798 38.212884 175.977933 23.272141 172.682941
-57.283054 150.944590 38.214041 175.979327 23.262168 172.683487
-57.283859 150.944380 38.215199 175.980720 23.252194 172.684033
-57.284663 150.944172 38.216358 175.982114 23.242220 172.684579
-57.285469 150.943962 38.217519 175.983507 23.232245 172.685125
-57.286274 150.943753 38.218678 175.984900 23.222272 172.685669
-57.287079 150.943544 38.219840 175.986292 23.212298 172.686214
-57.287885 150.943335 38.221002 175.987685 23.202324 172.686759
-57.288690 150.943126 38.222164 175.989077 23.192350 172.687303
-57.289496 150.942917 38.223326 175.990469 23.182375 172.687848
-57.290301 150.942708 38.224491 175.991861 23.172401 172.688390
-57.291107 150.942498 38.225655 175.993253 23.162427 172.688934
-57.291913 150.942290 38.226820 175.994645 23.152452 172.689477
-57.292719 150.942080 38.227986 175.996036 23.142478 172.690020
-57.293524 150.941871 38.229152 175.997427 23.132504 172.690562
-57.294331 150.941662 38.230319 175.998818 23.122530 172.691104
-57.295137 150.941453 38.231487 176.000209 23.112555 172.691646
-57.295943 150.941244 38.232655 176.001599 23.102581 172.692188
-57.296750 150.941034 38.233824 176.002990 23.092607 172.692729
-57.297556 150.940825 38.234994 176.004380 23.082632 172.693269
-57.298363 150.940615 38.236163 176.005770 23.072658 172.693810
-57.299169 150.940407 38.237335 176.007159 23.062683 172.694351
-57.299975 150.940198 38.238506 176.008549 23.052709 172.694891
-57.300782 150.939988 38.239679 176.009938 23.042735 172.695431
-57.301589 150.939779 38.240851 176.011327 23.032760 172.695970
-57.302397 150.939569 38.242025 176.012716 23.022786 172.696509
-57.303204 150.939360 38.243199 176.014104 23.012811 172.697048
-57.304010 150.939150 38.244374 176.015493 23.002836 172.697586
-57.304818 150.938941 38.245549 176.016881 22.992861 172.698125
-57.305625 150.938733 38.246726 176.018269 22.982887 172.698663
-57.306432 150.938523 38.247902 176.019657 22.972912 172.699201
-57.307240 150.938314 38.249080 176.021045 22.962937 172.699737
-57.308048 150.938104 38.250258 176.022432 22.952962 172.700274
-57.308855 150.937895 38.251436 176.023820 22.942988 172.700811
-57.309663 150.937685 38.252616 176.025207 22.933013 172.701348
-57.310471 150.937476 38.253795 176.026593 22.923038 172.701884
-57.311279 150.937266 38.254976 176.027980 22.913063 172.702420
-57.312086 150.937057 38.256158 176.029366 22.903089 172.702956
-57.312894 150.936848 38.257339 176.030753 22.893113 172.703491
-57.313702 150.936638 38.258522 176.032139 22.883138 172.704025
-57.314511 150.936429 38.259704 176.033525 22.873164 172.704560
-57.315320 150.936219 38.260889 176.034910 22.863188 172.705094
-57.316128 150.936010 38.262073 176.036296 22.853214 172.705628
-57.316936 150.935799 38.263258 176.037681 22.843238 172.706162
-57.317745 150.935590 38.264444 176.039066 22.833263 172.706696
-57.318554 150.935381 38.265630 176.040451 22.823288 172.707229
-57.319362 150.935171 38.266817 176.041835 22.813313 172.707762
-57.320171 150.934962 38.268005 176.043220 22.803337 172.708295
-57.320980 150.934752 38.269193 176.044604 22.793362 172.708827
-57.321789 150.934543 38.270382 176.045988 22.783387 172.709358
-57.322597 150.934333 38.271571 176.047372 22.773412 172.709890
-57.323407 150.934123 38.272761 176.048756 22.763436 172.710422
-57.324217 150.933914 38.273952 176.050139 22.753461 172.710953
-57.325026 150.933704 38.275143 176.051522 22.743486 172.711484
-57.325835 150.933495 38.276336 176.052905 22.733510 172.712014
-57.326645 150.933285 38.277528 176.054288 22.723535 172.712544
-57.327454 150.933075 38.278721 176.055671 22.713559 172.713074
-57.328264 150.932865 38.279916 176.057053 22.703584 172.713604
-57.329073 150.932656 38.281110 176.058435 22.693609 172.714134
-57.329883 150.932446 38.282305 176.059817 22.683633 172.714663
-57.330693 150.932236 38.283501 176.061199 22.673657 172.715191
-57.331503 150.932026 38.284697 176.062581 22.663682 172.715720
-57.332313 150.931817 38.285895 176.063962 22.653706 172.716248
-57.333123 150.931607 38.287091 176.065344 22.643730 172.716776
-57.333934 150.931397 38.288290 176.066725 22.633754 172.717304
-57.334744 150.931188 38.289489 176.068105 22.623780 172.717831
-57.335554 150.930977 38.290688 176.069486 22.613804 172.718358
-57.336364 150.930768 38.291889 176.070866 22.603828 172.718884
-57.337175 150.930558 38.293089 176.072247 22.593852 172.719411
-57.337986 150.930348 38.294290 176.073627 22.583876 172.719937
-57.338797 150.930138 38.295492 176.075007 22.573901 172.720463
-57.339607 150.929928 38.296694 176.076386 22.563925 172.720988
-57.340418 150.929719 38.297898 176.077766 22.553949 172.721513
-57.341229 150.929508 38.299102 176.079145 22.543973 172.722037
-57.342039 150.929299 38.300305 176.080524 22.533997 172.722563
-57.342851 150.929089 38.301511 176.081903 22.524021 172.723087
-57.343662 150.928879 38.302716 176.083282 22.514045 172.723611
-57.344473 150.928669 38.303922 176.084660 22.504069 172.724135
-57.345284 150.928459 38.305129 176.086038 22.494093 172.724658
-57.346096 150.928249 38.306337 176.087416 22.484117 172.725182
-57.346908 150.928039 38.307545 176.088794 22.474141 172.725704
-57.347719 150.927830 38.308753 176.090172 22.464164 172.726227
-57.348530 150.927619 38.309963 176.091549 22.454188 172.726749
-57.349342 150.927409 38.311173 176.092927 22.444212 172.727271
-57.350154 150.927199 38.312383 176.094304 22.434236 172.727793
-57.350965 150.926989 38.313594 176.095681 22.424260 172.728314
-57.351778 150.926779 38.314805 176.097057 22.414284 172.728835
-57.352589 150.926569 38.316018 176.098434 22.404308 172.729356
-57.353402 150.926359 38.317231 176.099810 22.394330 172.729876
-57.354213 150.926149 38.318444 176.101186 22.384354 172.730397
-57.355025 150.925939 38.319658 176.102562 22.374378 172.730916
-57.355838 150.925729 38.320872 176.103938 22.364402 172.731436
-57.356649 150.925519 38.322088 176.105313 22.354426 172.731955
-57.357462 150.925308 38.323303 176.106689 22.344449 172.732474
-57.358275 150.925099 38.324520 176.108064 22.334472 172.732993
-57.359088 150.924888 38.325737 176.109439 22.324496 172.733511
-57.359900 150.924678 38.326954 176.110814 22.314520 172.734029
-57.360713 150.924468 38.328173 176.112188 22.304543 172.734548
-57.361525 150.924258 38.329392 176.113563 22.294566 172.735066
-57.362338 150.924047 38.330611 176.114937 22.284590 172.735583
-57.363151 150.923837 38.331831 176.116311 22.274613 172.736100
-57.363964 150.923628 38.333051 176.117685 22.264636 172.736616
-57.364777 150.923417 38.334273 176.119058 22.254660 172.737133
-57.365590 150.923207 38.335494 176.120431 22.244683 172.737649
-57.366403 150.922996 38.336717 176.121805 22.234706 172.738164
-57.367216 150.922786 38.337939 176.123178 22.224730 172.738680
-57.368030 150.922576 38.339163 176.124550 22.214753 172.739195
-57.368843 150.922366 38.340387 176.125923 22.204776 172.739711
-57.369657 150.922155 38.341611 176.127295 22.194800 172.740225
-57.370471 150.921945 38.342837 176.128668 22.184822 172.740740
-57.371283 150.921734 38.344062 176.130040 22.174846 172.741254
-57.372097 150.921524 38.345289 176.131412 22.164868 172.741767
-57.372911 150.921315 38.346516 176.132783 22.154892 172.742281
-57.373725 150.921104 38.347744 176.134155 22.144915 172.742794
-57.374539 150.920894 38.348972 176.135526 22.134938 172.743307
-57.375353 150.920683 38.350200 176.136897 22.124961 172.743820
-57.376167 150.920473 38.351430 176.138268 22.114984 172.744332
-57.376980 150.920262 38.352659 176.139639 22.105006 172.744844
-57.377795 150.920052 38.353890 176.141009 22.095030 172.745356
-57.378609 150.919841 38.355121 176.142379 22.085052 172.745867
-57.379423 150.919631 38.356353 176.143749 22.075076 172.746378
-57.380238 150.919420 38.357585 176.145119 22.065098 172.746890
-57.381052 150.919210 38.358818 176.146489 22.055121 172.747400
-57.381866 150.918999 38.360051 176.147859 22.045144 172.747910
-57.382681 150.918789 38.361285 176.149228 22.035166 172.748420
-57.383495 150.918579 38.362519 176.150597 22.025190 172.748930
-57.384310 150.918368 38.363754 176.151966 22.015212 172.749439
-57.385125 150.918158 38.364990 176.153335 22.005235 172.749949
-57.385940 150.917947 38.366227 176.154703 21.995258 172.750458
-57.386755 150.917737 38.367463 176.156072 21.985280 172.750966
-57.387569 150.917526 38.368700 176.157440 21.975303 172.751474
-57.388384 150.917316 38.369938 176.158808 21.965325 172.751982
-57.389200 150.917105 38.371177 176.160176 21.955348 172.752491
-57.390014 150.916894 38.372416 176.161544 21.945371 172.752998
-57.390830 150.916683 38.373655 176.162911 21.935393 172.753505
-57.391646 150.916473 38.374895 176.164278 21.925415 172.754011
-57.392461 150.916263 38.376136 176.165645 21.915438 172.754518
-57.393276 150.916052 38.377378 176.167012 21.905461 172.755025
-57.394091 150.915842 38.378620 176.168379 21.895483 172.755531
-57.394906 150.915630 38.379862 176.169745 21.885505 172.756036
-57.395722 150.915420 38.381104 176.171112 21.875528 172.756541
-57.396538 150.915209 38.382348 176.172478 21.865550 172.757046
-57.397354 150.914999 38.383592 176.173844 21.855572 172.757552
-57.398169 150.914788 38.384837 176.175210 21.845594 172.758056
-57.398985 150.914577 38.386082 176.176575 21.835616 172.758560
-57.399801 150.914366 38.387327 176.177940 21.825640 172.759064
-57.400617 150.914156 38.388574 176.179306 21.815662 172.759568
-57.401433 150.913945 38.389821 176.180671 21.805684 172.760071
-57.402249 150.913734 38.391068 176.182035 21.795706 172.760574
-57.403065 150.913523 38.392316 176.183400 21.785728 172.761077
-57.403881 150.913313 38.393565 176.184764 21.775750 172.761580
-57.404697 150.913101 38.394813 176.186129 21.765772 172.762082
-57.405514 150.912891 38.396063 176.187493 21.755794 172.762584
-57.406330 150.912681 38.397313 176.188856 21.745817 172.763085
-57.407147 150.912469 38.398564 176.190220 21.735839 172.763587
-57.407963 150.912259 38.399815 176.191584 21.725861 172.764088
-57.408779 150.912048 38.401068 176.192947 21.715882 172.764589
-57.409596 150.911837 38.402319 176.194310 21.705904 172.765090
-57.410413 150.911626 38.403573 176.195673 21.695926 172.765590
-57.411229 150.911415 38.404826 176.197036 21.685948 172.766090
-57.412047 150.911204 38.406079 176.198398 21.675970 172.766589
-57.412864 150.910994 38.407334 176.199761 21.665992 172.767089
-57.413680 150.910782 38.408589 176.201123 21.656014 172.767588
-57.414497 150.910572 38.409845 176.202485 21.646036 172.768086
-57.415314 150.910360 38.411101 176.203847 21.636057 172.768586
-57.416131 150.910150 38.412358 176.205208 21.626079 172.769083
-57.416948 150.909938 38.413615 176.206570 21.616101 172.769581
-57.417766 150.909728 38.414872 176.207931 21.606123 172.770079
-57.418583 150.909516 38.416131 176.209292 21.596145 172.770576
-57.419400 150.909306 38.417390 176.210653 21.586166 172.771073
-57.420217 150.909094 38.418649 176.212013 21.576187 172.771571
-57.421035 150.908884 38.419909 176.213374 21.566209 172.772067
-57.421852 150.908673 38.421170 176.214734 21.556231 172.772563
-57.422670 150.908462 38.422431 176.216094 21.546252 172.773059
-57.423487 150.908251 38.423692 176.217454 21.536274 172.773555
-57.424305 150.908039 38.424954 176.218814 21.526296 172.774050
-57.425122 150.907829 38.426217 176.220174 21.516317 172.774546
-57.425941 150.907617 38.427479 176.221533 21.506338 172.775040
-57.426758 150.907407 38.428743 176.222892 21.496360 172.775534
-57.427575 150.907195 38.430008 176.224251 21.486381 172.776029
-57.428394 150.906984 38.431272 176.225610 21.476403 172.776523
-57.429211 150.906773 38.432537 176.226969 21.466425 172.777016
-57.430029 150.906562 38.433803 176.228327 21.456445 172.777510
-57.430848 150.906350 38.435069 176.229685 21.446467 172.778003
-57.431666 150.906140 38.436337 176.231044 21.436488 172.778495
-57.432484 150.905928 38.437604 176.232401 21.426510 172.778988
-57.433303 150.905717 38.438872 176.233759 21.416530 172.779480
-57.434120 150.905506 38.440140 176.235117 21.406552 172.779973
-57.434939 150.905295 38.441409 176.236474 21.396573 172.780464
-57.435758 150.905083 38.442678 176.237831 21.386594 172.780955
-57.436576 150.904872 38.443948 176.239188 21.376615 172.781447
-57.437394 150.904661 38.445218 176.240545 21.366637 172.781937
-57.438213 150.904450 38.446490 176.241902 21.356657 172.782429
-57.439031 150.904238 38.447762 176.243258 21.346679 172.782918
-57.439849 150.904027 38.449033 176.244614 21.336700 172.783408
-57.440668 150.903816 38.450305 176.245970 21.326721 172.783898
-57.441487 150.903605 38.451579 176.247326 21.316742 172.784387
-57.442306 150.903394 38.452852 176.248682 21.306764 172.784877
-57.443125 150.903182 38.454126 176.250037 21.296784 172.785365
-57.443943 150.902971 38.455401 176.251393 21.286805 172.785854
-57.444762 150.902759 38.456676 176.252748 21.276826 172.786342
-57.445582 150.902549 38.457952 176.254103 21.266847 172.786830
-57.446400 150.902337 38.459228 176.255458 21.256869 172.787318
-57.447220 150.902126 38.460504 176.256812 21.246889 172.787805
-57.448039 150.901914 38.461782 176.258167 21.236910 172.788293
-57.448858 150.901703 38.463059 176.259521 21.226931 172.788779
-57.449678 150.901491 38.464338 176.260875 21.216952 172.789266
-57.450497 150.901280 38.465616 176.262229 21.206972 172.789752
-57.451316 150.901068 38.466895 176.263583 21.196993 172.790238
-57.452135 150.900857 38.468175 176.264936 21.187014 172.790724
-57.452954 150.900645 38.469455 176.266290 21.177035 172.791209
-57.453774 150.900434 38.470736 176.267643 21.167055 172.791695
-57.454594 150.900222 38.472018 176.268996 21.157075 172.792180
-57.455414 150.900011 38.473299 176.270348 21.147097 172.792665
-57.456233 150.899799 38.474581 176.271701 21.137117 172.793149
-57.457053 150.899588 38.475864 176.273054 21.127138 172.793633
-57.457872 150.899376 38.477147 176.274406 21.117158 172.794116
-57.458692 150.899165 38.478430 176.275758 21.107179 172.794599
-57.459511 150.898953 38.479715 176.277110 21.097200 172.795083
-57.460332 150.898742 38.481000 176.278462 21.087220 172.795566
-57.461151 150.898530 38.482285 176.279813 21.077241 172.796049
-57.461971 150.898319 38.483570 176.281164 21.067261 172.796531
-57.462791 150.898107 38.484857 176.282516 21.057281 172.797013
-57.463611 150.897896 38.486143 176.283867 21.047302 172.797495
-57.464432 150.897684 38.487431 176.285217 21.037322 172.797977
-57.465252 150.897473 38.488718 176.286568 21.027343 172.798457
-57.466071 150.897261 38.490006 176.287918 21.017364 172.798939
-57.466892 150.897049 38.491295 176.289269 21.007384 172.799419
-57.467712 150.896837 38.492584 176.290619 20.997404 172.799900
-57.468532 150.896626 38.493874 176.291969 20.987424 172.800379
-57.469352 150.896414 38.495164 176.293319 20.977445 172.800860
-57.470173 150.896203 38.496455 176.294668 20.967465 172.801339
-57.470993 150.895991 38.497746 176.296017 20.957485 172.801818
-57.471814 150.895779 38.499037 176.297367 20.947505 172.802298
-57.472634 150.895568 38.500329 176.298716 20.937526 172.802776
-57.473455 150.895356 38.501622 176.300065 20.927546 172.803255
-57.474276 150.895145 38.502916 176.301413 20.917566 172.803733
-57.475096 150.894933 38.504209 176.302762 20.907586 172.804211
-57.475917 150.894721 38.505503 176.304110 20.897606 172.804688
-57.476738 150.894509 38.506797 176.305458 20.887627 172.805166
-57.477558 150.894298 38.508093 176.306806 20.877647 172.805642
-57.478379 150.894085 38.509387 176.308154 20.867667 172.806119
-57.479199 150.893874 38.510684 176.309502 20.857686 172.806595
-57.480021 150.893662 38.511981 176.310849 20.847706 172.807072
-57.480842 150.893450 38.513277 176.312196 20.837726 172.807548
-57.481662 150.893238 38.514575 176.313543 20.827746 172.808024
-57.482483 150.893027 38.515872 176.314890 20.817766 172.808499
-57.483304 150.892815 38.517171 176.316237 20.807787 172.808974
-57.484126 150.892603 38.518469 176.317583 20.797807 172.809449
-57.484947 150.892391 38.519769 176.318930 20.787826 172.809923
-57.485768 150.892179 38.521068 176.320276 20.777846 172.810398
-57.486589 150.891967 38.522369 176.321622 20.767866 172.810872
-57.487410 150.891756 38.523670 176.322968 20.757886 172.811345
-57.488231 150.891543 38.524971 176.324313 20.747906 172.811819
-57.489053 150.891332 38.526273 176.325659 20.737925 172.812291
-57.489875 150.891119 38.527575 176.327004 20.727945 172.812765
-57.490695 150.890908 38.528878 176.328349 20.717965 172.813238
-57.491517 150.890695 38.530181 176.329694 20.707985 172.813709
-57.492338 150.890484 38.531484 176.331039 20.698004 172.814182
-57.493160 150.890272 38.532788 176.332384 20.688024 172.814653
-57.493982 150.890060 38.534093 176.333728 20.678044 172.815125
-57.494804 150.889848 38.535397 176.335072 20.668064 172.815596
-57.495625 150.889636 38.536702 176.336417 20.658082 172.816067
-57.496446 150.889424 38.538009 176.337760 20.648102 172.816538
-57.497268 150.889212 38.539315 176.339104 20.638122 172.817007
-57.498090 150.889000 38.540621 176.340448 20.628141 172.817478
-57.498912 150.888788 38.541929 176.341791 20.618161 172.817948
-57.499733 150.888575 38.543237 176.343134 20.608181 172.818417
-57.500555 150.888364 38.544545 176.344477 20.598200 172.818886
-57.501377 150.888151 38.545853 176.345820 20.588220 172.819356
-57.502199 150.887940 38.547163 176.347163 20.578239 172.819824
