20.632936 150.000568 -49.985989 -19.999800 19.922074 0.000068
20.642917 150.000577 -49.985773 -19.999797 19.920871 0.000069
20.652899 150.000585 -49.985556 -19.999794 19.919668 0.000071
20.662881 150.000594 -49.985340 -19.999790 19.918464 0.000072
20.672863 150.000602 -49.985124 -19.999787 19.917260 0.000073
20.682843 150.000611 -49.984908 -19.999784 19.916055 0.000074
20.692825 150.000620 -49.984692 -19.999782 19.914850 0.000075
20.702807 150.000628 -49.984474 -19.999779 19.913644 0.000076
20.712788 150.000637 -49.984258 -19.999776 19.912438 0.000077
20.722770 150.000646 -49.984041 -19.999772 19.911232 0.000078
20.732752 150.000654 -49.983824 -19.999769 19.910025 0.000079
20.742733 150.000663 -49.983607 -19.999766 19.908817 0.000080
20.752714 150.000671 -49.983390 -19.999763 19.907610 0.000081
20.762696 150.000680 -49.983173 -19.999761 19.906401 0.000082
20.772677 150.000689 -49.982956 -19.999758 19.905193 0.000083
20.782659 150.000697 -49.982738 -19.999754 19.903983 0.000084
20.792640 150.000706 -49.982521 -19.999751 19.902774 0.000085
20.802621 150.000715 -49.982304 -19.999748 19.901564 0.000086
20.812603 150.000723 -49.982086 -19.999745 19.900353 0.000087
20.822584 150.000732 -49.981869 -19.999742 19.899143 0.000088
20.832565 150.000741 -49.981651 -19.999738 19.897931 0.000089
20.842547 150.000749 -49.981433 -19.999736 19.896720 0.000090
20.852528 150.000758 -49.981216 -19.999733 19.895507 0.000091
20.862509 150.000767 -49.980997 -19.999730 19.894295 0.000092
20.872491 150.000775 -49.980779 -19.999727 19.893082 0.000093
20.882472 150.000784 -49.980562 -19.999724 19.891869 0.000095
20.892453 150.000793 -49.980344 -19.999720 19.890655 0.000096
20.902434 150.000801 -49.980125 -19.999717 19.889441 0.000097
20.912416 150.000810 -49.979907 -19.999715 19.888226 0.000097
20.922397 150.000819 -49.979689 -19.999712 19.887011 0.000099
20.932378 150.000827 -49.979471 -19.999709 19.885796 0.000100
20.942360 150.000836 -49.979251 -19.999705 19.884580 0.000101
20.952340 150.000845 -49.979033 -19.999702 19.883364 0.000102
20.962322 150.000853 -49.978815 -19.999699 19.882147 0.000103
20.972303 150.000862 -49.978596 -19.999696 19.880930 0.000104
20.982284 150.000871 -49.978377 -19.999693 19.879713 0.000105
20.992266 150.000879 -49.978158 -19.999689 19.878495 0.000106
21.002247 150.000888 -49.977940 -19.999687 19.877277 0.000107
21.012228 150.000897 -49.977720 -19.999684 19.876058 0.000108
21.022209 150.000906 -49.977501 -19.999681 19.874839 0.000109
21.032191 150.000914 -49.977283 -19.999678 19.873620 0.000110
21.042172 150.000923 -49.977064 -19.999675 19.872400 0.000111
21.052153 150.000932 -49.976844 -19.999671 19.871180 0.000112
21.062134 150.000940 -49.976625 -19.999668 19.869959 0.000113
21.072116 150.000949 -49.976406 -19.999665 19.868739 0.000115
21.082097 150.000958 -49.976185 -19.999662 19.867517 0.000116
21.092078 150.000967 -49.975966 -19.999660 19.866296 0.000116
21.102059 150.000975 -49.975747 -19.999657 19.865074 0.000117
21.112041 150.000984 -49.975527 -19.999653 19.863851 0.000119
21.122022 150.000993 -49.975307 -19.999650 19.862629 0.000120
21.132004 150.001002 -49.975088 -19.999647 19.861406 0.000121
21.141985 150.001010 -49.974868 -19.999644 19.860182 0.000122
21.151967 150.001019 -49.974648 -19.999641 19.858958 0.000123
21.161948 150.001028 -49.974428 -19.999637 19.857734 0.000124
21.171930 150.001036 -49.974208 -19.999634 19.856510 0.000125
21.181911 150.001045 -49.973987 -19.999632 19.855285 0.000126
21.191893 150.001054 -49.973768 -19.999629 19.854060 0.000127
21.201874 150.001063 -49.973548 -19.999626 19.852834 0.000128
21.211855 150.001071 -49.973327 -19.999623 19.851608 0.000129
21.221837 150.001080 -49.973107 -19.999619 19.850382 0.000130
21.231818 150.001089 -49.972887 -19.999616 19.849155 0.000131
21.241800 150.001098 -49.972665 -19.999613 19.847928 0.000132
21.251781 150.001107 -49.972445 -19.999610 19.846701 0.000133
21.261764 150.001115 -49.972225 -19.999607 19.845473 0.000135
21.271745 150.001124 -49.972004 -19.999603 19.844245 0.000136
21.281726 150.001133 -49.971783 -19.999600 19.843017 0.000137
21.291708 150.001142 -49.971563 -19.999598 19.841788 0.000137
21.301690 150.001150 -49.971342 -19.999595 19.840560 0.000139
21.311672 150.001159 -49.971121 -19.999592 19.839330 0.000140
21.321654 150.001168 -49.970900 -19.999589 19.838101 0.000141
21.331635 150.001177 -49.970679 -19.999585 19.836871 0.000142
21.341618 150.001186 -49.970458 -19.999582 19.835640 0.000143
21.351599 150.001194 -49.970237 -19.999579 19.834410 0.000144
21.361582 150.001203 -49.970015 -19.999576 19.833179 0.000145
21.371563 150.001212 -49.969794 -19.999573 19.831948 0.000146
21.381545 150.001221 -49.969573 -19.999569 19.830716 0.000147
21.391528 150.001229 -49.969351 -19.999566 19.829484 0.000148
21.401509 150.001238 -49.969130 -19.999564 19.828252 0.000149
21.411491 150.001247 -49.968909 -19.999561 19.827020 0.000150
21.421474 150.001256 -49.968687 -19.999558 19.825787 0.000151
21.431456 150.001265 -49.968466 -19.999555 19.824554 0.000152
21.441438 150.001274 -49.968244 -19.999551 19.823320 0.000153
21.451421 150.001282 -49.968022 -19.999548 19.822087 0.000155
21.461403 150.001291 -49.967801 -19.999545 19.820853 0.000156
21.471385 150.001300 -49.967579 -19.999542 19.819619 0.000157
21.481368 150.001309 -49.967357 -19.999539 19.818384 0.000158
21.491350 150.001318 -49.967136 -19.999535 19.817149 0.000159
21.501333 150.001326 -49.966913 -19.999532 19.815914 0.000160
21.511316 150.001335 -49.966691 -19.999529 19.814678 0.000161
21.521298 150.001344 -49.966470 -19.999526 19.813443 0.000162
21.531281 150.001353 -49.966247 -19.999524 19.812207 0.000163
21.541264 150.001362 -49.966025 -19.999521 19.810970 0.000164
21.551247 150.001371 -49.965802 -19.999517 19.809734 0.000165
21.561229 150.001379 -49.965580 -19.999514 19.808497 0.000166
21.571212 150.001388 -49.965359 -19.999511 19.807260 0.000167
21.581196 150.001397 -49.965136 -19.999508 19.806022 0.000168
21.591179 150.001406 -49.964914 -19.999505 19.804785 0.000169
21.601161 150.001415 -49.964692 -19.999502 19.803547 0.000170
21.611144 150.001424 -49.964468 -19.999498 19.802309 0.000172
21.621128 150.001432 -49.964246 -19.999495 19.801070 0.000173
21.631111 150.001441 -49.964023 -19.999492 19.799831 0.000174
21.641094 150.001450 -49.963801 -19.999489 19.798592 0.000175
21.651078 150.001459 -49.963579 -19.999486 19.797353 0.000176
21.661062 150.001468 -49.963355 -19.999482 19.796114 0.000177
21.671045 150.001477 -49.963133 -19.999480 19.794874 0.000178
21.681029 150.001485 -49.962909 -19.999477 19.793634 0.000179
21.691012 150.001494 -49.962687 -19.999474 19.792393 0.000180
21.700997 150.001503 -49.962464 -19.999471 19.791153 0.000181
21.710980 150.001512 -49.962241 -19.999468 19.789912 0.000182
21.720964 150.001521 -49.962018 -19.999464 19.788671 0.000183
21.730948 150.001530 -49.961795 -19.999461 19.787430 0.000184
21.740931 150.001539 -49.961572 -19.999458 19.786188 0.000185
21.750916 150.001547 -49.961349 -19.999455 19.784946 0.000186
21.760900 150.001556 -49.961125 -19.999452 19.783704 0.000188
21.770884 150.001565 -49.960903 -19.999448 19.782462 0.000189
21.780868 150.001574 -49.960679 -19.999445 19.781220 0.000190
21.790853 150.001583 -49.960456 -19.999442 19.779977 0.000191
21.800837 150.001592 -49.960233 -19.999439 19.778734 0.000192
21.810822 150.001601 -49.960009 -19.999436 19.777491 0.000193
21.820807 150.001610 -49.959786 -19.999433 19.776247 0.000194
21.830791 150.001618 -49.959562 -19.999429 19.775004 0.000195
21.840776 150.001627 -49.959339 -19.999427 19.773760 0.000196
21.850761 150.001636 -49.959116 -19.999424 19.772516 0.000197
21.860746 150.001645 -49.958891 -19.999421 19.771271 0.000198
21.870730 150.001654 -49.958668 -19.999418 19.770027 0.000199
21.880716 150.001663 -49.958444 -19.999414 19.768782 0.000200
21.890701 150.001672 -49.958221 -19.999411 19.767537 0.000201
21.900687 150.001681 -49.957996 -19.999408 19.766292 0.000202
21.910672 150.001690 -49.957773 -19.999405 19.765047 0.000204
21.920657 150.001698 -49.957550 -19.999402 19.763801 0.000205
21.930643 150.001707 -49.957325 -19.999399 19.762555 0.000206
21.940628 150.001716 -49.957102 -19.999395 19.761309 0.000207
21.950614 150.001725 -49.956877 -19.999392 19.760063 0.000208
21.960600 150.001734 -49.956654 -19.999389 19.758817 0.000209
21.970585 150.001743 -49.956429 -19.999386 19.757570 0.000210
21.980572 150.001752 -49.956205 -19.999383 19.756323 0.000211
21.990558 150.001761 -49.955982 -19.999379 19.755076 0.000212
22.000544 150.001770 -49.955757 -19.999376 19.753829 0.000213
22.010531 150.001779 -49.955534 -19.999373 19.752582 0.000214
22.020517 150.001787 -49.955309 -19.999370 19.751334 0.000215
22.030503 150.001796 -49.955085 -19.999368 19.750087 0.000216
22.040490 150.001805 -49.954860 -19.999365 19.748839 0.000217
22.050477 150.001814 -49.954636 -19.999361 19.747591 0.000218
22.060463 150.001823 -49.954412 -19.999358 19.746342 0.000219
22.070450 150.001832 -49.954188 -19.999355 19.745094 0.000221
22.080437 150.001841 -49.953964 -19.999352 19.743845 0.000222
22.090424 150.001850 -49.953739 -19.999349 19.742596 0.000223
22.100411 150.001859 -49.953515 -19.999346 19.741347 0.000224
22.110399 150.001868 -49.953290 -19.999342 19.740098 0.000225
22.120386 150.001877 -49.953066 -19.999339 19.738849 0.000226
22.130374 150.001886 -49.952842 -19.999336 19.737600 0.000227
22.140361 150.001894 -49.952617 -19.999333 19.736350 0.000228
22.150349 150.001903 -49.952392 -19.999330 19.735100 0.000229
22.160337 150.001912 -49.952167 -19.999326 19.733850 0.000230
22.170325 150.001921 -49.951943 -19.999323 19.732600 0.000231
22.180313 150.001930 -49.951718 -19.999320 19.731350 0.000233
22.190301 150.001939 -49.951494 -19.999317 19.730099 0.000234
22.200289 150.001948 -49.951268 -19.999314 19.728849 0.000235
22.210278 150.001957 -49.951044 -19.999311 19.727598 0.000236
22.220266 150.001966 -49.950820 -19.999307 19.726347 0.000237
22.230255 150.001975 -49.950594 -19.999304 19.725096 0.000238
22.240244 150.001984 -49.950370 -19.999301 19.723845 0.000239
22.250233 150.001993 -49.950145 -19.999298 19.722594 0.000240
22.260222 150.002002 -49.949920 -19.999295 19.721342 0.000241
22.270211 150.002011 -49.949695 -19.999293 19.720091 0.000242
22.280200 150.002019 -49.949470 -19.999289 19.718839 0.000243
22.290190 150.002028 -49.949245 -19.999286 19.717587 0.000244
22.300178 150.002037 -49.949020 -19.999283 19.716335 0.000245
22.310168 150.002046 -49.948795 -19.999280 19.715083 0.000246
22.320158 150.002055 -49.948570 -19.999277 19.713831 0.000247
22.330148 150.002064 -49.948346 -19.999273 19.712578 0.000249
22.340138 150.002073 -49.948120 -19.999270 19.711326 0.000250
22.350128 150.002082 -49.947895 -19.999267 19.710073 0.000251
22.360118 150.002091 -49.947670 -19.999264 19.708820 0.000252
22.370109 150.002100 -49.947445 -19.999261 19.707568 0.000253
22.380099 150.002109 -49.947220 -19.999258 19.706315 0.000254
22.390090 150.002118 -49.946995 -19.999254 19.705062 0.000255
22.400080 150.002127 -49.946769 -19.999251 19.703808 0.000256
22.410071 150.002136 -49.946544 -19.999248 19.702555 0.000257
22.420062 150.002145 -49.946319 -19.999245 19.701302 0.000258
22.430053 150.002154 -49.946094 -19.999242 19.700048 0.000259
22.440045 150.002163 -49.945869 -19.999238 19.698794 0.000260
22.450036 150.002172 -49.945643 -19.999235 19.697541 0.000262
22.460028 150.002180 -49.945418 -19.999232 19.696287 0.000263
22.470019 150.002189 -49.945192 -19.999229 19.695033 0.000264
22.480011 150.002198 -49.944968 -19.999226 19.693779 0.000265
22.490003 150.002207 -49.944742 -19.999223 19.692525 0.000266
22.499995 150.002216 -49.944517 -19.999219 19.691271 0.000267
22.509988 150.002225 -49.944291 -19.999216 19.690016 0.000268
22.519980 150.002234 -49.944066 -19.999213 19.688762 0.000269
22.529972 150.002243 -49.943840 -19.999210 19.687507 0.000270
22.539965 150.002252 -49.943615 -19.999207 19.686253 0.000271
22.549958 150.002261 -49.943389 -19.999203 19.684998 0.000272
22.559951 150.002270 -49.943164 -19.999200 19.683743 0.000274
22.569944 150.002279 -49.942938 -19.999198 19.682489 0.000274
22.579937 150.002288 -49.942713 -19.999195 19.681234 0.000275
22.589931 150.002297 -49.942488 -19.999192 19.679979 0.000276
22.599925 150.002306 -49.942262 -19.999189 19.678724 0.000278
22.609919 150.002315 -49.942037 -19.999185 19.677469 0.000279
22.619912 150.002324 -49.941811 -19.999182 19.676214 0.000280
22.629906 150.002333 -49.941586 -19.999179 19.674958 0.000281
22.639901 150.002342 -49.941360 -19.999176 19.673703 0.000282
22.649895 150.002351 -49.941135 -19.999173 19.672448 0.000283
22.659889 150.002360 -49.940908 -19.999170 19.671192 0.000284
22.669884 150.002369 -49.940683 -19.999166 19.669937 0.000285
22.679879 150.002378 -49.940457 -19.999163 19.668681 0.000286
22.689874 150.002387 -49.940232 -19.999160 19.667426 0.000287
22.699869 150.002395 -49.940006 -19.999157 19.666170 0.000288
22.709864 150.002404 -49.939781 -19.999154 19.664914 0.000289
22.719860 150.002413 -49.939555 -19.999150 19.663659 0.000291
22.729855 150.002422 -49.939330 -19.999147 19.662403 0.000292
22.739851 150.002431 -49.939103 -19.999144 19.661147 0.000293
22.749847 150.002440 -49.938878 -19.999141 19.659891 0.000294
22.759844 150.002449 -49.938652 -19.999138 19.658635 0.000295
22.769839 150.002458 -49.938427 -19.999135 19.657379 0.000296
22.779836 150.002467 -49.938202 -19.999131 19.656123 0.000297
22.789833 150.002476 -49.937975 -19.999128 19.654867 0.000298
22.799829 150.002485 -49.937750 -19.999125 19.653611 0.000299
22.809826 150.002494 -49.937524 -19.999122 19.652355 0.000300
22.819824 150.002503 -49.937299 -19.999119 19.651099 0.000301
22.829820 150.002512 -49.937072 -19.999116 19.649843 0.000303
22.839818 150.002521 -49.936847 -19.999112 19.648587 0.000304
22.849816 150.002530 -49.936621 -19.999109 19.647330 0.000305
22.859813 150.002539 -49.936396 -19.999106 19.646074 0.000306
22.869812 150.002548 -49.936169 -19.999103 19.644818 0.000307
22.879809 150.002557 -49.935944 -19.999100 19.643562 0.000308
22.889808 150.002566 -49.935718 -19.999096 19.642306 0.000309
22.899807 150.002575 -49.935493 -19.999093 19.641049 0.000310
22.909805 150.002584 -49.935266 -19.999090 19.639793 0.000311
22.919804 150.002593 -49.935041 -19.999087 19.638537 0.000312
22.929804 150.002602 -49.934815 -19.999085 19.637280 0.000313
22.939802 150.002611 -49.934590 -19.999082 19.636024 0.000314
22.949802 150.002620 -49.934363 -19.999078 19.634768 0.000315
22.959801 150.002629 -49.934138 -19.999075 19.633511 0.000316
22.969801 150.002638 -49.933912 -19.999072 19.632255 0.000317
22.979802 150.002647 -49.933687 -19.999069 19.630999 0.000318
22.989801 150.002656 -49.933460 -19.999066 19.629743 0.000320
22.999802 150.002665 -49.933235 -19.999063 19.628486 0.000321
23.009802 150.002674 -49.933010 -19.999059 19.627230 0.000322
23.019803 150.002683 -49.932784 -19.999056 19.625974 0.000323
23.029804 150.002692 -49.932558 -19.999053 19.624717 0.000324
23.039805 150.002700 -49.932332 -19.999050 19.623461 0.000325
23.049807 150.002709 -49.932107 -19.999047 19.622205 0.000326
23.059808 150.002718 -49.931881 -19.999043 19.620949 0.000327
23.069810 150.002727 -49.931655 -19.999040 19.619693 0.000328
23.079812 150.002736 -49.931429 -19.999037 19.618436 0.000329
23.089814 150.002745 -49.931204 -19.999034 19.617180 0.000330
23.099816 150.002754 -49.930978 -19.999031 19.615924 0.000332
23.109819 150.002763 -49.930752 -19.999028 19.614668 0.000333
23.119821 150.002772 -49.930526 -19.999024 19.613412 0.000334
23.129824 150.002781 -49.930301 -19.999021 19.612156 0.000335
23.139827 150.002790 -49.930075 -19.999018 19.610900 0.000336
23.149831 150.002799 -49.929850 -19.999015 19.609644 0.000337
23.159834 150.002808 -49.929623 -19.999012 19.608388 0.000338
23.169838 150.002817 -49.929398 -19.999009 19.607132 0.000339
23.179841 150.002826 -49.929172 -19.999005 19.605876 0.000340
23.189846 150.002835 -49.928947 -19.999002 19.604621 0.000341
23.199850 150.002844 -49.928721 -19.998999 19.603365 0.000342
23.209855 150.002853 -49.928495 -19.998996 19.602109 0.000343
23.219859 150.002862 -49.928269 -19.998993 19.600854 0.000345
23.229865 150.002871 -49.928044 -19.998989 19.599598 0.000346
23.239869 150.002880 -49.927819 -19.998986 19.598342 0.000347
23.249875 150.002889 -49.927593 -19.998983 19.597087 0.000348
23.259880 150.002898 -49.927368 -19.998980 19.595832 0.000349
23.269887 150.002907 -49.927142 -19.998977 19.594576 0.000350
23.279892 150.002916 -49.926917 -19.998974 19.593321 0.000351
23.289899 150.002925 -49.926691 -19.998970 19.592066 0.000352
23.299905 150.002934 -49.926465 -19.998967 19.590810 0.000353
23.309911 150.002943 -49.926239 -19.998965 19.589555 0.000354
23.319919 150.002952 -49.926014 -19.998962 19.588300 0.000355
23.329925 150.002961 -49.925788 -19.998959 19.587045 0.000356
23.339933 150.002970 -49.925564 -19.998956 19.585791 0.000357
23.349940 150.002979 -49.925337 -19.998952 19.584536 0.000358
23.359948 150.002988 -49.925112 -19.998949 19.583281 0.000359
23.369956 150.002996 -49.924886 -19.998946 19.582026 0.000360
23.379964 150.003005 -49.924662 -19.998943 19.580772 0.000362
23.389973 150.003014 -49.924436 -19.998940 19.579517 0.000363
23.399981 150.003023 -49.924211 -19.998937 19.578263 0.000364
23.409990 150.003032 -49.923985 -19.998933 19.577009 0.000365
23.419999 150.003041 -49.923760 -19.998930 19.575754 0.000366
23.430008 150.003050 -49.923535 -19.998927 19.574500 0.000367
23.440018 150.003059 -49.923309 -19.998924 19.573246 0.000368
23.450028 150.003068 -49.923084 -19.998921 19.571992 0.000369
23.460037 150.003077 -49.922859 -19.998917 19.570739 0.000370
23.470048 150.003086 -49.922634 -19.998914 19.569485 0.000371
23.480058 150.003095 -49.922408 -19.998911 19.568231 0.000372
23.490069 150.003104 -49.922183 -19.998908 19.566978 0.000374
23.500080 150.003113 -49.921957 -19.998905 19.565724 0.000375
23.510091 150.003122 -49.921733 -19.998902 19.564471 0.000376
23.520102 150.003131 -49.921507 -19.998898 19.563218 0.000377
23.530114 150.003140 -49.921282 -19.998895 19.561965 0.000378
23.540126 150.003149 -49.921057 -19.998892 19.560712 0.000379
23.550138 150.003158 -49.920832 -19.998889 19.559459 0.000380
23.560151 150.003167 -49.920606 -19.998886 19.558206 0.000381
23.570163 150.003176 -49.920382 -19.998883 19.556954 0.000382
23.580175 150.003185 -49.920157 -19.998879 19.555702 0.000383
23.590189 150.003194 -49.919932 -19.998876 19.554450 0.000384
23.600202 150.003203 -49.919707 -19.998873 19.553198 0.000385
23.610215 150.003211 -49.919482 -19.998870 19.551946 0.000387
23.620230 150.003220 -49.919257 -19.998867 19.550694 0.000388
23.630243 150.003229 -49.919032 -19.998864 19.549443 0.000389
23.640257 150.003238 -49.918807 -19.998861 19.548192 0.000389
23.650271 150.003247 -49.918582 -19.998858 19.546941 0.000391
23.660286 150.003256 -49.918358 -19.998855 19.545690 0.000392
23.670301 150.003265 -49.918133 -19.998852 19.544440 0.000393
23.680316 150.003274 -49.917908 -19.998849 19.543189 0.000394
23.690330 150.003283 -49.917683 -19.998846 19.541939 0.000395
23.700347 150.003292 -49.917459 -19.998842 19.540690 0.000396
23.710362 150.003301 -49.917235 -19.998839 19.539440 0.000397
23.720378 150.003310 -49.917010 -19.998836 19.538191 0.000398
23.730394 150.003319 -49.916786 -19.998833 19.536942 0.000399
23.740411 150.003328 -49.916561 -19.998830 19.535693 0.000400
23.750427 150.003337 -49.916337 -19.998826 19.534445 0.000401
23.760443 150.003345 -49.916112 -19.998823 19.533197 0.000402
23.770460 150.003354 -49.915889 -19.998820 19.531949 0.000404
23.780478 150.003363 -49.915664 -19.998817 19.530701 0.000405
23.790495 150.003372 -49.915440 -19.998814 19.529454 0.000406
23.800513 150.003381 -49.915217 -19.998811 19.528207 0.000407
23.810530 150.003390 -49.914992 -19.998807 19.526961 0.000408
23.820548 150.003399 -49.914769 -19.998804 19.525715 0.000409
23.830567 150.003408 -49.914544 -19.998801 19.524469 0.000410
23.840585 150.003417 -49.914321 -19.998798 19.523223 0.000411
23.850604 150.003426 -49.914096 -19.998795 19.521978 0.000412
23.860622 150.003435 -49.913873 -19.998792 19.520733 0.000413
23.870641 150.003443 -49.913650 -19.998788 19.519489 0.000414
23.880661 150.003452 -49.913426 -19.998786 19.518245 0.000415
23.890680 150.003461 -49.913203 -19.998783 19.517001 0.000416
23.900700 150.003470 -49.912979 -19.998780 19.515758 0.000417
23.910720 150.003479 -49.912756 -19.998777 19.514515 0.000418
23.920740 150.003488 -49.912533 -19.998774 19.513272 0.000419
23.930760 150.003497 -49.912309 -19.998770 19.512030 0.000421
23.940780 150.003506 -49.912087 -19.998767 19.510789 0.000422
23.950801 150.003515 -49.911863 -19.998764 19.509548 0.000423
23.960822 150.003523 -49.911640 -19.998761 19.508307 0.000424
23.970843 150.003532 -49.911417 -19.998758 19.507066 0.000425
23.980864 150.003541 -49.911195 -19.998755 19.505827 0.000426
23.990885 150.003550 -49.910972 -19.998751 19.504587 0.000427
24.000907 150.003559 -49.910749 -19.998748 19.503348 0.000428
24.010929 150.003568 -49.910527 -19.998745 19.502110 0.000429
24.020952 150.003577 -49.910304 -19.998742 19.500872 0.000430
24.030974 150.003585 -49.910082 -19.998739 19.499634 0.000431
24.040996 150.003594 -49.909860 -19.998736 19.498397 0.000432
24.051019 150.003603 -49.909637 -19.998733 19.497160 0.000433
24.061041 150.003612 -49.909415 -19.998730 19.495924 0.000434
24.071064 150.003621 -49.909194 -19.998727 19.494689 0.000435
24.081087 150.003630 -49.908971 -19.998724 19.493454 0.000436
24.091110 150.003638 -49.908750 -19.998721 19.492219 0.000438
24.101134 150.003647 -49.908527 -19.998718 19.490985 0.000439
24.111158 150.003656 -49.908306 -19.998714 19.489752 0.000440
24.121182 150.003665 -49.908085 -19.998711 19.488519 0.000441
24.131207 150.003674 -49.907863 -19.998708 19.487287 0.000442
24.141231 150.003683 -49.907642 -19.998705 19.486055 0.000443
24.151255 150.003691 -49.907421 -19.998702 19.484824 0.000444
24.161280 150.003700 -49.907199 -19.998699 19.483593 0.000445
24.171305 150.003709 -49.906979 -19.998695 19.482363 0.000446
24.181330 150.003718 -49.906758 -19.998693 19.481134 0.000447
24.191355 150.003727 -49.906537 -19.998690 19.479905 0.000448
24.201380 150.003735 -49.906316 -19.998687 19.478676 0.000449
24.211406 150.003744 -49.906096 -19.998684 19.477449 0.000450
24.221431 150.003753 -49.905875 -19.998681 19.476222 0.000451
24.231457 150.003762 -49.905655 -19.998677 19.474995 0.000452
24.241483 150.003770 -49.905434 -19.998674 19.473770 0.000453
24.251510 150.003779 -49.905214 -19.998671 19.472544 0.000455
24.261536 150.003788 -49.904994 -19.998668 19.471320 0.000456
24.271563 150.003797 -49.904775 -19.998665 19.470096 0.000457
24.281590 150.003805 -49.904554 -19.998662 19.468873 0.000458
24.291617 150.003814 -49.904335 -19.998659 19.467650 0.000459
24.301644 150.003823 -49.904116 -19.998656 19.466429 0.000460
24.311671 150.003832 -49.903895 -19.998653 19.465207 0.000461
24.321699 150.003840 -49.903676 -19.998650 19.463987 0.000462
24.331726 150.003849 -49.903458 -19.998647 19.462767 0.000463
24.341754 150.003858 -49.903238 -19.998644 19.461548 0.000464
24.351782 150.003867 -49.903019 -19.998640 19.460330 0.000465
24.361810 150.003875 -49.902801 -19.998637 19.459112 0.000466
24.371839 150.003884 -49.902581 -19.998634 19.457895 0.000467
24.381867 150.003893 -49.902363 -19.998632 19.456679 0.000468
24.391896 150.003901 -49.902145 -19.998629 19.455464 0.000469
24.401925 150.003910 -49.901927 -19.998626 19.454249 0.000470
24.411954 150.003919 -49.901708 -19.998622 19.453035 0.000471
24.421983 150.003927 -49.901490 -19.998619 19.451822 0.000472
24.432013 150.003936 -49.901273 -19.998616 19.450609 0.000473
24.442042 150.003945 -49.901055 -19.998613 19.449398 0.000474
24.452072 150.003953 -49.900837 -19.998610 19.448187 0.000476
24.462102 150.003962 -49.900620 -19.998608 19.446977 0.000476
24.472132 150.003971 -49.900403 -19.998604 19.445767 0.000477
24.482162 150.003979 -49.900186 -19.998601 19.444559 0.000478
24.492193 150.003988 -49.899968 -19.998598 19.443351 0.000479
24.502223 150.003997 -49.899751 -19.998595 19.442144 0.000481
24.512254 150.004005 -49.899535 -19.998592 19.440938 0.000482
24.522285 150.004014 -49.899319 -19.998589 19.439733 0.000483
24.532316 150.004023 -49.899101 -19.998586 19.438529 0.000483
24.542347 150.004031 -49.898885 -19.998583 19.437325 0.000485
24.552378 150.004040 -49.898669 -19.998580 19.436122 0.000486
24.562410 150.004048 -49.898454 -19.998577 19.434921 0.000487
24.572442 150.004057 -49.898238 -19.998574 19.433720 0.000488
24.582473 150.004066 -49.898022 -19.998571 19.432520 0.000489
24.592504 150.004074 -49.897806 -19.998567 19.431320 0.000490
24.602536 150.004083 -49.897591 -19.998565 19.430122 0.000491
24.612569 150.004091 -49.897376 -19.998562 19.428925 0.000492
24.622601 150.004100 -49.897161 -19.998559 19.427728 0.000493
24.632634 150.004108 -49.896946 -19.998556 19.426532 0.000494
24.642667 150.004117 -49.896731 -19.998553 19.425338 0.000495
24.652699 150.004126 -49.896517 -19.998550 19.424144 0.000496
24.662733 150.004134 -49.896303 -19.998547 19.422951 0.000497
24.672766 150.004143 -49.896089 -19.998544 19.421759 0.000498
24.682799 150.004151 -49.895875 -19.998541 19.420568 0.000499
24.692833 150.004160 -49.895660 -19.998538 19.419378 0.000500
24.702865 150.004168 -49.895447 -19.998535 19.418189 0.000501
24.712899 150.004177 -49.895233 -19.998532 19.417001 0.000502
24.722933 150.004185 -49.895020 -19.998529 19.415814 0.000503
24.732967 150.004194 -49.894807 -19.998526 19.414628 0.000504
24.743001 150.004202 -49.894594 -19.998523 19.413442 0.000505
24.753036 150.004211 -49.894381 -19.998520 19.412258 0.000506
24.763070 150.004219 -49.894169 -19.998517 19.411075 0.000507
24.773105 150.004228 -49.893956 -19.998515 19.409893 0.000508
24.783140 150.004236 -49.893744 -19.998511 19.408712 0.000509
24.793174 150.004244 -49.893531 -19.998508 19.407531 0.000510
24.803209 150.004253 -49.893320 -19.998505 19.406352 0.000511
24.813244 150.004261 -49.893108 -19.998502 19.405174 0.000512
24.823279 150.004270 -49.892897 -19.998500 19.403997 0.000513
24.833315 150.004278 -49.892685 -19.998497 19.402821 0.000514
24.843350 150.004287 -49.892474 -19.998494 19.401646 0.000515
24.853386 150.004295 -49.892264 -19.998490 19.400472 0.000516
24.863421 150.004303 -49.892053 -19.998487 19.399300 0.000517
24.873457 150.004312 -49.891842 -19.998485 19.398128 0.000518
24.883493 150.004320 -49.891632 -19.998482 19.396957 0.000519
24.893530 150.004329 -49.891422 -19.998479 19.395788 0.000520
24.903566 150.004337 -49.891211 -19.998476 19.394619 0.000521
24.913603 150.004345 -49.891001 -19.998473 19.393452 0.000522
24.923639 150.004354 -49.890792 -19.998470 19.392286 0.000523
24.933675 150.004362 -49.890583 -19.998467 19.391121 0.000524
24.943712 150.004370 -49.890373 -19.998464 19.389957 0.000525
24.953749 150.004379 -49.890164 -19.998462 19.388794 0.000526
24.963786 150.004387 -49.889956 -19.998459 19.387632 0.000527
24.973824 150.004395 -49.889747 -19.998456 19.386471 0.000528
24.983861 150.004404 -49.889539 -19.998452 19.385312 0.000529
24.993898 150.004412 -49.889331 -19.998449 19.384154 0.000530
25.003935 150.004420 -49.889123 -19.998447 19.382997 0.000531
25.013973 150.004428 -49.888915 -19.998444 19.381841 0.000532
25.024011 150.004437 -49.888707 -19.998441 19.380686 0.000533
25.034049 150.004445 -49.888501 -19.998439 19.379532 0.000534
25.044086 150.004453 -49.888294 -19.998435 19.378380 0.000535
25.054125 150.004461 -49.888087 -19.998432 19.377229 0.000536
25.064163 150.004470 -49.887880 -19.998429 19.376079 0.000537
25.074202 150.004478 -49.887674 -19.998427 19.374930 0.000538
25.084241 150.004486 -49.887468 -19.998424 19.373783 0.000539
25.094279 150.004494 -49.887262 -19.998421 19.372637 0.000540
25.104317 150.004502 -49.887056 -19.998418 19.371492 0.000541
25.114356 150.004511 -49.886850 -19.998415 19.370348 0.000542
25.124395 150.004519 -49.886645 -19.998412 19.369205 0.000543
25.134435 150.004527 -49.886440 -19.998409 19.368064 0.000544
25.144474 150.004535 -49.886235 -19.998407 19.366924 0.000545
25.154513 150.004543 -49.886030 -19.998404 19.365785 0.000546
25.164552 150.004551 -49.885826 -19.998401 19.364648 0.000547
25.174592 150.004560 -49.885622 -19.998397 19.363512 0.000548
25.184632 150.004568 -49.885418 -19.998395 19.362377 0.000549
25.194672 150.004576 -49.885214 -19.998392 19.361243 0.000550
25.204711 150.004584 -49.885011 -19.998389 19.360111 0.000551
25.214751 150.004592 -49.884807 -19.998387 19.358980 0.000552
25.224791 150.004600 -49.884604 -19.998384 19.357851 0.000553
25.234832 150.004608 -49.884402 -19.998381 19.356722 0.000554
25.244872 150.004616 -49.884200 -19.998378 19.355596 0.000555
25.254912 150.004624 -49.883997 -19.998375 19.354470 0.000556
25.264952 150.004632 -49.883795 -19.998372 19.353346 0.000557
25.274993 150.004640 -49.883593 -19.998370 19.352223 0.000558
25.285034 150.004649 -49.883391 -19.998367 19.351101 0.000559
25.295074 150.004657 -49.883191 -19.998364 19.349981 0.000560
25.305115 150.004665 -49.882990 -19.998362 19.348863 0.000560
25.315156 150.004673 -49.882788 -19.998358 19.347745 0.000561
25.325198 150.004681 -49.882588 -19.998355 19.346629 0.000563
25.335239 150.004689 -49.882388 -19.998353 19.345515 0.000563
25.345279 150.004697 -49.882188 -19.998350 19.344402 0.000564
25.355321 150.004704 -49.881988 -19.998347 19.343290 0.000565
25.365363 150.004712 -49.881788 -19.998345 19.342180 0.000566
25.375405 150.004720 -49.881590 -19.998342 19.341071 0.000567
25.385445 150.004728 -49.881390 -19.998339 19.339963 0.000568
25.395487 150.004736 -49.881191 -19.998336 19.338857 0.000569
25.405530 150.004744 -49.880993 -19.998333 19.337753 0.000570
25.415572 150.004752 -49.880795 -19.998331 19.336650 0.000571
25.425614 150.004760 -49.880597 -19.998328 19.335548 0.000572
