-10.374130 149.561786 -41.385689 -20.076575 -42.639017 -0.056985
-10.369430 149.562036 -41.386342 -20.076556 -42.629484 -0.056953
-10.364731 149.562286 -41.386997 -20.076537 -42.619950 -0.056920
-10.360033 149.562536 -41.387651 -20.076518 -42.610417 -0.056888
-10.355336 149.562785 -41.388305 -20.076499 -42.600883 -0.056856
-10.350639 149.563035 -41.388960 -20.076480 -42.591349 -0.056823
-10.345944 149.563285 -41.389615 -20.076461 -42.581814 -0.056791
-10.341249 149.563535 -41.390270 -20.076442 -42.572280 -0.056758
-10.336555 149.563784 -41.390926 -20.076423 -42.562745 -0.056726
-10.331861 149.564034 -41.391581 -20.076404 -42.553210 -0.056694
-10.327168 149.564284 -41.392237 -20.076384 -42.543675 -0.056661
-10.322476 149.564534 -41.392892 -20.076365 -42.534139 -0.056629
-10.317786 149.564783 -41.393549 -20.076346 -42.524603 -0.056596
-10.313095 149.565033 -41.394205 -20.076326 -42.515067 -0.056564
-10.308406 149.565282 -41.394861 -20.076307 -42.505531 -0.056531
-10.303717 149.565532 -41.395519 -20.076287 -42.495995 -0.056499
-10.299029 149.565782 -41.396176 -20.076268 -42.486458 -0.056467
-10.294342 149.566031 -41.396833 -20.076249 -42.476921 -0.056434
-10.289655 149.566281 -41.397490 -20.076229 -42.467384 -0.056402
-10.284970 149.566530 -41.398147 -20.076210 -42.457847 -0.056369
-10.280285 149.566780 -41.398805 -20.076190 -42.448309 -0.056337
-10.275601 149.567029 -41.399463 -20.076171 -42.438771 -0.056305
-10.270917 149.567279 -41.400122 -20.076151 -42.429233 -0.056272
-10.266235 149.567528 -41.400780 -20.076132 -42.419695 -0.056240
-10.261553 149.567777 -41.401439 -20.076112 -42.410157 -0.056207
-10.256873 149.568027 -41.402099 -20.076092 -42.400618 -0.056175
-10.252193 149.568276 -41.402757 -20.076072 -42.391079 -0.056142
-10.247513 149.568526 -41.403417 -20.076053 -42.381540 -0.056110
-10.242834 149.568775 -41.404077 -20.076033 -42.371999 -0.056078
-10.238157 149.569024 -41.404736 -20.076014 -42.362460 -0.056045
-10.233480 149.569273 -41.405396 -20.075994 -42.352920 -0.056013
-10.228804 149.569523 -41.406056 -20.075974 -42.343379 -0.055980
-10.224128 149.569772 -41.406717 -20.075954 -42.333839 -0.055948
-10.219454 149.570021 -41.407377 -20.075934 -42.324298 -0.055916
-10.214780 149.570270 -41.408038 -20.075914 -42.314758 -0.055883
-10.210106 149.570519 -41.408700 -20.075894 -42.305216 -0.055851
-10.205435 149.570769 -41.409361 -20.075874 -42.295675 -0.055819
-10.200763 149.571018 -41.410022 -20.075854 -42.286134 -0.055786
-10.196093 149.571267 -41.410684 -20.075834 -42.276592 -0.055754
-10.191422 149.571516 -41.411346 -20.075814 -42.267050 -0.055721
-10.186753 149.571765 -41.412008 -20.075794 -42.257508 -0.055689
-10.182085 149.572014 -41.412670 -20.075774 -42.247965 -0.055656
-10.177417 149.572263 -41.413333 -20.075753 -42.238422 -0.055624
-10.172752 149.572512 -41.413996 -20.075733 -42.228879 -0.055591
-10.168085 149.572761 -41.414658 -20.075713 -42.219336 -0.055559
-10.163420 149.573010 -41.415321 -20.075693 -42.209793 -0.055526
-10.158756 149.573259 -41.415985 -20.075672 -42.200249 -0.055494
-10.154092 149.573508 -41.416648 -20.075652 -42.190705 -0.055462
-10.149430 149.573756 -41.417312 -20.075632 -42.181161 -0.055429
-10.144768 149.574005 -41.417977 -20.075612 -42.171617 -0.055397
-10.140107 149.574254 -41.418641 -20.075591 -42.162072 -0.055365
-10.135447 149.574503 -41.419305 -20.075571 -42.152527 -0.055332
-10.130787 149.574752 -41.419970 -20.075551 -42.142982 -0.055300
-10.126128 149.575000 -41.420635 -20.075530 -42.133437 -0.055268
-10.121470 149.575249 -41.421300 -20.075509 -42.123891 -0.055235
-10.116814 149.575498 -41.421966 -20.075489 -42.114345 -0.055203
-10.112157 149.575746 -41.422631 -20.075469 -42.104799 -0.055170
-10.107502 149.575995 -41.423297 -20.075448 -42.095253 -0.055138
-10.102846 149.576244 -41.423962 -20.075427 -42.085707 -0.055105
-10.098193 149.576492 -41.424629 -20.075407 -42.076160 -0.055073
-10.093540 149.576741 -41.425295 -20.075386 -42.066613 -0.055041
-10.088888 149.576989 -41.425962 -20.075365 -42.057066 -0.055008
-10.084236 149.577238 -41.426629 -20.075345 -42.047518 -0.054976
-10.079585 149.577486 -41.427296 -20.075323 -42.037971 -0.054943
-10.074935 149.577735 -41.427962 -20.075303 -42.028423 -0.054911
-10.070286 149.577983 -41.428630 -20.075282 -42.018875 -0.054879
-10.065637 149.578232 -41.429298 -20.075261 -42.009326 -0.054846
-10.060990 149.578480 -41.429966 -20.075241 -41.999778 -0.054814
-10.056344 149.578729 -41.430634 -20.075220 -41.990229 -0.054781
-10.051697 149.578977 -41.431303 -20.075198 -41.980680 -0.054749
-10.047053 149.579225 -41.431971 -20.075178 -41.971130 -0.054717
-10.042409 149.579474 -41.432640 -20.075157 -41.961581 -0.054684
-10.037765 149.579722 -41.433309 -20.075136 -41.952031 -0.054652
-10.033122 149.579970 -41.433978 -20.075115 -41.942481 -0.054619
-10.028480 149.580218 -41.434648 -20.075093 -41.932931 -0.054587
-10.023839 149.580467 -41.435317 -20.075073 -41.923380 -0.054555
-10.019199 149.580715 -41.435987 -20.075051 -41.913829 -0.054522
-10.014560 149.580963 -41.436657 -20.075030 -41.904278 -0.054490
-10.009921 149.581211 -41.437327 -20.075009 -41.894727 -0.054457
-10.005283 149.581459 -41.437997 -20.074988 -41.885176 -0.054425
-10.000647 149.581707 -41.438668 -20.074967 -41.875623 -0.054393
-9.996010 149.581955 -41.439339 -20.074945 -41.866071 -0.054360
-9.991374 149.582204 -41.440010 -20.074924 -41.856519 -0.054328
-9.986740 149.582452 -41.440682 -20.074902 -41.846967 -0.054295
-9.982106 149.582700 -41.441354 -20.074882 -41.837414 -0.054263
-9.977473 149.582948 -41.442026 -20.074860 -41.827861 -0.054231
-9.972842 149.583195 -41.442697 -20.074839 -41.818308 -0.054199
-9.968210 149.583443 -41.443370 -20.074817 -41.808755 -0.054166
-9.963579 149.583691 -41.444043 -20.074796 -41.799201 -0.054134
-9.958950 149.583939 -41.444715 -20.074774 -41.789647 -0.054101
-9.954321 149.584187 -41.445388 -20.074753 -41.780093 -0.054069
-9.949692 149.584435 -41.446061 -20.074731 -41.770539 -0.054037
-9.945065 149.584683 -41.446735 -20.074710 -41.760984 -0.054004
-9.940439 149.584930 -41.447408 -20.074688 -41.751429 -0.053972
-9.935813 149.585178 -41.448081 -20.074666 -41.741874 -0.053939
-9.931189 149.585426 -41.448756 -20.074644 -41.732319 -0.053907
-9.926564 149.585674 -41.449430 -20.074623 -41.722764 -0.053875
-9.921942 149.585921 -41.450104 -20.074601 -41.713208 -0.053842
-9.917319 149.586169 -41.450778 -20.074580 -41.703652 -0.053810
-9.912698 149.586417 -41.451453 -20.074558 -41.694096 -0.053778
-9.908077 149.586664 -41.452128 -20.074536 -41.684539 -0.053745
-9.903457 149.586912 -41.452803 -20.074514 -41.674983 -0.053713
-9.898839 149.587159 -41.453479 -20.074492 -41.665426 -0.053681
-9.894220 149.587407 -41.454155 -20.074471 -41.655869 -0.053648
-9.889602 149.587654 -41.454831 -20.074448 -41.646311 -0.053616
-9.884985 149.587902 -41.455507 -20.074427 -41.636753 -0.053583
-9.880370 149.588149 -41.456184 -20.074405 -41.627196 -0.053551
-9.875755 149.588397 -41.456860 -20.074382 -41.617637 -0.053519
-9.871141 149.588644 -41.457537 -20.074361 -41.608079 -0.053486
-9.866528 149.588891 -41.458214 -20.074338 -41.598521 -0.053454
-9.861915 149.589139 -41.458891 -20.074316 -41.588962 -0.053422
-9.857304 149.589386 -41.459569 -20.074294 -41.579403 -0.053389
-9.852693 149.589633 -41.460246 -20.074272 -41.569843 -0.053357
-9.848083 149.589880 -41.460924 -20.074250 -41.560284 -0.053324
-9.843473 149.590128 -41.461602 -20.074228 -41.550724 -0.053292
-9.838865 149.590375 -41.462281 -20.074205 -41.541164 -0.053260
-9.834258 149.590622 -41.462959 -20.074183 -41.531604 -0.053228
-9.829651 149.590869 -41.463638 -20.074161 -41.522043 -0.053195
-9.825045 149.591116 -41.464317 -20.074139 -41.512482 -0.053163
-9.820440 149.591363 -41.464997 -20.074116 -41.502921 -0.053131
-9.815836 149.591611 -41.465676 -20.074094 -41.493360 -0.053098
-9.811233 149.591858 -41.466356 -20.074072 -41.483799 -0.053066
-9.806630 149.592105 -41.467035 -20.074049 -41.474237 -0.053033
-9.802028 149.592352 -41.467716 -20.074027 -41.464675 -0.053001
-9.797427 149.592599 -41.468396 -20.074005 -41.455113 -0.052969
-9.792827 149.592846 -41.469077 -20.073982 -41.445550 -0.052937
-9.788228 149.593092 -41.469757 -20.073959 -41.435988 -0.052904
-9.783629 149.593339 -41.470438 -20.073937 -41.426425 -0.052872
-9.779032 149.593586 -41.471119 -20.073914 -41.416862 -0.052839
-9.774435 149.593833 -41.471801 -20.073892 -41.407298 -0.052807
-9.769839 149.594080 -41.472483 -20.073869 -41.397735 -0.052775
-9.765244 149.594327 -41.473164 -20.073847 -41.388171 -0.052743
-9.760650 149.594573 -41.473846 -20.073824 -41.378606 -0.052710
-9.756056 149.594820 -41.474528 -20.073801 -41.369041 -0.052678
-9.751464 149.595067 -41.475211 -20.073778 -41.359477 -0.052646
-9.746872 149.595313 -41.475893 -20.073756 -41.349912 -0.052613
-9.742281 149.595560 -41.476577 -20.073733 -41.340347 -0.052581
-9.737691 149.595807 -41.477260 -20.073710 -41.330781 -0.052549
-9.733102 149.596053 -41.477944 -20.073687 -41.321216 -0.052516
-9.728514 149.596300 -41.478627 -20.073664 -41.311650 -0.052484
-9.723926 149.596546 -41.479311 -20.073641 -41.302084 -0.052452
-9.719339 149.596793 -41.479995 -20.073619 -41.292518 -0.052419
-9.714753 149.597039 -41.480680 -20.073596 -41.282951 -0.052387
-9.710168 149.597286 -41.481364 -20.073573 -41.273384 -0.052355
-9.705584 149.597532 -41.482049 -20.073550 -41.263817 -0.052323
-9.701001 149.597779 -41.482734 -20.073526 -41.254250 -0.052290
-9.696418 149.598025 -41.483419 -20.073503 -41.244683 -0.052258
-9.691836 149.598271 -41.484104 -20.073480 -41.235115 -0.052225
-9.687255 149.598518 -41.484790 -20.073457 -41.225547 -0.052193
-9.682676 149.598764 -41.485475 -20.073435 -41.215979 -0.052161
-9.678096 149.599010 -41.486161 -20.073411 -41.206410 -0.052128
-9.673518 149.599256 -41.486848 -20.073388 -41.196842 -0.052096
-9.668940 149.599503 -41.487535 -20.073365 -41.187273 -0.052064
-9.664364 149.599749 -41.488221 -20.073341 -41.177704 -0.052032
-9.659787 149.599995 -41.488908 -20.073318 -41.168134 -0.051999
-9.655213 149.600241 -41.489596 -20.073295 -41.158564 -0.051967
-9.650639 149.600487 -41.490282 -20.073271 -41.148995 -0.051935
-9.646065 149.600733 -41.490971 -20.073248 -41.139424 -0.051903
-9.641494 149.600979 -41.491658 -20.073225 -41.129854 -0.051871
-9.636922 149.601225 -41.492347 -20.073201 -41.120283 -0.051838
-9.632351 149.601471 -41.493034 -20.073178 -41.110713 -0.051806
-9.627781 149.601717 -41.493723 -20.073154 -41.101141 -0.051773
-9.623212 149.601963 -41.494412 -20.073131 -41.091570 -0.051741
-9.618644 149.602209 -41.495101 -20.073107 -41.081998 -0.051709
-9.614077 149.602455 -41.495790 -20.073084 -41.072427 -0.051677
-9.609510 149.602701 -41.496479 -20.073060 -41.062855 -0.051644
-9.604945 149.602946 -41.497169 -20.073037 -41.053282 -0.051612
-9.600380 149.603192 -41.497859 -20.073013 -41.043710 -0.051580
-9.595816 149.603438 -41.498549 -20.072989 -41.034137 -0.051547
-9.591252 149.603684 -41.499239 -20.072966 -41.024564 -0.051516
-9.586690 149.603929 -41.499930 -20.072942 -41.014990 -0.051483
-9.582129 149.604175 -41.500621 -20.072918 -41.005417 -0.051451
-9.577568 149.604421 -41.501311 -20.072895 -40.995843 -0.051419
-9.573008 149.604666 -41.502002 -20.072871 -40.986269 -0.051386
-9.568450 149.604912 -41.502694 -20.072847 -40.976695 -0.051354
-9.563892 149.605157 -41.503386 -20.072824 -40.967120 -0.051322
-9.559335 149.605403 -41.504078 -20.072800 -40.957545 -0.051290
-9.554778 149.605648 -41.504769 -20.072776 -40.947970 -0.051257
-9.550223 149.605894 -41.505462 -20.072752 -40.938395 -0.051225
-9.545668 149.606139 -41.506155 -20.072728 -40.928820 -0.051193
-9.541114 149.606384 -41.506847 -20.072704 -40.919244 -0.051161
-9.536561 149.606630 -41.507540 -20.072680 -40.909668 -0.051129
-9.532009 149.606875 -41.508233 -20.072656 -40.900091 -0.051096
-9.527458 149.607120 -41.508927 -20.072632 -40.890514 -0.051064
-9.522908 149.607366 -41.509620 -20.072608 -40.880938 -0.051032
-9.518359 149.607611 -41.510314 -20.072584 -40.871361 -0.050999
-9.513809 149.607856 -41.511009 -20.072560 -40.861783 -0.050967
-9.509262 149.608101 -41.511703 -20.072536 -40.852206 -0.050935
-9.504715 149.608347 -41.512397 -20.072511 -40.842628 -0.050903
-9.500169 149.608592 -41.513092 -20.072487 -40.833050 -0.050871
-9.495624 149.608837 -41.513787 -20.072463 -40.823472 -0.050838
-9.491080 149.609082 -41.514482 -20.072439 -40.813894 -0.050806
-9.486536 149.609327 -41.515178 -20.072415 -40.804315 -0.050774
-9.481994 149.609572 -41.515874 -20.072390 -40.794736 -0.050742
-9.477452 149.609817 -41.516569 -20.072366 -40.785157 -0.050710
-9.472910 149.610062 -41.517266 -20.072342 -40.775578 -0.050677
-9.468371 149.610307 -41.517962 -20.072318 -40.765998 -0.050645
-9.463831 149.610552 -41.518659 -20.072293 -40.756418 -0.050613
-9.459293 149.610796 -41.519355 -20.072268 -40.746838 -0.050581
-9.454756 149.611041 -41.520052 -20.072244 -40.737258 -0.050548
-9.450219 149.611286 -41.520749 -20.072220 -40.727677 -0.050516
-9.445683 149.611531 -41.521447 -20.072195 -40.718096 -0.050484
-9.441149 149.611775 -41.522144 -20.072171 -40.708515 -0.050452
-9.436615 149.612020 -41.522842 -20.072146 -40.698934 -0.050420
-9.432082 149.612265 -41.523541 -20.072122 -40.689352 -0.050388
-9.427550 149.612509 -41.524239 -20.072097 -40.679770 -0.050356
-9.423018 149.612754 -41.524938 -20.072072 -40.670188 -0.050323
-9.418488 149.612999 -41.525636 -20.072048 -40.660606 -0.050291
-9.413958 149.613243 -41.526336 -20.072023 -40.651023 -0.050259
-9.409429 149.613488 -41.527035 -20.071998 -40.641440 -0.050227
-9.404902 149.613732 -41.527734 -20.071974 -40.631857 -0.050195
-9.400374 149.613977 -41.528434 -20.071949 -40.622274 -0.050163
-9.395849 149.614221 -41.529134 -20.071924 -40.612690 -0.050130
-9.391323 149.614465 -41.529834 -20.071899 -40.603107 -0.050098
-9.386799 149.614710 -41.530535 -20.071874 -40.593522 -0.050066
-9.382275 149.614954 -41.531235 -20.071850 -40.583938 -0.050034
-9.377753 149.615198 -41.531936 -20.071825 -40.574354 -0.050002
-9.373231 149.615443 -41.532637 -20.071800 -40.564769 -0.049970
-9.368710 149.615687 -41.533338 -20.071775 -40.555184 -0.049937
-9.364189 149.615931 -41.534040 -20.071750 -40.545598 -0.049905
-9.359670 149.616175 -41.534742 -20.071725 -40.536013 -0.049873
-9.355152 149.616419 -41.535444 -20.071700 -40.526427 -0.049841
-9.350634 149.616664 -41.536146 -20.071675 -40.516841 -0.049809
-9.346118 149.616908 -41.536849 -20.071650 -40.507255 -0.049777
-9.341602 149.617152 -41.537552 -20.071625 -40.497668 -0.049745
-9.337087 149.617396 -41.538255 -20.071600 -40.488081 -0.049712
-9.332573 149.617640 -41.538957 -20.071575 -40.478494 -0.049680
-9.328060 149.617884 -41.539661 -20.071550 -40.468907 -0.049648
-9.323548 149.618128 -41.540365 -20.071524 -40.459320 -0.049616
-9.319037 149.618371 -41.541068 -20.071500 -40.449732 -0.049584
-9.314526 149.618615 -41.541772 -20.071474 -40.440144 -0.049552
-9.310016 149.618859 -41.542477 -20.071449 -40.430556 -0.049520
-9.305508 149.619103 -41.543181 -20.071423 -40.420966 -0.049487
-9.300999 149.619347 -41.543886 -20.071399 -40.411377 -0.049456
-9.296493 149.619590 -41.544591 -20.071373 -40.401788 -0.049424
-9.291987 149.619834 -41.545296 -20.071348 -40.392199 -0.049391
-9.287482 149.620078 -41.546001 -20.071322 -40.382610 -0.049359
-9.282977 149.620321 -41.546707 -20.071297 -40.373020 -0.049327
-9.278474 149.620565 -41.547413 -20.071271 -40.363430 -0.049295
-9.273971 149.620809 -41.548119 -20.071246 -40.353840 -0.049263
-9.269470 149.621052 -41.548825 -20.071221 -40.344249 -0.049231
-9.264969 149.621296 -41.549531 -20.071195 -40.334659 -0.049199
-9.260469 149.621539 -41.550239 -20.071170 -40.325068 -0.049167
-9.255970 149.621782 -41.550946 -20.071144 -40.315476 -0.049135
-9.251472 149.622026 -41.551653 -20.071118 -40.305885 -0.049103
-9.246975 149.622269 -41.552360 -20.071093 -40.296293 -0.049070
-9.242479 149.622513 -41.553068 -20.071067 -40.286701 -0.049038
-9.237983 149.622756 -41.553776 -20.071042 -40.277109 -0.049006
-9.233488 149.622999 -41.554484 -20.071016 -40.267516 -0.048974
-9.228994 149.623242 -41.555193 -20.070990 -40.257924 -0.048942
-9.224502 149.623486 -41.555901 -20.070965 -40.248331 -0.048910
-9.220010 149.623729 -41.556610 -20.070939 -40.238738 -0.048878
-9.215519 149.623972 -41.557320 -20.070913 -40.229144 -0.048846
-9.211028 149.624215 -41.558028 -20.070887 -40.219550 -0.048814
-9.206539 149.624458 -41.558738 -20.070861 -40.209956 -0.048782
-9.202051 149.624701 -41.559448 -20.070835 -40.200362 -0.048750
-9.197564 149.624944 -41.560157 -20.070810 -40.190768 -0.048718
-9.193077 149.625187 -41.560868 -20.070784 -40.181173 -0.048686
-9.188591 149.625430 -41.561579 -20.070758 -40.171578 -0.048654
-9.184106 149.625673 -41.562289 -20.070732 -40.161983 -0.048622
-9.179622 149.625916 -41.563000 -20.070706 -40.152387 -0.048590
-9.175139 149.626159 -41.563711 -20.070680 -40.142792 -0.048558
-9.170657 149.626401 -41.564423 -20.070654 -40.133196 -0.048526
-9.166175 149.626644 -41.565134 -20.070628 -40.123600 -0.048494
-9.161695 149.626887 -41.565846 -20.070602 -40.114003 -0.048462
-9.157216 149.627130 -41.566558 -20.070576 -40.104406 -0.048430
-9.152737 149.627372 -41.567270 -20.070550 -40.094810 -0.048398
-9.148259 149.627615 -41.567983 -20.070523 -40.085212 -0.048365
-9.143782 149.627858 -41.568696 -20.070498 -40.075615 -0.048334
-9.139306 149.628100 -41.569409 -20.070472 -40.066017 -0.048302
-9.134832 149.628343 -41.570122 -20.070445 -40.056419 -0.048270
-9.130357 149.628585 -41.570836 -20.070419 -40.046821 -0.048238
-9.125884 149.628828 -41.571549 -20.070393 -40.037223 -0.048206
-9.121411 149.629070 -41.572263 -20.070366 -40.027624 -0.048174
-9.116940 149.629313 -41.572977 -20.070340 -40.018025 -0.048142
-9.112470 149.629555 -41.573692 -20.070314 -40.008426 -0.048110
-9.108000 149.629797 -41.574406 -20.070288 -39.998826 -0.048078
-9.103531 149.630040 -41.575121 -20.070261 -39.989227 -0.048046
-9.099063 149.630282 -41.575836 -20.070235 -39.979627 -0.048014
-9.094597 149.630524 -41.576552 -20.070208 -39.970027 -0.047982
-9.090130 149.630766 -41.577268 -20.070182 -39.960426 -0.047950
-9.085666 149.631008 -41.577983 -20.070155 -39.950824 -0.047918
-9.081201 149.631250 -41.578699 -20.070129 -39.941223 -0.047886
-9.076738 149.631493 -41.579415 -20.070102 -39.931622 -0.047854
-9.072275 149.631735 -41.580132 -20.070076 -39.922021 -0.047822
-9.067814 149.631977 -41.580849 -20.070050 -39.912419 -0.047790
-9.063353 149.632219 -41.581565 -20.070023 -39.902817 -0.047758
-9.058893 149.632461 -41.582283 -20.069997 -39.893215 -0.047726
-9.054434 149.632703 -41.583000 -20.069970 -39.883612 -0.047694
-9.049976 149.632944 -41.583718 -20.069943 -39.874010 -0.047662
-9.045519 149.633186 -41.584436 -20.069917 -39.864407 -0.047631
-9.041063 149.633428 -41.585153 -20.069890 -39.854804 -0.047599
-9.036608 149.633670 -41.585872 -20.069863 -39.845200 -0.047567
-9.032154 149.633912 -41.586590 -20.069836 -39.835596 -0.047534
-9.027700 149.634153 -41.587309 -20.069810 -39.825993 -0.047503
-9.023247 149.634395 -41.588029 -20.069783 -39.816388 -0.047471
-9.018796 149.634637 -41.588747 -20.069756 -39.806784 -0.047439
-9.014345 149.634878 -41.589467 -20.069729 -39.797179 -0.047407
-9.009895 149.635120 -41.590187 -20.069702 -39.787574 -0.047375
-9.005446 149.635361 -41.590907 -20.069675 -39.777969 -0.047343
-9.000999 149.635603 -41.591627 -20.069648 -39.768363 -0.047311
-8.996551 149.635844 -41.592347 -20.069621 -39.758758 -0.047279
-8.992105 149.636086 -41.593068 -20.069594 -39.749152 -0.047247
-8.987660 149.636327 -41.593789 -20.069567 -39.739546 -0.047216
-8.983216 149.636568 -41.594510 -20.069541 -39.729939 -0.047184
-8.978772 149.636810 -41.595232 -20.069514 -39.720332 -0.047152
-8.974330 149.637051 -41.595953 -20.069487 -39.710725 -0.047120
-8.969888 149.637292 -41.596675 -20.069460 -39.701118 -0.047088
-8.965447 149.637534 -41.597397 -20.069432 -39.691511 -0.047056
-8.961008 149.637775 -41.598119 -20.069405 -39.681903 -0.047025
-8.956568 149.638016 -41.598842 -20.069378 -39.672295 -0.046993
-8.952130 149.638257 -41.599565 -20.069351 -39.662687 -0.046961
-8.947693 149.638498 -41.600287 -20.069324 -39.653078 -0.046929
-8.943257 149.638739 -41.601011 -20.069297 -39.643469 -0.046897
-8.938822 149.638980 -41.601734 -20.069269 -39.633860 -0.046865
-8.934387 149.639221 -41.602458 -20.069242 -39.624251 -0.046833
-8.929954 149.639462 -41.603182 -20.069215 -39.614642 -0.046802
-8.925522 149.639703 -41.603906 -20.069188 -39.605032 -0.046770
-8.921090 149.639944 -41.604631 -20.069161 -39.595422 -0.046738
-8.916659 149.640184 -41.605356 -20.069133 -39.585812 -0.046706
-8.912229 149.640425 -41.606080 -20.069105 -39.576201 -0.046674
-8.907800 149.640666 -41.606805 -20.069078 -39.566590 -0.046642
-8.903372 149.640907 -41.607530 -20.069051 -39.556979 -0.046611
-8.898945 149.641147 -41.608256 -20.069023 -39.547368 -0.046579
-8.894519 149.641388 -41.608982 -20.068996 -39.537757 -0.046547
-8.890094 149.641629 -41.609708 -20.068969 -39.528145 -0.046515
-8.885670 149.641869 -41.610434 -20.068941 -39.518533 -0.046484
-8.881247 149.642110 -41.611160 -20.068913 -39.508921 -0.046452
-8.876824 149.642350 -41.611888 -20.068886 -39.499308 -0.046420
-8.872402 149.642591 -41.612614 -20.068858 -39.489695 -0.046388
-8.867982 149.642831 -41.613341 -20.068831 -39.480081 -0.046357
-8.863563 149.643071 -41.614069 -20.068803 -39.470468 -0.046324
-8.859144 149.643312 -41.614797 -20.068776 -39.460854 -0.046293
-8.854726 149.643552 -41.615525 -20.068748 -39.451240 -0.046261
-8.850309 149.643792 -41.616253 -20.068720 -39.441626 -0.046229
-8.845894 149.644033 -41.616982 -20.068692 -39.432012 -0.046197
-8.841478 149.644273 -41.617710 -20.068665 -39.422398 -0.046166
-8.837064 149.644513 -41.618439 -20.068637 -39.412783 -0.046134
-8.832651 149.644753 -41.619168 -20.068609 -39.403168 -0.046102
-8.828238 149.644993 -41.619898 -20.068582 -39.393552 -0.046071
-8.823827 149.645233 -41.620627 -20.068554 -39.383937 -0.046039
-8.819416 149.645473 -41.621357 -20.068526 -39.374321 -0.046007
-8.815007 149.645713 -41.622087 -20.068498 -39.364705 -0.045975
-8.810598 149.645953 -41.622817 -20.068470 -39.355088 -0.045943
-8.806191 149.646193 -41.623548 -20.068442 -39.345472 -0.045912
-8.801785 149.646433 -41.624279 -20.068414 -39.335855 -0.045880
-8.797379 149.646673 -41.625009 -20.068387 -39.326238 -0.045848
-8.792973 149.646912 -41.625741 -20.068358 -39.316620 -0.045817
-8.788570 149.647152 -41.626472 -20.068331 -39.307003 -0.045785
-8.784166 149.647392 -41.627204 -20.068302 -39.297385 -0.045753
-8.779765 149.647632 -41.627935 -20.068275 -39.287767 -0.045722
-8.775364 149.647871 -41.628668 -20.068246 -39.278148 -0.045690
-8.770964 149.648111 -41.629401 -20.068218 -39.268530 -0.045658
-8.766564 149.648350 -41.630134 -20.068190 -39.258911 -0.045626
-8.762166 149.648590 -41.630866 -20.068162 -39.249292 -0.045595
-8.757768 149.648829 -41.631600 -20.068134 -39.239672 -0.045563
-8.753371 149.649069 -41.632332 -20.068106 -39.230053 -0.045532
-8.748976 149.649308 -41.633066 -20.068078 -39.220433 -0.045500
-8.744581 149.649548 -41.633800 -20.068049 -39.210813 -0.045468
-8.740188 149.649787 -41.634534 -20.068021 -39.201192 -0.045437
-8.735795 149.650026 -41.635268 -20.067993 -39.191571 -0.045405
-8.731403 149.650265 -41.636003 -20.067964 -39.181950 -0.045373
-8.727012 149.650505 -41.636738 -20.067937 -39.172329 -0.045342
-8.722623 149.650744 -41.637472 -20.067908 -39.162708 -0.045310
-8.718234 149.650983 -41.638208 -20.067880 -39.153086 -0.045278
-8.713845 149.651222 -41.638944 -20.067852 -39.143464 -0.045247
-8.709458 149.651461 -41.639679 -20.067823 -39.133842 -0.045215
-8.705072 149.651700 -41.640416 -20.067795 -39.124219 -0.045183
-8.700687 149.651939 -41.641152 -20.067766 -39.114597 -0.045152
-8.696302 149.652178 -41.641888 -20.067738 -39.104974 -0.045120
-8.691919 149.652417 -41.642625 -20.067709 -39.095350 -0.045089
-8.687537 149.652656 -41.643361 -20.067681 -39.085727 -0.045057
-8.683155 149.652895 -41.644099 -20.067652 -39.076103 -0.045025
-8.678774 149.653133 -41.644837 -20.067624 -39.066479 -0.044994
-8.674395 149.653372 -41.645574 -20.067595 -39.056855 -0.044962
-8.670016 149.653611 -41.646312 -20.067567 -39.047230 -0.044931
-8.665638 149.653850 -41.647050 -20.067538 -39.037606 -0.044899
-8.661262 149.654088 -41.647789 -20.067509 -39.027981 -0.044867
-8.656885 149.654327 -41.648527 -20.067481 -39.018355 -0.044836
-8.652511 149.654565 -41.649266 -20.067453 -39.008729 -0.044804
-8.648137 149.654804 -41.650005 -20.067424 -38.999103 -0.044773
-8.643764 149.655042 -41.650745 -20.067395 -38.989477 -0.044741
-8.639392 149.655281 -41.651485 -20.067366 -38.979850 -0.044710
-8.635020 149.655519 -41.652224 -20.067337 -38.970224 -0.044678
-8.630651 149.655758 -41.652964 -20.067309 -38.960597 -0.044646
-8.626281 149.655996 -41.653704 -20.067280 -38.950970 -0.044615
-8.621913 149.656234 -41.654445 -20.067251 -38.941343 -0.044583
-8.617545 149.656472 -41.655185 -20.067222 -38.931715 -0.044552
-8.613179 149.656711 -41.655926 -20.067193 -38.922087 -0.044520
-8.608814 149.656949 -41.656668 -20.067164 -38.912459 -0.044489
-8.604449 149.657187 -41.657410 -20.067136 -38.902831 -0.044457
-8.600086 149.657425 -41.658151 -20.067107 -38.893202 -0.044426
-8.595723 149.657663 -41.658893 -20.067078 -38.883573 -0.044394
-8.591361 149.657901 -41.659635 -20.067049 -38.873944 -0.044363
-8.587001 149.658139 -41.660378 -20.067020 -38.864314 -0.044331
-8.582640 149.658377 -41.661121 -20.066991 -38.854685 -0.044300
-8.578282 149.658615 -41.661863 -20.066962 -38.845055 -0.044268
-8.573923 149.658853 -41.662607 -20.066933 -38.835425 -0.044237
-8.569567 149.659090 -41.663350 -20.066904 -38.825794 -0.044205
-8.565211 149.659328 -41.664094 -20.066875 -38.816163 -0.044174
-8.560856 149.659566 -41.664838 -20.066846 -38.806533 -0.044142
-8.556502 149.659804 -41.665581 -20.066817 -38.796901 -0.044111
-8.552149 149.660041 -41.666326 -20.066787 -38.787270 -0.044079
-8.547797 149.660279 -41.667071 -20.066758 -38.777638 -0.044048
-8.543445 149.660516 -41.667815 -20.066729 -38.768006 -0.044016
-8.539095 149.660754 -41.668561 -20.066700 -38.758374 -0.043985
-8.534746 149.660991 -41.669306 -20.066671 -38.748741 -0.043954
-8.530397 149.661229 -41.670051 -20.066642 -38.739108 -0.043922
-8.526050 149.661466 -41.670797 -20.066612 -38.729475 -0.043890
-8.521703 149.661703 -41.671544 -20.066583 -38.719842 -0.043859
-8.517358 149.661941 -41.672290 -20.066554 -38.710209 -0.043828
-8.513014 149.662178 -41.673036 -20.066524 -38.700575 -0.043796
-8.508670 149.662415 -41.673783 -20.066495 -38.690941 -0.043765
-8.504327 149.662653 -41.674530 -20.066465 -38.681306 -0.043733
-8.499986 149.662890 -41.675277 -20.066436 -38.671672 -0.043702
-8.495645 149.663127 -41.676025 -20.066407 -38.662037 -0.043671
-8.491305 149.663364 -41.676772 -20.066377 -38.652402 -0.043639
-8.486966 149.663601 -41.677521 -20.066348 -38.642766 -0.043608
-8.482628 149.663838 -41.678270 -20.066319 -38.633131 -0.043577
-8.478292 149.664075 -41.679017 -20.066289 -38.623495 -0.043545
-8.473955 149.664312 -41.679766 -20.066259 -38.613859 -0.043514
-8.469621 149.664549 -41.680515 -20.066230 -38.604222 -0.043482
-8.465287 149.664785 -41.681264 -20.066200 -38.594586 -0.043451
-8.460954 149.665022 -41.682014 -20.066171 -38.584949 -0.043420
-8.456622 149.665259 -41.682764 -20.066141 -38.575312 -0.043388
-8.452291 149.665496 -41.683514 -20.066111 -38.565674 -0.043357
-8.447961 149.665732 -41.684264 -20.066082 -38.556036 -0.043326
-8.443632 149.665969 -41.685014 -20.066053 -38.546398 -0.043294
-8.439303 149.666205 -41.685765 -20.066023 -38.536759 -0.043263
-8.434976 149.666442 -41.686516 -20.065993 -38.527121 -0.043232
-8.430649 149.666678 -41.687267 -20.065963 -38.517482 -0.043200
-8.426325 149.666915 -41.688018 -20.065934 -38.507843 -0.043169
-8.422000 149.667151 -41.688770 -20.065904 -38.498204 -0.043137
-8.417677 149.667388 -41.689522 -20.065874 -38.488564 -0.043106
-8.413354 149.667624 -41.690274 -20.065844 -38.478924 -0.043075
-8.409033 149.667860 -41.691026 -20.065814 -38.469284 -0.043044
-8.404712 149.668097 -41.691779 -20.065785 -38.459644 -0.043012
-8.400393 149.668333 -41.692532 -20.065755 -38.450003 -0.042981
-8.396075 149.668569 -41.693285 -20.065725 -38.440363 -0.042950
-8.391757 149.668805 -41.694038 -20.065695 -38.430722 -0.042918
-8.387440 149.669041 -41.694792 -20.065665 -38.421080 -0.042887
-8.383125 149.669277 -41.695545 -20.065635 -38.411439 -0.042856
-8.378810 149.669513 -41.696300 -20.065605 -38.401797 -0.042824
-8.374496 149.669749 -41.697054 -20.065575 -38.392155 -0.042793
-8.370184 149.669985 -41.697809 -20.065545 -38.382512 -0.042762
-8.365872 149.670221 -41.698564 -20.065516 -38.372869 -0.042731
-8.361561 149.670457 -41.699319 -20.065485 -38.363227 -0.042700
-8.357251 149.670692 -41.700074 -20.065455 -38.353583 -0.042668
-8.352942 149.670928 -41.700829 -20.065425 -38.343940 -0.042637
-8.348634 149.671164 -41.701586 -20.065395 -38.334296 -0.042606
-8.344328 149.671399 -41.702342 -20.065365 -38.324652 -0.042575
-8.340021 149.671635 -41.703098 -20.065335 -38.315008 -0.042543
-8.335717 149.671871 -41.703854 -20.065305 -38.305364 -0.042512
-8.331413 149.672106 -41.704611 -20.065275 -38.295719 -0.042481
-8.327110 149.672342 -41.705368 -20.065244 -38.286074 -0.042450
-8.322808 149.672577 -41.706125 -20.065214 -38.276428 -0.042418
-8.318507 149.672812 -41.706882 -20.065184 -38.266783 -0.042387
-8.314207 149.673048 -41.707640 -20.065154 -38.257137 -0.042356
-8.309908 149.673283 -41.708399 -20.065123 -38.247491 -0.042325
-8.305610 149.673518 -41.709157 -20.065094 -38.237845 -0.042294
-8.301313 149.673754 -41.709915 -20.065063 -38.228198 -0.042263
-8.297016 149.673989 -41.710674 -20.065033 -38.218551 -0.042231
-8.292721 149.674224 -41.711433 -20.065002 -38.208904 -0.042200
-8.288427 149.674459 -41.712192 -20.064972 -38.199257 -0.042169
-8.284134 149.674694 -41.712952 -20.064942 -38.189609 -0.042138
-8.279841 149.674929 -41.713711 -20.064911 -38.179961 -0.042107
-8.275550 149.675164 -41.714471 -20.064881 -38.170313 -0.042076
-8.271260 149.675399 -41.715232 -20.064851 -38.160665 -0.042045
-8.266971 149.675634 -41.715992 -20.064820 -38.151016 -0.042013
-8.262683 149.675869 -41.716753 -20.064790 -38.141367 -0.041982
-8.258395 149.676103 -41.717514 -20.064759 -38.131718 -0.041951
-8.254109 149.676338 -41.718275 -20.064728 -38.122068 -0.041920
-8.249823 149.676573 -41.719037 -20.064698 -38.112419 -0.041889
-8.245539 149.676807 -41.719798 -20.064668 -38.102769 -0.041858
-8.241256 149.677042 -41.720560 -20.064637 -38.093118 -0.041827
-8.236973 149.677277 -41.721322 -20.064606 -38.083468 -0.041796
-8.232692 149.677511 -41.722085 -20.064576 -38.073817 -0.041764
-8.228411 149.677746 -41.722848 -20.064545 -38.064166 -0.041733
-8.224132 149.677980 -41.723610 -20.064514 -38.054514 -0.041702
-8.219853 149.678214 -41.724373 -20.064484 -38.044862 -0.041672
