40.531060 149.774016 -49.995152 3.929822 18.391395 6.679004
40.539328 149.773798 -49.995092 3.936199 18.390421 6.679758
40.547594 149.773580 -49.995031 3.942583 18.389447 6.680519
40.555855 149.773363 -49.994970 3.948972 18.388471 6.681287
40.564112 149.773146 -49.994911 3.955369 18.387495 6.682060
40.572364 149.772931 -49.994850 3.961773 18.386516 6.682840
40.580613 149.772716 -49.994789 3.968182 18.385538 6.683627
40.588858 149.772501 -49.994729 3.974600 18.384557 6.684420
40.597098 149.772288 -49.994669 3.981022 18.383576 6.685220
40.605334 149.772076 -49.994608 3.987452 18.382594 6.686026
40.613566 149.771864 -49.994547 3.993889 18.381611 6.686838
40.621794 149.771653 -49.994488 4.000332 18.380625 6.687657
40.630019 149.771443 -49.994427 4.006782 18.379640 6.688483
40.638239 149.771234 -49.994366 4.013238 18.378653 6.689315
40.646454 149.771025 -49.994307 4.019701 18.377666 6.690153
40.654665 149.770818 -49.994246 4.026171 18.376677 6.690999
40.662872 149.770611 -49.994185 4.032648 18.375686 6.691851
40.671075 149.770405 -49.994125 4.039130 18.374696 6.692709
40.679274 149.770199 -49.994065 4.045620 18.373704 6.693574
40.687467 149.769994 -49.994005 4.052116 18.372711 6.694446
40.695658 149.769791 -49.993945 4.058618 18.371717 6.695323
40.703843 149.769588 -49.993885 4.065127 18.370722 6.696208
40.712023 149.769386 -49.993824 4.071643 18.369726 6.697100
40.720200 149.769185 -49.993765 4.078164 18.368728 6.697999
40.728372 149.768985 -49.993704 4.084694 18.367731 6.698904
40.736540 149.768785 -49.993644 4.091229 18.366731 6.699815
40.744703 149.768587 -49.993584 4.097771 18.365731 6.700734
40.752861 149.768389 -49.993525 4.104320 18.364731 6.701659
40.761015 149.768191 -49.993465 4.110875 18.363729 6.702592
40.769165 149.767995 -49.993406 4.117436 18.362726 6.703530
40.777310 149.767799 -49.993345 4.124004 18.361722 6.704476
40.785451 149.767605 -49.993286 4.130578 18.360716 6.705428
40.793586 149.767411 -49.993226 4.137159 18.359711 6.706388
40.801717 149.767218 -49.993167 4.143747 18.358704 6.707353
40.809843 149.767027 -49.993108 4.150341 18.357696 6.708327
40.817965 149.766836 -49.993048 4.156942 18.356687 6.709306
40.826082 149.766645 -49.992989 4.163548 18.355678 6.710293
40.834195 149.766456 -49.992931 4.170162 18.354668 6.711287
40.842302 149.766267 -49.992872 4.176782 18.353656 6.712287
40.850405 149.766079 -49.992813 4.183408 18.352644 6.713295
40.858502 149.765892 -49.992754 4.190042 18.351630 6.714309
40.866596 149.765707 -49.992695 4.196681 18.350616 6.715330
40.874684 149.765522 -49.992637 4.203327 18.349602 6.716358
40.882767 149.765338 -49.992578 4.209979 18.348585 6.717394
40.890846 149.765154 -49.992520 4.216638 18.347569 6.718436
40.898920 149.764972 -49.992463 4.223303 18.346552 6.719485
40.906988 149.764790 -49.992404 4.229975 18.345533 6.720541
40.915052 149.764609 -49.992346 4.236653 18.344514 6.721605
40.923111 149.764430 -49.992288 4.243337 18.343494 6.722675
40.931166 149.764251 -49.992230 4.250029 18.342473 6.723753
40.939214 149.764073 -49.992173 4.256725 18.341451 6.724837
40.947258 149.763896 -49.992116 4.263429 18.340428 6.725928
40.955297 149.763720 -49.992058 4.270139 18.339405 6.727028
40.963330 149.763545 -49.992002 4.276856 18.338381 6.728134
40.971359 149.763370 -49.991944 4.283579 18.337357 6.729247
40.979382 149.763197 -49.991888 4.290308 18.336331 6.730366
40.987400 149.763024 -49.991832 4.297044 18.335304 6.731493
40.995414 149.762853 -49.991775 4.303786 18.334277 6.732628
41.003422 149.762682 -49.991718 4.310535 18.333249 6.733770
41.011424 149.762513 -49.991663 4.317290 18.332220 6.734919
41.019422 149.762344 -49.991607 4.324051 18.331190 6.736075
41.027414 149.762175 -49.991551 4.330818 18.330160 6.737238
41.035401 149.762009 -49.991495 4.337591 18.329128 6.738409
41.043383 149.761843 -49.991440 4.344372 18.328097 6.739587
41.051359 149.761678 -49.991385 4.351158 18.327064 6.740773
41.059331 149.761514 -49.991329 4.357952 18.326031 6.741965
41.067296 149.761351 -49.991274 4.364751 18.324997 6.743165
41.075256 149.761188 -49.991220 4.371556 18.323962 6.744372
41.083211 149.761027 -49.991165 4.378368 18.322927 6.745587
41.091162 149.760866 -49.991112 4.385186 18.321891 6.746808
41.099106 149.760707 -49.991057 4.392010 18.320855 6.748038
41.107044 149.760549 -49.991003 4.398841 18.319817 6.749274
41.114977 149.760391 -49.990949 4.405679 18.318779 6.750518
41.122904 149.760235 -49.990896 4.412522 18.317740 6.751770
41.130827 149.760079 -49.990843 4.419372 18.316701 6.753029
41.138743 149.759925 -49.990790 4.426227 18.315660 6.754295
41.146654 149.759771 -49.990737 4.433090 18.314620 6.755569
41.154559 149.759618 -49.990684 4.439958 18.313578 6.756850
41.162460 149.759467 -49.990633 4.446833 18.312537 6.758139
41.170353 149.759316 -49.990580 4.453715 18.311494 6.759435
41.178242 149.759167 -49.990528 4.460601 18.310450 6.760739
41.186125 149.759018 -49.990476 4.467496 18.309407 6.762050
41.194001 149.758870 -49.990425 4.474395 18.308362 6.763369
41.201873 149.758723 -49.990375 4.481302 18.307318 6.764696
41.209738 149.758578 -49.990323 4.488214 18.306272 6.766030
41.217599 149.758433 -49.990273 4.495132 18.305226 6.767371
41.225452 149.758289 -49.990222 4.502057 18.304179 6.768721
41.233301 149.758146 -49.990172 4.508988 18.303132 6.770078
41.241143 149.758005 -49.990122 4.515925 18.302084 6.771442
41.248980 149.757865 -49.990072 4.522868 18.301035 6.772814
41.256810 149.757724 -49.990023 4.529818 18.299986 6.774194
41.264635 149.757586 -49.989974 4.536774 18.298936 6.775581
41.272454 149.757448 -49.989925 4.543736 18.297887 6.776977
41.280266 149.757312 -49.989877 4.550704 18.296836 6.778380
41.288074 149.757176 -49.989828 4.557678 18.295784 6.779791
41.295875 149.757041 -49.989781 4.564659 18.294733 6.781208
41.303669 149.756908 -49.989733 4.571645 18.293681 6.782635
41.311458 149.756775 -49.989686 4.578638 18.292628 6.784068
41.319241 149.756644 -49.989639 4.585637 18.291575 6.785511
41.327018 149.756514 -49.989592 4.592642 18.290522 6.786959
41.334789 149.756384 -49.989546 4.599653 18.289468 6.788416
41.342553 149.756256 -49.989499 4.606671 18.288413 6.789882
41.350311 149.756128 -49.989454 4.613695 18.287357 6.791355
41.358063 149.756003 -49.989408 4.620725 18.286303 6.792836
41.365810 149.755877 -49.989363 4.627760 18.285246 6.794324
41.373549 149.755753 -49.989318 4.634802 18.284190 6.795821
41.381283 149.755630 -49.989274 4.641850 18.283133 6.797325
41.389010 149.755507 -49.989229 4.648904 18.282076 6.798837
41.396731 149.755387 -49.989185 4.655965 18.281018 6.800358
41.404446 149.755267 -49.989141 4.663031 18.279959 6.801886
41.412155 149.755148 -49.989099 4.670104 18.278901 6.803422
41.419857 149.755030 -49.989055 4.677183 18.277842 6.804967
41.427552 149.754914 -49.989013 4.684267 18.276783 6.806518
41.435242 149.754798 -49.988971 4.691358 18.275723 6.808079
41.442926 149.754684 -49.988929 4.698455 18.274663 6.809647
41.450602 149.754569 -49.988887 4.705558 18.273602 6.811223
41.458272 149.754458 -49.988846 4.712667 18.272541 6.812807
41.465935 149.754347 -49.988805 4.719781 18.271480 6.814399
41.473593 149.754236 -49.988765 4.726903 18.270419 6.815999
41.481244 149.754127 -49.988724 4.734030 18.269357 6.817608
41.488887 149.754019 -49.988685 4.741163 18.268294 6.819224
41.496526 149.753912 -49.988645 4.748303 18.267232 6.820849
41.504156 149.753807 -49.988606 4.755447 18.266169 6.822482
41.511780 149.753701 -49.988568 4.762599 18.265105 6.824122
41.519399 149.753598 -49.988529 4.769757 18.264042 6.825771
41.527010 149.753495 -49.988492 4.776919 18.262978 6.827429
41.534615 149.753394 -49.988454 4.784089 18.261914 6.829095
41.542212 149.753294 -49.988417 4.791264 18.260850 6.830768
41.549803 149.753195 -49.988381 4.798446 18.259784 6.832450
41.557387 149.753097 -49.988344 4.805634 18.258719 6.834140
41.564965 149.753000 -49.988308 4.812826 18.257654 6.835838
41.572536 149.752905 -49.988273 4.820026 18.256588 6.837545
41.580100 149.752810 -49.988237 4.827231 18.255523 6.839260
41.587658 149.752716 -49.988203 4.834442 18.254456 6.840982
41.595207 149.752624 -49.988169 4.841660 18.253390 6.842714
41.602751 149.752533 -49.988134 4.848883 18.252324 6.844453
41.610288 149.752442 -49.988101 4.856112 18.251256 6.846202
41.617818 149.752354 -49.988068 4.863347 18.250189 6.847958
41.625341 149.752266 -49.988036 4.870588 18.249122 6.849723
41.632857 149.752180 -49.988003 4.877836 18.248055 6.851497
41.640366 149.752094 -49.987972 4.885089 18.246987 6.853279
41.647868 149.752010 -49.987941 4.892348 18.245919 6.855068
41.655363 149.751926 -49.987909 4.899612 18.244851 6.856867
41.662851 149.751845 -49.987880 4.906883 18.243783 6.858673
41.670332 149.751764 -49.987850 4.914160 18.242714 6.860488
41.677806 149.751684 -49.987820 4.921443 18.241645 6.862312
41.685272 149.751606 -49.987791 4.928731 18.240577 6.864145
41.692732 149.751528 -49.987762 4.936025 18.239508 6.865986
41.700184 149.751452 -49.987734 4.943326 18.238438 6.867835
41.707629 149.751377 -49.987706 4.950631 18.237369 6.869692
41.715067 149.751304 -49.987679 4.957944 18.236300 6.871559
41.722499 149.751231 -49.987652 4.965262 18.235230 6.873434
41.729922 149.751159 -49.987626 4.972586 18.234161 6.875317
41.737339 149.751090 -49.987600 4.979916 18.233091 6.877209
41.744748 149.751020 -49.987575 4.987252 18.232022 6.879110
41.752150 149.750953 -49.987550 4.994593 18.230951 6.881019
41.759544 149.750886 -49.987525 5.001940 18.229881 6.882936
41.766931 149.750820 -49.987502 5.009293 18.228811 6.884863
41.774312 149.750757 -49.987478 5.016652 18.227741 6.886798
41.781684 149.750693 -49.987455 5.024017 18.226671 6.888742
41.789050 149.750631 -49.987433 5.031388 18.225600 6.890694
41.796407 149.750571 -49.987411 5.038765 18.224529 6.892655
41.803757 149.750512 -49.987389 5.046147 18.223459 6.894625
41.811100 149.750453 -49.987369 5.053535 18.222388 6.896604
41.818435 149.750397 -49.987349 5.060929 18.221318 6.898591
41.825763 149.750341 -49.987328 5.068328 18.220247 6.900587
41.833083 149.750286 -49.987310 5.075735 18.219177 6.902593
41.840396 149.750234 -49.987291 5.083145 18.218106 6.904606
41.847701 149.750181 -49.987272 5.090563 18.217035 6.906628
41.854998 149.750130 -49.987255 5.097985 18.215964 6.908660
41.862289 149.750080 -49.987238 5.105414 18.214894 6.910699
41.869570 149.750033 -49.987221 5.112849 18.213824 6.912749
41.876845 149.749986 -49.987205 5.120289 18.212752 6.914806
41.884112 149.749940 -49.987189 5.127736 18.211682 6.916873
41.891371 149.749895 -49.987174 5.135188 18.210611 6.918949
41.898623 149.749852 -49.987160 5.142645 18.209541 6.921033
41.905867 149.749810 -49.987145 5.150108 18.208470 6.923126
41.913103 149.749769 -49.987132 5.157578 18.207400 6.925229
41.920331 149.749730 -49.987119 5.165052 18.206329 6.927340
41.927551 149.749691 -49.987107 5.172533 18.205259 6.929461
41.934764 149.749655 -49.987094 5.180019 18.204188 6.931590
41.941968 149.749619 -49.987083 5.187511 18.203118 6.933728
41.949165 149.749584 -49.987073 5.195009 18.202049 6.935875
41.956353 149.749551 -49.987063 5.202513 18.200978 6.938032
41.963535 149.749519 -49.987054 5.210022 18.199908 6.940196
41.970708 149.749488 -49.987044 5.217537 18.198838 6.942371
41.977873 149.749459 -49.987036 5.225057 18.197768 6.944554
41.985030 149.749431 -49.987029 5.232583 18.196699 6.946747
41.992179 149.749405 -49.987021 5.240115 18.195629 6.948948
41.999320 149.749379 -49.987015 5.247653 18.194560 6.951159
42.006453 149.749355 -49.987009 5.255197 18.193491 6.953379
42.013578 149.749332 -49.987004 5.262746 18.192422 6.955607
42.020694 149.749311 -49.986999 5.270300 18.191353 6.957845
42.027804 149.749290 -49.986994 5.277860 18.190283 6.960092
42.034904 149.749271 -49.986991 5.285426 18.189215 6.962349
42.041996 149.749253 -49.986988 5.292999 18.188147 6.964614
42.049080 149.749237 -49.986986 5.300575 18.187078 6.966889
42.056156 149.749222 -49.986985 5.308158 18.186010 6.969172
42.063225 149.749208 -49.986983 5.315747 18.184943 6.971466
42.070283 149.749196 -49.986983 5.323342 18.183875 6.973769
42.077335 149.749185 -49.986983 5.330941 18.182807 6.976081
42.084378 149.749175 -49.986984 5.338547 18.181740 6.978401
42.091413 149.749167 -49.986985 5.346158 18.180673 6.980731
42.098438 149.749160 -49.986988 5.353775 18.179607 6.983071
42.105457 149.749154 -49.986991 5.361397 18.178539 6.985420
42.112466 149.749150 -49.986994 5.369025 18.177473 6.987778
42.119467 149.749147 -49.986998 5.376659 18.176408 6.990146
42.126460 149.749145 -49.987002 5.384298 18.175341 6.992523
42.133445 149.749145 -49.987008 5.391943 18.174275 6.994909
42.140420 149.749146 -49.987014 5.399593 18.173211 6.997305
42.147388 149.749148 -49.987021 5.407248 18.172145 6.999710
42.154346 149.749152 -49.987028 5.414910 18.171081 7.002124
42.161297 149.749156 -49.987036 5.422577 18.170016 7.004549
42.168239 149.749163 -49.987044 5.430249 18.168952 7.006982
42.175172 149.749171 -49.987054 5.437928 18.167888 7.009425
42.182096 149.749180 -49.987064 5.445612 18.166825 7.011878
42.189012 149.749191 -49.987075 5.453301 18.165761 7.014339
42.195920 149.749203 -49.987086 5.460995 18.164698 7.016811
42.202818 149.749215 -49.987099 5.468696 18.163636 7.019292
42.209708 149.749230 -49.987111 5.476401 18.162574 7.021782
42.216590 149.749246 -49.987124 5.484113 18.161511 7.024282
42.223462 149.749264 -49.987138 5.491830 18.160451 7.026792
42.230326 149.749283 -49.987153 5.499552 18.159389 7.029311
42.237181 149.749302 -49.987169 5.507280 18.158328 7.031840
42.244027 149.749324 -49.987185 5.515013 18.157268 7.034378
42.250864 149.749347 -49.987202 5.522752 18.156208 7.036926
42.257693 149.749372 -49.987220 5.530497 18.155148 7.039485
42.264513 149.749397 -49.987238 5.538246 18.154088 7.042052
42.271323 149.749425 -49.987258 5.546001 18.153030 7.044629
42.278126 149.749454 -49.987277 5.553762 18.151972 7.047216
42.284919 149.749483 -49.987298 5.561529 18.150913 7.049812
42.291703 149.749515 -49.987319 5.569301 18.149855 7.052418
42.298477 149.749548 -49.987341 5.577078 18.148799 7.055034
42.305244 149.749581 -49.987364 5.584861 18.147742 7.057660
42.312001 149.749617 -49.987388 5.592649 18.146685 7.060295
42.318749 149.749655 -49.987412 5.600442 18.145629 7.062941
42.325488 149.749692 -49.987438 5.608242 18.144574 7.065595
42.332218 149.749733 -49.987463 5.616046 18.143519 7.068260
42.338939 149.749775 -49.987489 5.623856 18.142464 7.070935
42.345650 149.749817 -49.987517 5.631671 18.141411 7.073619
42.352353 149.749861 -49.987545 5.639492 18.140356 7.076313
42.359046 149.749906 -49.987574 5.647319 18.139304 7.079017
42.365731 149.749954 -49.987603 5.655151 18.138251 7.081732
42.372406 149.750002 -49.987633 5.662987 18.137199 7.084456
42.379071 149.750053 -49.987664 5.670829 18.136147 7.087189
42.385728 149.750103 -49.987697 5.678678 18.135096 7.089932
42.392376 149.750157 -49.987729 5.686530 18.134046 7.092686
42.399013 149.750211 -49.987763 5.694390 18.132996 7.095450
42.405642 149.750267 -49.987797 5.702253 18.131947 7.098224
42.412261 149.750324 -49.987831 5.710123 18.130897 7.101007
42.418872 149.750383 -49.987867 5.717997 18.129849 7.103801
42.425472 149.750443 -49.987904 5.725878 18.128801 7.106604
42.432063 149.750505 -49.987942 5.733763 18.127755 7.109418
42.438645 149.750568 -49.987980 5.741654 18.126707 7.112242
42.445217 149.750633 -49.988019 5.749550 18.125662 7.115075
42.451780 149.750699 -49.988059 5.757452 18.124616 7.117919
42.458333 149.750766 -49.988100 5.765359 18.123572 7.120773
42.464877 149.750836 -49.988141 5.773272 18.122527 7.123637
42.471412 149.750906 -49.988184 5.781189 18.121483 7.126511
42.477937 149.750977 -49.988226 5.789111 18.120440 7.129394
42.484451 149.751052 -49.988270 5.797039 18.119398 7.132289
42.490957 149.751127 -49.988315 5.804974 18.118356 7.135194
42.497453 149.751203 -49.988361 5.812912 18.117315 7.138108
42.503939 149.751282 -49.988407 5.820856 18.116274 7.141033
42.510416 149.751361 -49.988454 5.828806 18.115234 7.143968
42.516882 149.751441 -49.988503 5.836761 18.114195 7.146913
42.523340 149.751525 -49.988551 5.844721 18.113157 7.149869
42.529787 149.751609 -49.988601 5.852685 18.112118 7.152834
42.536226 149.751694 -49.988652 5.860656 18.111081 7.155810
42.542653 149.751781 -49.988704 5.868633 18.110045 7.158796
42.549071 149.751869 -49.988756 5.876613 18.109009 7.161792
42.555479 149.751960 -49.988809 5.884600 18.107974 7.164800
42.561879 149.752052 -49.988863 5.892592 18.106939 7.167817
42.568267 149.752145 -49.988918 5.900589 18.105905 7.170844
42.574645 149.752239 -49.988974 5.908591 18.104872 7.173882
42.581015 149.752336 -49.989031 5.916599 18.103840 7.176930
42.587373 149.752433 -49.989088 5.924611 18.102809 7.179988
42.593723 149.752534 -49.989147 5.932629 18.101777 7.183057
42.600061 149.752634 -49.989207 5.940652 18.100748 7.186137
42.606391 149.752737 -49.989266 5.948680 18.099719 7.189226
42.612709 149.752841 -49.989327 5.956714 18.098690 7.192326
42.619019 149.752946 -49.989390 5.964753 18.097661 7.195437
42.625318 149.753053 -49.989452 5.972797 18.096635 7.198558
42.631606 149.753162 -49.989516 5.980846 18.095609 7.201690
42.637885 149.753272 -49.989581 5.988901 18.094583 7.204832
42.644154 149.753384 -49.989647 5.996960 18.093558 7.207985
42.650413 149.753497 -49.989713 6.005025 18.092534 7.211147
42.656661 149.753612 -49.989781 6.013095 18.091511 7.214321
42.662899 149.753729 -49.989849 6.021170 18.090489 7.217504
42.669127 149.753847 -49.989919 6.029250 18.089468 7.220699
42.675345 149.753967 -49.989989 6.037336 18.088447 7.223905
42.681553 149.754088 -49.990060 6.045427 18.087427 7.227120
42.687750 149.754211 -49.990132 6.053523 18.086409 7.230348
42.693936 149.754335 -49.990205 6.061624 18.085390 7.233584
42.700113 149.754462 -49.990279 6.069730 18.084373 7.236832
42.706279 149.754588 -49.990354 6.077842 18.083357 7.240090
42.712435 149.754718 -49.990430 6.085957 18.082341 7.243359
42.718580 149.754849 -49.990506 6.094080 18.081327 7.246639
42.724716 149.754981 -49.990584 6.102207 18.080313 7.249929
42.730840 149.755115 -49.990663 6.110338 18.079300 7.253230
42.736954 149.755251 -49.990742 6.118475 18.078288 7.256542
42.743058 149.755388 -49.990823 6.126617 18.077277 7.259865
42.749151 149.755527 -49.990904 6.134764 18.076267 7.263198
42.755234 149.755667 -49.990987 6.142916 18.075258 7.266543
42.761306 149.755810 -49.991071 6.151074 18.074249 7.269897
42.767368 149.755953 -49.991155 6.159237 18.073242 7.273263
42.773418 149.756098 -49.991241 6.167404 18.072236 7.276639
42.779459 149.756246 -49.991327 6.175577 18.071230 7.280027
42.785489 149.756393 -49.991415 6.183755 18.070226 7.283425
42.791508 149.756544 -49.991503 6.191937 18.069223 7.286834
42.797516 149.756696 -49.991593 6.200125 18.068220 7.290253
42.803514 149.756849 -49.991683 6.208318 18.067218 7.293685
42.809502 149.757005 -49.991774 6.216516 18.066217 7.297127
42.815478 149.757162 -49.991866 6.224719 18.065218 7.300579
42.821444 149.757319 -49.991960 6.232928 18.064219 7.304042
42.827398 149.757480 -49.992055 6.241141 18.063222 7.307516
42.833342 149.757641 -49.992150 6.249360 18.062225 7.311002
42.839275 149.757805 -49.992246 6.257582 18.061230 7.314498
42.845197 149.757969 -49.992344 6.265811 18.060235 7.318006
42.851110 149.758137 -49.992442 6.274044 18.059241 7.321524
42.857010 149.758304 -49.992542 6.282282 18.058248 7.325053
42.862900 149.758475 -49.992642 6.290526 18.057257 7.328594
42.868778 149.758646 -49.992744 6.298775 18.056267 7.332145
42.874646 149.758820 -49.992847 6.307028 18.055278 7.335708
42.880503 149.758995 -49.992950 6.315286 18.054289 7.339282
42.886349 149.759172 -49.993054 6.323549 18.053302 7.342866
42.892183 149.759350 -49.993160 6.331818 18.052316 7.346462
42.898008 149.759530 -49.993267 6.340092 18.051331 7.350069
42.903820 149.759712 -49.993375 6.348370 18.050347 7.353687
42.909621 149.759895 -49.993484 6.356654 18.049364 7.357316
42.915412 149.760081 -49.993593 6.364942 18.048382 7.360957
42.921191 149.760267 -49.993704 6.373234 18.047402 7.364608
42.926960 149.760456 -49.993816 6.381533 18.046421 7.368271
42.932717 149.760645 -49.993929 6.389836 18.045443 7.371945
42.938462 149.760838 -49.994043 6.398145 18.044467 7.375630
42.944197 149.761032 -49.994158 6.406457 18.043490 7.379326
42.949921 149.761227 -49.994275 6.414776 18.042515 7.383034
42.955632 149.761424 -49.994392 6.423098 18.041541 7.386753
42.961334 149.761623 -49.994511 6.431427 18.040568 7.390483
42.967023 149.761823 -49.994630 6.439759 18.039597 7.394225
42.972702 149.762025 -49.994750 6.448097 18.038627 7.397977
42.978369 149.762229 -49.994872 6.456439 18.037658 7.401741
42.984024 149.762435 -49.994995 6.464787 18.036690 7.405517
42.989669 149.762643 -49.995119 6.473140 18.035723 7.409304
42.995301 149.762852 -49.995244 6.481497 18.034757 7.413101
43.000922 149.763063 -49.995370 6.489860 18.033793 7.416912
43.006532 149.763275 -49.995498 6.498227 18.032829 7.420732
43.012130 149.763489 -49.995626 6.506599 18.031868 7.424564
43.017717 149.763705 -49.995756 6.514976 18.030907 7.428408
43.023292 149.763923 -49.995885 6.523357 18.029948 7.432264
43.028857 149.764143 -49.996018 6.531744 18.028990 7.436130
43.034409 149.764364 -49.996151 6.540136 18.028033 7.440008
43.039949 149.764587 -49.996284 6.548533 18.027077 7.443898
43.045479 149.764812 -49.996419 6.556933 18.026122 7.447799
43.050996 149.765039 -49.996555 6.565340 18.025170 7.451712
43.056501 149.765267 -49.996693 6.573750 18.024218 7.455635
43.061996 149.765497 -49.996831 6.582167 18.023267 7.459572
43.067478 149.765729 -49.996971 6.590587 18.022318 7.463519
43.072949 149.765963 -49.997111 6.599013 18.021370 7.467478
43.078407 149.766198 -49.997253 6.607443 18.020423 7.471448
43.083855 149.766435 -49.997397 6.615879 18.019478 7.475430
43.089291 149.766674 -49.997541 6.624319 18.018534 7.479424
43.094714 149.766915 -49.997686 6.632763 18.017591 7.483430
43.100126 149.767158 -49.997833 6.641213 18.016649 7.487446
43.105526 149.767402 -49.997981 6.649667 18.015710 7.491475
43.110914 149.767648 -49.998129 6.658127 18.014771 7.495515
43.116289 149.767896 -49.998279 6.666590 18.013833 7.499567
43.121654 149.768146 -49.998431 6.675059 18.012898 7.503630
43.127006 149.768397 -49.998582 6.683534 18.011963 7.507706
43.132347 149.768651 -49.998737 6.692011 18.011030 7.511793
43.137675 149.768906 -49.998891 6.700495 18.010098 7.515892
43.142991 149.769162 -49.999047 6.708983 18.009168 7.520003
43.148296 149.769421 -49.999204 6.717476 18.008238 7.524125
43.153588 149.769682 -49.999363 6.725973 18.007312 7.528259
43.158868 149.769944 -49.999522 6.734475 18.006385 7.532405
43.164136 149.770209 -49.999683 6.742982 18.005460 7.536563
43.169393 149.770474 -49.999845 6.751494 18.004537 7.540732
43.174636 149.770743 -50.000008 6.760010 18.003614 7.544914
43.179868 149.771012 -50.000172 6.768531 18.002694 7.549107
43.185087 149.771284 -50.000337 6.777058 18.001775 7.553313
43.190295 149.771556 -50.000505 6.785588 18.000858 7.557529
43.195490 149.771832 -50.000673 6.794124 17.999941 7.561759
43.200674 149.772109 -50.000842 6.802664 17.999026 7.565998
43.205846 149.772388 -50.001012 6.811208 17.998113 7.570250
43.211005 149.772668 -50.001184 6.819758 17.997200 7.574515
43.216153 149.772951 -50.001356 6.828312 17.996290 7.578789
43.221288 149.773235 -50.001530 6.836871 17.995379 7.583076
43.226412 149.773520 -50.001705 6.845435 17.994471 7.587374
43.231523 149.773808 -50.001880 6.854002 17.993564 7.591684
43.236624 149.774097 -50.002057 6.862575 17.992658 7.596005
43.241712 149.774388 -50.002236 6.871153 17.991752 7.600338
43.246789 149.774682 -50.002414 6.879735 17.990849 7.604682
43.251854 149.774976 -50.002595 6.888322 17.989946 7.609036
43.256907 149.775272 -50.002776 6.896912 17.989044 7.613403
43.261949 149.775570 -50.002958 6.905509 17.988144 7.617781
43.266979 149.775870 -50.003142 6.914110 17.987245 7.622169
43.271998 149.776171 -50.003326 6.922715 17.986346 7.626569
43.277005 149.776474 -50.003512 6.931324 17.985449 7.630980
43.282000 149.776779 -50.003698 6.939938 17.984553 7.635401
43.286984 149.777085 -50.003885 6.948558 17.983657 7.639834
43.291956 149.777394 -50.004073 6.957181 17.982763 7.644279
43.296918 149.777704 -50.004263 6.965809 17.981870 7.648733
43.301868 149.778016 -50.004452 6.974441 17.980977 7.653198
43.306806 149.778329 -50.004644 6.983079 17.980086 7.657676
43.311733 149.778643 -50.004836 6.991720 17.979194 7.662163
43.316649 149.778960 -50.005028 7.000366 17.978305 7.666660
43.321554 149.779278 -50.005223 7.009017 17.977415 7.671168
43.326447 149.779598 -50.005417 7.017673 17.976527 7.675688
43.331330 149.779919 -50.005613 7.026333 17.975639 7.680218
43.336201 149.780242 -50.005810 7.034997 17.974753 7.684758
43.341061 149.780567 -50.006007 7.043666 17.973867 7.689310
43.345910 149.780893 -50.006205 7.052338 17.972981 7.693871
43.350748 149.781221 -50.006405 7.061016 17.972096 7.698443
43.355575 149.781550 -50.006605 7.069698 17.971212 7.703026
43.360391 149.781881 -50.006805 7.078385 17.970329 7.707618
43.365196 149.782214 -50.007007 7.087076 17.969446 7.712221
43.369989 149.782548 -50.007209 7.095771 17.968564 7.716834
43.374773 149.782884 -50.007412 7.104471 17.967683 7.721458
43.379545 149.783222 -50.007617 7.113176 17.966801 7.726092
43.384308 149.783560 -50.007821 7.121885 17.965921 7.730735
43.389058 149.783901 -50.008026 7.130597 17.965041 7.735389
43.393798 149.784243 -50.008232 7.139316 17.964161 7.740054
43.398528 149.784587 -50.008440 7.148038 17.963283 7.744728
43.403246 149.784932 -50.008648 7.156764 17.962405 7.749412
43.407954 149.785279 -50.008856 7.165495 17.961526 7.754105
43.412651 149.785626 -50.009065 7.174230 17.960649 7.758810
43.417338 149.785976 -50.009275 7.182969 17.959771 7.763524
43.422014 149.786327 -50.009486 7.191713 17.958895 7.768248
43.426680 149.786680 -50.009697 7.200462 17.958018 7.772981
43.431336 149.787034 -50.009908 7.209214 17.957141 7.777724
43.435980 149.787389 -50.010120 7.217971 17.956266 7.782477
43.440615 149.787746 -50.010334 7.226732 17.955390 7.787239
43.445238 149.788105 -50.010548 7.235498 17.954514 7.792011
43.449852 149.788465 -50.010762 7.244268 17.953639 7.796794
43.454456 149.788827 -50.010977 7.253042 17.952764 7.801585
43.459048 149.789189 -50.011193 7.261820 17.951889 7.806385
43.463631 149.789554 -50.011408 7.270603 17.951014 7.811196
43.468204 149.789920 -50.011625 7.279390 17.950140 7.816015
43.472767 149.790287 -50.011842 7.288181 17.949265 7.820844
43.477318 149.790655 -50.012061 7.296977 17.948391 7.825682
43.481861 149.791025 -50.012278 7.305776 17.947517 7.830530
43.486393 149.791397 -50.012498 7.314581 17.946643 7.835387
43.490915 149.791769 -50.012717 7.323390 17.945769 7.840253
43.495427 149.792144 -50.012937 7.332202 17.944894 7.845128
43.499928 149.792520 -50.013157 7.341019 17.944020 7.850012
43.504420 149.792896 -50.013378 7.349840 17.943146 7.854906
43.508902 149.793275 -50.013599 7.358665 17.942272 7.859809
43.513375 149.793655 -50.013821 7.367494 17.941397 7.864719
43.517837 149.794036 -50.014044 7.376328 17.940523 7.869640
43.522290 149.794419 -50.014266 7.385166 17.939648 7.874569
43.526732 149.794803 -50.014489 7.394008 17.938774 7.879507
43.531165 149.795187 -50.014713 7.402854 17.937898 7.884454
43.535588 149.795574 -50.014937 7.411704 17.937024 7.889410
43.540001 149.795962 -50.015162 7.420559 17.936148 7.894375
43.544405 149.796351 -50.015386 7.429417 17.935273 7.899347
43.548799 149.796742 -50.015612 7.438280 17.934397 7.904330
43.553184 149.797133 -50.015837 7.447147 17.933521 7.909320
43.557559 149.797527 -50.016063 7.456017 17.932645 7.914318
43.561924 149.797921 -50.016289 7.464893 17.931768 7.919326
43.566280 149.798317 -50.016516 7.473772 17.930891 7.924342
43.570627 149.798714 -50.016743 7.482656 17.930014 7.929367
43.574964 149.799112 -50.016970 7.491543 17.929137 7.934400
43.579291 149.799512 -50.017197 7.500434 17.928258 7.939441
43.583610 149.799912 -50.017425 7.509329 17.927380 7.944490
43.587918 149.800315 -50.017653 7.518229 17.926501 7.949548
43.592218 149.800717 -50.017881 7.527132 17.925621 7.954614
43.596508 149.801122 -50.018110 7.536040 17.924741 7.959688
43.600790 149.801529 -50.018338 7.544952 17.923860 7.964771
43.605062 149.801935 -50.018568 7.553868 17.922979 7.969862
43.609325 149.802344 -50.018797 7.562788 17.922098 7.974961
43.613578 149.802753 -50.019027 7.571712 17.921216 7.980067
43.617823 149.803164 -50.019256 7.580640 17.920333 7.985182
43.622058 149.803575 -50.019486 7.589571 17.919450 7.990304
43.626284 149.803989 -50.019717 7.598507 17.918565 7.995435
43.630502 149.804403 -50.019947 7.607447 17.917680 8.000573
43.634710 149.804819 -50.020178 7.616391 17.916795 8.005719
43.638909 149.805235 -50.020407 7.625339 17.915909 8.010874
43.643101 149.805653 -50.020638 7.634290 17.915023 8.016035
43.647282 149.806072 -50.020869 7.643245 17.914134 8.021204
43.651455 149.806492 -50.021100 7.652206 17.913246 8.026382
