-60.024037 149.984191 31.818448 -178.732259 -19.422353 172.873308
-60.024052 149.984183 31.813530 -178.732194 -19.422722 172.873287
-60.024066 149.984175 31.808612 -178.732130 -19.423090 172.873265
-60.024080 149.984167 31.803692 -178.732065 -19.423455 172.873244
-60.024095 149.984159 31.798773 -178.732002 -19.423819 172.873224
-60.024110 149.984151 31.793854 -178.731938 -19.424183 172.873203
-60.024124 149.984143 31.788934 -178.731875 -19.424544 172.873182
-60.024138 149.984135 31.784013 -178.731812 -19.424903 172.873162
-60.024152 149.984127 31.779093 -178.731750 -19.425262 172.873141
-60.024167 149.984119 31.774172 -178.731689 -19.425618 172.873121
-60.024181 149.984111 31.769251 -178.731627 -19.425974 172.873101
-60.024194 149.984104 31.764328 -178.731566 -19.426328 172.873081
-60.024208 149.984096 31.759406 -178.731505 -19.426679 172.873061
-60.024223 149.984088 31.754483 -178.731446 -19.427031 172.873042
-60.024237 149.984080 31.749561 -178.731386 -19.427380 172.873022
-60.024250 149.984073 31.744637 -178.731327 -19.427727 172.873002
-60.024265 149.984065 31.739714 -178.731268 -19.428074 172.872984
-60.024278 149.984057 31.734791 -178.731209 -19.428419 172.872965
-60.024292 149.984050 31.729866 -178.731151 -19.428762 172.872945
-60.024305 149.984042 31.724942 -178.731094 -19.429104 172.872926
-60.024319 149.984034 31.720017 -178.731037 -19.429444 172.872908
-60.024332 149.984027 31.715090 -178.730981 -19.429783 172.872889
-60.024346 149.984019 31.710165 -178.730924 -19.430120 172.872871
-60.024359 149.984012 31.705239 -178.730868 -19.430456 172.872853
-60.024373 149.984004 31.700312 -178.730813 -19.430791 172.872835
-60.024386 149.983997 31.695386 -178.730758 -19.431123 172.872816
-60.024399 149.983989 31.690459 -178.730703 -19.431455 172.872798
-60.024413 149.983982 31.685532 -178.730650 -19.431785 172.872781
-60.024425 149.983975 31.680604 -178.730596 -19.432114 172.872764
-60.024438 149.983967 31.675676 -178.730543 -19.432440 172.872746
-60.024452 149.983960 31.670747 -178.730490 -19.432766 172.872729
-60.024465 149.983953 31.665819 -178.730437 -19.433090 172.872711
-60.024477 149.983945 31.660890 -178.730386 -19.433413 172.872694
-60.024491 149.983938 31.655960 -178.730335 -19.433734 172.872678
-60.024503 149.983931 31.651030 -178.730284 -19.434054 172.872661
-60.024516 149.983922 31.646100 -178.730233 -19.434372 172.872645
-60.024528 149.983915 31.641170 -178.730183 -19.434689 172.872628
-60.024541 149.983908 31.636240 -178.730134 -19.435004 172.872612
-60.024553 149.983901 31.631308 -178.730085 -19.435319 172.872596
-60.024566 149.983894 31.626377 -178.730036 -19.435631 172.872580
-60.024579 149.983887 31.621445 -178.729989 -19.435942 172.872564
-60.024591 149.983879 31.616514 -178.729940 -19.436252 172.872548
-60.024603 149.983872 31.611581 -178.729893 -19.436560 172.872533
-60.024616 149.983865 31.606648 -178.729847 -19.436867 172.872518
-60.024628 149.983858 31.601715 -178.729800 -19.437172 172.872502
-60.024640 149.983851 31.596782 -178.729754 -19.437476 172.872487
-60.024652 149.983844 31.591849 -178.729709 -19.437778 172.872472
-60.024664 149.983837 31.586915 -178.729665 -19.438079 172.872458
-60.024677 149.983830 31.581981 -178.729619 -19.438379 172.872443
-60.024688 149.983823 31.577046 -178.729576 -19.438677 172.872429
-60.024700 149.983816 31.572111 -178.729532 -19.438973 172.872415
-60.024712 149.983810 31.567176 -178.729490 -19.439269 172.872401
-60.024724 149.983803 31.562240 -178.729447 -19.439563 172.872387
-60.024735 149.983796 31.557305 -178.729405 -19.439855 172.872373
-60.024747 149.983789 31.552368 -178.729364 -19.440147 172.872359
-60.024759 149.983782 31.547432 -178.729322 -19.440436 172.872345
-60.024771 149.983775 31.542495 -178.729282 -19.440725 172.872333
-60.024782 149.983769 31.537558 -178.729242 -19.441011 172.872319
-60.024793 149.983762 31.532621 -178.729203 -19.441297 172.872306
-60.024805 149.983755 31.527684 -178.729163 -19.441580 172.872293
-60.024816 149.983748 31.522745 -178.729124 -19.441863 172.872280
-60.024827 149.983742 31.517808 -178.729086 -19.442144 172.872267
-60.024839 149.983735 31.512869 -178.729049 -19.442423 172.872255
-60.024850 149.983728 31.507930 -178.729012 -19.442702 172.872244
-60.024861 149.983722 31.502991 -178.728975 -19.442979 172.872232
-60.024872 149.983715 31.498051 -178.728939 -19.443255 172.872219
-60.024884 149.983709 31.493111 -178.728903 -19.443529 172.872208
-60.024894 149.983702 31.488172 -178.728868 -19.443802 172.872196
-60.024905 149.983695 31.483232 -178.728833 -19.444073 172.872184
-60.024916 149.983689 31.478291 -178.728800 -19.444343 172.872173
-60.024926 149.983682 31.473351 -178.728765 -19.444612 172.872162
-60.024938 149.983676 31.468409 -178.728733 -19.444879 172.872152
-60.024948 149.983669 31.463467 -178.728700 -19.445145 172.872141
-60.024958 149.983663 31.458526 -178.728668 -19.445410 172.872130
-60.024969 149.983656 31.453584 -178.728636 -19.445672 172.872120
-60.024980 149.983650 31.448642 -178.728605 -19.445935 172.872109
-60.024991 149.983643 31.443700 -178.728574 -19.446195 172.872099
-60.025001 149.983637 31.438756 -178.728544 -19.446454 172.872089
-60.025011 149.983631 31.433813 -178.728514 -19.446711 172.872079
-60.025021 149.983623 31.428870 -178.728486 -19.446968 172.872070
-60.025032 149.983617 31.423926 -178.728457 -19.447222 172.872061
-60.025042 149.983611 31.418982 -178.728429 -19.447476 172.872051
-60.025052 149.983604 31.414038 -178.728402 -19.447728 172.872042
-60.025062 149.983598 31.409094 -178.728374 -19.447979 172.872033
-60.025072 149.983592 31.404148 -178.728349 -19.448228 172.872024
-60.025082 149.983585 31.399204 -178.728322 -19.448476 172.872015
-60.025092 149.983579 31.394258 -178.728297 -19.448723 172.872007
-60.025102 149.983573 31.389313 -178.728272 -19.448969 172.871999
-60.025112 149.983567 31.384367 -178.728248 -19.449213 172.871991
-60.025122 149.983561 31.379421 -178.728224 -19.449455 172.871983
-60.025131 149.983554 31.374475 -178.728201 -19.449696 172.871975
-60.025141 149.983548 31.369529 -178.728178 -19.449937 172.871968
-60.025150 149.983542 31.364582 -178.728155 -19.450176 172.871960
-60.025160 149.983536 31.359634 -178.728134 -19.450413 172.871953
-60.025169 149.983530 31.354687 -178.728113 -19.450649 172.871946
-60.025179 149.983524 31.349739 -178.728091 -19.450884 172.871938
-60.025188 149.983518 31.344791 -178.728072 -19.451116 172.871933
-60.025198 149.983511 31.339843 -178.728052 -19.451349 172.871926
-60.025207 149.983505 31.334895 -178.728033 -19.451579 172.871920
-60.025217 149.983499 31.329946 -178.728015 -19.451809 172.871913
-60.025225 149.983493 31.324997 -178.727997 -19.452037 172.871907
-60.025235 149.983487 31.320048 -178.727980 -19.452263 172.871902
-60.025243 149.983481 31.315099 -178.727963 -19.452489 172.871896
-60.025253 149.983475 31.310149 -178.727946 -19.452713 172.871890
-60.025261 149.983469 31.305199 -178.727930 -19.452936 172.871885
-60.025271 149.983463 31.300249 -178.727916 -19.453157 172.871881
-60.025279 149.983457 31.295299 -178.727901 -19.453377 172.871875
-60.025288 149.983451 31.290348 -178.727887 -19.453596 172.871870
-60.025297 149.983446 31.285397 -178.727874 -19.453813 172.871866
-60.025306 149.983440 31.280446 -178.727860 -19.454029 172.871861
-60.025314 149.983434 31.275494 -178.727848 -19.454244 172.871857
-60.025323 149.983428 31.270544 -178.727837 -19.454458 172.871853
-60.025331 149.983422 31.265592 -178.727825 -19.454670 172.871849
-60.025340 149.983416 31.260639 -178.727815 -19.454881 172.871845
-60.025348 149.983410 31.255687 -178.727804 -19.455091 172.871843
-60.025356 149.983404 31.250734 -178.727794 -19.455299 172.871839
-60.025365 149.983399 31.245782 -178.727785 -19.455506 172.871836
-60.025373 149.983393 31.240829 -178.727777 -19.455711 172.871833
-60.025381 149.983387 31.235875 -178.727769 -19.455916 172.871830
-60.025389 149.983381 31.230922 -178.727762 -19.456120 172.871828
-60.025398 149.983375 31.225969 -178.727755 -19.456321 172.871825
-60.025405 149.983370 31.221015 -178.727749 -19.456522 172.871823
-60.025413 149.983364 31.216060 -178.727744 -19.456721 172.871821
-60.025422 149.983358 31.211106 -178.727739 -19.456919 172.871819
-60.025429 149.983353 31.206152 -178.727734 -19.457116 172.871818
-60.025437 149.983347 31.201197 -178.727731 -19.457311 172.871817
-60.025445 149.983341 31.196242 -178.727727 -19.457505 172.871815
-60.025453 149.983335 31.191287 -178.727724 -19.457699 172.871814
-60.025460 149.983330 31.186331 -178.727722 -19.457891 172.871813
-60.025468 149.983324 31.181375 -178.727720 -19.458081 172.871812
-60.025476 149.983318 31.176420 -178.727720 -19.458269 172.871812
-60.025483 149.983313 31.171464 -178.727720 -19.458458 172.871811
-60.025490 149.983307 31.166508 -178.727719 -19.458644 172.871811
-60.025497 149.983302 31.161551 -178.727720 -19.458830 172.871811
-60.025505 149.983295 31.156594 -178.727722 -19.459013 172.871812
-60.025513 149.983289 31.151638 -178.727724 -19.459197 172.871813
-60.025519 149.983284 31.146680 -178.727727 -19.459378 172.871813
-60.025527 149.983278 31.141723 -178.727730 -19.459559 172.871814
-60.025533 149.983273 31.136765 -178.727734 -19.459737 172.871815
-60.025541 149.983267 31.131808 -178.727738 -19.459915 172.871816
-60.025548 149.983261 31.126850 -178.727743 -19.460092 172.871817
-60.025555 149.983256 31.121891 -178.727749 -19.460267 172.871819
-60.025562 149.983250 31.116933 -178.727755 -19.460441 172.871820
-60.025568 149.983245 31.111975 -178.727762 -19.460614 172.871822
-60.025575 149.983239 31.107016 -178.727769 -19.460786 172.871824
-60.025582 149.983234 31.102057 -178.727777 -19.460956 172.871827
-60.025588 149.983228 31.097098 -178.727786 -19.461125 172.871830
-60.025595 149.983223 31.092139 -178.727796 -19.461294 172.871833
-60.025602 149.983217 31.087179 -178.727804 -19.461460 172.871836
-60.025608 149.983212 31.082219 -178.727816 -19.461626 172.871839
-60.025615 149.983206 31.077260 -178.727827 -19.461790 172.871843
-60.025622 149.983201 31.072299 -178.727838 -19.461953 172.871846
-60.025628 149.983196 31.067339 -178.727850 -19.462114 172.871850
-60.025634 149.983190 31.062379 -178.727863 -19.462275 172.871853
-60.025641 149.983185 31.057418 -178.727877 -19.462434 172.871858
-60.025646 149.983179 31.052457 -178.727891 -19.462593 172.871862
-60.025653 149.983174 31.047496 -178.727906 -19.462749 172.871866
-60.025659 149.983168 31.042536 -178.727922 -19.462905 172.871872
-60.025665 149.983163 31.037574 -178.727937 -19.463060 172.871877
-60.025671 149.983158 31.032612 -178.727955 -19.463213 172.871882
-60.025677 149.983152 31.027650 -178.727972 -19.463365 172.871888
-60.025683 149.983147 31.022689 -178.727989 -19.463516 172.871893
-60.025689 149.983142 31.017726 -178.728008 -19.463665 172.871899
-60.025695 149.983136 31.012765 -178.728027 -19.463814 172.871905
-60.025700 149.983131 31.007802 -178.728047 -19.463961 172.871911
-60.025706 149.983125 31.002840 -178.728068 -19.464107 172.871917
-60.025712 149.983120 30.997876 -178.728088 -19.464252 172.871924
-60.025717 149.983115 30.992914 -178.728110 -19.464395 172.871930
-60.025722 149.983109 30.987951 -178.728133 -19.464538 172.871937
-60.025728 149.983104 30.982987 -178.728156 -19.464679 172.871945
-60.025733 149.983099 30.978024 -178.728180 -19.464820 172.871953
-60.025739 149.983093 30.973061 -178.728204 -19.464959 172.871961
-60.025744 149.983088 30.968097 -178.728229 -19.465096 172.871968
-60.025750 149.983083 30.963133 -178.728254 -19.465233 172.871976
-60.025754 149.983078 30.958169 -178.728280 -19.465368 172.871985
-60.025760 149.983072 30.953205 -178.728307 -19.465502 172.871993
-60.025765 149.983067 30.948240 -178.728334 -19.465635 172.872002
-60.025769 149.983062 30.943275 -178.728363 -19.465767 172.872011
-60.025775 149.983056 30.938311 -178.728391 -19.465898 172.872020
-60.025780 149.983051 30.933346 -178.728421 -19.466027 172.872029
-60.025785 149.983046 30.928381 -178.728451 -19.466155 172.872038
-60.025789 149.983041 30.923416 -178.728483 -19.466283 172.872048
-60.025794 149.983035 30.918450 -178.728514 -19.466408 172.872058
-60.025799 149.983030 30.913485 -178.728546 -19.466533 172.872068
-60.025804 149.983025 30.908520 -178.728578 -19.466657 172.872078
-60.025808 149.983020 30.903554 -178.728612 -19.466780 172.872090
-60.025813 149.983014 30.898588 -178.728646 -19.466901 172.872101
-60.025818 149.983009 30.893622 -178.728681 -19.467021 172.872112
-60.025821 149.983004 30.888656 -178.728716 -19.467141 172.872123
-60.025826 149.982999 30.883689 -178.728753 -19.467258 172.872135
-60.025831 149.982994 30.878723 -178.728789 -19.467375 172.872146
-60.025835 149.982988 30.873756 -178.728827 -19.467490 172.872158
-60.025840 149.982983 30.868789 -178.728865 -19.467605 172.872170
-60.025843 149.982978 30.863823 -178.728904 -19.467718 172.872182
-60.025847 149.982973 30.858856 -178.728943 -19.467830 172.872195
-60.025852 149.982968 30.853888 -178.728983 -19.467942 172.872207
-60.025856 149.982962 30.848921 -178.729024 -19.468052 172.872220
-60.025859 149.982957 30.843953 -178.729065 -19.468160 172.872234
-60.025863 149.982952 30.838986 -178.729107 -19.468268 172.872247
-60.025867 149.982947 30.834019 -178.729151 -19.468374 172.872261
-60.025872 149.982942 30.829051 -178.729194 -19.468480 172.872274
-60.025875 149.982935 30.824083 -178.729239 -19.468584 172.872290
-60.025878 149.982930 30.819115 -178.729284 -19.468687 172.872304
-60.025882 149.982925 30.814147 -178.729329 -19.468789 172.872318
-60.025886 149.982920 30.809178 -178.729375 -19.468890 172.872333
-60.025890 149.982915 30.804210 -178.729422 -19.468989 172.872348
-60.025893 149.982909 30.799241 -178.729470 -19.469089 172.872363
-60.025896 149.982904 30.794273 -178.729518 -19.469186 172.872378
-60.025900 149.982899 30.789303 -178.729567 -19.469283 172.872394
-60.025904 149.982894 30.784335 -178.729617 -19.469377 172.872410
-60.025907 149.982889 30.779366 -178.729667 -19.469472 172.872426
-60.025909 149.982884 30.774396 -178.729719 -19.469565 172.872442
-60.025913 149.982878 30.769427 -178.729771 -19.469657 172.872459
-60.025916 149.982873 30.764458 -178.729823 -19.469748 172.872476
-60.025919 149.982868 30.759488 -178.729876 -19.469838 172.872493
-60.025923 149.982863 30.754519 -178.729931 -19.469926 172.872510
-60.025926 149.982858 30.749550 -178.729985 -19.470014 172.872527
-60.025928 149.982853 30.744579 -178.730040 -19.470100 172.872545
-60.025931 149.982847 30.739609 -178.730096 -19.470186 172.872563
-60.025934 149.982842 30.734639 -178.730153 -19.470270 172.872582
-60.025937 149.982837 30.729670 -178.730211 -19.470353 172.872600
-60.025940 149.982832 30.724699 -178.730269 -19.470436 172.872619
-60.025942 149.982827 30.719729 -178.730328 -19.470516 172.872638
-60.025945 149.982822 30.714758 -178.730388 -19.470597 172.872657
-60.025947 149.982816 30.709788 -178.730448 -19.470675 172.872676
-60.025950 149.982811 30.704817 -178.730509 -19.470753 172.872696
-60.025953 149.982806 30.699846 -178.730571 -19.470830 172.872715
-60.025955 149.982801 30.694876 -178.730633 -19.470906 172.872735
-60.025958 149.982796 30.689904 -178.730696 -19.470980 172.872755
-60.025959 149.982791 30.684934 -178.730760 -19.471054 172.872776
-60.025962 149.982785 30.679962 -178.730825 -19.471126 172.872797
-60.025964 149.982780 30.674991 -178.730891 -19.471197 172.872818
-60.025966 149.982775 30.670020 -178.730956 -19.471268 172.872838
-60.025968 149.982770 30.665048 -178.731023 -19.471337 172.872860
-60.025971 149.982765 30.660077 -178.731091 -19.471405 172.872882
-60.025973 149.982759 30.655105 -178.731159 -19.471473 172.872903
-60.025974 149.982754 30.650134 -178.731228 -19.471538 172.872925
-60.025976 149.982749 30.645162 -178.731299 -19.471604 172.872948
-60.025978 149.982744 30.640191 -178.731369 -19.471668 172.872971
-60.025980 149.982739 30.635218 -178.731440 -19.471731 172.872993
-60.025982 149.982733 30.630246 -178.731512 -19.471793 172.873016
-60.025983 149.982728 30.625275 -178.731585 -19.471854 172.873040
-60.025985 149.982723 30.620302 -178.731658 -19.471913 172.873064
-60.025987 149.982718 30.615330 -178.731733 -19.471972 172.873088
-60.025989 149.982713 30.610359 -178.731807 -19.472030 172.873112
-60.025989 149.982707 30.605386 -178.731883 -19.472086 172.873136
-60.025991 149.982702 30.600414 -178.731959 -19.472142 172.873161
-60.025992 149.982697 30.595441 -178.732037 -19.472196 172.873185
-60.025994 149.982692 30.590468 -178.732114 -19.472250 172.873210
-60.025995 149.982687 30.585496 -178.732193 -19.472302 172.873235
-60.025996 149.982681 30.580523 -178.732272 -19.472353 172.873261
-60.025998 149.982676 30.575550 -178.732352 -19.472404 172.873286
-60.025999 149.982671 30.570577 -178.732432 -19.472452 172.873312
-60.026000 149.982666 30.565604 -178.732514 -19.472500 172.873338
-60.026001 149.982661 30.560630 -178.732595 -19.472547 172.873364
-60.026002 149.982655 30.555657 -178.732678 -19.472593 172.873391
-60.026002 149.982650 30.550684 -178.732761 -19.472638 172.873418
-60.026003 149.982645 30.545710 -178.732846 -19.472681 172.873444
-60.026004 149.982640 30.540737 -178.732930 -19.472725 172.873471
-60.026005 149.982635 30.535763 -178.733015 -19.472766 172.873499
-60.026005 149.982630 30.530790 -178.733100 -19.472806 172.873526
-60.026006 149.982624 30.525816 -178.733187 -19.472846 172.873554
-60.026007 149.982619 30.520841 -178.733274 -19.472884 172.873582
-60.026007 149.982614 30.515868 -178.733362 -19.472921 172.873610
-60.026008 149.982609 30.510893 -178.733450 -19.472956 172.873638
-60.026009 149.982604 30.505920 -178.733540 -19.472992 172.873667
-60.026009 149.982598 30.500945 -178.733629 -19.473026 172.873696
-60.026009 149.982593 30.495970 -178.733720 -19.473058 172.873725
-60.026010 149.982588 30.490996 -178.733810 -19.473089 172.873754
-60.026010 149.982583 30.486021 -178.733902 -19.473119 172.873783
-60.026010 149.982578 30.481047 -178.733994 -19.473149 172.873813
-60.026010 149.982573 30.476072 -178.734087 -19.473177 172.873843
-60.026011 149.982568 30.471096 -178.734180 -19.473205 172.873872
-60.026011 149.982563 30.466122 -178.734273 -19.473230 172.873903
-60.026010 149.982557 30.461146 -178.734368 -19.473255 172.873934
-60.026010 149.982552 30.456171 -178.734463 -19.473278 172.873964
-60.026010 149.982547 30.451195 -178.734559 -19.473301 172.873995
-60.026009 149.982542 30.446220 -178.734655 -19.473322 172.874026
-60.026009 149.982537 30.441245 -178.734751 -19.473342 172.874057
-60.026009 149.982532 30.436269 -178.734848 -19.473361 172.874088
-60.026009 149.982527 30.431293 -178.734946 -19.473379 172.874120
-60.026008 149.982522 30.426317 -178.735044 -19.473396 172.874151
-60.026008 149.982517 30.421341 -178.735144 -19.473411 172.874183
-60.026008 149.982512 30.416364 -178.735243 -19.473426 172.874215
-60.026007 149.982507 30.411388 -178.735343 -19.473438 172.874247
-60.026006 149.982502 30.406411 -178.735443 -19.473451 172.874279
-60.026006 149.982497 30.401435 -178.735544 -19.473462 172.874312
-60.026005 149.982492 30.396458 -178.735646 -19.473471 172.874344
-60.026004 149.982487 30.391481 -178.735747 -19.473480 172.874377
-60.026004 149.982482 30.386504 -178.735850 -19.473487 172.874410
-60.026003 149.982477 30.381527 -178.735953 -19.473493 172.874443
-60.026002 149.982472 30.376550 -178.736057 -19.473498 172.874476
-60.026001 149.982467 30.371573 -178.736161 -19.473503 172.874510
-60.026000 149.982462 30.366595 -178.736266 -19.473505 172.874544
-60.025999 149.982457 30.361617 -178.736370 -19.473506 172.874577
-60.025998 149.982452 30.356640 -178.736476 -19.473506 172.874611
-60.025998 149.982448 30.351661 -178.736582 -19.473505 172.874645
-60.025997 149.982443 30.346684 -178.736688 -19.473503 172.874679
-60.025995 149.982438 30.341705 -178.736795 -19.473500 172.874714
-60.025994 149.982433 30.336727 -178.736902 -19.473495 172.874748
-60.025993 149.982428 30.331749 -178.737010 -19.473489 172.874783
-60.025991 149.982423 30.326770 -178.737118 -19.473482 172.874818
-60.025990 149.982419 30.321791 -178.737226 -19.473474 172.874852
-60.025988 149.982414 30.316812 -178.737336 -19.473465 172.874887
-60.025987 149.982409 30.311833 -178.737445 -19.473453 172.874923
-60.025985 149.982404 30.306855 -178.737555 -19.473442 172.874958
-60.025983 149.982400 30.301875 -178.737665 -19.473429 172.874993
-60.025982 149.982395 30.296895 -178.737776 -19.473415 172.875029
-60.025980 149.982390 30.291915 -178.737887 -19.473399 172.875065
-60.025978 149.982386 30.286936 -178.738000 -19.473382 172.875101
-60.025976 149.982381 30.281956 -178.738111 -19.473364 172.875137
-60.025974 149.982376 30.276976 -178.738224 -19.473345 172.875173
-60.025972 149.982372 30.271996 -178.738336 -19.473325 172.875209
-60.025970 149.982367 30.267015 -178.738449 -19.473303 172.875246
-60.025969 149.982363 30.262035 -178.738564 -19.473280 172.875282
-60.025967 149.982358 30.257054 -178.738677 -19.473255 172.875319
-60.025965 149.982354 30.252074 -178.738791 -19.473230 172.875356
-60.025963 149.982349 30.247093 -178.738906 -19.473203 172.875393
-60.025960 149.982345 30.242111 -178.739021 -19.473175 172.875430
-60.025958 149.982340 30.237130 -178.739137 -19.473146 172.875467
-60.025955 149.982336 30.232149 -178.739252 -19.473115 172.875504
-60.025953 149.982331 30.227168 -178.739369 -19.473083 172.875542
-60.025950 149.982327 30.222185 -178.739485 -19.473050 172.875579
-60.025948 149.982323 30.217204 -178.739602 -19.473016 172.875617
-60.025945 149.982318 30.212221 -178.739719 -19.472980 172.875654
-60.025944 149.982314 30.207240 -178.739836 -19.472943 172.875692
-60.025941 149.982310 30.202257 -178.739955 -19.472905 172.875730
-60.025938 149.982305 30.197275 -178.740073 -19.472866 172.875768
-60.025935 149.982301 30.192292 -178.740191 -19.472825 172.875806
-60.025932 149.982297 30.187309 -178.740310 -19.472783 172.875845
-60.025929 149.982293 30.182326 -178.740429 -19.472740 172.875883
-60.025926 149.982289 30.177342 -178.740548 -19.472694 172.875921
-60.025923 149.982284 30.172359 -178.740668 -19.472649 172.875960
-60.025921 149.982280 30.167376 -178.740788 -19.472602 172.875999
-60.025918 149.982276 30.162392 -178.740909 -19.472553 172.876037
-60.025915 149.982272 30.157408 -178.741029 -19.472503 172.876076
-60.025912 149.982268 30.152424 -178.741150 -19.472452 172.876115
-60.025908 149.982264 30.147439 -178.741271 -19.472400 172.876154
-60.025905 149.982260 30.142456 -178.741391 -19.472346 172.876193
-60.025902 149.982256 30.137471 -178.741513 -19.472291 172.876232
-60.025899 149.982252 30.132486 -178.741635 -19.472235 172.876271
-60.025896 149.982248 30.127501 -178.741758 -19.472177 172.876311
-60.025892 149.982244 30.122516 -178.741880 -19.472118 172.876350
-60.025888 149.982240 30.117530 -178.742003 -19.472058 172.876390
-60.025885 149.982237 30.112545 -178.742125 -19.471996 172.876429
-60.025881 149.982233 30.107560 -178.742249 -19.471933 172.876469
-60.025878 149.982229 30.102574 -178.742372 -19.471868 172.876509
-60.025874 149.982225 30.097587 -178.742496 -19.471803 172.876549
-60.025871 149.982222 30.092601 -178.742619 -19.471736 172.876589
-60.025867 149.982218 30.087615 -178.742744 -19.471668 172.876629
-60.025863 149.982214 30.082628 -178.742867 -19.471598 172.876669
-60.025860 149.982211 30.077641 -178.742992 -19.471527 172.876709
-60.025856 149.982207 30.072654 -178.743116 -19.471455 172.876749
-60.025851 149.982203 30.067668 -178.743241 -19.471381 172.876789
-60.025847 149.982200 30.062680 -178.743367 -19.471306 172.876830
-60.025843 149.982196 30.057692 -178.743491 -19.471229 172.876870
-60.025840 149.982193 30.052704 -178.743617 -19.471151 172.876910
-60.025835 149.982190 30.047717 -178.743742 -19.471072 172.876950
-60.025831 149.982186 30.042729 -178.743868 -19.470991 172.876991
-60.025827 149.982183 30.037740 -178.743994 -19.470910 172.877032
-60.025822 149.982179 30.032752 -178.744120 -19.470827 172.877071
-60.025818 149.982176 30.027763 -178.744246 -19.470742 172.877112
-60.025814 149.982173 30.022774 -178.744372 -19.470656 172.877153
-60.025809 149.982170 30.017784 -178.744499 -19.470569 172.877194
-60.025805 149.982166 30.012795 -178.744625 -19.470480 172.877234
-60.025801 149.982163 30.007806 -178.744753 -19.470389 172.877275
-60.025796 149.982160 30.002816 -178.744879 -19.470298 172.877316
-60.025791 149.982157 29.997826 -178.745006 -19.470205 172.877357
-60.025786 149.982154 29.992836 -178.745134 -19.470111 172.877398
-60.025781 149.982151 29.987846 -178.745261 -19.470015 172.877439
-60.025777 149.982148 29.982856 -178.745388 -19.469918 172.877480
-60.025772 149.982145 29.977865 -178.745515 -19.469819 172.877522
-60.025767 149.982142 29.972873 -178.745643 -19.469719 172.877563
-60.025762 149.982139 29.967882 -178.745771 -19.469618 172.877604
-60.025758 149.982137 29.962890 -178.745899 -19.469515 172.877645
-60.025752 149.982134 29.957900 -178.746027 -19.469412 172.877687
-60.025747 149.982131 29.952908 -178.746154 -19.469306 172.877728
-60.025743 149.982128 29.947916 -178.746283 -19.469199 172.877769
-60.025737 149.982126 29.942923 -178.746410 -19.469090 172.877810
-60.025732 149.982123 29.937931 -178.746538 -19.468980 172.877852
-60.025726 149.982120 29.932938 -178.746667 -19.468869 172.877893
-60.025722 149.982118 29.927945 -178.746796 -19.468756 172.877935
-60.025716 149.982115 29.922952 -178.746924 -19.468643 172.877976
-60.025710 149.982113 29.917959 -178.747052 -19.468527 172.878017
-60.025705 149.982110 29.912965 -178.747180 -19.468410 172.878059
-60.025700 149.982108 29.907972 -178.747309 -19.468291 172.878101
-60.025694 149.982106 29.902977 -178.747438 -19.468171 172.878142
-60.025688 149.982103 29.897983 -178.747566 -19.468050 172.878183
-60.025683 149.982101 29.892989 -178.747694 -19.467927 172.878225
-60.025677 149.982099 29.887994 -178.747823 -19.467803 172.878266
-60.025671 149.982097 29.882999 -178.747952 -19.467677 172.878307
-60.025666 149.982095 29.878004 -178.748081 -19.467550 172.878349
-60.025660 149.982092 29.873009 -178.748209 -19.467421 172.878390
-60.025654 149.982090 29.868013 -178.748338 -19.467291 172.878432
-60.025649 149.982088 29.863017 -178.748466 -19.467160 172.878473
-60.025642 149.982086 29.858021 -178.748595 -19.467027 172.878515
-60.025636 149.982084 29.853025 -178.748724 -19.466892 172.878557
-60.025631 149.982083 29.848028 -178.748852 -19.466756 172.878598
-60.025624 149.982081 29.843031 -178.748981 -19.466619 172.878640
-60.025618 149.982079 29.838034 -178.749110 -19.466480 172.878681
-60.025612 149.982077 29.833038 -178.749237 -19.466340 172.878722
-60.025605 149.982076 29.828039 -178.749366 -19.466198 172.878764
-60.025599 149.982074 29.823042 -178.749494 -19.466055 172.878805
-60.025593 149.982072 29.818044 -178.749624 -19.465910 172.878847
-60.025586 149.982071 29.813046 -178.749752 -19.465764 172.878889
-60.025580 149.982069 29.808047 -178.749879 -19.465617 172.878930
-60.025574 149.982068 29.803048 -178.750008 -19.465467 172.878972
-60.025567 149.982066 29.798050 -178.750136 -19.465316 172.879013
-60.025560 149.982065 29.793051 -178.750264 -19.465164 172.879054
-60.025554 149.982064 29.788052 -178.750393 -19.465010 172.879096
-60.025547 149.982062 29.783052 -178.750520 -19.464855 172.879136
-60.025540 149.982061 29.778051 -178.750648 -19.464698 172.879177
-60.025534 149.982060 29.773051 -178.750776 -19.464540 172.879219
-60.025526 149.982059 29.768051 -178.750904 -19.464380 172.879260
-60.025520 149.982058 29.763050 -178.751031 -19.464218 172.879301
-60.025513 149.982057 29.758050 -178.751158 -19.464056 172.879342
-60.025505 149.982056 29.753049 -178.751286 -19.463892 172.879384
-60.025499 149.982055 29.748047 -178.751413 -19.463725 172.879425
-60.025492 149.982054 29.743046 -178.751540 -19.463558 172.879466
-60.025485 149.982053 29.738044 -178.751667 -19.463389 172.879507
-60.025477 149.982052 29.733042 -178.751794 -19.463219 172.879548
-60.025470 149.982052 29.728038 -178.751920 -19.463046 172.879589
-60.025463 149.982051 29.723036 -178.752047 -19.462873 172.879630
-60.025456 149.982051 29.718033 -178.752174 -19.462697 172.879671
-60.025449 149.982050 29.713030 -178.752300 -19.462521 172.879712
-60.025441 149.982049 29.708026 -178.752426 -19.462343 172.879753
-60.025433 149.982049 29.703023 -178.752551 -19.462163 172.879793
-60.025426 149.982050 29.698019 -178.752677 -19.461982 172.879833
-60.025418 149.982049 29.693014 -178.752803 -19.461799 172.879874
-60.025411 149.982049 29.688010 -178.752929 -19.461614 172.879914
-60.025403 149.982049 29.683005 -178.753054 -19.461428 172.879955
-60.025396 149.982049 29.678000 -178.753179 -19.461241 172.879996
-60.025388 149.982048 29.672995 -178.753304 -19.461052 172.880036
-60.025381 149.982048 29.667989 -178.753428 -19.460861 172.880076
-60.025372 149.982048 29.662983 -178.753553 -19.460669 172.880117
-60.025364 149.982048 29.657977 -178.753677 -19.460475 172.880157
-60.025357 149.982049 29.652971 -178.753801 -19.460280 172.880197
-60.025348 149.982049 29.647964 -178.753926 -19.460083 172.880237
-60.025341 149.982049 29.642957 -178.754049 -19.459884 172.880277
-60.025332 149.982049 29.637950 -178.754172 -19.459684 172.880317
-60.025325 149.982050 29.632943 -178.754296 -19.459483 172.880357
-60.025316 149.982050 29.627935 -178.754419 -19.459278 172.880396
-60.025309 149.982050 29.622926 -178.754541 -19.459074 172.880436
-60.025300 149.982051 29.617918 -178.754664 -19.458867 172.880475
-60.025292 149.982051 29.612909 -178.754787 -19.458660 172.880515
-60.025283 149.982052 29.607900 -178.754909 -19.458449 172.880555
-60.025275 149.982053 29.602891 -178.755031 -19.458238 172.880594
-60.025267 149.982054 29.597882 -178.755152 -19.458025 172.880634
-60.025259 149.982054 29.592872 -178.755273 -19.457811 172.880673
-60.025250 149.982055 29.587862 -178.755394 -19.457594 172.880712
-60.025242 149.982056 29.582851 -178.755514 -19.457377 172.880751
-60.025232 149.982057 29.577841 -178.755635 -19.457157 172.880790
-60.025224 149.982058 29.572830 -178.755755 -19.456936 172.880829
-60.025215 149.982059 29.567819 -178.755875 -19.456714 172.880868
-60.025207 149.982060 29.562808 -178.755994 -19.456489 172.880906
-60.025198 149.982062 29.557795 -178.756114 -19.456263 172.880945
-60.025189 149.982063 29.552783 -178.756233 -19.456035 172.880983
-60.025180 149.982064 29.547771 -178.756351 -19.455806 172.881021
-60.025171 149.982066 29.542759 -178.756470 -19.455575 172.881060
-60.025162 149.982067 29.537745 -178.756587 -19.455343 172.881098
-60.025153 149.982069 29.532732 -178.756705 -19.455109 172.881136
-60.025144 149.982070 29.527719 -178.756823 -19.454873 172.881175
-60.025135 149.982072 29.522705 -178.756940 -19.454636 172.881213
-60.025125 149.982074 29.517691 -178.757056 -19.454397 172.881250
-60.025117 149.982076 29.512676 -178.757172 -19.454157 172.881288
-60.025107 149.982078 29.507661 -178.757289 -19.453914 172.881325
-60.025098 149.982080 29.502647 -178.757404 -19.453670 172.881362
-60.025089 149.982082 29.497631 -178.757519 -19.453424 172.881400
-60.025079 149.982084 29.492616 -178.757634 -19.453177 172.881437
-60.025070 149.982086 29.487599 -178.757748 -19.452928 172.881474
-60.025060 149.982088 29.482584 -178.757863 -19.452678 172.881511
-60.025051 149.982090 29.477567 -178.757976 -19.452425 172.881548
-60.025041 149.982093 29.472549 -178.758090 -19.452172 172.881585
-60.025032 149.982095 29.467533 -178.758203 -19.451916 172.881622
-60.025022 149.982097 29.462515 -178.758316 -19.451658 172.881659
-60.025012 149.982100 29.457497 -178.758429 -19.451399 172.881695
-60.025003 149.982103 29.452479 -178.758540 -19.451138 172.881730
-60.024992 149.982105 29.447461 -178.758652 -19.450876 172.881767
-60.024983 149.982108 29.442442 -178.758763 -19.450612 172.881803
-60.024973 149.982111 29.437422 -178.758873 -19.450346 172.881839
