2.834082 150.044427 -48.668555 -19.985041 12.534069 0.005160
2.835852 150.044404 -48.669386 -19.985048 12.538778 0.005158
2.837622 150.044382 -48.670218 -19.985055 12.543487 0.005155
2.839395 150.044360 -48.671048 -19.985062 12.548195 0.005152
2.841168 150.044337 -48.671879 -19.985069 12.552903 0.005150
2.842942 150.044315 -48.672710 -19.985077 12.557611 0.005147
2.844717 150.044292 -48.673541 -19.985083 12.562318 0.005145
2.846494 150.044270 -48.674372 -19.985091 12.567025 0.005142
2.848271 150.044247 -48.675203 -19.985098 12.571731 0.005140
2.850049 150.044225 -48.676033 -19.985106 12.576437 0.005137
2.851829 150.044202 -48.676864 -19.985112 12.581143 0.005135
2.853609 150.044180 -48.677695 -19.985120 12.585848 0.005132
2.855390 150.044157 -48.678525 -19.985127 12.590553 0.005130
2.857173 150.044135 -48.679355 -19.985133 12.595257 0.005127
2.858957 150.044112 -48.680185 -19.985141 12.599961 0.005125
2.860741 150.044090 -48.681017 -19.985148 12.604665 0.005122
2.862526 150.044067 -48.681847 -19.985155 12.609369 0.005120
2.864313 150.044045 -48.682677 -19.985162 12.614071 0.005117
2.866101 150.044022 -48.683508 -19.985170 12.618774 0.005115
2.867890 150.043999 -48.684338 -19.985176 12.623476 0.005112
2.869679 150.043977 -48.685167 -19.985184 12.628178 0.005110
2.871470 150.043954 -48.685997 -19.985191 12.632879 0.005107
2.873261 150.043932 -48.686828 -19.985198 12.637580 0.005105
2.875054 150.043909 -48.687658 -19.985205 12.642281 0.005102
2.876848 150.043887 -48.688487 -19.985213 12.646981 0.005099
2.878643 150.043864 -48.689318 -19.985220 12.651681 0.005097
2.880439 150.043841 -48.690147 -19.985227 12.656381 0.005094
2.882236 150.043819 -48.690977 -19.985234 12.661080 0.005092
2.884035 150.043796 -48.691806 -19.985242 12.665778 0.005089
2.885833 150.043774 -48.692636 -19.985248 12.670477 0.005087
2.887634 150.043751 -48.693466 -19.985256 12.675175 0.005084
2.889434 150.043729 -48.694295 -19.985263 12.679872 0.005082
2.891237 150.043706 -48.695125 -19.985270 12.684569 0.005079
2.893040 150.043683 -48.695954 -19.985277 12.689266 0.005077
2.894844 150.043661 -48.696783 -19.985285 12.693962 0.005074
2.896650 150.043638 -48.697613 -19.985292 12.698658 0.005072
2.898457 150.043615 -48.698442 -19.985299 12.703354 0.005069
2.900264 150.043593 -48.699271 -19.985306 12.708049 0.005067
2.902073 150.043570 -48.700100 -19.985314 12.712743 0.005064
2.903882 150.043548 -48.700929 -19.985320 12.717438 0.005062
2.905693 150.043525 -48.701758 -19.985328 12.722132 0.005059
2.907504 150.043502 -48.702587 -19.985335 12.726825 0.005057
2.909317 150.043480 -48.703416 -19.985342 12.731518 0.005054
2.911132 150.043457 -48.704244 -19.985349 12.736211 0.005051
2.912946 150.043434 -48.705073 -19.985357 12.740903 0.005049
2.914761 150.043412 -48.705902 -19.985364 12.745595 0.005046
2.916579 150.043389 -48.706731 -19.985371 12.750286 0.005044
2.918397 150.043366 -48.707559 -19.985378 12.754977 0.005041
2.920216 150.043344 -48.708387 -19.985386 12.759668 0.005039
2.922036 150.043321 -48.709216 -19.985392 12.764358 0.005036
2.923858 150.043298 -48.710044 -19.985400 12.769048 0.005033
2.925680 150.043275 -48.710874 -19.985407 12.773738 0.005031
2.927503 150.043253 -48.711701 -19.985414 12.778427 0.005028
2.929328 150.043230 -48.712529 -19.985421 12.783115 0.005026
2.931153 150.043207 -48.713358 -19.985429 12.787803 0.005023
2.932980 150.043185 -48.714186 -19.985436 12.792491 0.005021
2.934807 150.043162 -48.715014 -19.985443 12.797178 0.005018
2.936636 150.043139 -48.715842 -19.985450 12.801865 0.005016
2.938466 150.043116 -48.716669 -19.985458 12.806552 0.005013
2.940297 150.043094 -48.717498 -19.985465 12.811238 0.005010
2.942129 150.043071 -48.718325 -19.985472 12.815924 0.005008
2.943962 150.043048 -48.719154 -19.985480 12.820609 0.005005
2.945796 150.043026 -48.719981 -19.985487 12.825294 0.005003
2.947631 150.043003 -48.720808 -19.985494 12.829978 0.005000
2.949467 150.042980 -48.721636 -19.985501 12.834662 0.004998
2.951304 150.042957 -48.722463 -19.985509 12.839346 0.004995
2.953143 150.042934 -48.723291 -19.985515 12.844029 0.004993
2.954983 150.042912 -48.724118 -19.985523 12.848712 0.004990
2.956823 150.042889 -48.724946 -19.985530 12.853394 0.004988
2.958664 150.042866 -48.725773 -19.985538 12.858076 0.004985
2.960508 150.042843 -48.726600 -19.985545 12.862757 0.004982
2.962351 150.042821 -48.727427 -19.985552 12.867438 0.004980
2.964196 150.042798 -48.728254 -19.985560 12.872119 0.004977
2.966042 150.042775 -48.729081 -19.985566 12.876799 0.004975
2.967889 150.042752 -48.729908 -19.985574 12.881479 0.004972
2.969738 150.042729 -48.730735 -19.985581 12.886158 0.004970
2.971587 150.042707 -48.731561 -19.985589 12.890837 0.004967
2.973437 150.042684 -48.732389 -19.985595 12.895516 0.004965
2.975289 150.042661 -48.733215 -19.985603 12.900194 0.004962
2.977140 150.042638 -48.734042 -19.985611 12.904871 0.004959
2.978994 150.042615 -48.734868 -19.985618 12.909549 0.004957
2.980849 150.042592 -48.735695 -19.985625 12.914225 0.004954
2.982705 150.042570 -48.736521 -19.985632 12.918902 0.004952
2.984561 150.042547 -48.737348 -19.985640 12.923577 0.004949
2.986420 150.042524 -48.738174 -19.985646 12.928253 0.004947
2.988278 150.042501 -48.739001 -19.985654 12.932928 0.004944
2.990138 150.042478 -48.739826 -19.985662 12.937602 0.004941
2.992000 150.042455 -48.740653 -19.985669 12.942277 0.004939
2.993862 150.042432 -48.741478 -19.985676 12.946950 0.004936
2.995725 150.042410 -48.742305 -19.985683 12.951624 0.004934
2.997590 150.042387 -48.743130 -19.985691 12.956296 0.004931
2.999455 150.042364 -48.743957 -19.985697 12.960969 0.004929
3.001322 150.042341 -48.744782 -19.985705 12.965641 0.004926
3.003190 150.042318 -48.745608 -19.985713 12.970312 0.004923
3.005058 150.042295 -48.746433 -19.985720 12.974983 0.004921
3.006929 150.042272 -48.747259 -19.985727 12.979654 0.004918
3.008800 150.042249 -48.748084 -19.985734 12.984324 0.004916
3.010672 150.042226 -48.748910 -19.985742 12.988994 0.004913
3.012546 150.042204 -48.749736 -19.985750 12.993663 0.004911
3.014420 150.042181 -48.750561 -19.985756 12.998332 0.004908
3.016295 150.042158 -48.751386 -19.985764 13.003000 0.004906
3.018172 150.042135 -48.752211 -19.985771 13.007668 0.004903
3.020050 150.042112 -48.753037 -19.985779 13.012335 0.004900
3.021929 150.042089 -48.753861 -19.985786 13.017002 0.004898
3.023809 150.042066 -48.754687 -19.985793 13.021669 0.004895
3.025690 150.042043 -48.755511 -19.985801 13.026335 0.004893
3.027571 150.042020 -48.756336 -19.985807 13.031001 0.004890
3.029454 150.041997 -48.757161 -19.985815 13.035666 0.004888
3.031339 150.041974 -48.757986 -19.985823 13.040331 0.004885
3.033225 150.041951 -48.758811 -19.985830 13.044995 0.004882
3.035111 150.041928 -48.759635 -19.985837 13.049659 0.004880
3.036999 150.041905 -48.760460 -19.985844 13.054322 0.004877
3.038888 150.041882 -48.761283 -19.985852 13.058985 0.004875
3.040777 150.041859 -48.762108 -19.985860 13.063648 0.004872
3.042668 150.041836 -48.762933 -19.985866 13.068310 0.004870
3.044561 150.041813 -48.763757 -19.985874 13.072971 0.004867
3.046454 150.041790 -48.764581 -19.985882 13.077632 0.004864
3.048349 150.041767 -48.765405 -19.985889 13.082293 0.004862
3.050244 150.041744 -48.766229 -19.985896 13.086953 0.004859
3.052140 150.041721 -48.767054 -19.985903 13.091613 0.004857
3.054038 150.041698 -48.767877 -19.985911 13.096272 0.004854
3.055937 150.041675 -48.768701 -19.985919 13.100931 0.004851
3.057838 150.041652 -48.769525 -19.985925 13.105589 0.004849
3.059738 150.041629 -48.770348 -19.985933 13.110247 0.004846
3.061641 150.041606 -48.771172 -19.985941 13.114904 0.004843
3.063544 150.041583 -48.771995 -19.985947 13.119561 0.004841
3.065448 150.041560 -48.772819 -19.985955 13.124218 0.004838
3.067355 150.041537 -48.773643 -19.985962 13.128874 0.004836
3.069261 150.041514 -48.774466 -19.985970 13.133529 0.004833
3.071169 150.041491 -48.775289 -19.985977 13.138184 0.004831
3.073078 150.041468 -48.776113 -19.985984 13.142839 0.004828
3.074988 150.041445 -48.776935 -19.985992 13.147493 0.004826
3.076900 150.041422 -48.777759 -19.986000 13.152146 0.004823
3.078812 150.041399 -48.778582 -19.986006 13.156800 0.004820
3.080725 150.041376 -48.779404 -19.986014 13.161452 0.004818
3.082640 150.041353 -48.780228 -19.986022 13.166105 0.004815
3.084556 150.041330 -48.781050 -19.986029 13.170756 0.004813
3.086473 150.041307 -48.781873 -19.986036 13.175408 0.004810
3.088391 150.041284 -48.782696 -19.986044 13.180058 0.004807
3.090311 150.041260 -48.783518 -19.986051 13.184709 0.004805
3.092231 150.041237 -48.784340 -19.986059 13.189358 0.004802
3.094152 150.041214 -48.785163 -19.986066 13.194008 0.004799
3.096075 150.041191 -48.785986 -19.986073 13.198657 0.004797
3.097998 150.041168 -48.786807 -19.986081 13.203305 0.004794
3.099923 150.041145 -48.787630 -19.986089 13.207953 0.004792
3.101850 150.041122 -48.788452 -19.986095 13.212600 0.004789
3.103777 150.041099 -48.789274 -19.986103 13.217247 0.004786
3.105706 150.041076 -48.790096 -19.986111 13.221894 0.004784
3.107634 150.041052 -48.790918 -19.986118 13.226540 0.004781
3.109565 150.041029 -48.791739 -19.986125 13.231185 0.004779
3.111498 150.041006 -48.792561 -19.986133 13.235830 0.004776
3.113430 150.040983 -48.793383 -19.986140 13.240475 0.004774
3.115364 150.040960 -48.794204 -19.986148 13.245119 0.004771
3.117300 150.040937 -48.795026 -19.986156 13.249762 0.004768
3.119236 150.040914 -48.795848 -19.986162 13.254405 0.004766
3.121173 150.040890 -48.796669 -19.986170 13.259048 0.004763
3.123112 150.040867 -48.797490 -19.986178 13.263690 0.004760
3.125052 150.040844 -48.798312 -19.986185 13.268332 0.004758
3.126993 150.040821 -48.799133 -19.986192 13.272973 0.004755
3.128935 150.040798 -48.799954 -19.986200 13.277613 0.004753
3.130879 150.040775 -48.800775 -19.986207 13.282253 0.004750
3.132823 150.040751 -48.801596 -19.986215 13.286893 0.004747
3.134769 150.040728 -48.802417 -19.986222 13.291532 0.004745
3.136716 150.040705 -48.803237 -19.986229 13.296171 0.004742
3.138663 150.040682 -48.804058 -19.986237 13.300809 0.004740
3.140612 150.040659 -48.804879 -19.986245 13.305447 0.004737
3.142563 150.040636 -48.805700 -19.986251 13.310084 0.004735
3.144514 150.040612 -48.806519 -19.986259 13.314720 0.004732
3.146467 150.040589 -48.807340 -19.986267 13.319356 0.004729
3.148420 150.040566 -48.808161 -19.986274 13.323992 0.004727
3.150375 150.040543 -48.808981 -19.986281 13.328627 0.004724
3.152331 150.040519 -48.809802 -19.986289 13.333262 0.004721
3.154289 150.040496 -48.810621 -19.986297 13.337896 0.004719
3.156247 150.040473 -48.811441 -19.986304 13.342530 0.004716
3.158207 150.040450 -48.812261 -19.986312 13.347163 0.004713
3.160167 150.040427 -48.813081 -19.986319 13.351795 0.004711
3.162129 150.040403 -48.813900 -19.986326 13.356427 0.004708
3.164092 150.040380 -48.814720 -19.986334 13.361059 0.004706
3.166057 150.040357 -48.815540 -19.986342 13.365690 0.004703
3.168022 150.040334 -48.816360 -19.986349 13.370321 0.004700
3.169988 150.040310 -48.817180 -19.986356 13.374951 0.004698
3.171956 150.040287 -48.817998 -19.986364 13.379580 0.004695
3.173926 150.040264 -48.818818 -19.986372 13.384209 0.004692
3.175896 150.040241 -48.819637 -19.986378 13.388838 0.004690
3.177867 150.040217 -48.820457 -19.986386 13.393466 0.004687
3.179839 150.040194 -48.821276 -19.986394 13.398094 0.004685
3.181812 150.040171 -48.822094 -19.986401 13.402721 0.004682
3.183787 150.040147 -48.822913 -19.986409 13.407347 0.004679
3.185764 150.040124 -48.823733 -19.986416 13.411973 0.004677
3.187740 150.040101 -48.824552 -19.986424 13.416599 0.004674
3.189719 150.040078 -48.825370 -19.986431 13.421223 0.004672
3.191698 150.040054 -48.826188 -19.986439 13.425848 0.004669
3.193679 150.040031 -48.827007 -19.986446 13.430472 0.004666
3.195661 150.040008 -48.827826 -19.986454 13.435095 0.004663
3.197644 150.039984 -48.828644 -19.986461 13.439718 0.004661
3.199628 150.039961 -48.829463 -19.986469 13.444341 0.004658
3.201613 150.039938 -48.830281 -19.986477 13.448962 0.004656
3.203600 150.039914 -48.831098 -19.986483 13.453584 0.004653
3.205588 150.039891 -48.831916 -19.986491 13.458204 0.004651
3.207577 150.039868 -48.832735 -19.986499 13.462825 0.004648
3.209567 150.039844 -48.833553 -19.986507 13.467445 0.004645
3.211558 150.039821 -48.834371 -19.986513 13.472064 0.004643
3.213551 150.039798 -48.835189 -19.986521 13.476682 0.004640
3.215545 150.039774 -48.836006 -19.986529 13.481301 0.004637
3.217540 150.039751 -48.836823 -19.986537 13.485918 0.004635
3.219535 150.039728 -48.837641 -19.986544 13.490535 0.004632
3.221533 150.039704 -48.838458 -19.986551 13.495152 0.004629
3.223532 150.039681 -48.839276 -19.986559 13.499768 0.004627
3.225531 150.039658 -48.840093 -19.986567 13.504384 0.004624
3.227532 150.039634 -48.840911 -19.986574 13.508999 0.004622
3.229534 150.039611 -48.841728 -19.986582 13.513613 0.004619
3.231537 150.039587 -48.842544 -19.986589 13.518227 0.004616
3.233542 150.039564 -48.843361 -19.986597 13.522841 0.004613
3.235548 150.039541 -48.844178 -19.986604 13.527453 0.004611
3.237555 150.039517 -48.844995 -19.986612 13.532066 0.004608
3.239563 150.039494 -48.845812 -19.986620 13.536678 0.004606
3.241572 150.039471 -48.846628 -19.986627 13.541289 0.004603
3.243582 150.039447 -48.847445 -19.986634 13.545900 0.004601
3.245595 150.039424 -48.848261 -19.986642 13.550510 0.004598
3.247607 150.039400 -48.849078 -19.986650 13.555119 0.004595
3.249621 150.039377 -48.849893 -19.986657 13.559729 0.004592
3.251636 150.039354 -48.850709 -19.986664 13.564337 0.004590
3.253653 150.039330 -48.851526 -19.986672 13.568945 0.004587
3.255671 150.039307 -48.852342 -19.986680 13.573553 0.004585
3.257690 150.039283 -48.853158 -19.986688 13.578160 0.004582
3.259709 150.039260 -48.853974 -19.986694 13.582766 0.004579
3.261731 150.039236 -48.854790 -19.986702 13.587372 0.004577
3.263754 150.039213 -48.855605 -19.986710 13.591977 0.004574
3.265778 150.039190 -48.856421 -19.986718 13.596582 0.004571
3.267802 150.039166 -48.857237 -19.986726 13.601186 0.004569
3.269829 150.039143 -48.858052 -19.986732 13.605790 0.004566
3.271856 150.039119 -48.858867 -19.986740 13.610393 0.004563
3.273885 150.039096 -48.859683 -19.986748 13.614996 0.004561
3.275915 150.039072 -48.860497 -19.986756 13.619598 0.004558
3.277945 150.039049 -48.861312 -19.986763 13.624199 0.004556
3.279977 150.039025 -48.862127 -19.986770 13.628800 0.004553
3.282011 150.039002 -48.862942 -19.986778 13.633401 0.004550
3.284046 150.038978 -48.863757 -19.986786 13.638001 0.004547
3.286082 150.038955 -48.864572 -19.986794 13.642600 0.004545
3.288119 150.038931 -48.865387 -19.986801 13.647199 0.004542
3.290157 150.038908 -48.866201 -19.986808 13.651797 0.004540
3.292197 150.038885 -48.867016 -19.986816 13.656395 0.004537
3.294238 150.038861 -48.867830 -19.986824 13.660992 0.004534
3.296280 150.038838 -48.868645 -19.986831 13.665588 0.004532
3.298323 150.038814 -48.869459 -19.986839 13.670184 0.004529
3.300368 150.038791 -48.870273 -19.986846 13.674780 0.004526
3.302413 150.038767 -48.871087 -19.986854 13.679375 0.004524
3.304460 150.038744 -48.871901 -19.986862 13.683969 0.004521
3.306508 150.038720 -48.872715 -19.986869 13.688563 0.004519
3.308557 150.038697 -48.873529 -19.986877 13.693156 0.004516
3.310608 150.038673 -48.874342 -19.986884 13.697748 0.004513
3.312660 150.038649 -48.875156 -19.986892 13.702340 0.004510
3.314713 150.038626 -48.875970 -19.986900 13.706932 0.004508
3.316767 150.038602 -48.876783 -19.986907 13.711523 0.004505
3.318823 150.038579 -48.877596 -19.986915 13.716114 0.004502
3.320879 150.038555 -48.878410 -19.986922 13.720704 0.004500
3.322938 150.038532 -48.879223 -19.986930 13.725293 0.004497
3.324997 150.038508 -48.880036 -19.986938 13.729882 0.004494
3.327057 150.038485 -48.880849 -19.986945 13.734470 0.004492
3.329119 150.038461 -48.881662 -19.986953 13.739058 0.004489
3.331183 150.038438 -48.882475 -19.986961 13.743645 0.004486
3.333246 150.038414 -48.883287 -19.986968 13.748231 0.004484
3.335312 150.038391 -48.884100 -19.986976 13.752817 0.004481
3.337378 150.038367 -48.884912 -19.986983 13.757402 0.004479
3.339446 150.038343 -48.885725 -19.986991 13.761987 0.004476
3.341516 150.038320 -48.886537 -19.986999 13.766571 0.004473
3.343586 150.038296 -48.887349 -19.987006 13.771154 0.004470
3.345657 150.038273 -48.888162 -19.987014 13.775737 0.004468
3.347730 150.038249 -48.888974 -19.987022 13.780320 0.004465
3.349805 150.038226 -48.889786 -19.987029 13.784902 0.004463
3.351880 150.038202 -48.890598 -19.987037 13.789483 0.004460
3.353957 150.038178 -48.891409 -19.987045 13.794064 0.004457
3.356034 150.038155 -48.892221 -19.987052 13.798644 0.004454
3.358113 150.038131 -48.893033 -19.987060 13.803223 0.004452
3.360194 150.038108 -48.893844 -19.987067 13.807802 0.004449
3.362276 150.038084 -48.894656 -19.987075 13.812380 0.004447
3.364358 150.038060 -48.895467 -19.987083 13.816958 0.004444
3.366442 150.038037 -48.896278 -19.987090 13.821535 0.004441
3.368528 150.038013 -48.897089 -19.987098 13.826112 0.004438
3.370615 150.037989 -48.897900 -19.987106 13.830688 0.004436
3.372702 150.037966 -48.898711 -19.987113 13.835263 0.004433
3.374791 150.037942 -48.899522 -19.987121 13.839838 0.004431
3.376882 150.037919 -48.900333 -19.987129 13.844413 0.004428
3.378973 150.037895 -48.901144 -19.987136 13.848986 0.004425
3.381066 150.037871 -48.901955 -19.987144 13.853559 0.004422
3.383160 150.037848 -48.902766 -19.987152 13.858132 0.004420
3.385256 150.037824 -48.903576 -19.987159 13.862704 0.004417
3.387352 150.037800 -48.904386 -19.987167 13.867275 0.004415
3.389450 150.037777 -48.905196 -19.987174 13.871846 0.004412
3.391549 150.037753 -48.906006 -19.987182 13.876416 0.004409
3.393650 150.037729 -48.906817 -19.987190 13.880986 0.004406
3.395751 150.037706 -48.907626 -19.987198 13.885554 0.004404
3.397855 150.037682 -48.908436 -19.987205 13.890123 0.004401
3.399959 150.037658 -48.909246 -19.987213 13.894691 0.004398
3.402065 150.037635 -48.910056 -19.987220 13.899258 0.004396
3.404171 150.037611 -48.910865 -19.987228 13.903824 0.004393
3.406279 150.037587 -48.911675 -19.987236 13.908390 0.004390
3.408388 150.037564 -48.912485 -19.987244 13.912956 0.004388
3.410499 150.037540 -48.913294 -19.987252 13.917521 0.004385
3.412611 150.037516 -48.914103 -19.987259 13.922085 0.004382
3.414725 150.037493 -48.914912 -19.987266 13.926648 0.004380
3.416839 150.037469 -48.915721 -19.987274 13.931211 0.004377
3.418954 150.037445 -48.916530 -19.987282 13.935774 0.004374
3.421071 150.037422 -48.917339 -19.987290 13.940336 0.004372
3.423189 150.037398 -48.918147 -19.987298 13.944897 0.004369
3.425309 150.037374 -48.918957 -19.987306 13.949457 0.004366
3.427430 150.037351 -48.919765 -19.987312 13.954017 0.004364
3.429552 150.037327 -48.920574 -19.987320 13.958577 0.004361
3.431675 150.037303 -48.921382 -19.987328 13.963136 0.004358
3.433800 150.037279 -48.922190 -19.987336 13.967694 0.004355
3.435926 150.037256 -48.922998 -19.987344 13.972251 0.004353
3.438053 150.037232 -48.923806 -19.987352 13.976808 0.004350
3.440181 150.037208 -48.924614 -19.987360 13.981365 0.004347
3.442311 150.037185 -48.925422 -19.987366 13.985920 0.004345
3.444442 150.037161 -48.926230 -19.987374 13.990476 0.004342
3.446574 150.037137 -48.927038 -19.987382 13.995030 0.004339
3.448707 150.037113 -48.927845 -19.987390 13.999584 0.004337
3.450842 150.037090 -48.928652 -19.987398 14.004137 0.004334
3.452978 150.037066 -48.929460 -19.987406 14.008690 0.004331
3.455116 150.037042 -48.930267 -19.987413 14.013242 0.004328
3.457255 150.037018 -48.931075 -19.987421 14.017794 0.004326
3.459395 150.036995 -48.931882 -19.987428 14.022344 0.004323
3.461537 150.036971 -48.932689 -19.987436 14.026895 0.004321
3.463679 150.036947 -48.933495 -19.987444 14.031444 0.004318
3.465823 150.036923 -48.934302 -19.987452 14.035993 0.004315
3.467968 150.036900 -48.935109 -19.987459 14.040542 0.004312
3.470114 150.036876 -48.935915 -19.987467 14.045089 0.004310
3.472262 150.036852 -48.936722 -19.987475 14.049636 0.004307
3.474411 150.036828 -48.937529 -19.987483 14.054183 0.004304
3.476561 150.036804 -48.938335 -19.987490 14.058729 0.004302
3.478713 150.036781 -48.939141 -19.987498 14.063274 0.004299
3.480866 150.036757 -48.939947 -19.987506 14.067819 0.004296
3.483020 150.036733 -48.940754 -19.987513 14.072363 0.004294
3.485176 150.036709 -48.941559 -19.987521 14.076906 0.004291
3.487333 150.036685 -48.942365 -19.987529 14.081449 0.004288
3.489491 150.036662 -48.943171 -19.987537 14.085991 0.004285
3.491650 150.036638 -48.943976 -19.987545 14.090533 0.004283
3.493811 150.036614 -48.944781 -19.987553 14.095074 0.004280
3.495972 150.036590 -48.945588 -19.987559 14.099614 0.004278
3.498136 150.036566 -48.946393 -19.987567 14.104154 0.004275
3.500301 150.036543 -48.947198 -19.987575 14.108693 0.004272
3.502466 150.036519 -48.948003 -19.987583 14.113231 0.004269
3.504633 150.036495 -48.948808 -19.987591 14.117769 0.004267
3.506803 150.036471 -48.949613 -19.987599 14.122306 0.004264
3.508973 150.036447 -48.950418 -19.987607 14.126842 0.004261
3.511144 150.036424 -48.951222 -19.987614 14.131378 0.004258
3.513316 150.036400 -48.952027 -19.987622 14.135914 0.004256
3.515489 150.036376 -48.952831 -19.987629 14.140448 0.004253
3.517665 150.036352 -48.953636 -19.987637 14.144982 0.004251
3.519841 150.036328 -48.954440 -19.987645 14.149515 0.004248
3.522019 150.036304 -48.955244 -19.987653 14.154048 0.004245
3.524198 150.036281 -48.956048 -19.987661 14.158580 0.004242
3.526378 150.036257 -48.956853 -19.987668 14.163112 0.004240
3.528560 150.036233 -48.957657 -19.987676 14.167642 0.004237
3.530743 150.036209 -48.958460 -19.987684 14.172173 0.004234
3.532927 150.036185 -48.959264 -19.987692 14.176702 0.004231
3.535113 150.036161 -48.960067 -19.987700 14.181231 0.004229
3.537300 150.036137 -48.960871 -19.987708 14.185759 0.004226
3.539488 150.036114 -48.961674 -19.987715 14.190287 0.004224
3.541678 150.036090 -48.962478 -19.987722 14.194814 0.004221
3.543868 150.036066 -48.963280 -19.987730 14.199340 0.004218
3.546060 150.036042 -48.964084 -19.987738 14.203865 0.004215
3.548254 150.036018 -48.964887 -19.987746 14.208390 0.004213
3.550449 150.035994 -48.965690 -19.987754 14.212915 0.004210
3.552645 150.035970 -48.966492 -19.987762 14.217439 0.004207
3.554843 150.035946 -48.967296 -19.987770 14.221962 0.004204
3.557041 150.035922 -48.968098 -19.987778 14.226484 0.004202
3.559242 150.035899 -48.968900 -19.987785 14.231006 0.004199
3.561443 150.035875 -48.969702 -19.987793 14.235527 0.004196
3.563646 150.035851 -48.970505 -19.987801 14.240047 0.004193
3.565850 150.035827 -48.971307 -19.987808 14.244567 0.004191
3.568056 150.035803 -48.972109 -19.987816 14.249086 0.004188
3.570262 150.035779 -48.972910 -19.987824 14.253605 0.004186
3.572471 150.035755 -48.973713 -19.987832 14.258123 0.004183
3.574680 150.035731 -48.974514 -19.987840 14.262640 0.004180
3.576891 150.035707 -48.975316 -19.987847 14.267156 0.004177
3.579103 150.035683 -48.976117 -19.987855 14.271672 0.004175
3.581316 150.035659 -48.976919 -19.987863 14.276187 0.004172
3.583532 150.035636 -48.977720 -19.987871 14.280702 0.004169
3.585747 150.035612 -48.978521 -19.987879 14.285216 0.004166
3.587964 150.035588 -48.979323 -19.987887 14.289729 0.004164
3.590184 150.035564 -48.980124 -19.987895 14.294242 0.004161
3.592404 150.035540 -48.980924 -19.987903 14.298754 0.004158
3.594625 150.035516 -48.981725 -19.987910 14.303265 0.004155
3.596848 150.035492 -48.982526 -19.987917 14.307775 0.004153
3.599072 150.035468 -48.983326 -19.987925 14.312285 0.004150
3.601298 150.035444 -48.984126 -19.987933 14.316795 0.004148
3.603525 150.035420 -48.984927 -19.987941 14.321303 0.004145
3.605753 150.035396 -48.985727 -19.987949 14.325811 0.004142
3.607983 150.035372 -48.986527 -19.987957 14.330318 0.004139
3.610214 150.035348 -48.987327 -19.987965 14.334825 0.004137
3.612446 150.035324 -48.988127 -19.987972 14.339331 0.004134
3.614680 150.035300 -48.988927 -19.987980 14.343836 0.004131
3.616914 150.035276 -48.989726 -19.987988 14.348341 0.004128
3.619151 150.035252 -48.990527 -19.987996 14.352845 0.004126
3.621388 150.035228 -48.991326 -19.988004 14.357348 0.004123
3.623627 150.035204 -48.992125 -19.988012 14.361851 0.004120
3.625867 150.035180 -48.992925 -19.988020 14.366352 0.004117
3.628109 150.035157 -48.993723 -19.988028 14.370854 0.004115
3.630352 150.035133 -48.994522 -19.988035 14.375354 0.004112
3.632596 150.035109 -48.995322 -19.988043 14.379854 0.004109
3.634842 150.035085 -48.996120 -19.988051 14.384353 0.004106
3.637090 150.035061 -48.996919 -19.988058 14.388852 0.004104
3.639338 150.035037 -48.997717 -19.988066 14.393350 0.004101
3.641588 150.035013 -48.998516 -19.988074 14.397847 0.004099
3.643839 150.034989 -48.999314 -19.988082 14.402343 0.004096
3.646091 150.034965 -49.000112 -19.988090 14.406839 0.004093
3.648346 150.034941 -49.000911 -19.988098 14.411334 0.004090
3.650601 150.034917 -49.001709 -19.988105 14.415829 0.004088
3.652858 150.034893 -49.002506 -19.988113 14.420323 0.004085
3.655116 150.034869 -49.003305 -19.988121 14.424816 0.004082
3.657375 150.034845 -49.004102 -19.988129 14.429308 0.004079
3.659636 150.034821 -49.004899 -19.988137 14.433800 0.004077
3.661898 150.034797 -49.005697 -19.988145 14.438291 0.004074
3.664161 150.034772 -49.006494 -19.988153 14.442781 0.004071
3.666426 150.034748 -49.007292 -19.988161 14.447271 0.004068
3.668692 150.034724 -49.008089 -19.988169 14.451760 0.004066
3.670959 150.034700 -49.008886 -19.988176 14.456248 0.004063
3.673229 150.034676 -49.009683 -19.988184 14.460736 0.004060
3.675499 150.034652 -49.010480 -19.988192 14.465223 0.004057
3.677771 150.034628 -49.011276 -19.988200 14.469709 0.004055
3.680043 150.034604 -49.012073 -19.988208 14.474195 0.004052
3.682318 150.034580 -49.012870 -19.988216 14.478680 0.004049
3.684594 150.034556 -49.013666 -19.988224 14.483164 0.004046
3.686871 150.034532 -49.014462 -19.988232 14.487647 0.004044
3.689149 150.034508 -49.015258 -19.988240 14.492130 0.004041
3.691429 150.034484 -49.016054 -19.988248 14.496612 0.004038
3.693710 150.034460 -49.016850 -19.988255 14.501093 0.004035
3.695993 150.034436 -49.017646 -19.988263 14.505574 0.004033
3.698277 150.034412 -49.018442 -19.988271 14.510054 0.004030
3.700563 150.034388 -49.019237 -19.988279 14.514533 0.004027
3.702849 150.034364 -49.020032 -19.988286 14.519012 0.004025
3.705138 150.034340 -49.020828 -19.988294 14.523490 0.004022
3.707428 150.034316 -49.021623 -19.988302 14.527967 0.004019
3.709718 150.034292 -49.022418 -19.988310 14.532444 0.004017
3.712011 150.034267 -49.023214 -19.988318 14.536919 0.004014
3.714304 150.034243 -49.024008 -19.988326 14.541395 0.004011
3.716599 150.034219 -49.024804 -19.988333 14.545869 0.004008
3.718896 150.034195 -49.025598 -19.988341 14.550343 0.004006
3.721193 150.034171 -49.026392 -19.988349 14.554816 0.004003
3.723493 150.034147 -49.027187 -19.988357 14.559288 0.004000
3.725793 150.034123 -49.027981 -19.988365 14.563760 0.003997
3.728095 150.034099 -49.028776 -19.988373 14.568230 0.003995
3.730399 150.034075 -49.029570 -19.988381 14.572701 0.003992
3.732704 150.034051 -49.030363 -19.988389 14.577170 0.003989
3.735011 150.034027 -49.031158 -19.988397 14.581639 0.003986
3.737318 150.034002 -49.031951 -19.988405 14.586107 0.003984
3.739627 150.033978 -49.032745 -19.988412 14.590574 0.003981
3.741937 150.033954 -49.033538 -19.988420 14.595041 0.003978
3.744249 150.033930 -49.034331 -19.988428 14.599507 0.003975
3.746562 150.033906 -49.035125 -19.988436 14.603972 0.003973
3.748877 150.033882 -49.035918 -19.988444 14.608436 0.003970
3.751192 150.033858 -49.036711 -19.988452 14.612900 0.003967
3.753510 150.033834 -49.037504 -19.988460 14.617363 0.003964
3.755828 150.033810 -49.038296 -19.988468 14.621826 0.003962
3.758149 150.033785 -49.039090 -19.988476 14.626287 0.003959
3.760470 150.033761 -49.039882 -19.988484 14.630748 0.003956
3.762794 150.033737 -49.040675 -19.988492 14.635208 0.003953
3.765118 150.033713 -49.041467 -19.988500 14.639668 0.003951
3.767443 150.033689 -49.042260 -19.988507 14.644127 0.003948
3.769771 150.033665 -49.043051 -19.988515 14.648585 0.003945
3.772100 150.033641 -49.043843 -19.988523 14.653042 0.003942
3.774429 150.033617 -49.044635 -19.988531 14.657499 0.003940
3.776761 150.033592 -49.045426 -19.988539 14.661954 0.003937
3.779094 150.033568 -49.046219 -19.988547 14.666410 0.003934
3.781428 150.033544 -49.047010 -19.988555 14.670864 0.003931
3.783763 150.033520 -49.047802 -19.988563 14.675318 0.003929
3.786100 150.033496 -49.048593 -19.988571 14.679771 0.003926
3.788439 150.033472 -49.049383 -19.988579 14.684223 0.003923
3.790779 150.033447 -49.050175 -19.988587 14.688674 0.003920
3.793120 150.033423 -49.050965 -19.988595 14.693125 0.003918
3.795463 150.033399 -49.051757 -19.988602 14.697575 0.003915
3.797807 150.033375 -49.052547 -19.988610 14.702025 0.003912
3.800152 150.033351 -49.053338 -19.988618 14.706473 0.003909
3.802500 150.033327 -49.054128 -19.988626 14.710921 0.003907
3.804847 150.033302 -49.054919 -19.988634 14.715368 0.003904
3.807198 150.033278 -49.055709 -19.988642 14.719815 0.003901
3.809549 150.033254 -49.056499 -19.988650 14.724260 0.003898
3.811902 150.033230 -49.057289 -19.988658 14.728705 0.003896
3.814256 150.033206 -49.058078 -19.988666 14.733150 0.003893
