-39.942721 149.454442 -41.014463 161.524521 -64.170093 179.273072
-39.941154 149.454442 -41.013767 161.524726 -64.174988 179.272914
-39.939589 149.454441 -41.013070 161.524933 -64.179881 179.272755
-39.938024 149.454441 -41.012374 161.525138 -64.184774 179.272597
-39.936458 149.454441 -41.011678 161.525345 -64.189668 179.272438
-39.934893 149.454440 -41.010982 161.525551 -64.194562 179.272279
-39.933328 149.454440 -41.010286 161.525758 -64.199456 179.272120
-39.931762 149.454440 -41.009590 161.525963 -64.204349 179.271962
-39.930198 149.454439 -41.008895 161.526169 -64.209242 179.271803
-39.928633 149.454439 -41.008199 161.526374 -64.214137 179.271644
-39.927067 149.454438 -41.007504 161.526580 -64.219031 179.271486
-39.925503 149.454438 -41.006809 161.526786 -64.223924 179.271327
-39.923939 149.454437 -41.006114 161.526991 -64.228818 179.271168
-39.922374 149.454437 -41.005419 161.527197 -64.233712 179.271009
-39.920810 149.454436 -41.004725 161.527403 -64.238606 179.270850
-39.919244 149.454435 -41.004030 161.527609 -64.243500 179.270691
-39.917680 149.454435 -41.003336 161.527815 -64.248393 179.270532
-39.916116 149.454434 -41.002642 161.528021 -64.253288 179.270373
-39.914552 149.454433 -41.001948 161.528226 -64.258182 179.270215
-39.912989 149.454432 -41.001254 161.528432 -64.263076 179.270056
-39.911424 149.454432 -41.000561 161.528638 -64.267970 179.269896
-39.909861 149.454431 -40.999867 161.528843 -64.272865 179.269738
-39.908296 149.454430 -40.999173 161.529050 -64.277759 179.269578
-39.906733 149.454429 -40.998481 161.529254 -64.282652 179.269420
-39.905169 149.454428 -40.997787 161.529461 -64.287547 179.269260
-39.903606 149.454427 -40.997095 161.529666 -64.292441 179.269101
-39.902043 149.454426 -40.996402 161.529871 -64.297336 179.268942
-39.900479 149.454425 -40.995709 161.530076 -64.302230 179.268783
-39.898917 149.454424 -40.995016 161.530283 -64.307125 179.268624
-39.897354 149.454423 -40.994325 161.530488 -64.312019 179.268464
-39.895790 149.454422 -40.993633 161.530693 -64.316913 179.268305
-39.894227 149.454421 -40.992941 161.530899 -64.321807 179.268146
-39.892665 149.454420 -40.992250 161.531104 -64.326702 179.267987
-39.891102 149.454419 -40.991557 161.531310 -64.331597 179.267827
-39.889539 149.454417 -40.990866 161.531515 -64.336491 179.267668
-39.887977 149.454416 -40.990175 161.531719 -64.341385 179.267509
-39.886414 149.454415 -40.989484 161.531925 -64.346281 179.267350
-39.884852 149.454414 -40.988793 161.532130 -64.351175 179.267190
-39.883290 149.454412 -40.988102 161.532336 -64.356070 179.267031
-39.881727 149.454411 -40.987412 161.532540 -64.360964 179.266872
-39.880166 149.454410 -40.986721 161.532746 -64.365859 179.266712
-39.878603 149.454408 -40.986031 161.532951 -64.370754 179.266553
-39.877042 149.454407 -40.985340 161.533157 -64.375649 179.266393
-39.875480 149.454405 -40.984651 161.533361 -64.380544 179.266234
-39.873918 149.454404 -40.983961 161.533567 -64.385439 179.266074
-39.872357 149.454402 -40.983271 161.533772 -64.390333 179.265915
-39.870795 149.454401 -40.982582 161.533977 -64.395228 179.265755
-39.869233 149.454399 -40.981892 161.534181 -64.400124 179.265596
-39.867672 149.454397 -40.981203 161.534386 -64.405018 179.265436
-39.866111 149.454396 -40.980515 161.534593 -64.409913 179.265276
-39.864549 149.454394 -40.979825 161.534797 -64.414808 179.265116
-39.862988 149.454392 -40.979137 161.535002 -64.419704 179.264957
-39.861427 149.454391 -40.978448 161.535207 -64.424599 179.264797
-39.859867 149.454389 -40.977760 161.535411 -64.429494 179.264638
-39.858305 149.454387 -40.977071 161.535616 -64.434389 179.264478
-39.856745 149.454385 -40.976383 161.535821 -64.439285 179.264318
-39.855185 149.454383 -40.975695 161.536027 -64.444179 179.264158
-39.853623 149.454381 -40.975008 161.536230 -64.449075 179.263999
-39.852063 149.454379 -40.974320 161.536436 -64.453971 179.263839
-39.850503 149.454377 -40.973633 161.536641 -64.458866 179.263678
-39.848943 149.454375 -40.972946 161.536845 -64.463761 179.263519
-39.847382 149.454373 -40.972259 161.537051 -64.468656 179.263359
-39.845822 149.454371 -40.971572 161.537255 -64.473552 179.263199
-39.844263 149.454369 -40.970885 161.537459 -64.478447 179.263040
-39.842703 149.454367 -40.970199 161.537665 -64.483342 179.262879
-39.841143 149.454365 -40.969512 161.537869 -64.488238 179.262719
-39.839583 149.454363 -40.968826 161.538073 -64.493134 179.262559
-39.838023 149.454361 -40.968140 161.538277 -64.498029 179.262400
-39.836464 149.454358 -40.967453 161.538484 -64.502925 179.262239
-39.834904 149.454356 -40.966768 161.538688 -64.507821 179.262079
-39.833345 149.454354 -40.966082 161.538893 -64.512716 179.261919
-39.831786 149.454352 -40.965396 161.539097 -64.517612 179.261758
-39.830226 149.454349 -40.964711 161.539302 -64.522507 179.261598
-39.828667 149.454347 -40.964026 161.539505 -64.527404 179.261439
-39.827109 149.454344 -40.963342 161.539710 -64.532299 179.261278
-39.825549 149.454342 -40.962657 161.539915 -64.537195 179.261118
-39.823991 149.454340 -40.961971 161.540119 -64.542091 179.260958
-39.822432 149.454337 -40.961287 161.540323 -64.546987 179.260798
-39.820874 149.454334 -40.960602 161.540528 -64.551883 179.260637
-39.819315 149.454332 -40.959918 161.540731 -64.556779 179.260477
-39.817756 149.454329 -40.959235 161.540936 -64.561675 179.260317
-39.816198 149.454327 -40.958551 161.541140 -64.566571 179.260157
-39.814640 149.454324 -40.957867 161.541345 -64.571467 179.259996
-39.813081 149.454321 -40.957183 161.541549 -64.576363 179.259836
-39.811523 149.454319 -40.956500 161.541753 -64.581260 179.259675
-39.809965 149.454316 -40.955817 161.541958 -64.586155 179.259514
-39.808407 149.454313 -40.955134 161.542162 -64.591051 179.259354
-39.806850 149.454310 -40.954451 161.542366 -64.595947 179.259194
-39.805292 149.454308 -40.953768 161.542570 -64.600844 179.259033
-39.803735 149.454305 -40.953085 161.542774 -64.605740 179.258873
-39.802176 149.454302 -40.952403 161.542979 -64.610636 179.258712
-39.800619 149.454299 -40.951721 161.543183 -64.615533 179.258552
-39.799062 149.454296 -40.951038 161.543387 -64.620429 179.258391
-39.797504 149.454293 -40.950356 161.543591 -64.625325 179.258230
-39.795948 149.454290 -40.949675 161.543794 -64.630222 179.258070
-39.794390 149.454287 -40.948993 161.543999 -64.635119 179.257909
-39.792834 149.454284 -40.948311 161.544203 -64.640015 179.257748
-39.791276 149.454281 -40.947630 161.544406 -64.644911 179.257588
-39.789719 149.454278 -40.946949 161.544611 -64.649809 179.257427
-39.788162 149.454274 -40.946268 161.544816 -64.654705 179.257266
-39.786606 149.454271 -40.945587 161.545019 -64.659601 179.257105
-39.785050 149.454268 -40.944906 161.545222 -64.664498 179.256945
-39.783493 149.454265 -40.944226 161.545427 -64.669395 179.256784
-39.781937 149.454262 -40.943546 161.545630 -64.674291 179.256623
-39.780380 149.454258 -40.942865 161.545834 -64.679188 179.256462
-39.778824 149.454255 -40.942185 161.546039 -64.684084 179.256301
-39.777268 149.454252 -40.941506 161.546243 -64.688982 179.256140
-39.775712 149.454248 -40.940826 161.546446 -64.693878 179.255979
-39.774156 149.454245 -40.940146 161.546650 -64.698775 179.255818
-39.772600 149.454241 -40.939467 161.546854 -64.703673 179.255657
-39.771044 149.454238 -40.938787 161.547057 -64.708569 179.255496
-39.769489 149.454234 -40.938108 161.547261 -64.713466 179.255335
-39.767933 149.454231 -40.937429 161.547465 -64.718363 179.255174
-39.766378 149.454227 -40.936750 161.547668 -64.723260 179.255013
-39.764822 149.454224 -40.936072 161.547872 -64.728157 179.254852
-39.763267 149.454220 -40.935394 161.548076 -64.733054 179.254691
-39.761712 149.454216 -40.934715 161.548278 -64.737952 179.254530
-39.760156 149.454213 -40.934037 161.548483 -64.742848 179.254368
-39.758601 149.454209 -40.933359 161.548687 -64.747745 179.254207
-39.757047 149.454205 -40.932681 161.548890 -64.752642 179.254046
-39.755492 149.454201 -40.932004 161.549093 -64.757540 179.253885
-39.753937 149.454198 -40.931326 161.549297 -64.762437 179.253723
-39.752383 149.454194 -40.930649 161.549500 -64.767334 179.253562
-39.750828 149.454190 -40.929971 161.549703 -64.772232 179.253401
-39.749273 149.454186 -40.929295 161.549908 -64.777129 179.253239
-39.747718 149.454182 -40.928618 161.550111 -64.782026 179.253078
-39.746164 149.454178 -40.927941 161.550314 -64.786923 179.252917
-39.744610 149.454174 -40.927264 161.550517 -64.791822 179.252755
-39.743056 149.454170 -40.926588 161.550721 -64.796719 179.252594
-39.741502 149.454166 -40.925912 161.550924 -64.801616 179.252433
-39.739948 149.454162 -40.925236 161.551127 -64.806514 179.252271
-39.738394 149.454158 -40.924560 161.551331 -64.811411 179.252109
-39.736840 149.454154 -40.923884 161.551535 -64.816309 179.251948
-39.735287 149.454150 -40.923208 161.551737 -64.821206 179.251787
-39.733733 149.454145 -40.922533 161.551940 -64.826104 179.251625
-39.732179 149.454141 -40.921858 161.552144 -64.831002 179.251463
-39.730626 149.454137 -40.921183 161.552346 -64.835899 179.251302
-39.729072 149.454133 -40.920508 161.552550 -64.840798 179.251140
-39.727519 149.454128 -40.919833 161.552754 -64.845695 179.250978
-39.725966 149.454124 -40.919158 161.552957 -64.850593 179.250817
-39.724413 149.454120 -40.918484 161.553159 -64.855490 179.250655
-39.722860 149.454115 -40.917810 161.553363 -64.860389 179.250493
-39.721307 149.454111 -40.917136 161.553566 -64.865286 179.250331
-39.719754 149.454106 -40.916461 161.553768 -64.870184 179.250170
-39.718202 149.454102 -40.915787 161.553973 -64.875083 179.250007
-39.716649 149.454097 -40.915115 161.554176 -64.879980 179.249846
-39.715096 149.454093 -40.914441 161.554378 -64.884878 179.249684
-39.713544 149.454088 -40.913767 161.554581 -64.889777 179.249522
-39.711992 149.454084 -40.913094 161.554784 -64.894675 179.249360
-39.710440 149.454079 -40.912421 161.554987 -64.899572 179.249198
-39.708887 149.454074 -40.911748 161.555191 -64.904470 179.249036
-39.707335 149.454070 -40.911076 161.555394 -64.909369 179.248874
-39.705783 149.454065 -40.910403 161.555595 -64.914267 179.248712
-39.704231 149.454060 -40.909731 161.555799 -64.919165 179.248550
-39.702679 149.454055 -40.909058 161.556002 -64.924064 179.248388
-39.701127 149.454051 -40.908386 161.556204 -64.928962 179.248226
-39.699576 149.454046 -40.907715 161.556407 -64.933860 179.248064
-39.698024 149.454041 -40.907043 161.556611 -64.938758 179.247901
-39.696473 149.454036 -40.906371 161.556813 -64.943657 179.247740
-39.694921 149.454031 -40.905699 161.557015 -64.948555 179.247578
-39.693370 149.454026 -40.905028 161.557219 -64.953453 179.247415
-39.691819 149.454021 -40.904357 161.557421 -64.958352 179.247253
-39.690267 149.454016 -40.903686 161.557623 -64.963251 179.247091
-39.688717 149.454011 -40.903015 161.557827 -64.968149 179.246928
-39.687166 149.454006 -40.902345 161.558029 -64.973048 179.246766
-39.685614 149.454001 -40.901675 161.558232 -64.977946 179.246604
-39.684064 149.453996 -40.901004 161.558434 -64.982845 179.246441
-39.682513 149.453991 -40.900334 161.558637 -64.987743 179.246279
-39.680963 149.453985 -40.899664 161.558839 -64.992642 179.246117
-39.679412 149.453980 -40.898995 161.559042 -64.997541 179.245954
-39.677862 149.453975 -40.898325 161.559245 -65.002439 179.245792
-39.676312 149.453970 -40.897655 161.559448 -65.007339 179.245629
-39.674761 149.453964 -40.896986 161.559649 -65.012237 179.245467
-39.673211 149.453959 -40.896316 161.559852 -65.017136 179.245304
-39.671661 149.453954 -40.895647 161.560055 -65.022034 179.245142
-39.670111 149.453948 -40.894979 161.560256 -65.026934 179.244979
-39.668561 149.453943 -40.894310 161.560460 -65.031832 179.244817
-39.667011 149.453937 -40.893641 161.560661 -65.036731 179.244654
-39.665462 149.453932 -40.892973 161.560865 -65.041631 179.244491
-39.663912 149.453926 -40.892305 161.561066 -65.046529 179.244329
-39.662362 149.453921 -40.891637 161.561270 -65.051428 179.244166
-39.660813 149.453915 -40.890968 161.561471 -65.056328 179.244003
-39.659264 149.453910 -40.890300 161.561673 -65.061227 179.243841
-39.657714 149.453904 -40.889633 161.561875 -65.066125 179.243678
-39.656165 149.453898 -40.888966 161.562079 -65.071024 179.243515
-39.654616 149.453893 -40.888299 161.562281 -65.075924 179.243352
-39.653067 149.453887 -40.887632 161.562483 -65.080823 179.243189
-39.651518 149.453881 -40.886965 161.562686 -65.085722 179.243026
-39.649969 149.453875 -40.886297 161.562888 -65.090622 179.242863
-39.648421 149.453869 -40.885632 161.563090 -65.095521 179.242700
-39.646872 149.453864 -40.884965 161.563293 -65.100420 179.242537
-39.645323 149.453858 -40.884298 161.563493 -65.105320 179.242375
-39.643775 149.453852 -40.883632 161.563696 -65.110219 179.242212
-39.642226 149.453846 -40.882966 161.563899 -65.115118 179.242048
-39.640678 149.453840 -40.882300 161.564100 -65.120018 179.241886
-39.639130 149.453834 -40.881634 161.564302 -65.124917 179.241722
-39.637582 149.453828 -40.880969 161.564505 -65.129817 179.241559
-39.636034 149.453822 -40.880304 161.564707 -65.134716 179.241396
-39.634485 149.453816 -40.879638 161.564908 -65.139616 179.241233
-39.632938 149.453810 -40.878973 161.565111 -65.144515 179.241070
-39.631391 149.453804 -40.878308 161.565312 -65.149415 179.240907
-39.629842 149.453797 -40.877644 161.565514 -65.154315 179.240744
-39.628295 149.453791 -40.876979 161.565717 -65.159214 179.240580
-39.626747 149.453785 -40.876315 161.565919 -65.164114 179.240417
-39.625200 149.453779 -40.875651 161.566120 -65.169014 179.240254
-39.623653 149.453772 -40.874986 161.566322 -65.173914 179.240090
-39.622105 149.453766 -40.874322 161.566524 -65.178813 179.239927
-39.620559 149.453760 -40.873658 161.566726 -65.183713 179.239764
-39.619011 149.453753 -40.872996 161.566928 -65.188613 179.239600
-39.617464 149.453747 -40.872332 161.567130 -65.193513 179.239437
-39.615917 149.453741 -40.871668 161.567332 -65.198412 179.239273
-39.614370 149.453734 -40.871005 161.567534 -65.203313 179.239109
-39.612824 149.453728 -40.870342 161.567735 -65.208213 179.238947
-39.611277 149.453721 -40.869679 161.567937 -65.213112 179.238783
-39.609731 149.453715 -40.869017 161.568139 -65.218013 179.238619
-39.608184 149.453708 -40.868354 161.568340 -65.222913 179.238456
-39.606638 149.453701 -40.867692 161.568543 -65.227812 179.238292
-39.605091 149.453695 -40.867030 161.568744 -65.232713 179.238129
-39.603545 149.453688 -40.866367 161.568946 -65.237613 179.237964
-39.601999 149.453682 -40.865706 161.569147 -65.242513 179.237801
-39.600453 149.453675 -40.865044 161.569348 -65.247414 179.237638
-39.598907 149.453668 -40.864383 161.569551 -65.252314 179.237473
-39.597361 149.453661 -40.863722 161.569752 -65.257214 179.237310
-39.595815 149.453654 -40.863060 161.569954 -65.262114 179.237146
-39.594270 149.453648 -40.862399 161.570155 -65.267015 179.236982
-39.592724 149.453641 -40.861738 161.570356 -65.271915 179.236819
-39.591179 149.453634 -40.861078 161.570558 -65.276815 179.236655
-39.589633 149.453627 -40.860417 161.570760 -65.281716 179.236491
-39.588088 149.453620 -40.859756 161.570961 -65.286616 179.236327
-39.586542 149.453613 -40.859096 161.571163 -65.291516 179.236163
-39.584997 149.453606 -40.858436 161.571365 -65.296417 179.235999
-39.583452 149.453599 -40.857776 161.571565 -65.301317 179.235835
-39.581907 149.453592 -40.857116 161.571767 -65.306218 179.235671
-39.580363 149.453585 -40.856457 161.571969 -65.311119 179.235507
-39.578818 149.453578 -40.855797 161.572169 -65.316019 179.235343
-39.577273 149.453571 -40.855138 161.572371 -65.320920 179.235179
-39.575728 149.453563 -40.854478 161.572572 -65.325821 179.235015
-39.574184 149.453556 -40.853820 161.572774 -65.330721 179.234850
-39.572639 149.453549 -40.853161 161.572975 -65.335622 179.234687
-39.571095 149.453542 -40.852502 161.573177 -65.340522 179.234522
-39.569550 149.453534 -40.851843 161.573378 -65.345424 179.234358
-39.568007 149.453527 -40.851185 161.573579 -65.350324 179.234194
-39.566462 149.453520 -40.850527 161.573780 -65.355225 179.234030
-39.564918 149.453512 -40.849869 161.573982 -65.360126 179.233865
-39.563374 149.453505 -40.849211 161.574183 -65.365027 179.233701
-39.561831 149.453497 -40.848554 161.574384 -65.369927 179.233536
-39.560287 149.453490 -40.847896 161.574586 -65.374829 179.233372
-39.558743 149.453482 -40.847239 161.574787 -65.379730 179.233207
-39.557200 149.453475 -40.846581 161.574988 -65.384630 179.233043
-39.555656 149.453467 -40.845924 161.575188 -65.389532 179.232879
-39.554113 149.453460 -40.845268 161.575389 -65.394433 179.232714
-39.552569 149.453452 -40.844611 161.575591 -65.399334 179.232550
-39.551026 149.453444 -40.843954 161.575792 -65.404235 179.232385
-39.549483 149.453437 -40.843298 161.575992 -65.409136 179.232221
-39.547940 149.453429 -40.842641 161.576194 -65.414037 179.232056
-39.546396 149.453421 -40.841985 161.576394 -65.418939 179.231892
-39.544854 149.453414 -40.841329 161.576596 -65.423840 179.231727
-39.543311 149.453406 -40.840673 161.576796 -65.428741 179.231562
-39.541769 149.453398 -40.840017 161.576998 -65.433642 179.231397
-39.540225 149.453390 -40.839362 161.577199 -65.438544 179.231233
-39.538683 149.453382 -40.838707 161.577399 -65.443445 179.231068
-39.537141 149.453374 -40.838052 161.577601 -65.448346 179.230903
-39.535598 149.453366 -40.837396 161.577802 -65.453248 179.230738
-39.534056 149.453358 -40.836741 161.578003 -65.458149 179.230574
-39.532513 149.453350 -40.836087 161.578203 -65.463050 179.230409
-39.530971 149.453342 -40.835432 161.578404 -65.467952 179.230244
-39.529429 149.453334 -40.834778 161.578605 -65.472854 179.230079
-39.527887 149.453326 -40.834123 161.578806 -65.477755 179.229914
-39.526345 149.453318 -40.833470 161.579007 -65.482657 179.229749
-39.524804 149.453310 -40.832816 161.579208 -65.487558 179.229584
-39.523262 149.453302 -40.832162 161.579408 -65.492460 179.229419
-39.521721 149.453294 -40.831508 161.579609 -65.497362 179.229254
-39.520179 149.453285 -40.830856 161.579810 -65.502263 179.229089
-39.518638 149.453277 -40.830202 161.580010 -65.507165 179.228924
-39.517096 149.453269 -40.829548 161.580211 -65.512067 179.228759
-39.515555 149.453260 -40.828896 161.580411 -65.516969 179.228594
-39.514013 149.453252 -40.828243 161.580613 -65.521870 179.228429
-39.512473 149.453244 -40.827591 161.580812 -65.526773 179.228264
-39.510931 149.453235 -40.826938 161.581014 -65.531674 179.228098
-39.509390 149.453227 -40.826285 161.581214 -65.536576 179.227933
-39.507850 149.453218 -40.825634 161.581414 -65.541478 179.227768
-39.506309 149.453210 -40.824982 161.581616 -65.546380 179.227602
-39.504768 149.453201 -40.824329 161.581817 -65.551282 179.227437
-39.503228 149.453193 -40.823678 161.582017 -65.556184 179.227272
-39.501687 149.453184 -40.823026 161.582217 -65.561086 179.227106
-39.500147 149.453176 -40.822375 161.582418 -65.565988 179.226941
-39.498607 149.453167 -40.821724 161.582618 -65.570890 179.226775
-39.497067 149.453158 -40.821073 161.582819 -65.575792 179.226610
-39.495527 149.453150 -40.820422 161.583020 -65.580694 179.226444
-39.493986 149.453141 -40.819772 161.583219 -65.585597 179.226279
-39.492446 149.453132 -40.819121 161.583420 -65.590499 179.226114
-39.490907 149.453124 -40.818470 161.583621 -65.595401 179.225948
-39.489366 149.453115 -40.817820 161.583822 -65.600304 179.225782
-39.487827 149.453106 -40.817170 161.584021 -65.605206 179.225617
-39.486287 149.453097 -40.816520 161.584222 -65.610108 179.225451
-39.484748 149.453088 -40.815871 161.584422 -65.615011 179.225286
-39.483208 149.453079 -40.815221 161.584623 -65.619913 179.225119
-39.481668 149.453070 -40.814572 161.584822 -65.624815 179.224954
-39.480130 149.453061 -40.813922 161.585024 -65.629718 179.224788
-39.478590 149.453052 -40.813273 161.585224 -65.634620 179.224622
-39.477051 149.453043 -40.812624 161.585423 -65.639522 179.224457
-39.475512 149.453034 -40.811975 161.585623 -65.644425 179.224291
-39.473973 149.453025 -40.811326 161.585825 -65.649327 179.224124
-39.472434 149.453016 -40.810678 161.586025 -65.654230 179.223959
-39.470895 149.453007 -40.810030 161.586225 -65.659132 179.223793
-39.469357 149.452998 -40.809382 161.586425 -65.664035 179.223627
-39.467818 149.452988 -40.808734 161.586626 -65.668938 179.223461
-39.466280 149.452979 -40.808086 161.586826 -65.673840 179.223295
-39.464741 149.452970 -40.807438 161.587025 -65.678743 179.223129
-39.463203 149.452961 -40.806790 161.587225 -65.683646 179.222963
-39.461665 149.452951 -40.806143 161.587426 -65.688548 179.222797
-39.460126 149.452942 -40.805495 161.587626 -65.693452 179.222630
-39.458589 149.452933 -40.804849 161.587825 -65.698354 179.222465
-39.457050 149.452923 -40.804202 161.588026 -65.703257 179.222298
-39.455512 149.452914 -40.803556 161.588225 -65.708160 179.222133
-39.453975 149.452904 -40.802909 161.588426 -65.713063 179.221966
-39.452437 149.452895 -40.802262 161.588625 -65.717965 179.221800
-39.450899 149.452885 -40.801616 161.588826 -65.722869 179.221633
-39.449361 149.452876 -40.800970 161.589026 -65.727772 179.221467
-39.447824 149.452866 -40.800324 161.589225 -65.732675 179.221301
-39.446287 149.452856 -40.799678 161.589426 -65.737578 179.221134
-39.444750 149.452847 -40.799033 161.589626 -65.742481 179.220968
-39.443211 149.452837 -40.798387 161.589826 -65.747385 179.220802
-39.441674 149.452827 -40.797741 161.590026 -65.752287 179.220635
-39.440138 149.452818 -40.797096 161.590225 -65.757190 179.220469
-39.438601 149.452808 -40.796452 161.590425 -65.762094 179.220302
-39.437064 149.452798 -40.795807 161.590625 -65.766997 179.220136
-39.435527 149.452788 -40.795162 161.590825 -65.771900 179.219969
-39.433990 149.452778 -40.794517 161.591025 -65.776804 179.219802
-39.432454 149.452769 -40.793873 161.591226 -65.781707 179.219636
-39.430917 149.452759 -40.793229 161.591424 -65.786610 179.219470
-39.429381 149.452749 -40.792585 161.591624 -65.791514 179.219303
-39.427844 149.452739 -40.791941 161.591825 -65.796417 179.219136
-39.426308 149.452729 -40.791297 161.592024 -65.801320 179.218969
-39.424772 149.452719 -40.790653 161.592224 -65.806224 179.218802
-39.423236 149.452709 -40.790010 161.592423 -65.811127 179.218636
-39.421699 149.452699 -40.789367 161.592624 -65.816030 179.218469
-39.420163 149.452689 -40.788724 161.592823 -65.820934 179.218302
-39.418627 149.452678 -40.788082 161.593023 -65.825837 179.218135
-39.417091 149.452668 -40.787438 161.593223 -65.830741 179.217968
-39.415556 149.452658 -40.786796 161.593422 -65.835645 179.217801
-39.414020 149.452648 -40.786153 161.593621 -65.840548 179.217635
-39.412485 149.452638 -40.785511 161.593821 -65.845452 179.217468
-39.410950 149.452627 -40.784869 161.594022 -65.850356 179.217300
-39.409414 149.452617 -40.784227 161.594221 -65.855259 179.217133
-39.407878 149.452607 -40.783585 161.594421 -65.860163 179.216966
-39.406344 149.452596 -40.782944 161.594621 -65.865067 179.216799
-39.404809 149.452586 -40.782302 161.594819 -65.869970 179.216632
-39.403273 149.452576 -40.781661 161.595018 -65.874874 179.216465
-39.401739 149.452565 -40.781020 161.595218 -65.879778 179.216298
-39.400204 149.452555 -40.780378 161.595418 -65.884682 179.216130
-39.398668 149.452544 -40.779737 161.595617 -65.889586 179.215964
-39.397134 149.452534 -40.779097 161.595817 -65.894490 179.215796
-39.395599 149.452523 -40.778456 161.596017 -65.899394 179.215628
-39.394065 149.452513 -40.777816 161.596215 -65.904297 179.215461
-39.392530 149.452502 -40.777176 161.596416 -65.909202 179.215294
-39.390996 149.452491 -40.776536 161.596614 -65.914106 179.215127
-39.389461 149.452481 -40.775896 161.596815 -65.919009 179.214959
-39.387927 149.452470 -40.775256 161.597014 -65.923914 179.214792
-39.386393 149.452459 -40.774617 161.597213 -65.928818 179.214624
-39.384859 149.452448 -40.773977 161.597412 -65.933722 179.214457
-39.383325 149.452438 -40.773338 161.597612 -65.938627 179.214289
-39.381792 149.452427 -40.772699 161.597811 -65.943530 179.214121
-39.380257 149.452416 -40.772060 161.598011 -65.948435 179.213954
-39.378724 149.452405 -40.771420 161.598210 -65.953339 179.213786
-39.377191 149.452394 -40.770782 161.598409 -65.958243 179.213619
-39.375657 149.452383 -40.770143 161.598609 -65.963148 179.213451
-39.374124 149.452372 -40.769505 161.598808 -65.968052 179.213283
-39.372590 149.452361 -40.768867 161.599006 -65.972956 179.213116
-39.371057 149.452350 -40.768229 161.599206 -65.977861 179.212948
-39.369524 149.452339 -40.767592 161.599405 -65.982765 179.212780
-39.367990 149.452328 -40.766954 161.599605 -65.987669 179.212612
-39.366457 149.452317 -40.766316 161.599803 -65.992575 179.212445
-39.364925 149.452306 -40.765679 161.600003 -65.997479 179.212277
-39.363392 149.452295 -40.765042 161.600201 -66.002383 179.212109
-39.361859 149.452284 -40.764405 161.600401 -66.007288 179.211941
-39.360326 149.452272 -40.763767 161.600600 -66.012192 179.211773
-39.358794 149.452261 -40.763131 161.600800 -66.017097 179.211605
-39.357261 149.452250 -40.762494 161.600998 -66.022002 179.211437
-39.355728 149.452239 -40.761858 161.601197 -66.026906 179.211269
-39.354196 149.452227 -40.761222 161.601397 -66.031810 179.211100
-39.352664 149.452216 -40.760585 161.601596 -66.036716 179.210932
-39.351132 149.452205 -40.759950 161.601795 -66.041620 179.210764
-39.349599 149.452193 -40.759314 161.601994 -66.046526 179.210596
-39.348068 149.452182 -40.758679 161.602193 -66.051430 179.210428
-39.346535 149.452170 -40.758043 161.602392 -66.056335 179.210260
-39.345004 149.452159 -40.757408 161.602591 -66.061240 179.210092
-39.343472 149.452147 -40.756772 161.602790 -66.066145 179.209923
-39.341941 149.452136 -40.756138 161.602989 -66.071049 179.209755
-39.340409 149.452124 -40.755503 161.603187 -66.075955 179.209587
-39.338877 149.452112 -40.754868 161.603387 -66.080859 179.209419
-39.337345 149.452101 -40.754233 161.603586 -66.085764 179.209250
-39.335814 149.452089 -40.753599 161.603784 -66.090670 179.209082
-39.334284 149.452077 -40.752965 161.603983 -66.095574 179.208913
-39.332752 149.452066 -40.752331 161.604183 -66.100479 179.208744
-39.331221 149.452054 -40.751697 161.604381 -66.105385 179.208576
-39.329689 149.452042 -40.751064 161.604579 -66.110290 179.208408
-39.328159 149.452030 -40.750430 161.604779 -66.115194 179.208239
-39.326628 149.452019 -40.749797 161.604978 -66.120100 179.208071
-39.325097 149.452007 -40.749163 161.605176 -66.125005 179.207902
-39.323567 149.451995 -40.748530 161.605376 -66.129911 179.207733
-39.322036 149.451983 -40.747897 161.605575 -66.134816 179.207564
-39.320506 149.451971 -40.747264 161.605773 -66.139721 179.207396
-39.318975 149.451959 -40.746632 161.605972 -66.144627 179.207227
-39.317445 149.451947 -40.745999 161.606170 -66.149532 179.207058
-39.315914 149.451935 -40.745367 161.606369 -66.154437 179.206889
-39.314384 149.451923 -40.744735 161.606568 -66.159343 179.206721
-39.312854 149.451911 -40.744103 161.606767 -66.164248 179.206552
-39.311324 149.451899 -40.743471 161.606966 -66.169153 179.206383
-39.309795 149.451886 -40.742840 161.607165 -66.174059 179.206213
-39.308265 149.451874 -40.742208 161.607362 -66.178964 179.206045
-39.306735 149.451862 -40.741577 161.607562 -66.183869 179.205876
-39.305205 149.451850 -40.740945 161.607761 -66.188775 179.205707
-39.303675 149.451838 -40.740314 161.607959 -66.193681 179.205538
-39.302146 149.451825 -40.739684 161.608158 -66.198587 179.205369
-39.300616 149.451813 -40.739053 161.608356 -66.203492 179.205200
-39.299087 149.451801 -40.738423 161.608555 -66.208397 179.205030
-39.297557 149.451788 -40.737792 161.608753 -66.213304 179.204861
-39.296028 149.451776 -40.737162 161.608951 -66.218209 179.204692
-39.294500 149.451763 -40.736531 161.609151 -66.223115 179.204523
-39.292970 149.451751 -40.735902 161.609349 -66.228021 179.204354
-39.291441 149.451738 -40.735272 161.609548 -66.232926 179.204184
-39.289912 149.451726 -40.734642 161.609746 -66.237832 179.204015
-39.288384 149.451713 -40.734013 161.609944 -66.242738 179.203846
-39.286855 149.451701 -40.733384 161.610143 -66.247644 179.203677
-39.285327 149.451688 -40.732755 161.610341 -66.252550 179.203507
-39.283798 149.451676 -40.732126 161.610540 -66.257456 179.203338
-39.282269 149.451663 -40.731497 161.610738 -66.262361 179.203168
-39.280741 149.451650 -40.730869 161.610937 -66.267268 179.202998
-39.279213 149.451637 -40.730240 161.611136 -66.272174 179.202829
-39.277685 149.451625 -40.729612 161.611333 -66.277079 179.202660
-39.276157 149.451612 -40.728983 161.611532 -66.281986 179.202490
-39.274629 149.451599 -40.728355 161.611731 -66.286892 179.202320
-39.273101 149.451586 -40.727727 161.611928 -66.291798 179.202151
-39.271573 149.451573 -40.727100 161.612128 -66.296704 179.201981
-39.270044 149.451561 -40.726472 161.612325 -66.301610 179.201811
-39.268517 149.451548 -40.725845 161.612525 -66.306517 179.201641
-39.266990 149.451535 -40.725218 161.612722 -66.311423 179.201472
-39.265462 149.451522 -40.724590 161.612920 -66.316329 179.201302
-39.263934 149.451509 -40.723964 161.613119 -66.321236 179.201132
-39.262408 149.451496 -40.723337 161.613317 -66.326141 179.200962
-39.260880 149.451483 -40.722710 161.613515 -66.331047 179.200792
-39.259353 149.451470 -40.722084 161.613713 -66.335954 179.200623
-39.257826 149.451456 -40.721458 161.613911 -66.340860 179.200453
-39.256298 149.451443 -40.720832 161.614110 -66.345766 179.200283
-39.254771 149.451430 -40.720206 161.614308 -66.350674 179.200113
-39.253245 149.451417 -40.719579 161.614506 -66.355580 179.199943
-39.251718 149.451404 -40.718954 161.614705 -66.360487 179.199772
-39.250191 149.451391 -40.718328 161.614903 -66.365393 179.199602
-39.248664 149.451377 -40.717704 161.615102 -66.370299 179.199432
-39.247138 149.451364 -40.717079 161.615299 -66.375206 179.199262
-39.245611 149.451351 -40.716453 161.615497 -66.380112 179.199092
-39.244085 149.451337 -40.715828 161.615696 -66.385019 179.198921
-39.242559 149.451324 -40.715203 161.615893 -66.389926 179.198752
-39.241033 149.451310 -40.714580 161.616092 -66.394832 179.198581
-39.239506 149.451297 -40.713955 161.616289 -66.399740 179.198411
-39.237980 149.451284 -40.713330 161.616489 -66.404646 179.198240
-39.236455 149.451270 -40.712707 161.616686 -66.409552 179.198070
-39.234928 149.451256 -40.712082 161.616885 -66.414460 179.197899
-39.233403 149.451243 -40.711459 161.617083 -66.419366 179.197729
-39.231877 149.451229 -40.710836 161.617280 -66.424272 179.197559
-39.230352 149.451216 -40.710212 161.617478 -66.429180 179.197388
-39.228826 149.451202 -40.709589 161.617676 -66.434086 179.197218
-39.227300 149.451188 -40.708966 161.617874 -66.438994 179.197047
-39.225774 149.451175 -40.708343 161.618072 -66.443901 179.196877
-39.224250 149.451161 -40.707720 161.618270 -66.448807 179.196706
-39.222724 149.451147 -40.707097 161.618468 -66.453715 179.196535
-39.221199 149.451133 -40.706475 161.618666 -66.458621 179.196365
-39.219674 149.451120 -40.705852 161.618864 -66.463528 179.196194
-39.218149 149.451106 -40.705230 161.619063 -66.468436 179.196023
-39.216624 149.451092 -40.704609 161.619261 -66.473342 179.195852
-39.215100 149.451078 -40.703987 161.619458 -66.478250 179.195681
-39.213575 149.451064 -40.703365 161.619656 -66.483157 179.195510
-39.212050 149.451050 -40.702743 161.619855 -66.488064 179.195339
-39.210525 149.451036 -40.702123 161.620052 -66.492971 179.195169
-39.209001 149.451022 -40.701501 161.620251 -66.497878 179.194997
-39.207476 149.451008 -40.700880 161.620448 -66.502785 179.194827
-39.205952 149.450994 -40.700259 161.620645 -66.507693 179.194656
-39.204427 149.450980 -40.699638 161.620844 -66.512600 179.194484
-39.202904 149.450966 -40.699018 161.621041 -66.517508 179.194314
