28.971020 149.691870 50.036924 1.167744 18.707548 5.176028
28.966055 149.692078 50.037092 1.167716 18.707333 5.176401
28.961091 149.692286 50.037260 1.167688 18.707119 5.176773
28.956125 149.692494 50.037428 1.167661 18.706904 5.177146
28.951160 149.692702 50.037597 1.167633 18.706690 5.177518
28.946194 149.692910 50.037764 1.167606 18.706475 5.177891
28.941229 149.693119 50.037932 1.167578 18.706260 5.178262
28.936265 149.693327 50.038100 1.167550 18.706046 5.178634
28.931299 149.693536 50.038268 1.167523 18.705830 5.179006
28.926334 149.693744 50.038435 1.167495 18.705615 5.179377
28.921368 149.693953 50.038603 1.167467 18.705398 5.179748
28.916403 149.694162 50.038770 1.167439 18.705183 5.180120
28.911438 149.694371 50.038937 1.167412 18.704967 5.180492
28.906473 149.694579 50.039104 1.167384 18.704751 5.180861
28.901508 149.694788 50.039271 1.167356 18.704534 5.181233
28.896542 149.694998 50.039438 1.167328 18.704318 5.181604
28.891577 149.695207 50.039605 1.167300 18.704101 5.181974
28.886612 149.695416 50.039771 1.167272 18.703884 5.182344
28.881647 149.695625 50.039938 1.167244 18.703667 5.182715
28.876681 149.695835 50.040104 1.167216 18.703450 5.183085
28.871716 149.696044 50.040271 1.167188 18.703232 5.183454
28.866750 149.696254 50.040437 1.167160 18.703014 5.183824
28.861785 149.696463 50.040603 1.167132 18.702797 5.184194
28.856821 149.696673 50.040769 1.167103 18.702578 5.184563
28.851855 149.696883 50.040935 1.167076 18.702360 5.184933
28.846890 149.697093 50.041101 1.167047 18.702142 5.185302
28.841924 149.697303 50.041267 1.167019 18.701923 5.185671
28.836959 149.697513 50.041432 1.166991 18.701704 5.186039
28.831993 149.697724 50.041598 1.166963 18.701485 5.186409
28.827029 149.697934 50.041763 1.166934 18.701266 5.186776
28.822063 149.698145 50.041928 1.166906 18.701047 5.187145
28.817098 149.698355 50.042094 1.166878 18.700827 5.187513
28.812132 149.698565 50.042259 1.166850 18.700607 5.187881
28.807167 149.698776 50.042424 1.166821 18.700388 5.188249
28.802201 149.698987 50.042589 1.166793 18.700167 5.188617
28.797237 149.699198 50.042753 1.166764 18.699947 5.188985
28.792271 149.699409 50.042918 1.166736 18.699727 5.189353
28.787306 149.699620 50.043083 1.166707 18.699506 5.189720
28.782340 149.699831 50.043248 1.166679 18.699286 5.190088
28.777375 149.700042 50.043412 1.166650 18.699065 5.190454
28.772409 149.700254 50.043576 1.166622 18.698843 5.190821
28.767443 149.700465 50.043740 1.166593 18.698622 5.191188
28.762479 149.700676 50.043904 1.166565 18.698400 5.191555
28.757513 149.700888 50.044068 1.166536 18.698179 5.191921
28.752548 149.701100 50.044232 1.166508 18.697957 5.192288
28.747582 149.701312 50.044395 1.166479 18.697735 5.192653
28.742617 149.701523 50.044559 1.166451 18.697513 5.193020
28.737651 149.701736 50.044723 1.166421 18.697291 5.193386
28.732686 149.701947 50.044887 1.166393 18.697067 5.193752
28.727721 149.702159 50.045050 1.166364 18.696845 5.194118
28.722756 149.702372 50.045213 1.166336 18.696623 5.194483
28.717790 149.702584 50.045376 1.166306 18.696399 5.194848
28.712824 149.702796 50.045539 1.166278 18.696176 5.195213
28.707859 149.703009 50.045702 1.166249 18.695953 5.195579
28.702893 149.703221 50.045865 1.166220 18.695728 5.195944
28.697928 149.703434 50.046027 1.166191 18.695505 5.196308
28.692962 149.703646 50.046191 1.166163 18.695281 5.196673
28.687998 149.703860 50.046353 1.166133 18.695057 5.197038
28.683032 149.704072 50.046516 1.166105 18.694833 5.197402
28.678066 149.704285 50.046677 1.166075 18.694609 5.197766
28.673101 149.704498 50.046840 1.166047 18.694383 5.198130
28.668135 149.704711 50.047002 1.166017 18.694159 5.198494
28.663170 149.704924 50.047164 1.165989 18.693934 5.198858
28.658204 149.705137 50.047326 1.165959 18.693708 5.199221
28.653238 149.705351 50.047488 1.165931 18.693483 5.199585
28.648273 149.705564 50.047650 1.165901 18.693258 5.199948
28.643308 149.705778 50.047811 1.165873 18.693032 5.200311
28.638343 149.705992 50.047972 1.165843 18.692806 5.200675
28.633377 149.706205 50.048134 1.165814 18.692580 5.201037
28.628411 149.706419 50.048295 1.165785 18.692354 5.201400
28.623446 149.706633 50.048456 1.165756 18.692128 5.201763
28.618480 149.706847 50.048617 1.165726 18.691901 5.202125
28.613514 149.707062 50.048778 1.165697 18.691674 5.202488
28.608549 149.707276 50.048939 1.165668 18.691447 5.202849
28.603583 149.707490 50.049100 1.165639 18.691221 5.203212
28.598619 149.707704 50.049261 1.165609 18.690994 5.203574
28.593653 149.707919 50.049421 1.165580 18.690766 5.203935
28.588687 149.708134 50.049582 1.165550 18.690539 5.204297
28.583722 149.708348 50.049742 1.165521 18.690311 5.204659
28.578756 149.708563 50.049902 1.165492 18.690083 5.205020
28.573790 149.708778 50.050062 1.165463 18.689855 5.205382
28.568825 149.708992 50.050222 1.165433 18.689627 5.205742
28.563859 149.709207 50.050382 1.165404 18.689398 5.206104
28.558893 149.709423 50.050542 1.165374 18.689170 5.206464
28.553928 149.709637 50.050702 1.165345 18.688941 5.206825
28.548962 149.709853 50.050862 1.165315 18.688713 5.207185
28.543997 149.710068 50.051021 1.165286 18.688483 5.207546
28.539032 149.710284 50.051180 1.165255 18.688254 5.207906
28.534066 149.710499 50.051340 1.165226 18.688025 5.208266
28.529100 149.710714 50.051499 1.165196 18.687795 5.208625
28.524135 149.710930 50.051659 1.165167 18.687565 5.208986
28.519169 149.711145 50.051817 1.165137 18.687336 5.209345
28.514203 149.711362 50.051976 1.165107 18.687106 5.209705
28.509238 149.711577 50.052135 1.165078 18.686875 5.210064
28.504272 149.711793 50.052293 1.165047 18.686645 5.210424
28.499306 149.712010 50.052452 1.165018 18.686415 5.210782
28.494341 149.712226 50.052610 1.164988 18.686183 5.211142
28.489375 149.712442 50.052769 1.164959 18.685953 5.211500
28.484409 149.712658 50.052928 1.164928 18.685722 5.211858
28.479443 149.712875 50.053085 1.164899 18.685491 5.212217
28.474479 149.713091 50.053244 1.164868 18.685259 5.212575
28.469513 149.713308 50.053402 1.164839 18.685028 5.212934
28.464547 149.713524 50.053559 1.164809 18.684797 5.213292
28.459582 149.713741 50.053717 1.164779 18.684564 5.213650
28.454616 149.713958 50.053875 1.164749 18.684332 5.214008
28.449650 149.714174 50.054033 1.164719 18.684101 5.214366
28.444684 149.714391 50.054190 1.164689 18.683869 5.214723
28.439719 149.714608 50.054347 1.164659 18.683635 5.215080
28.434753 149.714827 50.054504 1.164629 18.683403 5.215438
28.429787 149.715044 50.054662 1.164599 18.683171 5.215795
28.424821 149.715260 50.054819 1.164569 18.682938 5.216151
28.419856 149.715478 50.054976 1.164538 18.682704 5.216509
28.414890 149.715695 50.055133 1.164509 18.682471 5.216865
28.409924 149.715913 50.055289 1.164478 18.682238 5.217221
28.404959 149.716131 50.055446 1.164448 18.682005 5.217579
28.399993 149.716349 50.055602 1.164418 18.681770 5.217935
28.395027 149.716567 50.055759 1.164388 18.681537 5.218290
28.390061 149.716784 50.055916 1.164357 18.681303 5.218647
28.385096 149.717002 50.056072 1.164328 18.681068 5.219003
28.380130 149.717221 50.056228 1.164297 18.680834 5.219358
28.375165 149.717439 50.056384 1.164267 18.680600 5.219714
28.370199 149.717657 50.056540 1.164236 18.680365 5.220069
28.365234 149.717875 50.056696 1.164206 18.680130 5.220424
28.360268 149.718094 50.056851 1.164176 18.679895 5.220779
28.355302 149.718312 50.057008 1.164145 18.679660 5.221135
28.350336 149.718531 50.057163 1.164115 18.679425 5.221490
28.345370 149.718750 50.057318 1.164084 18.679190 5.221844
28.340405 149.718969 50.057474 1.164054 18.678954 5.222200
28.335439 149.719188 50.057629 1.164023 18.678718 5.222554
28.330473 149.719406 50.057784 1.163993 18.678482 5.222908
28.325507 149.719626 50.057939 1.163962 18.678247 5.223262
28.320542 149.719844 50.058094 1.163932 18.678010 5.223616
28.315576 149.720064 50.058249 1.163901 18.677774 5.223970
28.310610 149.720283 50.058404 1.163871 18.677537 5.224324
28.305644 149.720502 50.058558 1.163840 18.677301 5.224677
28.300678 149.720722 50.058713 1.163810 18.677063 5.225031
28.295713 149.720941 50.058867 1.163779 18.676827 5.225384
28.290747 149.721161 50.059021 1.163748 18.676590 5.225737
28.285781 149.721381 50.059175 1.163718 18.676353 5.226091
28.280815 149.721601 50.059330 1.163686 18.676116 5.226444
28.275849 149.721820 50.059484 1.163656 18.675877 5.226796
28.270884 149.722041 50.059637 1.163625 18.675640 5.227149
28.265918 149.722261 50.059791 1.163595 18.675402 5.227501
28.260952 149.722481 50.059945 1.163564 18.675164 5.227853
28.255986 149.722701 50.060099 1.163533 18.674925 5.228207
28.251020 149.722921 50.060252 1.163502 18.674687 5.228559
28.246055 149.723141 50.060406 1.163472 18.674449 5.228910
28.241089 149.723361 50.060559 1.163441 18.674211 5.229262
28.236123 149.723583 50.060712 1.163409 18.673972 5.229614
28.231157 149.723804 50.060865 1.163379 18.673733 5.229965
28.226191 149.724024 50.061018 1.163348 18.673494 5.230317
28.221225 149.724245 50.061171 1.163317 18.673255 5.230669
28.216260 149.724466 50.061324 1.163286 18.673016 5.231020
28.211294 149.724687 50.061477 1.163255 18.672775 5.231371
28.206328 149.724908 50.061629 1.163224 18.672536 5.231722
28.201362 149.725128 50.061781 1.163193 18.672296 5.232072
28.196396 149.725349 50.061934 1.163162 18.672057 5.232423
28.191430 149.725571 50.062087 1.163130 18.671817 5.232773
28.186465 149.725792 50.062239 1.163100 18.671576 5.233124
28.181499 149.726014 50.062390 1.163068 18.671336 5.233474
28.176533 149.726236 50.062543 1.163038 18.671095 5.233824
28.171567 149.726458 50.062695 1.163006 18.670855 5.234174
28.166601 149.726679 50.062846 1.162976 18.670614 5.234523
28.161635 149.726901 50.062997 1.162944 18.670373 5.234873
28.156670 149.727123 50.063150 1.162913 18.670132 5.235223
28.151704 149.727344 50.063301 1.162882 18.669891 5.235572
28.146738 149.727566 50.063453 1.162850 18.669650 5.235921
28.141772 149.727789 50.063603 1.162819 18.669408 5.236270
28.136806 149.728010 50.063755 1.162788 18.669167 5.236619
28.131840 149.728233 50.063906 1.162757 18.668924 5.236968
28.126874 149.728456 50.064057 1.162725 18.668683 5.237317
28.121908 149.728678 50.064207 1.162694 18.668441 5.237666
28.116943 149.728901 50.064359 1.162663 18.668199 5.238014
28.111977 149.729123 50.064509 1.162631 18.667957 5.238363
28.107010 149.729346 50.064660 1.162600 18.667713 5.238711
28.102044 149.729568 50.064810 1.162568 18.667471 5.239059
28.097078 149.729792 50.064961 1.162537 18.667228 5.239407
28.092112 149.730014 50.065111 1.162505 18.666985 5.239755
28.087146 149.730237 50.065261 1.162475 18.666743 5.240102
28.082180 149.730461 50.065411 1.162443 18.666499 5.240450
28.077215 149.730684 50.065561 1.162412 18.666255 5.240797
28.072249 149.730908 50.065711 1.162380 18.666012 5.241145
28.067283 149.731131 50.065860 1.162348 18.665769 5.241491
28.062317 149.731354 50.066010 1.162317 18.665525 5.241838
28.057351 149.731577 50.066160 1.162285 18.665281 5.242185
28.052385 149.731801 50.066309 1.162254 18.665037 5.242532
28.047419 149.732025 50.066459 1.162222 18.664793 5.242879
28.042453 149.732248 50.066608 1.162191 18.664548 5.243225
28.037487 149.732472 50.066757 1.162159 18.664304 5.243571
28.032522 149.732696 50.066906 1.162126 18.664060 5.243917
28.027556 149.732921 50.067055 1.162095 18.663815 5.244264
28.022590 149.733145 50.067204 1.162063 18.663570 5.244609
28.017624 149.733369 50.067353 1.162032 18.663325 5.244955
28.012658 149.733593 50.067501 1.162000 18.663080 5.245301
28.007691 149.733817 50.067650 1.161969 18.662835 5.245646
28.002725 149.734042 50.067798 1.161936 18.662589 5.245992
27.997759 149.734266 50.067946 1.161904 18.662344 5.246336
27.992793 149.734491 50.068095 1.161873 18.662098 5.246682
27.987827 149.734715 50.068243 1.161841 18.661852 5.247027
27.982862 149.734940 50.068391 1.161810 18.661606 5.247372
27.977896 149.735165 50.068539 1.161777 18.661360 5.247717
27.972930 149.735390 50.068687 1.161746 18.661114 5.248062
27.967964 149.735614 50.068835 1.161714 18.660868 5.248405
27.962998 149.735840 50.068982 1.161681 18.660622 5.248750
27.958032 149.736065 50.069130 1.161650 18.660374 5.249094
27.953066 149.736290 50.069277 1.161618 18.660128 5.249438
27.948100 149.736516 50.069424 1.161586 18.659881 5.249783
27.943134 149.736741 50.069572 1.161554 18.659634 5.250126
27.938167 149.736966 50.069719 1.161521 18.659387 5.250469
27.933201 149.737192 50.069866 1.161490 18.659140 5.250813
27.928235 149.737418 50.070013 1.161457 18.658893 5.251156
27.923269 149.737643 50.070160 1.161426 18.658645 5.251499
27.918303 149.737869 50.070306 1.161393 18.658397 5.251843
27.913338 149.738095 50.070453 1.161362 18.658149 5.252186
27.908372 149.738321 50.070599 1.161329 18.657902 5.252528
27.903406 149.738547 50.070746 1.161297 18.657654 5.252871
27.898440 149.738773 50.070893 1.161265 18.657406 5.253214
27.893474 149.738999 50.071039 1.161233 18.657158 5.253557
27.888508 149.739225 50.071185 1.161201 18.656908 5.253898
27.883541 149.739452 50.071331 1.161169 18.656660 5.254241
27.878575 149.739678 50.071478 1.161136 18.656411 5.254583
27.873609 149.739905 50.071623 1.161104 18.656163 5.254925
27.868643 149.740131 50.071769 1.161072 18.655914 5.255267
27.863677 149.740359 50.071914 1.161040 18.655665 5.255609
27.858711 149.740585 50.072060 1.161007 18.655416 5.255950
27.853745 149.740811 50.072205 1.160975 18.655167 5.256291
27.848779 149.741039 50.072350 1.160943 18.654916 5.256633
27.843813 149.741266 50.072496 1.160910 18.654667 5.256973
27.838847 149.741492 50.072641 1.160878 18.654418 5.257315
27.833880 149.741720 50.072786 1.160846 18.654168 5.257656
27.828914 149.741947 50.072931 1.160814 18.653918 5.257997
27.823948 149.742174 50.073076 1.160781 18.653668 5.258337
27.818983 149.742402 50.073221 1.160748 18.653418 5.258677
27.814017 149.742629 50.073365 1.160716 18.653167 5.259018
27.809051 149.742857 50.073510 1.160683 18.652916 5.259358
27.804085 149.743085 50.073654 1.160652 18.652666 5.259699
27.799119 149.743312 50.073799 1.160619 18.652415 5.260038
27.794153 149.743540 50.073943 1.160586 18.652165 5.260379
27.789186 149.743768 50.074087 1.160554 18.651914 5.260718
27.784220 149.743996 50.074232 1.160521 18.651663 5.261058
27.779254 149.744224 50.074375 1.160489 18.651412 5.261398
27.774288 149.744452 50.074519 1.160456 18.651161 5.261736
27.769322 149.744680 50.074663 1.160423 18.650908 5.262075
27.764356 149.744908 50.074806 1.160391 18.650657 5.262415
27.759390 149.745137 50.074950 1.160358 18.650406 5.262754
27.754424 149.745365 50.075093 1.160326 18.650154 5.263092
27.749457 149.745594 50.075237 1.160293 18.649902 5.263431
27.744491 149.745823 50.075379 1.160260 18.649650 5.263769
27.739525 149.746052 50.075523 1.160228 18.649398 5.264108
27.734559 149.746280 50.075666 1.160195 18.649146 5.264446
27.729593 149.746508 50.075809 1.160163 18.648894 5.264785
27.724627 149.746738 50.075952 1.160129 18.648640 5.265123
27.719661 149.746967 50.076094 1.160096 18.648388 5.265461
27.714694 149.747196 50.076238 1.160064 18.648135 5.265799
27.709728 149.747425 50.076380 1.160031 18.647882 5.266136
27.704762 149.747654 50.076523 1.159999 18.647629 5.266474
27.699796 149.747884 50.076665 1.159965 18.647376 5.266811
27.694830 149.748113 50.076807 1.159932 18.647123 5.267149
27.689864 149.748342 50.076949 1.159900 18.646870 5.267485
27.684898 149.748572 50.077091 1.159867 18.646617 5.267823
27.679931 149.748801 50.077234 1.159834 18.646363 5.268159
27.674965 149.749031 50.077375 1.159801 18.646109 5.268497
27.669999 149.749262 50.077517 1.159768 18.645855 5.268833
27.665033 149.749491 50.077658 1.159736 18.645601 5.269170
27.660067 149.749721 50.077800 1.159702 18.645347 5.269506
27.655101 149.749951 50.077942 1.159670 18.645093 5.269843
27.650134 149.750181 50.078083 1.159637 18.644839 5.270178
27.645168 149.750411 50.078224 1.159603 18.644585 5.270514
27.640202 149.750641 50.078365 1.159571 18.644330 5.270850
27.635236 149.750872 50.078507 1.159537 18.644076 5.271185
27.630270 149.751102 50.078648 1.159504 18.643821 5.271522
27.625304 149.751333 50.078788 1.159471 18.643566 5.271857
27.620338 149.751563 50.078929 1.159438 18.643311 5.272193
27.615371 149.751794 50.079070 1.159406 18.643056 5.272527
27.610405 149.752025 50.079211 1.159372 18.642800 5.272863
27.605439 149.752256 50.079351 1.159339 18.642545 5.273198
27.600473 149.752486 50.079492 1.159306 18.642290 5.273532
27.595507 149.752717 50.079632 1.159273 18.642034 5.273868
27.590541 149.752949 50.079772 1.159240 18.641779 5.274202
27.585574 149.753180 50.079912 1.159206 18.641523 5.274537
27.580608 149.753411 50.080052 1.159173 18.641267 5.274871
27.575642 149.753642 50.080191 1.159140 18.641012 5.275205
27.570676 149.753873 50.080331 1.159107 18.640756 5.275539
27.565710 149.754104 50.080472 1.159074 18.640499 5.275873
27.560743 149.754336 50.080611 1.159040 18.640243 5.276207
27.555777 149.754568 50.080751 1.159007 18.639987 5.276541
27.550811 149.754800 50.080890 1.158974 18.639729 5.276874
27.545845 149.755032 50.081029 1.158941 18.639473 5.277208
27.540879 149.755263 50.081168 1.158907 18.639216 5.277541
27.535913 149.755495 50.081307 1.158874 18.638959 5.277874
27.530946 149.755727 50.081446 1.158840 18.638703 5.278208
27.525980 149.755959 50.081585 1.158808 18.638446 5.278540
27.521014 149.756192 50.081724 1.158774 18.638189 5.278873
27.516048 149.756423 50.081863 1.158740 18.637931 5.279206
27.511082 149.756655 50.082001 1.158707 18.637674 5.279539
27.506115 149.756888 50.082140 1.158674 18.637417 5.279871
27.501149 149.757120 50.082278 1.158640 18.637159 5.280204
27.496183 149.757353 50.082416 1.158607 18.636901 5.280536
27.491217 149.757586 50.082555 1.158573 18.636644 5.280868
27.486251 149.757818 50.082693 1.158540 18.636386 5.281200
27.481284 149.758051 50.082831 1.158507 18.636128 5.281532
27.476318 149.758284 50.082969 1.158473 18.635870 5.281863
27.471352 149.758517 50.083106 1.158440 18.635611 5.282196
27.466386 149.758749 50.083245 1.158406 18.635352 5.282527
27.461420 149.758983 50.083382 1.158372 18.635094 5.282858
27.456453 149.759216 50.083520 1.158339 18.634835 5.283189
27.451487 149.759449 50.083657 1.158305 18.634577 5.283521
27.446521 149.759682 50.083795 1.158272 18.634318 5.283851
27.441555 149.759916 50.083931 1.158238 18.634059 5.284182
27.436589 149.760149 50.084069 1.158204 18.633800 5.284512
27.431622 149.760383 50.084206 1.158171 18.633541 5.284844
27.426656 149.760616 50.084343 1.158137 18.633282 5.285174
27.421690 149.760850 50.084479 1.158103 18.633023 5.285504
27.416724 149.761083 50.084616 1.158070 18.632764 5.285835
27.411757 149.761318 50.084753 1.158036 18.632504 5.286165
27.406791 149.761551 50.084889 1.158003 18.632245 5.286495
27.401825 149.761785 50.085026 1.157969 18.631985 5.286824
27.396859 149.762019 50.085163 1.157935 18.631725 5.287154
27.391893 149.762253 50.085298 1.157902 18.631466 5.287484
27.386926 149.762488 50.085435 1.157868 18.631206 5.287814
27.381959 149.762722 50.085571 1.157834 18.630946 5.288143
27.376993 149.762956 50.085706 1.157801 18.630685 5.288472
27.372027 149.763191 50.085842 1.157766 18.630425 5.288801
27.367060 149.763425 50.085978 1.157732 18.630165 5.289131
27.362094 149.763660 50.086114 1.157699 18.629903 5.289459
27.357128 149.763894 50.086250 1.157665 18.629643 5.289788
27.352162 149.764130 50.086385 1.157632 18.629382 5.290116
27.347196 149.764364 50.086520 1.157598 18.629122 5.290446
27.342229 149.764599 50.086655 1.157563 18.628861 5.290774
27.337263 149.764834 50.086791 1.157530 18.628600 5.291102
27.332297 149.765069 50.086926 1.157496 18.628339 5.291430
27.327331 149.765304 50.087061 1.157462 18.628078 5.291758
27.322364 149.765539 50.087196 1.157428 18.627816 5.292085
27.317398 149.765775 50.087331 1.157394 18.627555 5.292413
27.312432 149.766010 50.087465 1.157360 18.627294 5.292742
27.307466 149.766246 50.087600 1.157326 18.627032 5.293069
27.302499 149.766481 50.087734 1.157292 18.626770 5.293396
27.297533 149.766717 50.087869 1.157259 18.626509 5.293723
27.292567 149.766953 50.088003 1.157224 18.626247 5.294050
27.287601 149.767188 50.088137 1.157190 18.625985 5.294377
27.282634 149.767424 50.088271 1.157157 18.625723 5.294705
27.277668 149.767659 50.088405 1.157122 18.625461 5.295032
27.272702 149.767895 50.088539 1.157088 18.625199 5.295358
27.267736 149.768131 50.088673 1.157054 18.624936 5.295685
27.262769 149.768368 50.088806 1.157020 18.624674 5.296011
27.257803 149.768604 50.088941 1.156985 18.624411 5.296337
27.252837 149.768840 50.089074 1.156952 18.624149 5.296664
27.247871 149.769076 50.089207 1.156918 18.623886 5.296989
27.242904 149.769313 50.089340 1.156883 18.623623 5.297315
27.237938 149.769549 50.089474 1.156850 18.623360 5.297642
27.232971 149.769786 50.089607 1.156815 18.623097 5.297968
27.228005 149.770022 50.089740 1.156782 18.622834 5.298293
27.223038 149.770259 50.089873 1.156747 18.622571 5.298619
27.218072 149.770496 50.090006 1.156713 18.622308 5.298944
27.213106 149.770733 50.090138 1.156679 18.622045 5.299269
27.208139 149.770970 50.090271 1.156644 18.621781 5.299594
27.203173 149.771207 50.090403 1.156610 18.621518 5.299919
27.198207 149.771444 50.090536 1.156576 18.621254 5.300244
27.193241 149.771681 50.090668 1.156542 18.620990 5.300568
27.188274 149.771918 50.090801 1.156507 18.620726 5.300893
27.183308 149.772156 50.090933 1.156474 18.620463 5.301218
27.178342 149.772393 50.091064 1.156439 18.620199 5.301543
27.173376 149.772631 50.091197 1.156404 18.619934 5.301866
27.168409 149.772868 50.091328 1.156371 18.619670 5.302191
27.163443 149.773106 50.091460 1.156336 18.619406 5.302515
27.158477 149.773343 50.091592 1.156301 18.619142 5.302839
27.153510 149.773582 50.091724 1.156267 18.618877 5.303163
27.148544 149.773819 50.091855 1.156233 18.618613 5.303486
27.143578 149.774057 50.091986 1.156198 18.618348 5.303810
27.138612 149.774295 50.092118 1.156164 18.618083 5.304133
27.133645 149.774533 50.092249 1.156130 18.617818 5.304457
27.128678 149.774771 50.092380 1.156095 18.617554 5.304780
27.123712 149.775010 50.092510 1.156061 18.617289 5.305103
27.118745 149.775248 50.092642 1.156026 18.617024 5.305426
27.113779 149.775486 50.092773 1.155991 18.616758 5.305749
27.108813 149.775724 50.092903 1.155958 18.616493 5.306071
27.103847 149.775963 50.093034 1.155923 18.616228 5.306394
27.098880 149.776202 50.093164 1.155889 18.615962 5.306716
27.093914 149.776440 50.093294 1.155854 18.615697 5.307039
27.088948 149.776679 50.093425 1.155819 18.615431 5.307361
27.083981 149.776918 50.093555 1.155786 18.615165 5.307683
27.079015 149.777157 50.093685 1.155751 18.614900 5.308005
27.074049 149.777395 50.093815 1.155716 18.614634 5.308327
27.069082 149.777634 50.093945 1.155682 18.614368 5.308649
27.064116 149.777874 50.094075 1.155647 18.614102 5.308970
27.059150 149.778113 50.094204 1.155612 18.613836 5.309292
27.054184 149.778352 50.094334 1.155578 18.613570 5.309613
27.049216 149.778591 50.094463 1.155543 18.613303 5.309935
27.044250 149.778831 50.094593 1.155508 18.613037 5.310255
27.039284 149.779070 50.094722 1.155474 18.612770 5.310577
27.034317 149.779310 50.094852 1.155440 18.612504 5.310898
27.029351 149.779550 50.094981 1.155404 18.612237 5.311218
27.024385 149.779790 50.095109 1.155370 18.611970 5.311539
27.019418 149.780029 50.095238 1.155336 18.611704 5.311859
27.014452 149.780269 50.095367 1.155301 18.611437 5.312180
27.009486 149.780509 50.095496 1.155267 18.611170 5.312500
27.004519 149.780749 50.095625 1.155232 18.610903 5.312820
26.999553 149.780989 50.095753 1.155196 18.610636 5.313140
26.994587 149.781229 50.095882 1.155162 18.610368 5.313461
26.989620 149.781469 50.096010 1.155127 18.610101 5.313780
26.984653 149.781710 50.096138 1.155092 18.609834 5.314100
26.979687 149.781950 50.096266 1.155058 18.609566 5.314420
26.974720 149.782191 50.096394 1.155023 18.609299 5.314740
26.969754 149.782431 50.096522 1.154988 18.609031 5.315058
26.964788 149.782672 50.096650 1.154954 18.608763 5.315378
26.959821 149.782912 50.096777 1.154919 18.608496 5.315697
26.954855 149.783153 50.096905 1.154884 18.608228 5.316016
26.949889 149.783394 50.097033 1.154850 18.607960 5.316335
26.944922 149.783635 50.097161 1.154814 18.607692 5.316654
26.939956 149.783876 50.097288 1.154779 18.607424 5.316972
26.934990 149.784116 50.097415 1.154744 18.607155 5.317291
26.930022 149.784358 50.097542 1.154710 18.606887 5.317610
26.925056 149.784599 50.097669 1.154675 18.606619 5.317927
26.920090 149.784841 50.097797 1.154639 18.606350 5.318245
26.915123 149.785081 50.097923 1.154605 18.606082 5.318564
26.910157 149.785322 50.098050 1.154570 18.605813 5.318882
26.905191 149.785565 50.098176 1.154535 18.605544 5.319200
26.900224 149.785806 50.098303 1.154501 18.605276 5.319518
26.895258 149.786048 50.098430 1.154465 18.605007 5.319835
26.890292 149.786289 50.098556 1.154430 18.604738 5.320152
26.885325 149.786531 50.098682 1.154396 18.604469 5.320470
26.880359 149.786773 50.098809 1.154360 18.604200 5.320787
26.875392 149.787015 50.098935 1.154325 18.603931 5.321104
26.870425 149.787257 50.099060 1.154291 18.603662 5.321422
26.865459 149.787498 50.099187 1.154255 18.603392 5.321739
26.860493 149.787741 50.099312 1.154220 18.603124 5.322055
26.855526 149.787983 50.099438 1.154186 18.602855 5.322372
26.850560 149.788226 50.099564 1.154150 18.602585 5.322688
26.845594 149.788468 50.099689 1.154115 18.602315 5.323005
26.840627 149.788710 50.099815 1.154081 18.602046 5.323321
26.835661 149.788952 50.099940 1.154045 18.601776 5.323638
26.830693 149.789195 50.100066 1.154010 18.601506 5.323953
26.825727 149.789437 50.100190 1.153976 18.601236 5.324269
26.820761 149.789681 50.100315 1.153940 18.600966 5.324585
26.815794 149.789924 50.100440 1.153905 18.600696 5.324901
26.810828 149.790167 50.100565 1.153869 18.600426 5.325217
26.805862 149.790410 50.100690 1.153835 18.600156 5.325533
26.800895 149.790653 50.100814 1.153800 18.599886 5.325847
26.795929 149.790896 50.100939 1.153764 18.599615 5.326163
26.790962 149.791138 50.101064 1.153730 18.599345 5.326478
26.785995 149.791381 50.101188 1.153694 18.599074 5.326793
26.781029 149.791625 50.101312 1.153659 18.598804 5.327108
26.776062 149.791868 50.101436 1.153624 18.598533 5.327423
26.771096 149.792112 50.101560 1.153589 18.598263 5.327737
26.766130 149.792355 50.101684 1.153553 18.597992 5.328052
26.761163 149.792599 50.101808 1.153519 18.597721 5.328367
26.756197 149.792843 50.101932 1.153483 18.597450 5.328681
26.751230 149.793086 50.102055 1.153448 18.597179 5.328995
26.746263 149.793330 50.102179 1.153413 18.596908 5.329309
26.741297 149.793574 50.102303 1.153377 18.596638 5.329624
26.736330 149.793818 50.102425 1.153342 18.596367 5.329937
26.731364 149.794062 50.102549 1.153306 18.596095 5.330251
26.726398 149.794306 50.102672 1.153272 18.595824 5.330565
26.721431 149.794550 50.102795 1.153236 18.595553 5.330879
26.716464 149.794794 50.102918 1.153201 18.595281 5.331191
26.711497 149.795039 50.103041 1.153166 18.595010 5.331505
26.706531 149.795282 50.103164 1.153130 18.594738 5.331818
26.701565 149.795527 50.103287 1.153095 18.594466 5.332132
26.696598 149.795772 50.103409 1.153060 18.594194 5.332444
26.691632 149.796016 50.103532 1.153024 18.593923 5.332757
26.686665 149.796261 50.103654 1.152989 18.593651 5.333070
26.681698 149.796506 50.103777 1.152954 18.593379 5.333383
26.676732 149.796751 50.103898 1.152918 18.593107 5.333695
26.671765 149.796995 50.104020 1.152883 18.592835 5.334007
26.666799 149.797241 50.104142 1.152847 18.592563 5.334320
26.661832 149.797485 50.104264 1.152812 18.592290 5.334632
26.656866 149.797730 50.104386 1.152777 18.592019 5.334944
26.651899 149.797976 50.104508 1.152741 18.591747 5.335256
26.646932 149.798221 50.104630 1.152706 18.591474 5.335568
26.641966 149.798467 50.104752 1.152671 18.591202 5.335879
26.636999 149.798712 50.104873 1.152635 18.590929 5.336191
26.632033 149.798957 50.104993 1.152600 18.590657 5.336503
26.627067 149.799203 50.105115 1.152564 18.590384 5.336814
26.622099 149.799448 50.105236 1.152528 18.590111 5.337125
26.617133 149.799694 50.105357 1.152493 18.589838 5.337437
26.612166 149.799939 50.105478 1.152458 18.589565 5.337748
26.607200 149.800185 50.105599 1.152422 18.589292 5.338058
26.602234 149.800432 50.105720 1.152386 18.589019 5.338369
26.597267 149.800677 50.105840 1.152352 18.588746 5.338680
26.592300 149.800923 50.105961 1.152316 18.588473 5.338990
