40.560179 149.774956 -49.999730 3.954037 18.397697 6.692429
40.564161 149.774863 -49.999728 3.957145 18.397279 6.692874
40.568142 149.774769 -49.999726 3.960256 18.396862 6.693321
40.572121 149.774676 -49.999725 3.963367 18.396444 6.693770
40.576100 149.774583 -49.999723 3.966481 18.396027 6.694220
40.580077 149.774490 -49.999721 3.969596 18.395609 6.694671
40.584054 149.774398 -49.999719 3.972714 18.395190 6.695125
40.588029 149.774306 -49.999717 3.975832 18.394772 6.695580
40.592003 149.774214 -49.999716 3.978951 18.394352 6.696036
40.595977 149.774122 -49.999714 3.982073 18.393933 6.696494
40.599948 149.774030 -49.999713 3.985198 18.393514 6.696954
40.603919 149.773938 -49.999711 3.988323 18.393094 6.697415
40.607889 149.773847 -49.999709 3.991449 18.392674 6.697879
40.611858 149.773756 -49.999708 3.994577 18.392254 6.698343
40.615826 149.773665 -49.999706 3.997707 18.391834 6.698810
40.619793 149.773574 -49.999705 4.000839 18.391413 6.699278
40.623759 149.773483 -49.999703 4.003972 18.390992 6.699747
40.627723 149.773394 -49.999702 4.007107 18.390571 6.700218
40.631687 149.773304 -49.999700 4.010244 18.390149 6.700691
40.635649 149.773214 -49.999698 4.013381 18.389727 6.701166
40.639611 149.773124 -49.999697 4.016521 18.389305 6.701641
40.643571 149.773035 -49.999695 4.019663 18.388883 6.702120
40.647531 149.772945 -49.999694 4.022805 18.388461 6.702599
40.651489 149.772856 -49.999692 4.025950 18.388038 6.703080
40.655446 149.772767 -49.999691 4.029097 18.387615 6.703563
40.659402 149.772679 -49.999689 4.032245 18.387192 6.704048
40.663357 149.772590 -49.999688 4.035395 18.386768 6.704533
40.667311 149.772502 -49.999686 4.038546 18.386345 6.705021
40.671264 149.772413 -49.999686 4.041699 18.385921 6.705511
40.675216 149.772326 -49.999684 4.044853 18.385496 6.706002
40.679166 149.772238 -49.999683 4.048009 18.385072 6.706494
40.683116 149.772150 -49.999681 4.051167 18.384647 6.706989
40.687064 149.772063 -49.999680 4.054327 18.384222 6.707485
40.691012 149.771976 -49.999678 4.057488 18.383796 6.707983
40.694958 149.771889 -49.999677 4.060650 18.383371 6.708482
40.698903 149.771802 -49.999675 4.063815 18.382945 6.708983
40.702847 149.771716 -49.999674 4.066980 18.382519 6.709486
40.706790 149.771629 -49.999672 4.070148 18.382092 6.709990
40.710732 149.771543 -49.999670 4.073317 18.381666 6.710496
40.714673 149.771457 -49.999670 4.076488 18.381239 6.711003
40.718612 149.771372 -49.999669 4.079661 18.380812 6.711513
40.722551 149.771286 -49.999667 4.082836 18.380385 6.712024
40.726488 149.771201 -49.999666 4.086011 18.379957 6.712537
40.730424 149.771116 -49.999664 4.089188 18.379529 6.713051
40.734360 149.771031 -49.999663 4.092367 18.379101 6.713567
40.738294 149.770946 -49.999661 4.095548 18.378673 6.714085
40.742227 149.770862 -49.999661 4.098731 18.378244 6.714605
40.746159 149.770778 -49.999659 4.101914 18.377816 6.715125
40.750089 149.770694 -49.999658 4.105101 18.377386 6.715648
40.754020 149.770610 -49.999656 4.108288 18.376956 6.716173
40.757948 149.770526 -49.999655 4.111477 18.376527 6.716698
40.761876 149.770443 -49.999654 4.114667 18.376097 6.717226
40.765802 149.770359 -49.999653 4.117860 18.375667 6.717756
40.769727 149.770277 -49.999652 4.121053 18.375237 6.718287
40.773651 149.770194 -49.999650 4.124249 18.374807 6.718820
40.777574 149.770111 -49.999650 4.127446 18.374375 6.719355
40.781495 149.770029 -49.999648 4.130645 18.373944 6.719891
40.785416 149.769947 -49.999647 4.133846 18.373512 6.720429
40.789335 149.769865 -49.999645 4.137047 18.373081 6.720968
40.793255 149.769783 -49.999645 4.140251 18.372650 6.721509
40.797172 149.769701 -49.999644 4.143457 18.372217 6.722053
40.801088 149.769620 -49.999642 4.146664 18.371785 6.722597
40.805003 149.769539 -49.999641 4.149873 18.371353 6.723144
40.808916 149.769458 -49.999640 4.153083 18.370919 6.723692
40.812829 149.769377 -49.999639 4.156295 18.370486 6.724242
40.816740 149.769297 -49.999638 4.159508 18.370053 6.724794
40.820651 149.769216 -49.999637 4.162723 18.369620 6.725346
40.824561 149.769137 -49.999636 4.165941 18.369186 6.725902
40.828469 149.769058 -49.999634 4.169159 18.368751 6.726458
40.832376 149.768978 -49.999634 4.172379 18.368317 6.727016
40.836281 149.768898 -49.999633 4.175602 18.367882 6.727577
40.840186 149.768819 -49.999631 4.178825 18.367447 6.728138
40.844089 149.768740 -49.999631 4.182050 18.367012 6.728701
40.847992 149.768661 -49.999630 4.185276 18.366577 6.729267
40.851893 149.768583 -49.999628 4.188505 18.366141 6.729834
40.855793 149.768504 -49.999628 4.191736 18.365705 6.730403
40.859692 149.768426 -49.999627 4.194967 18.365269 6.730973
40.863590 149.768348 -49.999626 4.198200 18.364832 6.731544
40.867487 149.768271 -49.999625 4.201435 18.364397 6.732119
40.871382 149.768193 -49.999625 4.204672 18.363960 6.732694
40.875276 149.768116 -49.999623 4.207910 18.363522 6.733271
40.879169 149.768039 -49.999622 4.211150 18.363085 6.733850
40.883061 149.767962 -49.999622 4.214392 18.362647 6.734431
40.886952 149.767885 -49.999621 4.217635 18.362210 6.735014
40.890842 149.767809 -49.999620 4.220879 18.361771 6.735597
40.894730 149.767732 -49.999619 4.224127 18.361332 6.736183
40.898617 149.767656 -49.999619 4.227375 18.360894 6.736771
40.902504 149.767580 -49.999617 4.230624 18.360455 6.737359
40.906388 149.767505 -49.999617 4.233876 18.360017 6.737951
40.910272 149.767430 -49.999616 4.237129 18.359577 6.738543
40.914154 149.767354 -49.999615 4.240384 18.359137 6.739138
40.918036 149.767280 -49.999614 4.243640 18.358697 6.739734
40.921916 149.767205 -49.999614 4.246898 18.358258 6.740333
40.925795 149.767130 -49.999614 4.250158 18.357817 6.740932
40.929672 149.767056 -49.999613 4.253420 18.357377 6.741534
40.933550 149.766982 -49.999612 4.256682 18.356935 6.742136
40.937425 149.766908 -49.999611 4.259947 18.356494 6.742741
40.941299 149.766834 -49.999611 4.263213 18.356053 6.743348
40.945171 149.766761 -49.999610 4.266481 18.355612 6.743956
40.949044 149.766688 -49.999609 4.269751 18.355169 6.744566
40.952914 149.766615 -49.999609 4.273022 18.354727 6.745178
40.956783 149.766542 -49.999608 4.276295 18.354285 6.745792
40.960652 149.766469 -49.999608 4.279570 18.353843 6.746407
40.964519 149.766397 -49.999608 4.282846 18.353400 6.747025
40.968384 149.766325 -49.999606 4.286123 18.352957 6.747643
40.972250 149.766253 -49.999606 4.289403 18.352514 6.748263
40.976113 149.766181 -49.999606 4.292684 18.352070 6.748885
40.979975 149.766110 -49.999605 4.295967 18.351626 6.749510
40.983836 149.766039 -49.999605 4.299251 18.351182 6.750136
40.987696 149.765968 -49.999605 4.302538 18.350738 6.750764
40.991554 149.765897 -49.999604 4.305826 18.350293 6.751393
40.995412 149.765826 -49.999603 4.309115 18.349848 6.752024
40.999268 149.765756 -49.999603 4.312406 18.349404 6.752657
41.003122 149.765686 -49.999603 4.315699 18.348958 6.753292
41.006977 149.765616 -49.999603 4.318993 18.348512 6.753928
41.010829 149.765546 -49.999602 4.322289 18.348067 6.754566
41.014680 149.765477 -49.999602 4.325587 18.347621 6.755206
41.018530 149.765407 -49.999602 4.328886 18.347174 6.755848
41.022379 149.765338 -49.999602 4.332187 18.346728 6.756491
41.026227 149.765270 -49.999601 4.335490 18.346281 6.757137
41.030073 149.765201 -49.999601 4.338795 18.345834 6.757784
41.033918 149.765133 -49.999600 4.342100 18.345387 6.758432
41.037762 149.765065 -49.999600 4.345407 18.344939 6.759083
41.041605 149.764997 -49.999600 4.348717 18.344492 6.759735
41.045447 149.764929 -49.999600 4.352028 18.344043 6.760389
41.049286 149.764861 -49.999600 4.355341 18.343595 6.761046
41.053125 149.764794 -49.999600 4.358654 18.343147 6.761703
41.056963 149.764727 -49.999600 4.361971 18.342698 6.762362
41.060799 149.764660 -49.999600 4.365288 18.342249 6.763023
41.064635 149.764594 -49.999600 4.368607 18.341800 6.763687
41.068469 149.764528 -49.999600 4.371928 18.341350 6.764352
41.072302 149.764461 -49.999600 4.375251 18.340901 6.765019
41.076133 149.764395 -49.999600 4.378575 18.340451 6.765687
41.079963 149.764330 -49.999600 4.381901 18.340001 6.766356
41.083793 149.764264 -49.999600 4.385228 18.339550 6.767028
41.087620 149.764199 -49.999600 4.388557 18.339099 6.767703
41.091447 149.764134 -49.999600 4.391888 18.338648 6.768378
41.095272 149.764069 -49.999600 4.395221 18.338197 6.769055
41.099096 149.764005 -49.999600 4.398555 18.337746 6.769734
41.102919 149.763940 -49.999600 4.401890 18.337295 6.770415
41.106741 149.763876 -49.999600 4.405228 18.336842 6.771098
41.110560 149.763812 -49.999600 4.408567 18.336391 6.771782
41.114380 149.763749 -49.999600 4.411908 18.335938 6.772468
41.118197 149.763685 -49.999601 4.415250 18.335485 6.773157
41.122014 149.763622 -49.999601 4.418594 18.335033 6.773846
41.125829 149.763559 -49.999601 4.421940 18.334579 6.774538
41.129643 149.763496 -49.999602 4.425287 18.334126 6.775231
41.133455 149.763434 -49.999602 4.428636 18.333673 6.775927
41.137267 149.763372 -49.999602 4.431987 18.333219 6.776624
41.141077 149.763310 -49.999603 4.435339 18.332765 6.777322
41.144886 149.763248 -49.999603 4.438693 18.332311 6.778023
41.148693 149.763186 -49.999603 4.442049 18.331855 6.778726
41.152500 149.763125 -49.999603 4.445406 18.331401 6.779430
41.156305 149.763064 -49.999604 4.448765 18.330946 6.780136
41.160109 149.763003 -49.999605 4.452125 18.330491 6.780844
41.163911 149.762942 -49.999605 4.455488 18.330035 6.781553
41.167712 149.762882 -49.999605 4.458852 18.329579 6.782266
41.171512 149.762822 -49.999606 4.462217 18.329123 6.782979
41.175310 149.762762 -49.999606 4.465585 18.328667 6.783694
41.179108 149.762702 -49.999607 4.468953 18.328211 6.784411
41.182905 149.762642 -49.999608 4.472324 18.327754 6.785130
41.186699 149.762583 -49.999608 4.475696 18.327297 6.785851
41.190493 149.762524 -49.999609 4.479070 18.326840 6.786573
41.194284 149.762465 -49.999609 4.482446 18.326382 6.787297
41.198075 149.762406 -49.999610 4.485823 18.325925 6.788023
41.201865 149.762348 -49.999611 4.489201 18.325467 6.788751
41.205653 149.762290 -49.999611 4.492582 18.325008 6.789481
41.209440 149.762232 -49.999612 4.495964 18.324550 6.790213
41.213225 149.762174 -49.999613 4.499348 18.324092 6.790946
41.217010 149.762117 -49.999614 4.502733 18.323633 6.791681
41.220793 149.762060 -49.999614 4.506121 18.323174 6.792418
41.224575 149.762003 -49.999615 4.509510 18.322714 6.793157
41.228355 149.761946 -49.999616 4.512900 18.322254 6.793898
41.232135 149.761890 -49.999617 4.516292 18.321795 6.794641
41.235912 149.761833 -49.999618 4.519687 18.321335 6.795385
41.239689 149.761777 -49.999619 4.523082 18.320875 6.796131
41.243464 149.761722 -49.999620 4.526479 18.320414 6.796880
41.247238 149.761666 -49.999621 4.529878 18.319953 6.797629
41.251010 149.761611 -49.999622 4.533279 18.319492 6.798381
41.254782 149.761556 -49.999623 4.536680 18.319031 6.799134
41.258551 149.761501 -49.999624 4.540084 18.318569 6.799890
41.262320 149.761446 -49.999625 4.543490 18.318107 6.800648
41.266088 149.761392 -49.999626 4.546896 18.317645 6.801406
41.269853 149.761338 -49.999627 4.550305 18.317183 6.802168
41.273618 149.761284 -49.999628 4.553716 18.316721 6.802931
41.277381 149.761230 -49.999629 4.557128 18.316257 6.803695
41.281144 149.761177 -49.999631 4.560542 18.315795 6.804462
41.284904 149.761123 -49.999631 4.563957 18.315331 6.805230
41.288663 149.761070 -49.999633 4.567375 18.314868 6.806000
41.292421 149.761018 -49.999634 4.570794 18.314404 6.806773
41.296178 149.760965 -49.999636 4.574214 18.313941 6.807547
41.299933 149.760912 -49.999637 4.577635 18.313477 6.808323
41.303687 149.760860 -49.999638 4.581060 18.313012 6.809101
41.307440 149.760808 -49.999639 4.584485 18.312547 6.809880
41.311192 149.760756 -49.999641 4.587912 18.312083 6.810661
41.314941 149.760705 -49.999642 4.591341 18.311617 6.811444
41.318690 149.760654 -49.999644 4.594771 18.311152 6.812230
41.322437 149.760603 -49.999645 4.598204 18.310687 6.813016
41.326183 149.760553 -49.999647 4.601637 18.310221 6.813805
41.329928 149.760502 -49.999648 4.605073 18.309754 6.814597
41.333670 149.760452 -49.999650 4.608510 18.309288 6.815389
41.337412 149.760402 -49.999652 4.611949 18.308822 6.816184
41.341153 149.760353 -49.999653 4.615389 18.308355 6.816979
41.344892 149.760303 -49.999655 4.618831 18.307888 6.817778
41.348630 149.760254 -49.999656 4.622275 18.307421 6.818578
41.352366 149.760205 -49.999658 4.625720 18.306953 6.819380
41.356101 149.760157 -49.999659 4.629168 18.306486 6.820183
41.359835 149.760108 -49.999661 4.632617 18.306018 6.820990
41.363568 149.760060 -49.999663 4.636067 18.305550 6.821798
41.367299 149.760012 -49.999664 4.639518 18.305081 6.822607
41.371029 149.759964 -49.999667 4.642973 18.304612 6.823418
41.374756 149.759917 -49.999669 4.646428 18.304144 6.824231
41.378483 149.759870 -49.999670 4.649885 18.303675 6.825047
41.382209 149.759823 -49.999672 4.653344 18.303206 6.825863
41.385933 149.759776 -49.999674 4.656804 18.302736 6.826683
41.389656 149.759729 -49.999676 4.660267 18.302266 6.827503
41.393377 149.759683 -49.999678 4.663731 18.301796 6.828326
41.397097 149.759637 -49.999680 4.667196 18.301326 6.829150
41.400816 149.759591 -49.999682 4.670663 18.300855 6.829977
41.404533 149.759546 -49.999684 4.674132 18.300384 6.830805
41.408248 149.759501 -49.999686 4.677603 18.299913 6.831636
41.411963 149.759456 -49.999688 4.681075 18.299442 6.832467
41.415676 149.759411 -49.999690 4.684548 18.298970 6.833302
41.419388 149.759366 -49.999692 4.688024 18.298499 6.834137
41.423098 149.759322 -49.999695 4.691501 18.298026 6.834976
41.426807 149.759278 -49.999697 4.694980 18.297555 6.835815
41.430515 149.759234 -49.999700 4.698460 18.297082 6.836657
41.434221 149.759190 -49.999701 4.701942 18.296609 6.837500
41.437926 149.759146 -49.999703 4.705426 18.296137 6.838346
41.441629 149.759103 -49.999706 4.708912 18.295664 6.839193
41.445331 149.759060 -49.999708 4.712399 18.295190 6.840043
41.449032 149.759018 -49.999711 4.715888 18.294717 6.840894
41.452731 149.758975 -49.999714 4.719379 18.294243 6.841747
41.456429 149.758933 -49.999716 4.722870 18.293769 6.842602
41.460125 149.758891 -49.999719 4.726364 18.293294 6.843458
41.463820 149.758850 -49.999720 4.729860 18.292820 6.844317
41.467514 149.758808 -49.999723 4.733357 18.292345 6.845177
41.471206 149.758767 -49.999726 4.736856 18.291870 6.846041
41.474897 149.758727 -49.999728 4.740356 18.291395 6.846905
41.478586 149.758686 -49.999731 4.743859 18.290919 6.847772
41.482274 149.758646 -49.999734 4.747362 18.290444 6.848640
41.485961 149.758605 -49.999736 4.750869 18.289967 6.849510
41.489646 149.758566 -49.999739 4.754376 18.289491 6.850382
41.493329 149.758526 -49.999742 4.757884 18.289015 6.851256
41.497012 149.758487 -49.999745 4.761395 18.288539 6.852133
41.500692 149.758447 -49.999748 4.764907 18.288061 6.853010
41.504372 149.758409 -49.999750 4.768421 18.287584 6.853891
41.508050 149.758370 -49.999753 4.771936 18.287107 6.854772
41.511726 149.758332 -49.999756 4.775454 18.286629 6.855655
41.515401 149.758294 -49.999759 4.778973 18.286152 6.856542
41.519075 149.758256 -49.999762 4.782494 18.285673 6.857429
41.522748 149.758218 -49.999766 4.786017 18.285196 6.858319
41.526419 149.758181 -49.999769 4.789540 18.284717 6.859210
41.530088 149.758142 -49.999772 4.793065 18.284238 6.860103
41.533756 149.758106 -49.999775 4.796593 18.283760 6.860999
41.537423 149.758069 -49.999778 4.800122 18.283280 6.861896
41.541088 149.758033 -49.999781 4.803653 18.282801 6.862796
41.544751 149.757997 -49.999784 4.807186 18.282321 6.863697
41.548413 149.757961 -49.999787 4.810719 18.281841 6.864599
41.552074 149.757925 -49.999791 4.814255 18.281362 6.865505
41.555734 149.757890 -49.999794 4.817793 18.280880 6.866412
41.559392 149.757855 -49.999797 4.821331 18.280400 6.867320
41.563048 149.757820 -49.999800 4.824873 18.279919 6.868232
41.566703 149.757785 -49.999803 4.828415 18.279438 6.869144
41.570356 149.757751 -49.999808 4.831959 18.278957 6.870060
41.574008 149.757717 -49.999811 4.835504 18.278475 6.870976
41.577660 149.757683 -49.999814 4.839052 18.277993 6.871895
41.581309 149.757649 -49.999817 4.842601 18.277512 6.872816
41.584957 149.757616 -49.999822 4.846152 18.277030 6.873738
41.588603 149.757583 -49.999825 4.849705 18.276547 6.874662
41.592247 149.757550 -49.999828 4.853259 18.276065 6.875589
41.595891 149.757517 -49.999832 4.856815 18.275581 6.876517
41.599533 149.757484 -49.999836 4.860372 18.275099 6.877448
41.603173 149.757452 -49.999839 4.863932 18.274615 6.878380
41.606812 149.757420 -49.999843 4.867492 18.274131 6.879314
41.610450 149.757389 -49.999847 4.871055 18.273648 6.880251
41.614086 149.757358 -49.999851 4.874619 18.273164 6.881189
41.617721 149.757326 -49.999855 4.878185 18.272680 6.882129
41.621354 149.757296 -49.999858 4.881752 18.272195 6.883072
41.624986 149.757265 -49.999862 4.885322 18.271710 6.884016
41.628616 149.757235 -49.999867 4.888892 18.271225 6.884961
41.632244 149.757205 -49.999870 4.892465 18.270741 6.885910
41.635871 149.757175 -49.999875 4.896040 18.270255 6.886860
41.639498 149.757146 -49.999878 4.899615 18.269769 6.887812
41.643122 149.757116 -49.999883 4.903193 18.269284 6.888766
41.646744 149.757087 -49.999887 4.906773 18.268797 6.889722
41.650365 149.757059 -49.999891 4.910354 18.268311 6.890680
41.653986 149.757030 -49.999895 4.913937 18.267825 6.891640
41.657604 149.757002 -49.999900 4.917521 18.267337 6.892602
41.661220 149.756973 -49.999903 4.921107 18.266851 6.893565
41.664836 149.756945 -49.999908 4.924695 18.266363 6.894532
41.668450 149.756918 -49.999912 4.928284 18.265876 6.895499
41.672062 149.756891 -49.999917 4.931876 18.265388 6.896469
41.675673 149.756864 -49.999921 4.935469 18.264900 6.897441
41.679282 149.756837 -49.999925 4.939063 18.264412 6.898415
41.682890 149.756811 -49.999930 4.942659 18.263923 6.899390
41.686497 149.756785 -49.999934 4.946257 18.263435 6.900369
41.690101 149.756759 -49.999939 4.949857 18.262946 6.901348
41.693706 149.756733 -49.999944 4.953458 18.262458 6.902330
41.697307 149.756708 -49.999948 4.957061 18.261968 6.903313
41.700907 149.756683 -49.999953 4.960666 18.261478 6.904299
41.704506 149.756658 -49.999958 4.964272 18.260988 6.905287
41.708103 149.756633 -49.999962 4.967880 18.260498 6.906276
41.711700 149.756608 -49.999967 4.971489 18.260008 6.907268
41.715294 149.756584 -49.999972 4.975100 18.259518 6.908262
41.718886 149.756560 -49.999977 4.978713 18.259027 6.909258
41.722478 149.756537 -49.999981 4.982329 18.258536 6.910256
41.726068 149.756513 -49.999986 4.985945 18.258045 6.911255
41.729656 149.756490 -49.999992 4.989563 18.257553 6.912257
41.733243 149.756468 -49.999997 4.993182 18.257063 6.913261
41.736828 149.756445 -50.000002 4.996804 18.256570 6.914267
41.740412 149.756423 -50.000006 5.000427 18.256079 6.915273
41.743994 149.756401 -50.000011 5.004052 18.255586 6.916284
41.747575 149.756379 -50.000017 5.007679 18.255094 6.917295
41.751153 149.756358 -50.000022 5.011306 18.254601 6.918309
41.754732 149.756337 -50.000027 5.014937 18.254108 6.919325
41.758307 149.756316 -50.000033 5.018568 18.253615 6.920343
41.761882 149.756294 -50.000038 5.022201 18.253122 6.921362
41.765455 149.756274 -50.000044 5.025836 18.252628 6.922385
41.769027 149.756254 -50.000048 5.029473 18.252134 6.923408
41.772596 149.756234 -50.000053 5.033111 18.251640 6.924433
41.776165 149.756214 -50.000059 5.036751 18.251145 6.925461
41.779733 149.756195 -50.000064 5.040392 18.250651 6.926490
41.783298 149.756176 -50.000070 5.044036 18.250156 6.927522
41.786862 149.756157 -50.000075 5.047680 18.249661 6.928556
41.790424 149.756139 -50.000081 5.051327 18.249166 6.929592
41.793985 149.756120 -50.000087 5.054976 18.248670 6.930629
41.797544 149.756102 -50.000092 5.058625 18.248175 6.931669
41.801102 149.756084 -50.000098 5.062277 18.247678 6.932711
41.804658 149.756066 -50.000103 5.065930 18.247182 6.933754
41.808213 149.756049 -50.000109 5.069585 18.246686 6.934800
41.811766 149.756032 -50.000116 5.073242 18.246190 6.935848
41.815317 149.756015 -50.000120 5.076900 18.245692 6.936897
41.818868 149.755999 -50.000127 5.080560 18.245195 6.937949
41.822416 149.755982 -50.000133 5.084222 18.244697 6.939002
41.825963 149.755967 -50.000139 5.087884 18.244199 6.940058
41.829509 149.755951 -50.000144 5.091549 18.243702 6.941115
41.833053 149.755935 -50.000150 5.095216 18.243204 6.942175
41.836595 149.755920 -50.000156 5.098884 18.242705 6.943236
41.840136 149.755905 -50.000162 5.102554 18.242206 6.944300
41.843675 149.755890 -50.000169 5.106225 18.241708 6.945365
41.847214 149.755875 -50.000174 5.109898 18.241209 6.946432
41.850749 149.755861 -50.000180 5.113573 18.240709 6.947501
41.854284 149.755847 -50.000186 5.117249 18.240209 6.948573
41.857818 149.755834 -50.000192 5.120928 18.239709 6.949646
41.861349 149.755821 -50.000198 5.124607 18.239209 6.950722
41.864879 149.755807 -50.000205 5.128288 18.238709 6.951799
41.868408 149.755795 -50.000211 5.131972 18.238208 6.952878
41.871935 149.755782 -50.000217 5.135656 18.237707 6.953959
41.875460 149.755770 -50.000223 5.139343 18.237206 6.955043
41.878984 149.755758 -50.000230 5.143030 18.236705 6.956128
41.882507 149.755745 -50.000236 5.146720 18.236203 6.957214
41.886027 149.755733 -50.000242 5.150412 18.235701 6.958303
41.889547 149.755722 -50.000248 5.154104 18.235198 6.959394
41.893065 149.755711 -50.000254 5.157799 18.234696 6.960487
41.896581 149.755700 -50.000261 5.161495 18.234194 6.961582
41.900095 149.755690 -50.000267 5.165193 18.233691 6.962679
41.903608 149.755680 -50.000273 5.168892 18.233187 6.963778
41.907120 149.755670 -50.000280 5.172592 18.232684 6.964879
41.910631 149.755660 -50.000286 5.176295 18.232180 6.965981
41.914138 149.755650 -50.000292 5.179999 18.231675 6.967086
41.917645 149.755640 -50.000299 5.183706 18.231172 6.968192
41.921151 149.755631 -50.000305 5.187413 18.230667 6.969301
41.924655 149.755623 -50.000312 5.191122 18.230162 6.970412
41.928156 149.755614 -50.000319 5.194832 18.229657 6.971524
41.931657 149.755606 -50.000325 5.198545 18.229151 6.972638
41.935157 149.755598 -50.000331 5.202259 18.228646 6.973754
41.938654 149.755590 -50.000338 5.205974 18.228140 6.974872
41.942151 149.755583 -50.000344 5.209692 18.227634 6.975993
41.945645 149.755576 -50.000351 5.213410 18.227127 6.977115
41.949137 149.755569 -50.000358 5.217131 18.226621 6.978239
41.952629 149.755561 -50.000364 5.220852 18.226113 6.979365
41.956119 149.755555 -50.000371 5.224576 18.225606 6.980493
41.959607 149.755549 -50.000378 5.228302 18.225099 6.981624
41.963094 149.755543 -50.000384 5.232028 18.224591 6.982755
41.966579 149.755537 -50.000391 5.235757 18.224083 6.983889
41.970062 149.755532 -50.000397 5.239487 18.223575 6.985025
41.973544 149.755527 -50.000405 5.243219 18.223066 6.986163
41.977025 149.755522 -50.000411 5.246952 18.222557 6.987302
41.980504 149.755517 -50.000417 5.250687 18.222048 6.988443
41.983981 149.755513 -50.000424 5.254423 18.221538 6.989587
41.987457 149.755508 -50.000431 5.258161 18.221029 6.990732
41.990932 149.755504 -50.000438 5.261901 18.220519 6.991879
41.994404 149.755501 -50.000444 5.265642 18.220009 6.993029
41.997875 149.755497 -50.000451 5.269386 18.219498 6.994180
42.001345 149.755494 -50.000458 5.273130 18.218986 6.995333
42.004812 149.755491 -50.000464 5.276876 18.218475 6.996488
42.008278 149.755489 -50.000472 5.280623 18.217964 6.997644
42.011743 149.755486 -50.000478 5.284373 18.217452 6.998804
42.015207 149.755484 -50.000485 5.288123 18.216940 6.999964
42.018668 149.755483 -50.000492 5.291876 18.216428 7.001127
42.022129 149.755480 -50.000498 5.295630 18.215915 7.002292
42.025587 149.755479 -50.000505 5.299386 18.215402 7.003458
42.029044 149.755478 -50.000512 5.303142 18.214890 7.004627
42.032500 149.755477 -50.000519 5.306902 18.214377 7.005797
42.035953 149.755476 -50.000525 5.310662 18.213863 7.006969
42.039406 149.755476 -50.000533 5.314424 18.213349 7.008144
42.042856 149.755476 -50.000539 5.318187 18.212835 7.009319
42.046305 149.755476 -50.000547 5.321953 18.212320 7.010498
42.049753 149.755477 -50.000553 5.325719 18.211805 7.011677
42.053199 149.755478 -50.000560 5.329488 18.211290 7.012859
42.056643 149.755477 -50.000567 5.333258 18.210774 7.014043
42.060086 149.755479 -50.000573 5.337029 18.210258 7.015228
42.063527 149.755480 -50.000580 5.340802 18.209743 7.016416
42.066967 149.755482 -50.000588 5.344577 18.209226 7.017606
42.070405 149.755484 -50.000594 5.348353 18.208710 7.018796
42.073841 149.755486 -50.000601 5.352130 18.208193 7.019990
42.077276 149.755489 -50.000608 5.355909 18.207675 7.021185
42.080711 149.755491 -50.000614 5.359690 18.207158 7.022382
42.084142 149.755495 -50.000622 5.363473 18.206640 7.023581
42.087572 149.755497 -50.000628 5.367257 18.206121 7.024782
42.091001 149.755500 -50.000636 5.371042 18.205604 7.025984
42.094428 149.755504 -50.000642 5.374830 18.205085 7.027190
42.097853 149.755508 -50.000649 5.378618 18.204566 7.028396
42.101277 149.755512 -50.000656 5.382409 18.204046 7.029604
42.104699 149.755517 -50.000663 5.386200 18.203527 7.030815
42.108120 149.755521 -50.000669 5.389994 18.203007 7.032026
42.111539 149.755527 -50.000676 5.393788 18.202486 7.033241
42.114957 149.755532 -50.000683 5.397585 18.201966 7.034457
42.118373 149.755537 -50.000690 5.401383 18.201445 7.035675
42.121787 149.755542 -50.000697 5.405182 18.200924 7.036895
42.125200 149.755548 -50.000703 5.408984 18.200403 7.038116
42.128611 149.755554 -50.000711 5.412787 18.199881 7.039340
42.132020 149.755561 -50.000717 5.416591 18.199359 7.040565
42.135428 149.755568 -50.000724 5.420397 18.198837 7.041792
42.138836 149.755575 -50.000731 5.424204 18.198314 7.043021
42.142240 149.755582 -50.000738 5.428012 18.197791 7.044252
42.145643 149.755589 -50.000744 5.431823 18.197268 7.045485
42.149045 149.755597 -50.000752 5.435635 18.196744 7.046720
42.152445 149.755605 -50.000758 5.439448 18.196220 7.047956
42.155844 149.755612 -50.000764 5.443263 18.195695 7.049196
42.159241 149.755621 -50.000772 5.447081 18.195170 7.050435
42.162636 149.755630 -50.000778 5.450899 18.194646 7.051679
42.166029 149.755639 -50.000785 5.454718 18.194121 7.052922
42.169421 149.755648 -50.000792 5.458539 18.193595 7.054168
42.172812 149.755657 -50.000798 5.462362 18.193069 7.055417
42.176201 149.755667 -50.000805 5.466187 18.192543 7.056666
42.179588 149.755677 -50.000811 5.470012 18.192016 7.057918
42.182974 149.755688 -50.000819 5.473839 18.191490 7.059171
42.186359 149.755698 -50.000825 5.477669 18.190963 7.060427
42.189741 149.755708 -50.000831 5.481499 18.190436 7.061684
42.193122 149.755719 -50.000838 5.485331 18.189907 7.062942
42.196501 149.755730 -50.000845 5.489164 18.189379 7.064204
42.199879 149.755741 -50.000852 5.493000 18.188851 7.065467
42.203255 149.755753 -50.000858 5.496836 18.188322 7.066732
42.206629 149.755765 -50.000864 5.500674 18.187793 7.067998
42.210003 149.755777 -50.000872 5.504514 18.187263 7.069267
42.213374 149.755790 -50.000878 5.508355 18.186734 7.070537
42.216743 149.755803 -50.000884 5.512198 18.186204 7.071809
42.220112 149.755816 -50.000891 5.516042 18.185674 7.073083
42.223478 149.755828 -50.000897 5.519887 18.185143 7.074359
42.226843 149.755841 -50.000904 5.523734 18.184612 7.075636
42.230207 149.755855 -50.000911 5.527583 18.184081 7.076916
42.233568 149.755869 -50.000917 5.531433 18.183549 7.078197
42.236928 149.755883 -50.000923 5.535285 18.183016 7.079480
42.240287 149.755897 -50.000930 5.539139 18.182485 7.080766
42.243644 149.755912 -50.000936 5.542993 18.181952 7.082052
42.246999 149.755927 -50.000942 5.546850 18.181419 7.083341
42.250353 149.755942 -50.000949 5.550707 18.180885 7.084632
42.253705 149.755958 -50.000955 5.554567 18.180351 7.085925
42.257055 149.755972 -50.000961 5.558427 18.179817 7.087218
42.260404 149.755988 -50.000967 5.562290 18.179283 7.088515
42.263751 149.756005 -50.000974 5.566153 18.178748 7.089813
42.267097 149.756021 -50.000980 5.570018 18.178214 7.091113
42.270441 149.756038 -50.000986 5.573886 18.177678 7.092415
42.273783 149.756055 -50.000992 5.577754 18.177143 7.093718
42.277124 149.756072 -50.000999 5.581624 18.176607 7.095023
42.280463 149.756089 -50.001005 5.585495 18.176070 7.096331
42.283801 149.756107 -50.001011 5.589368 18.175533 7.097640
42.287137 149.756125 -50.001017 5.593242 18.174997 7.098951
42.290472 149.756143 -50.001023 5.597117 18.174459 7.100263
42.293804 149.756160 -50.001030 5.600995 18.173921 7.101578
42.297135 149.756179 -50.001036 5.604874 18.173383 7.102894
42.300465 149.756198 -50.001042 5.608754 18.172845 7.104213
42.303792 149.756217 -50.001047 5.612636 18.172306 7.105532
42.307119 149.756236 -50.001053 5.616519 18.171766 7.106854
42.310443 149.756256 -50.001060 5.620403 18.171228 7.108177
42.313767 149.756276 -50.001066 5.624290 18.170687 7.109503
42.317088 149.756296 -50.001072 5.628177 18.170147 7.110830
42.320408 149.756316 -50.001077 5.632067 18.169606 7.112160
