54.044252 150.002099 -49.865582 17.156281 15.893035 11.922346
54.048618 150.002090 -49.866206 17.154460 15.894722 11.921839
54.052983 150.002080 -49.866831 17.152638 15.896411 11.921332
54.057347 150.002072 -49.867456 17.150812 15.898099 11.920824
54.061710 150.002062 -49.868079 17.148984 15.899787 11.920315
54.066072 150.002053 -49.868704 17.147154 15.901474 11.919806
54.070433 150.002044 -49.869328 17.145322 15.903163 11.919295
54.074793 150.002035 -49.869952 17.143486 15.904852 11.918785
54.079151 150.002025 -49.870575 17.141650 15.906540 11.918274
54.083509 150.002017 -49.871199 17.139811 15.908227 11.917762
54.087867 150.002007 -49.871823 17.137969 15.909917 11.917249
54.092223 150.001998 -49.872446 17.136125 15.911605 11.916735
54.096578 150.001989 -49.873069 17.134278 15.913293 11.916221
54.100931 150.001980 -49.873692 17.132430 15.914982 11.915707
54.105284 150.001971 -49.874315 17.130579 15.916671 11.915191
54.109636 150.001961 -49.874937 17.128726 15.918360 11.914676
54.113987 150.001953 -49.875559 17.126870 15.920049 11.914159
54.118336 150.001943 -49.876181 17.125013 15.921738 11.913641
54.122685 150.001934 -49.876803 17.123153 15.923426 11.913124
54.127033 150.001924 -49.877425 17.121291 15.925115 11.912604
54.131379 150.001916 -49.878047 17.119426 15.926804 11.912086
54.135725 150.001907 -49.878668 17.117560 15.928494 11.911565
54.140069 150.001897 -49.879289 17.115691 15.930182 11.911045
54.144413 150.001889 -49.879910 17.113819 15.931872 11.910523
54.148755 150.001879 -49.880531 17.111946 15.933561 11.910002
54.153096 150.001870 -49.881151 17.110069 15.935251 11.909479
54.157437 150.001861 -49.881772 17.108191 15.936940 11.908956
54.161776 150.001852 -49.882392 17.106310 15.938629 11.908431
54.166115 150.001843 -49.883012 17.104427 15.940318 11.907906
54.170452 150.001833 -49.883633 17.102542 15.942007 11.907382
54.174789 150.001824 -49.884252 17.100656 15.943697 11.906856
54.179124 150.001815 -49.884871 17.098765 15.945386 11.906328
54.183459 150.001806 -49.885491 17.096874 15.947076 11.905802
54.187792 150.001797 -49.886110 17.094979 15.948766 11.905274
54.192124 150.001787 -49.886729 17.093083 15.950455 11.904745
54.196456 150.001778 -49.887347 17.091184 15.952144 11.904215
54.200786 150.001769 -49.887965 17.089283 15.953835 11.903685
54.205116 150.001760 -49.888584 17.087380 15.955524 11.903155
54.209443 150.001751 -49.889203 17.085474 15.957214 11.902624
54.213770 150.001742 -49.889820 17.083567 15.958903 11.902092
54.218097 150.001732 -49.890438 17.081656 15.960593 11.901559
54.222422 150.001724 -49.891055 17.079745 15.962283 11.901026
54.226746 150.001715 -49.891672 17.077830 15.963973 11.900492
54.231070 150.001705 -49.892290 17.075913 15.965662 11.899957
54.235392 150.001696 -49.892907 17.073994 15.967352 11.899422
54.239713 150.001687 -49.893524 17.072073 15.969042 11.898887
54.244033 150.001677 -49.894140 17.070149 15.970731 11.898350
54.248352 150.001669 -49.894756 17.068223 15.972422 11.897813
54.252670 150.001659 -49.895373 17.066295 15.974111 11.897275
54.256988 150.001650 -49.895989 17.064365 15.975801 11.896737
54.261304 150.001641 -49.896604 17.062433 15.977491 11.896198
54.265619 150.001631 -49.897219 17.060497 15.979181 11.895658
54.269932 150.001622 -49.897835 17.058560 15.980871 11.895118
54.274246 150.001614 -49.898450 17.056621 15.982560 11.894577
54.278558 150.001605 -49.899065 17.054679 15.984250 11.894034
54.282869 150.001595 -49.899679 17.052735 15.985940 11.893492
54.287179 150.001586 -49.900294 17.050789 15.987630 11.892949
54.291488 150.001577 -49.900909 17.048841 15.989320 11.892406
54.295796 150.001567 -49.901523 17.046890 15.991010 11.891862
54.300103 150.001558 -49.902136 17.044937 15.992699 11.891316
54.304409 150.001549 -49.902750 17.042983 15.994389 11.890771
54.308714 150.001540 -49.903364 17.041026 15.996079 11.890225
54.313018 150.001531 -49.903977 17.039065 15.997768 11.889677
54.317321 150.001522 -49.904589 17.037104 15.999458 11.889130
54.321623 150.001513 -49.905202 17.035140 16.001147 11.888582
54.325925 150.001503 -49.905815 17.033174 16.002837 11.888032
54.330224 150.001494 -49.906427 17.031205 16.004527 11.887483
54.334523 150.001485 -49.907040 17.029234 16.006216 11.886932
54.338821 150.001475 -49.907651 17.027262 16.007906 11.886382
54.343118 150.001467 -49.908263 17.025287 16.009595 11.885831
54.347414 150.001458 -49.908875 17.023309 16.011285 11.885278
54.351709 150.001449 -49.909486 17.021330 16.012975 11.884726
54.356003 150.001439 -49.910097 17.019348 16.014664 11.884172
54.360296 150.001430 -49.910708 17.017364 16.016353 11.883619
54.364588 150.001421 -49.911319 17.015378 16.018043 11.883064
54.368879 150.001412 -49.911929 17.013389 16.019732 11.882508
54.373168 150.001402 -49.912539 17.011398 16.021422 11.881952
54.377457 150.001393 -49.913149 17.009405 16.023111 11.881395
54.381746 150.001384 -49.913759 17.007410 16.024800 11.880839
54.386032 150.001375 -49.914368 17.005414 16.026489 11.880281
54.390318 150.001365 -49.914978 17.003413 16.028178 11.879721
54.394604 150.001356 -49.915587 17.001412 16.029867 11.879163
54.398887 150.001347 -49.916195 16.999407 16.031556 11.878603
54.403170 150.001338 -49.916804 16.997402 16.033245 11.878042
54.407452 150.001329 -49.917413 16.995393 16.034935 11.877482
54.411733 150.001320 -49.918021 16.993383 16.036623 11.876920
54.416013 150.001311 -49.918629 16.991370 16.038312 11.876357
54.420292 150.001302 -49.919236 16.989354 16.040000 11.875793
54.424570 150.001293 -49.919844 16.987338 16.041689 11.875231
54.428847 150.001283 -49.920451 16.985318 16.043378 11.874666
54.433123 150.001274 -49.921059 16.983296 16.045067 11.874101
54.437398 150.001265 -49.921665 16.981272 16.046755 11.873535
54.441672 150.001256 -49.922272 16.979246 16.048444 11.872969
54.445944 150.001247 -49.922878 16.977219 16.050132 11.872402
54.450217 150.001237 -49.923484 16.975188 16.051820 11.871834
54.454488 150.001228 -49.924091 16.973155 16.053508 11.871267
54.458757 150.001219 -49.924696 16.971120 16.055197 11.870698
54.463027 150.001210 -49.925302 16.969083 16.056885 11.870129
54.467294 150.001201 -49.925907 16.967044 16.058573 11.869558
54.471562 150.001192 -49.926512 16.965003 16.060261 11.868988
54.475828 150.001182 -49.927116 16.962959 16.061948 11.868416
54.480093 150.001173 -49.927721 16.960913 16.063637 11.867844
54.484357 150.001164 -49.928325 16.958865 16.065324 11.867272
54.488620 150.001155 -49.928929 16.956815 16.067012 11.866698
54.492882 150.001146 -49.929533 16.954763 16.068699 11.866125
54.497142 150.001137 -49.930137 16.952708 16.070387 11.865549
54.501403 150.001127 -49.930740 16.950652 16.072074 11.864974
54.505662 150.001118 -49.931343 16.948593 16.073761 11.864398
54.509920 150.001109 -49.931946 16.946532 16.075448 11.863822
54.514178 150.001100 -49.932549 16.944469 16.077136 11.863245
54.518433 150.001091 -49.933151 16.942403 16.078823 11.862668
54.522689 150.001082 -49.933753 16.940336 16.080509 11.862090
54.526942 150.001073 -49.934355 16.938266 16.082196 11.861510
54.531196 150.001064 -49.934957 16.936194 16.083883 11.860930
54.535448 150.001054 -49.935558 16.934120 16.085570 11.860350
54.539699 150.001045 -49.936159 16.932044 16.087256 11.859770
54.543949 150.001036 -49.936760 16.929965 16.088942 11.859189
54.548199 150.001026 -49.937361 16.927884 16.090628 11.858606
54.552446 150.001017 -49.937961 16.925802 16.092314 11.858023
54.556694 150.001008 -49.938561 16.923717 16.094001 11.857440
54.560940 150.000999 -49.939161 16.921630 16.095687 11.856855
54.565185 150.000990 -49.939761 16.919540 16.097372 11.856271
54.569430 150.000981 -49.940360 16.917450 16.099058 11.855686
54.573672 150.000972 -49.940960 16.915356 16.100744 11.855100
54.577915 150.000963 -49.941559 16.913260 16.102430 11.854514
54.582156 150.000953 -49.942157 16.911162 16.104115 11.853927
54.586397 150.000944 -49.942756 16.909062 16.105800 11.853338
54.590636 150.000935 -49.943354 16.906959 16.107485 11.852750
54.594875 150.000926 -49.943952 16.904856 16.109170 11.852161
54.599112 150.000917 -49.944550 16.902749 16.110855 11.851572
54.603349 150.000908 -49.945147 16.900640 16.112540 11.850982
54.607584 150.000899 -49.945744 16.898529 16.114224 11.850391
54.611818 150.000890 -49.946341 16.896416 16.115909 11.849800
54.616052 150.000880 -49.946938 16.894301 16.117593 11.849207
54.620284 150.000871 -49.947534 16.892184 16.119277 11.848615
54.624516 150.000862 -49.948130 16.890065 16.120961 11.848021
54.628746 150.000853 -49.948726 16.887943 16.122646 11.847426
54.632975 150.000844 -49.949322 16.885819 16.124329 11.846832
54.637204 150.000835 -49.949917 16.883693 16.126012 11.846236
54.641431 150.000826 -49.950512 16.881565 16.127696 11.845641
54.645659 150.000817 -49.951108 16.879435 16.129380 11.845044
54.649884 150.000807 -49.951702 16.877303 16.131063 11.844447
54.654108 150.000798 -49.952296 16.875168 16.132746 11.843850
54.658332 150.000789 -49.952891 16.873032 16.134429 11.843251
54.662555 150.000780 -49.953485 16.870893 16.136112 11.842653
54.666776 150.000771 -49.954077 16.868752 16.137794 11.842053
54.670998 150.000762 -49.954671 16.866609 16.139477 11.841452
54.675217 150.000753 -49.955263 16.864464 16.141159 11.840852
54.679435 150.000744 -49.955857 16.862317 16.142842 11.840250
54.683654 150.000735 -49.956449 16.860168 16.144523 11.839648
54.687870 150.000725 -49.957042 16.858016 16.146205 11.839045
54.692086 150.000716 -49.957634 16.855862 16.147887 11.838442
54.696301 150.000707 -49.958225 16.853707 16.149569 11.837838
54.700515 150.000698 -49.958817 16.851549 16.151250 11.837234
54.704728 150.000689 -49.959408 16.849389 16.152931 11.836628
54.708940 150.000680 -49.959999 16.847226 16.154612 11.836022
54.713151 150.000671 -49.960589 16.845063 16.156293 11.835417
54.717361 150.000662 -49.961180 16.842896 16.157973 11.834809
54.721571 150.000652 -49.961770 16.840728 16.159654 11.834202
54.725778 150.000643 -49.962360 16.838558 16.161334 11.833593
54.729985 150.000634 -49.962949 16.836385 16.163015 11.832984
54.734191 150.000625 -49.963539 16.834210 16.164695 11.832375
54.738397 150.000617 -49.964128 16.832033 16.166374 11.831765
54.742601 150.000608 -49.964717 16.829854 16.168054 11.831155
54.746804 150.000599 -49.965305 16.827672 16.169733 11.830543
54.751006 150.000589 -49.965894 16.825490 16.171413 11.829931
54.755208 150.000580 -49.966481 16.823304 16.173092 11.829319
54.759408 150.000571 -49.967069 16.821117 16.174770 11.828706
54.763607 150.000562 -49.967656 16.818927 16.176448 11.828092
54.767805 150.000553 -49.968243 16.816735 16.178128 11.827477
54.772003 150.000543 -49.968830 16.814542 16.179806 11.826862
54.776200 150.000534 -49.969416 16.812346 16.181484 11.826247
54.780395 150.000526 -49.970003 16.810148 16.183162 11.825631
54.784589 150.000517 -49.970589 16.807947 16.184840 11.825014
54.788784 150.000508 -49.971174 16.805746 16.186517 11.824396
54.792976 150.000499 -49.971760 16.803541 16.188194 11.823778
54.797167 150.000489 -49.972345 16.801335 16.189872 11.823160
54.801358 150.000480 -49.972930 16.799127 16.191549 11.822541
54.805547 150.000471 -49.973515 16.796916 16.193225 11.821921
54.809737 150.000462 -49.974099 16.794703 16.194901 11.821299
54.813924 150.000454 -49.974683 16.792488 16.196577 11.820678
54.818111 150.000444 -49.975267 16.790271 16.198254 11.820057
54.822297 150.000435 -49.975850 16.788052 16.199930 11.819435
54.826481 150.000426 -49.976433 16.785832 16.201605 11.818812
54.830666 150.000417 -49.977016 16.783609 16.203281 11.818189
54.834849 150.000408 -49.977599 16.781383 16.204956 11.817565
54.839031 150.000399 -49.978181 16.779156 16.206631 11.816939
54.843212 150.000390 -49.978763 16.776927 16.208305 11.816314
54.847392 150.000381 -49.979345 16.774695 16.209981 11.815688
54.851571 150.000372 -49.979926 16.772462 16.211654 11.815062
54.855750 150.000363 -49.980507 16.770226 16.213328 11.814435
54.859927 150.000354 -49.981089 16.767989 16.215002 11.813807
54.864103 150.000345 -49.981669 16.765749 16.216676 11.813179
54.868278 150.000336 -49.982250 16.763507 16.218349 11.812550
54.872452 150.000327 -49.982830 16.761264 16.220023 11.811921
54.876625 150.000317 -49.983409 16.759017 16.221696 11.811290
54.880798 150.000309 -49.983988 16.756769 16.223368 11.810659
54.884969 150.000300 -49.984567 16.754519 16.225041 11.810028
54.889140 150.000291 -49.985146 16.752267 16.226714 11.809396
54.893310 150.000282 -49.985724 16.750013 16.228385 11.808763
54.897478 150.000273 -49.986302 16.747757 16.230056 11.808130
54.901646 150.000264 -49.986881 16.745498 16.231729 11.807497
54.905812 150.000255 -49.987459 16.743238 16.233400 11.806862
54.909978 150.000246 -49.988036 16.740976 16.235071 11.806228
54.914143 150.000237 -49.988613 16.738711 16.236742 11.805592
54.918307 150.000228 -49.989190 16.736444 16.238411 11.804956
54.922469 150.000219 -49.989767 16.734175 16.240082 11.804319
54.926631 150.000210 -49.990342 16.731904 16.241753 11.803681
54.930792 150.000201 -49.990919 16.729632 16.243422 11.803044
54.934953 150.000192 -49.991494 16.727357 16.245091 11.802406
54.939112 150.000183 -49.992069 16.725080 16.246761 11.801766
54.943270 150.000175 -49.992644 16.722801 16.248430 11.801126
54.947427 150.000165 -49.993219 16.720521 16.250098 11.800486
54.951583 150.000156 -49.993793 16.718237 16.251767 11.799845
54.955738 150.000147 -49.994366 16.715952 16.253435 11.799203
54.959893 150.000139 -49.994941 16.713665 16.255103 11.798561
54.964046 150.000129 -49.995513 16.711376 16.256771 11.797918
54.968198 150.000120 -49.996087 16.709085 16.258438 11.797275
54.972350 150.000112 -49.996660 16.706791 16.260105 11.796631
54.976500 150.000103 -49.997232 16.704496 16.261772 11.795987
54.980650 150.000093 -49.997804 16.702199 16.263438 11.795341
54.984798 150.000085 -49.998376 16.699899 16.265105 11.794696
54.988946 150.000076 -49.998948 16.697598 16.266771 11.794049
54.993093 150.000067 -49.999519 16.695294 16.268437 11.793403
54.997239 150.000058 -50.000090 16.692989 16.270102 11.792755
55.001383 150.000049 -50.000661 16.690682 16.271767 11.792108
55.005527 150.000040 -50.001231 16.688372 16.273432 11.791459
55.009670 150.000032 -50.001801 16.686060 16.275097 11.790810
55.013812 150.000022 -50.002371 16.683747 16.276762 11.790160
55.017953 150.000014 -50.002941 16.681431 16.278425 11.789509
55.022093 150.000005 -50.003510 16.679113 16.280089 11.788859
55.026233 149.999995 -50.004078 16.676793 16.281753 11.788207
55.030371 149.999987 -50.004646 16.674472 16.283416 11.787555
55.034508 149.999978 -50.005215 16.672148 16.285078 11.786902
55.038644 149.999968 -50.005782 16.669822 16.286741 11.786248
55.042780 149.999960 -50.006349 16.667494 16.288403 11.785595
55.046914 149.999951 -50.006917 16.665164 16.290065 11.784940
55.051048 149.999943 -50.007484 16.662833 16.291727 11.784286
55.055181 149.999933 -50.008051 16.660499 16.293388 11.783630
55.059312 149.999925 -50.008617 16.658163 16.295049 11.782973
55.063442 149.999916 -50.009183 16.655825 16.296710 11.782317
55.067572 149.999907 -50.009748 16.653485 16.298371 11.781659
55.071701 149.999898 -50.010314 16.651143 16.300031 11.781001
55.075829 149.999889 -50.010878 16.648799 16.301690 11.780342
55.079956 149.999881 -50.011443 16.646454 16.303350 11.779683
55.084082 149.999871 -50.012008 16.644105 16.305009 11.779023
55.088207 149.999863 -50.012572 16.641755 16.306668 11.778362
55.092331 149.999854 -50.013135 16.639403 16.308327 11.777702
55.096454 149.999845 -50.013699 16.637050 16.309985 11.777040
55.100576 149.999836 -50.014261 16.634694 16.311643 11.776378
55.104698 149.999828 -50.014824 16.632335 16.313300 11.775715
55.108817 149.999819 -50.015386 16.629975 16.314958 11.775052
55.112937 149.999810 -50.015949 16.627613 16.316615 11.774388
55.117055 149.999801 -50.016510 16.625249 16.318271 11.773724
55.121173 149.999793 -50.017071 16.622883 16.319927 11.773058
55.125290 149.999783 -50.017632 16.620515 16.321584 11.772393
55.129406 149.999775 -50.018193 16.618145 16.323239 11.771727
55.133520 149.999766 -50.018754 16.615773 16.324894 11.771060
55.137634 149.999757 -50.019314 16.613399 16.326550 11.770393
55.141746 149.999748 -50.019873 16.611023 16.328203 11.769724
55.145858 149.999740 -50.020433 16.608646 16.329859 11.769057
55.149970 149.999730 -50.020992 16.606265 16.331512 11.768387
55.154080 149.999722 -50.021550 16.603883 16.333166 11.767717
55.158189 149.999713 -50.022109 16.601499 16.334819 11.767047
55.162297 149.999704 -50.022667 16.599113 16.336472 11.766376
55.166404 149.999695 -50.023225 16.596726 16.338124 11.765706
55.170510 149.999687 -50.023781 16.594335 16.339777 11.765033
55.174616 149.999678 -50.024339 16.591944 16.341428 11.764361
55.178721 149.999669 -50.024895 16.589550 16.343080 11.763687
55.182824 149.999661 -50.025452 16.587154 16.344731 11.763014
55.186927 149.999651 -50.026008 16.584756 16.346382 11.762339
55.191028 149.999643 -50.026564 16.582356 16.348032 11.761664
55.195129 149.999634 -50.027119 16.579954 16.349683 11.760989
55.199229 149.999626 -50.027674 16.577551 16.351332 11.760314
55.203328 149.999617 -50.028229 16.575145 16.352981 11.759637
55.207426 149.999608 -50.028783 16.572737 16.354630 11.758960
55.211523 149.999600 -50.029337 16.570327 16.356279 11.758282
55.215619 149.999590 -50.029891 16.567916 16.357927 11.757603
55.219714 149.999582 -50.030444 16.565503 16.359575 11.756924
55.223809 149.999574 -50.030996 16.563087 16.361223 11.756245
55.227902 149.999564 -50.031549 16.560669 16.362870 11.755565
55.231994 149.999556 -50.032102 16.558250 16.364517 11.754884
55.236086 149.999547 -50.032654 16.555828 16.366163 11.754203
55.240177 149.999538 -50.033205 16.553405 16.367809 11.753521
55.244266 149.999530 -50.033756 16.550980 16.369454 11.752840
55.248354 149.999522 -50.034307 16.548552 16.371100 11.752157
55.252442 149.999512 -50.034857 16.546122 16.372745 11.751473
55.256530 149.999504 -50.035407 16.543692 16.374389 11.750789
55.260616 149.999496 -50.035957 16.541258 16.376034 11.750105
55.264700 149.999486 -50.036507 16.538823 16.377677 11.749419
55.268784 149.999478 -50.037056 16.536386 16.379321 11.748734
55.272868 149.999469 -50.037605 16.533946 16.380963 11.748047
55.276950 149.999460 -50.038153 16.531505 16.382606 11.747360
55.281031 149.999452 -50.038701 16.529062 16.384248 11.746673
55.285112 149.999443 -50.039250 16.526617 16.385890 11.745985
55.289191 149.999434 -50.039797 16.524171 16.387531 11.745296
55.293269 149.999426 -50.040343 16.521722 16.389172 11.744607
55.297347 149.999417 -50.040890 16.519271 16.390813 11.743918
55.301424 149.999409 -50.041436 16.516818 16.392453 11.743227
55.305500 149.999400 -50.041983 16.514364 16.394093 11.742537
55.309575 149.999391 -50.042528 16.511907 16.395732 11.741845
55.313649 149.999383 -50.043073 16.509448 16.397371 11.741153
55.317722 149.999375 -50.043617 16.506988 16.399009 11.740461
55.321794 149.999365 -50.044163 16.504525 16.400648 11.739768
55.325865 149.999357 -50.044706 16.502061 16.402285 11.739074
55.329936 149.999349 -50.045250 16.499595 16.403923 11.738380
55.334005 149.999340 -50.045794 16.497127 16.405560 11.737685
55.338073 149.999331 -50.046337 16.494657 16.407196 11.736990
55.342141 149.999323 -50.046880 16.492184 16.408833 11.736294
55.346207 149.999314 -50.047422 16.489710 16.410468 11.735598
55.350273 149.999306 -50.047964 16.487234 16.412103 11.734901
55.354339 149.999298 -50.048505 16.484756 16.413738 11.734203
55.358402 149.999288 -50.049047 16.482277 16.415372 11.733505
55.362465 149.999280 -50.049588 16.479795 16.417007 11.732806
55.366528 149.999271 -50.050128 16.477311 16.418640 11.732107
55.370588 149.999263 -50.050668 16.474825 16.420273 11.731406
55.374649 149.999255 -50.051208 16.472338 16.421905 11.730706
55.378708 149.999245 -50.051747 16.469848 16.423538 11.730005
55.382766 149.999237 -50.052286 16.467357 16.425170 11.729304
55.386824 149.999229 -50.052825 16.464864 16.426801 11.728602
55.390881 149.999220 -50.053363 16.462369 16.428431 11.727899
55.394936 149.999212 -50.053902 16.459872 16.430062 11.727196
55.398991 149.999203 -50.054439 16.457373 16.431693 11.726493
55.403045 149.999195 -50.054977 16.454872 16.433322 11.725788
55.407098 149.999187 -50.055513 16.452368 16.434951 11.725083
55.411150 149.999177 -50.056049 16.449864 16.436580 11.724378
55.415201 149.999169 -50.056585 16.447357 16.438209 11.723672
55.419252 149.999161 -50.057121 16.444849 16.439836 11.722966
55.423300 149.999152 -50.057657 16.442338 16.441464 11.722259
55.427349 149.999144 -50.058191 16.439826 16.443090 11.721552
55.431397 149.999136 -50.058726 16.437312 16.444717 11.720843
55.435443 149.999127 -50.059260 16.434796 16.446343 11.720134
55.439489 149.999119 -50.059794 16.432278 16.447968 11.719425
55.443533 149.999110 -50.060327 16.429757 16.449594 11.718715
55.447578 149.999102 -50.060861 16.427236 16.451218 11.718005
55.451621 149.999094 -50.061393 16.424712 16.452843 11.717294
55.455663 149.999084 -50.061926 16.422187 16.454466 11.716583
55.459704 149.999076 -50.062458 16.419659 16.456089 11.715871
55.463744 149.999068 -50.062989 16.417129 16.457712 11.715158
55.467784 149.999059 -50.063521 16.414598 16.459334 11.714445
55.471822 149.999051 -50.064051 16.412065 16.460956 11.713732
55.475860 149.999043 -50.064582 16.409529 16.462578 11.713016
55.479896 149.999034 -50.065112 16.406992 16.464198 11.712302
55.483932 149.999026 -50.065641 16.404454 16.465819 11.711587
55.487967 149.999017 -50.066171 16.401912 16.467439 11.710871
55.492001 149.999009 -50.066699 16.399370 16.469058 11.710155
55.496034 149.999001 -50.067228 16.396826 16.470677 11.709438
55.500066 149.998992 -50.067756 16.394279 16.472296 11.708720
55.504098 149.998984 -50.068283 16.391731 16.473914 11.708002
55.508128 149.998976 -50.068811 16.389180 16.475532 11.707284
55.512157 149.998967 -50.069338 16.386629 16.477148 11.706565
55.516185 149.998959 -50.069865 16.384075 16.478766 11.705844
55.520214 149.998951 -50.070391 16.381519 16.480381 11.705124
55.524240 149.998942 -50.070916 16.378960 16.481997 11.704403
55.528266 149.998934 -50.071442 16.376401 16.483612 11.703682
55.532291 149.998926 -50.071967 16.373840 16.485227 11.702960
55.536315 149.998918 -50.072492 16.371276 16.486841 11.702238
55.540338 149.998910 -50.073016 16.368712 16.488454 11.701515
55.544361 149.998901 -50.073539 16.366144 16.490067 11.700792
55.548382 149.998893 -50.074063 16.363575 16.491680 11.700068
55.552403 149.998885 -50.074586 16.361004 16.493293 11.699342
55.556422 149.998876 -50.075109 16.358432 16.494904 11.698617
55.560441 149.998868 -50.075631 16.355857 16.496515 11.697892
55.564458 149.998859 -50.076153 16.353280 16.498126 11.697166
55.568476 149.998851 -50.076675 16.350702 16.499735 11.696439
55.572491 149.998843 -50.077195 16.348122 16.501345 11.695712
55.576507 149.998835 -50.077716 16.345541 16.502954 11.694984
55.580520 149.998827 -50.078236 16.342957 16.504563 11.694256
55.584534 149.998819 -50.078756 16.340371 16.506171 11.693527
55.588546 149.998810 -50.079276 16.337783 16.507779 11.692798
55.592558 149.998802 -50.079795 16.335194 16.509385 11.692067
55.596569 149.998794 -50.080314 16.332603 16.510992 11.691336
55.600579 149.998785 -50.080832 16.330010 16.512598 11.690605
55.604587 149.998778 -50.081350 16.327415 16.514204 11.689874
55.608596 149.998769 -50.081867 16.324818 16.515808 11.689142
55.612602 149.998761 -50.082384 16.322219 16.517412 11.688409
55.616608 149.998753 -50.082901 16.319619 16.519017 11.687676
55.620614 149.998744 -50.083417 16.317017 16.520619 11.686942
55.624618 149.998737 -50.083933 16.314412 16.522222 11.686208
55.628622 149.998729 -50.084448 16.311806 16.523824 11.685473
55.632624 149.998720 -50.084963 16.309198 16.525426 11.684737
55.636627 149.998712 -50.085478 16.306589 16.527028 11.684001
55.640627 149.998704 -50.085993 16.303977 16.528628 11.683265
55.644627 149.998696 -50.086506 16.301364 16.530228 11.682528
55.648626 149.998688 -50.087020 16.298748 16.531828 11.681790
55.652624 149.998679 -50.087532 16.296132 16.533427 11.681053
55.656622 149.998671 -50.088045 16.293513 16.535026 11.680314
55.660618 149.998664 -50.088557 16.290892 16.536623 11.679575
55.664614 149.998655 -50.089069 16.288269 16.538220 11.678835
55.668608 149.998647 -50.089580 16.285645 16.539818 11.678095
55.672602 149.998639 -50.090091 16.283019 16.541414 11.677355
55.676595 149.998631 -50.090602 16.280391 16.543009 11.676614
55.680587 149.998623 -50.091112 16.277761 16.544604 11.675872
55.684579 149.998614 -50.091622 16.275129 16.546200 11.675129
55.688568 149.998607 -50.092131 16.272496 16.547794 11.674386
55.692557 149.998599 -50.092640 16.269861 16.549387 11.673642
55.696546 149.998590 -50.093148 16.267223 16.550980 11.672899
55.700534 149.998582 -50.093656 16.264584 16.552572 11.672154
55.704520 149.998575 -50.094164 16.261943 16.554164 11.671409
55.708506 149.998566 -50.094672 16.259301 16.555755 11.670664
55.712491 149.998558 -50.095178 16.256656 16.557346 11.669918
55.716476 149.998551 -50.095684 16.254010 16.558936 11.669171
55.720459 149.998542 -50.096190 16.251363 16.560526 11.668425
55.724440 149.998535 -50.096696 16.248713 16.562115 11.667677
55.728423 149.998527 -50.097201 16.246060 16.563703 11.666929
55.732403 149.998518 -50.097706 16.243407 16.565292 11.666180
55.736382 149.998511 -50.098210 16.240752 16.566878 11.665431
55.740361 149.998503 -50.098713 16.238095 16.568465 11.664681
55.744339 149.998494 -50.099218 16.235435 16.570051 11.663931
55.748317 149.998487 -50.099721 16.232775 16.571637 11.663180
55.752293 149.998479 -50.100223 16.230113 16.573221 11.662429
55.756267 149.998471 -50.100725 16.227449 16.574805 11.661677
55.760243 149.998463 -50.101227 16.224782 16.576390 11.660925
55.764216 149.998455 -50.101728 16.222115 16.577973 11.660172
55.768188 149.998447 -50.102229 16.219445 16.579556 11.659419
55.772161 149.998439 -50.102730 16.216774 16.581137 11.658665
55.776131 149.998431 -50.103230 16.214100 16.582719 11.657910
55.780101 149.998423 -50.103729 16.211425 16.584300 11.657155
55.784071 149.998416 -50.104228 16.208748 16.585880 11.656400
55.788039 149.998407 -50.104726 16.206069 16.587459 11.655644
55.792006 149.998400 -50.105225 16.203389 16.589039 11.654887
55.795973 149.998392 -50.105723 16.200707 16.590616 11.654130
55.799938 149.998384 -50.106221 16.198023 16.592195 11.653373
55.803903 149.998376 -50.106718 16.195337 16.593772 11.652615
55.807866 149.998369 -50.107215 16.192649 16.595349 11.651856
55.811830 149.998360 -50.107710 16.189959 16.596925 11.651097
55.815792 149.998353 -50.108207 16.187268 16.598500 11.650337
55.819753 149.998345 -50.108702 16.184576 16.600075 11.649577
55.823714 149.998337 -50.109196 16.181881 16.601648 11.648816
55.827673 149.998329 -50.109691 16.179184 16.603223 11.648055
55.831632 149.998322 -50.110184 16.176486 16.604795 11.647293
55.835590 149.998313 -50.110678 16.173786 16.606368 11.646531
55.839547 149.998306 -50.111171 16.171084 16.607939 11.645769
55.843503 149.998298 -50.111664 16.168381 16.609510 11.645006
55.847458 149.998290 -50.112156 16.165676 16.611081 11.644242
55.851413 149.998282 -50.112648 16.162968 16.612651 11.643478
55.855366 149.998275 -50.113139 16.160259 16.614220 11.642713
55.859318 149.998267 -50.113630 16.157548 16.615788 11.641947
55.863271 149.998259 -50.114121 16.154836 16.617356 11.641181
55.867221 149.998252 -50.114610 16.152121 16.618923 11.640415
55.871171 149.998243 -50.115100 16.149406 16.620490 11.639648
55.875120 149.998236 -50.115589 16.146688 16.622056 11.638881
55.879069 149.998229 -50.116078 16.143968 16.623622 11.638113
55.883016 149.998220 -50.116566 16.141247 16.625186 11.637345
55.886962 149.998213 -50.117053 16.138524 16.626750 11.636576
55.890908 149.998206 -50.117541 16.135799 16.628314 11.635806
55.894853 149.998197 -50.118028 16.133073 16.629876 11.635036
55.898797 149.998190 -50.118515 16.130345 16.631438 11.634266
55.902740 149.998182 -50.119001 16.127615 16.633000 11.633496
55.906682 149.998174 -50.119486 16.124882 16.634561 11.632724
55.910624 149.998167 -50.119971 16.122149 16.636121 11.631952
55.914564 149.998159 -50.120455 16.119414 16.637681 11.631179
55.918504 149.998151 -50.120940 16.116677 16.639240 11.630406
55.922442 149.998144 -50.121424 16.113938 16.640798 11.629632
55.926381 149.998137 -50.121907 16.111197 16.642356 11.628859
55.930318 149.998129 -50.122390 16.108455 16.643913 11.628084
55.934254 149.998121 -50.122872 16.105711 16.645469 11.627309
55.938189 149.998114 -50.123354 16.102965 16.647025 11.626533
55.942124 149.998105 -50.123835 16.100217 16.648579 11.625757
55.946058 149.998098 -50.124317 16.097468 16.650134 11.624981
55.949990 149.998091 -50.124798 16.094717 16.651688 11.624204
55.953922 149.998084 -50.125277 16.091965 16.653241 11.623426
55.957853 149.998075 -50.125757 16.089210 16.654793 11.622648
55.961784 149.998068 -50.126236 16.086453 16.656345 11.621870
55.965713 149.998061 -50.126715 16.083696 16.657896 11.621091
55.969641 149.998053 -50.127194 16.080936 16.659446 11.620311
55.973569 149.998046 -50.127671 16.078174 16.660996 11.619531
55.977496 149.998038 -50.128148 16.075411 16.662545 11.618750
55.981422 149.998031 -50.128626 16.072646 16.664093 11.617969
55.985347 149.998023 -50.129102 16.069880 16.665641 11.617187
55.989271 149.998016 -50.129579 16.067112 16.667188 11.616406
55.993194 149.998009 -50.130054 16.064341 16.668734 11.615623
55.997117 149.998000 -50.130528 16.061570 16.670279 11.614839
56.001039 149.997993 -50.131003 16.058797 16.671825 11.614057
56.004959 149.997986 -50.131478 16.056022 16.673368 11.613272
56.008879 149.997978 -50.131951 16.053244 16.674913 11.612487
56.012798 149.997971 -50.132425 16.050465 16.676455 11.611703
56.016717 149.997964 -50.132898 16.047685 16.677997 11.610917
56.020634 149.997956 -50.133370 16.044903 16.679538 11.610130
56.024551 149.997948 -50.133841 16.042119 16.681080 11.609344
