8.439745 147.517925 -50.000000 1.401502 18.720138 -7.202053
8.439351 147.518763 -50.000000 1.401607 18.720126 -7.197064
8.438957 147.519601 -50.000000 1.401711 18.720113 -7.192074
8.438563 147.520439 -50.000000 1.401816 18.720101 -7.187086
8.438170 147.521277 -50.000000 1.401920 18.720089 -7.182096
8.437776 147.522115 -50.000000 1.402025 18.720076 -7.177108
8.437384 147.522953 -50.000000 1.402129 18.720064 -7.172119
8.436991 147.523790 -50.000000 1.402233 18.720051 -7.167131
8.436598 147.524628 -50.000000 1.402338 18.720039 -7.162142
8.436206 147.525466 -50.000000 1.402442 18.720026 -7.157154
8.435814 147.526304 -50.000000 1.402545 18.720014 -7.152167
8.435422 147.527142 -50.000000 1.402650 18.720002 -7.147178
8.435031 147.527980 -50.000000 1.402754 18.719989 -7.142191
8.434639 147.528818 -50.000000 1.402857 18.719977 -7.137203
8.434248 147.529655 -50.000000 1.402961 18.719965 -7.132217
8.433857 147.530493 -50.000000 1.403066 18.719952 -7.127229
8.433466 147.531331 -50.000000 1.403170 18.719940 -7.122243
8.433076 147.532168 -50.000000 1.403273 18.719927 -7.117257
8.432686 147.533006 -50.000000 1.403377 18.719915 -7.112271
8.432296 147.533844 -50.000000 1.403481 18.719903 -7.107284
8.431906 147.534682 -50.000000 1.403584 18.719890 -7.102298
8.431516 147.535519 -50.000000 1.403687 18.719878 -7.097313
8.431127 147.536357 -50.000000 1.403791 18.719866 -7.092327
8.430738 147.537195 -50.000000 1.403895 18.719853 -7.087341
8.430349 147.538032 -50.000000 1.403998 18.719841 -7.082356
8.429960 147.538870 -50.000000 1.404101 18.719829 -7.077371
8.429572 147.539708 -50.000000 1.404205 18.719816 -7.072387
8.429184 147.540545 -50.000000 1.404308 18.719804 -7.067402
8.428796 147.541383 -50.000000 1.404411 18.719792 -7.062418
8.428409 147.542221 -50.000000 1.404515 18.719779 -7.057433
8.428021 147.543058 -50.000000 1.404617 18.719767 -7.052450
8.427634 147.543896 -50.000000 1.404720 18.719755 -7.047466
8.427247 147.544734 -50.000000 1.404824 18.719743 -7.042481
8.426861 147.545571 -50.000000 1.404926 18.719730 -7.037498
8.426475 147.546409 -50.000000 1.405029 18.719718 -7.032514
8.426088 147.547246 -50.000000 1.405132 18.719706 -7.027531
8.425702 147.548084 -50.000000 1.405234 18.719694 -7.022548
8.425316 147.548921 -50.000000 1.405338 18.719681 -7.017565
8.424931 147.549759 -50.000000 1.405441 18.719669 -7.012583
8.424546 147.550596 -50.000000 1.405543 18.719657 -7.007600
8.424161 147.551434 -50.000000 1.405645 18.719645 -7.002619
8.423777 147.552272 -50.000000 1.405748 18.719632 -6.997636
8.423392 147.553109 -50.000000 1.405850 18.719620 -6.992654
8.423008 147.553947 -50.000000 1.405953 18.719608 -6.987672
8.422624 147.554784 -50.000000 1.406056 18.719596 -6.982690
8.422241 147.555621 -50.000000 1.406157 18.719584 -6.977709
8.421858 147.556459 -50.000000 1.406260 18.719571 -6.972727
8.421474 147.557296 -50.000000 1.406362 18.719559 -6.967747
8.421092 147.558134 -50.000000 1.406464 18.719547 -6.962765
8.420708 147.558972 -50.000000 1.406566 18.719535 -6.957784
8.420326 147.559809 -50.000000 1.406669 18.719523 -6.952803
8.419944 147.560646 -50.000000 1.406770 18.719511 -6.947823
8.419563 147.561484 -50.000000 1.406872 18.719499 -6.942843
8.419181 147.562321 -50.000000 1.406973 18.719486 -6.937862
8.418800 147.563159 -50.000000 1.407076 18.719474 -6.932882
8.418419 147.563996 -50.000000 1.407178 18.719462 -6.927902
8.418038 147.564834 -50.000000 1.407279 18.719450 -6.922922
8.417657 147.565671 -50.000000 1.407381 18.719438 -6.917943
8.417278 147.566509 -50.000000 1.407483 18.719426 -6.912963
8.416898 147.567346 -50.000000 1.407583 18.719414 -6.907985
8.416518 147.568183 -50.000000 1.407685 18.719402 -6.903005
8.416139 147.569021 -50.000000 1.407786 18.719390 -6.898025
8.415759 147.569858 -50.000000 1.407888 18.719377 -6.893047
8.415381 147.570696 -50.000000 1.407989 18.719365 -6.888069
8.415003 147.571533 -50.000000 1.408090 18.719353 -6.883090
8.414624 147.572370 -50.000000 1.408192 18.719341 -6.878111
8.414246 147.573208 -50.000000 1.408292 18.719329 -6.873133
8.413868 147.574045 -50.000000 1.408394 18.719317 -6.868154
8.413491 147.574883 -50.000000 1.408495 18.719305 -6.863176
8.413114 147.575720 -50.000000 1.408595 18.719293 -6.858199
8.412737 147.576557 -50.000000 1.408696 18.719281 -6.853222
8.412360 147.577395 -50.000000 1.408797 18.719269 -6.848243
8.411984 147.578232 -50.000000 1.408898 18.719257 -6.843266
8.411608 147.579070 -50.000000 1.408998 18.719245 -6.838288
8.411232 147.579907 -50.000000 1.409099 18.719233 -6.833311
8.410857 147.580744 -50.000000 1.409200 18.719221 -6.828334
8.410482 147.581582 -50.000000 1.409300 18.719209 -6.823358
8.410107 147.582419 -50.000000 1.409401 18.719197 -6.818380
8.409732 147.583256 -50.000000 1.409500 18.719185 -6.813404
8.409358 147.584094 -50.000000 1.409601 18.719173 -6.808427
8.408984 147.584931 -50.000000 1.409701 18.719161 -6.803451
8.408610 147.585769 -50.000000 1.409801 18.719149 -6.798475
8.408237 147.586606 -50.000000 1.409901 18.719138 -6.793499
8.407864 147.587443 -50.000000 1.410001 18.719126 -6.788523
8.407491 147.588281 -50.000000 1.410102 18.719114 -6.783546
8.407118 147.589118 -50.000000 1.410201 18.719102 -6.778571
8.406746 147.589956 -50.000000 1.410302 18.719090 -6.773595
8.406374 147.590793 -50.000000 1.410401 18.719078 -6.768619
8.406003 147.591630 -50.000000 1.410501 18.719066 -6.763644
8.405632 147.592468 -50.000000 1.410600 18.719054 -6.758669
8.405260 147.593305 -50.000000 1.410700 18.719042 -6.753693
8.404890 147.594143 -50.000000 1.410799 18.719031 -6.748719
8.404519 147.594980 -50.000000 1.410899 18.719019 -6.743744
8.404149 147.595817 -50.000000 1.410998 18.719007 -6.738769
8.403779 147.596655 -50.000000 1.411098 18.718995 -6.733794
8.403410 147.597492 -50.000000 1.411197 18.718983 -6.728820
8.403041 147.598329 -50.000000 1.411296 18.718971 -6.723845
8.402672 147.599167 -50.000000 1.411395 18.718959 -6.718871
8.402303 147.600004 -50.000000 1.411495 18.718948 -6.713896
8.401935 147.600842 -50.000000 1.411593 18.718936 -6.708923
8.401567 147.601679 -50.000000 1.411693 18.718924 -6.703948
8.401199 147.602517 -50.000000 1.411791 18.718912 -6.698974
8.400831 147.603354 -50.000000 1.411890 18.718901 -6.694001
8.400465 147.604191 -50.000000 1.411988 18.718889 -6.689027
8.400098 147.605029 -50.000000 1.412088 18.718877 -6.684053
8.399731 147.605866 -50.000000 1.412186 18.718865 -6.679079
8.399366 147.606704 -50.000000 1.412285 18.718853 -6.674107
8.399000 147.607541 -50.000000 1.412383 18.718842 -6.669133
8.398634 147.608379 -50.000000 1.412482 18.718830 -6.664160
8.398269 147.609216 -50.000000 1.412580 18.718818 -6.659187
8.397904 147.610053 -50.000000 1.412678 18.718807 -6.654214
8.397540 147.610891 -50.000000 1.412776 18.718795 -6.649241
8.397176 147.611728 -50.000000 1.412874 18.718783 -6.644269
8.396812 147.612566 -50.000000 1.412972 18.718772 -6.639295
8.396448 147.613403 -50.000000 1.413070 18.718760 -6.634323
8.396084 147.614241 -50.000000 1.413168 18.718748 -6.629350
8.395722 147.615078 -50.000000 1.413266 18.718736 -6.624378
8.395360 147.615916 -50.000000 1.413364 18.718725 -6.619406
8.394997 147.616753 -50.000000 1.413461 18.718713 -6.614433
8.394635 147.617591 -50.000000 1.413560 18.718701 -6.609461
8.394273 147.618428 -50.000000 1.413657 18.718690 -6.604489
8.393913 147.619266 -50.000000 1.413754 18.718678 -6.599517
8.393552 147.620103 -50.000000 1.413852 18.718667 -6.594545
8.393191 147.620941 -50.000000 1.413949 18.718655 -6.589574
8.392830 147.621778 -50.000000 1.414047 18.718643 -6.584601
8.392470 147.622616 -50.000000 1.414144 18.718632 -6.579630
8.392111 147.623453 -50.000000 1.414241 18.718620 -6.574659
8.391752 147.624291 -50.000000 1.414338 18.718609 -6.569687
8.391393 147.625128 -50.000000 1.414435 18.718597 -6.564716
8.391034 147.625966 -50.000000 1.414532 18.718586 -6.559745
8.390676 147.626803 -50.000000 1.414629 18.718574 -6.554773
8.390318 147.627641 -50.000000 1.414726 18.718563 -6.549802
8.389960 147.628479 -50.000000 1.414822 18.718551 -6.544832
8.389603 147.629316 -50.000000 1.414918 18.718540 -6.539861
8.389246 147.630154 -50.000000 1.415016 18.718528 -6.534889
8.388889 147.630991 -50.000000 1.415112 18.718516 -6.529918
8.388534 147.631829 -50.000000 1.415209 18.718505 -6.524947
8.388178 147.632667 -50.000000 1.415305 18.718493 -6.519977
8.387822 147.633504 -50.000000 1.415401 18.718482 -6.515007
8.387467 147.634342 -50.000000 1.415498 18.718470 -6.510036
8.387112 147.635180 -50.000000 1.415593 18.718459 -6.505065
8.386757 147.636017 -50.000000 1.415689 18.718448 -6.500095
8.386403 147.636855 -50.000000 1.415786 18.718436 -6.495124
8.386050 147.637693 -50.000000 1.415881 18.718425 -6.490155
8.385697 147.638531 -50.000000 1.415977 18.718413 -6.485184
8.385343 147.639368 -50.000000 1.416073 18.718402 -6.480214
8.384991 147.640206 -50.000000 1.416168 18.718391 -6.475245
8.384638 147.641044 -50.000000 1.416264 18.718379 -6.470274
8.384286 147.641881 -50.000000 1.416360 18.718368 -6.465304
8.383935 147.642719 -50.000000 1.416455 18.718356 -6.460334
8.383583 147.643557 -50.000000 1.416550 18.718345 -6.455365
8.383232 147.644395 -50.000000 1.416646 18.718334 -6.450394
8.382881 147.645233 -50.000000 1.416741 18.718322 -6.445425
8.382531 147.646070 -50.000000 1.416836 18.718311 -6.440455
8.382181 147.646908 -50.000000 1.416931 18.718300 -6.435486
8.381831 147.647746 -50.000000 1.417026 18.718288 -6.430516
8.381482 147.648584 -50.000000 1.417121 18.718277 -6.425547
8.381134 147.649422 -50.000000 1.417216 18.718266 -6.420577
8.380785 147.650260 -50.000000 1.417311 18.718254 -6.415608
8.380437 147.651097 -50.000000 1.417405 18.718243 -6.410639
8.380089 147.651935 -50.000000 1.417500 18.718232 -6.405669
8.379742 147.652773 -50.000000 1.417595 18.718220 -6.400700
8.379395 147.653611 -50.000000 1.417689 18.718209 -6.395730
8.379048 147.654449 -50.000000 1.417783 18.718198 -6.390762
8.378702 147.655287 -50.000000 1.417878 18.718187 -6.385793
8.378356 147.656125 -50.000000 1.417972 18.718175 -6.380824
8.378011 147.656963 -50.000000 1.418066 18.718164 -6.375854
8.377665 147.657801 -50.000000 1.418161 18.718153 -6.370885
8.377321 147.658639 -50.000000 1.418254 18.718142 -6.365917
8.376976 147.659477 -50.000000 1.418348 18.718131 -6.360948
8.376633 147.660315 -50.000000 1.418441 18.718120 -6.355979
8.376289 147.661153 -50.000000 1.418536 18.718108 -6.351010
8.375946 147.661991 -50.000000 1.418629 18.718097 -6.346042
8.375602 147.662829 -50.000000 1.418723 18.718086 -6.341073
8.375260 147.663667 -50.000000 1.418816 18.718075 -6.336104
8.374918 147.664505 -50.000000 1.418910 18.718064 -6.331136
8.374577 147.665344 -50.000000 1.419003 18.718053 -6.326167
8.374235 147.666182 -50.000000 1.419096 18.718041 -6.321198
8.373894 147.667020 -50.000000 1.419189 18.718030 -6.316230
8.373554 147.667858 -50.000000 1.419283 18.718019 -6.311261
8.373213 147.668696 -50.000000 1.419376 18.718008 -6.306292
8.372874 147.669534 -50.000000 1.419468 18.717997 -6.301325
8.372534 147.670373 -50.000000 1.419561 18.717986 -6.296356
8.372195 147.671211 -50.000000 1.419654 18.717975 -6.291388
8.371856 147.672049 -50.000000 1.419747 18.717964 -6.286419
8.371518 147.672888 -50.000000 1.419839 18.717953 -6.281451
8.371180 147.673726 -50.000000 1.419932 18.717942 -6.276483
8.370843 147.674564 -50.000000 1.420024 18.717931 -6.271514
8.370505 147.675402 -50.000000 1.420116 18.717920 -6.266545
8.370168 147.676241 -50.000000 1.420209 18.717909 -6.261578
8.369833 147.677079 -50.000000 1.420301 18.717898 -6.256609
8.369497 147.677917 -50.000000 1.420393 18.717887 -6.251642
8.369161 147.678756 -50.000000 1.420485 18.717876 -6.246673
8.368826 147.679594 -50.000000 1.420577 18.717865 -6.241705
8.368491 147.680433 -50.000000 1.420668 18.717854 -6.236737
8.368157 147.681271 -50.000000 1.420761 18.717843 -6.231769
8.367823 147.682110 -50.000000 1.420853 18.717832 -6.226800
8.367490 147.682948 -50.000000 1.420944 18.717821 -6.221832
8.367156 147.683787 -50.000000 1.421035 18.717810 -6.216865
8.366824 147.684625 -50.000000 1.421127 18.717799 -6.211896
8.366491 147.685464 -50.000000 1.421218 18.717788 -6.206928
8.366159 147.686303 -50.000000 1.421310 18.717778 -6.201960
8.365827 147.687141 -50.000000 1.421401 18.717767 -6.196992
8.365497 147.687980 -50.000000 1.421492 18.717756 -6.192024
8.365166 147.688818 -50.000000 1.421583 18.717745 -6.187056
8.364835 147.689657 -50.000000 1.421673 18.717734 -6.182088
8.364505 147.690496 -50.000000 1.421764 18.717723 -6.177120
8.364176 147.691334 -50.000000 1.421855 18.717712 -6.172151
8.363847 147.692173 -50.000000 1.421945 18.717702 -6.167184
8.363518 147.693012 -50.000000 1.422037 18.717691 -6.162215
8.363190 147.693851 -50.000000 1.422127 18.717680 -6.157247
8.362863 147.694689 -50.000000 1.422217 18.717669 -6.152279
8.362534 147.695528 -50.000000 1.422308 18.717658 -6.147311
8.362208 147.696367 -50.000000 1.422398 18.717648 -6.142343
8.361882 147.697206 -50.000000 1.422488 18.717637 -6.137375
8.361555 147.698045 -50.000000 1.422578 18.717626 -6.132407
8.361229 147.698884 -50.000000 1.422667 18.717616 -6.127440
8.360904 147.699723 -50.000000 1.422757 18.717605 -6.122471
8.360579 147.700562 -50.000000 1.422847 18.717594 -6.117503
8.360254 147.701401 -50.000000 1.422936 18.717584 -6.112536
8.359930 147.702240 -50.000000 1.423027 18.717573 -6.107568
8.359606 147.703079 -50.000000 1.423116 18.717562 -6.102599
8.359283 147.703918 -50.000000 1.423206 18.717551 -6.097631
8.358960 147.704757 -50.000000 1.423295 18.717541 -6.092663
8.358638 147.705596 -50.000000 1.423384 18.717530 -6.087695
8.358316 147.706435 -50.000000 1.423473 18.717520 -6.082726
8.357995 147.707274 -50.000000 1.423562 18.717509 -6.077759
8.357673 147.708113 -50.000000 1.423651 18.717498 -6.072790
8.357353 147.708953 -50.000000 1.423740 18.717488 -6.067822
8.357032 147.709792 -50.000000 1.423829 18.717477 -6.062854
8.356713 147.710631 -50.000000 1.423917 18.717467 -6.057886
8.356393 147.711470 -50.000000 1.424006 18.717456 -6.052917
8.356074 147.712310 -50.000000 1.424094 18.717446 -6.047949
8.355755 147.713149 -50.000000 1.424183 18.717435 -6.042980
8.355438 147.713988 -50.000000 1.424271 18.717424 -6.038012
8.355120 147.714828 -50.000000 1.424359 18.717414 -6.033044
8.354803 147.715667 -50.000000 1.424447 18.717403 -6.028076
8.354486 147.716506 -50.000000 1.424535 18.717393 -6.023108
8.354169 147.717346 -50.000000 1.424623 18.717382 -6.018139
8.353854 147.718185 -50.000000 1.424711 18.717372 -6.013171
8.353538 147.719025 -50.000000 1.424799 18.717361 -6.008202
8.353224 147.719864 -50.000000 1.424887 18.717351 -6.003234
8.352909 147.720704 -50.000000 1.424974 18.717341 -5.998266
8.352595 147.721544 -50.000000 1.425062 18.717330 -5.993296
8.352281 147.722383 -50.000000 1.425149 18.717320 -5.988329
8.351967 147.723223 -50.000000 1.425236 18.717309 -5.983360
8.351655 147.724063 -50.000000 1.425324 18.717299 -5.978390
8.351342 147.724902 -50.000000 1.425411 18.717288 -5.973422
8.351030 147.725742 -50.000000 1.425498 18.717278 -5.968454
8.350719 147.726582 -50.000000 1.425585 18.717268 -5.963485
8.350408 147.727421 -50.000000 1.425672 18.717257 -5.958516
8.350097 147.728261 -50.000000 1.425758 18.717247 -5.953547
8.349787 147.729101 -50.000000 1.425845 18.717237 -5.948578
8.349478 147.729941 -50.000000 1.425931 18.717226 -5.943609
8.349169 147.730781 -50.000000 1.426017 18.717216 -5.938640
8.348859 147.731621 -50.000000 1.426103 18.717206 -5.933671
8.348551 147.732461 -50.000000 1.426190 18.717196 -5.928702
8.348243 147.733301 -50.000000 1.426276 18.717185 -5.923733
8.347936 147.734141 -50.000000 1.426362 18.717175 -5.918764
8.347629 147.734981 -50.000000 1.426448 18.717165 -5.913795
8.347323 147.735821 -50.000000 1.426534 18.717155 -5.908825
8.347017 147.736661 -50.000000 1.426620 18.717144 -5.903857
8.346711 147.737501 -50.000000 1.426706 18.717134 -5.898887
8.346406 147.738341 -50.000000 1.426790 18.717124 -5.893918
8.346101 147.739181 -50.000000 1.426876 18.717114 -5.888948
8.345797 147.740022 -50.000000 1.426961 18.717104 -5.883979
8.345493 147.740862 -50.000000 1.427047 18.717093 -5.879008
8.345190 147.741702 -50.000000 1.427132 18.717083 -5.874039
8.344888 147.742543 -50.000000 1.427217 18.717073 -5.869070
8.344585 147.743383 -50.000000 1.427302 18.717063 -5.864100
8.344283 147.744223 -50.000000 1.427387 18.717053 -5.859130
8.343981 147.745064 -50.000000 1.427471 18.717043 -5.854160
8.343681 147.745904 -50.000000 1.427556 18.717033 -5.849190
8.343380 147.746745 -50.000000 1.427641 18.717022 -5.844220
8.343081 147.747585 -50.000000 1.427725 18.717012 -5.839250
8.342781 147.748426 -50.000000 1.427810 18.717002 -5.834280
8.342481 147.749267 -50.000000 1.427894 18.716992 -5.829310
8.342183 147.750107 -50.000000 1.427977 18.716982 -5.824340
8.341885 147.750948 -50.000000 1.428062 18.716972 -5.819370
8.341587 147.751789 -50.000000 1.428146 18.716962 -5.814399
8.341290 147.752629 -50.000000 1.428230 18.716952 -5.809429
8.340993 147.753470 -50.000000 1.428314 18.716942 -5.804458
8.340697 147.754311 -50.000000 1.428397 18.716932 -5.799487
8.340402 147.755152 -50.000000 1.428480 18.716922 -5.794518
8.340106 147.755992 -50.000000 1.428564 18.716912 -5.789547
8.339812 147.756833 -50.000000 1.428648 18.716902 -5.784576
8.339518 147.757674 -50.000000 1.428731 18.716893 -5.779605
8.339224 147.758515 -50.000000 1.428813 18.716883 -5.774634
8.338930 147.759356 -50.000000 1.428897 18.716873 -5.769663
8.338638 147.760197 -50.000000 1.428980 18.716863 -5.764691
8.338345 147.761038 -50.000000 1.429063 18.716853 -5.759721
8.338053 147.761880 -50.000000 1.429145 18.716843 -5.754749
8.337762 147.762721 -50.000000 1.429228 18.716833 -5.749778
8.337471 147.763562 -50.000000 1.429310 18.716823 -5.744806
8.337181 147.764403 -50.000000 1.429393 18.716814 -5.739835
8.336891 147.765244 -50.000000 1.429475 18.716804 -5.734863
8.336602 147.766086 -50.000000 1.429557 18.716794 -5.729892
8.336313 147.766927 -50.000000 1.429639 18.716784 -5.724920
8.336025 147.767768 -50.000000 1.429722 18.716774 -5.719948
8.335736 147.768610 -50.000000 1.429803 18.716765 -5.714976
8.335449 147.769451 -50.000000 1.429885 18.716755 -5.710005
8.335162 147.770293 -50.000000 1.429967 18.716745 -5.705033
8.334876 147.771134 -50.000000 1.430048 18.716735 -5.700060
8.334590 147.771976 -50.000000 1.430130 18.716726 -5.695088
8.334305 147.772817 -50.000000 1.430211 18.716716 -5.690115
8.334020 147.773659 -50.000000 1.430292 18.716706 -5.685143
8.333735 147.774501 -50.000000 1.430373 18.716697 -5.680170
8.333451 147.775342 -50.000000 1.430455 18.716687 -5.675198
8.333168 147.776184 -50.000000 1.430536 18.716677 -5.670225
8.332885 147.777026 -50.000000 1.430616 18.716668 -5.665252
8.332603 147.777868 -50.000000 1.430697 18.716658 -5.660279
8.332321 147.778710 -50.000000 1.430778 18.716648 -5.655306
8.332040 147.779552 -50.000000 1.430858 18.716639 -5.650332
8.331758 147.780393 -50.000000 1.430939 18.716629 -5.645360
8.331478 147.781235 -50.000000 1.431018 18.716620 -5.640386
8.331198 147.782077 -50.000000 1.431099 18.716610 -5.635413
8.330919 147.782919 -50.000000 1.431179 18.716600 -5.630440
8.330639 147.783762 -50.000000 1.431258 18.716591 -5.625466
8.330362 147.784604 -50.000000 1.431339 18.716581 -5.620492
8.330084 147.785446 -50.000000 1.431419 18.716572 -5.615518
8.329806 147.786288 -50.000000 1.431498 18.716562 -5.610544
8.329529 147.787131 -50.000000 1.431578 18.716553 -5.605570
8.329253 147.787973 -50.000000 1.431657 18.716543 -5.600596
8.328977 147.788815 -50.000000 1.431736 18.716534 -5.595622
8.328702 147.789657 -50.000000 1.431816 18.716524 -5.590647
8.328427 147.790500 -50.000000 1.431894 18.716515 -5.585673
8.328153 147.791342 -50.000000 1.431974 18.716506 -5.580697
8.327880 147.792185 -50.000000 1.432052 18.716496 -5.575723
8.327607 147.793028 -50.000000 1.432131 18.716487 -5.570748
8.327334 147.793870 -50.000000 1.432210 18.716478 -5.565774
8.327062 147.794713 -50.000000 1.432288 18.716468 -5.560799
8.326790 147.795555 -50.000000 1.432367 18.716459 -5.555823
8.326519 147.796398 -50.000000 1.432445 18.716449 -5.550847
8.326248 147.797241 -50.000000 1.432523 18.716440 -5.545872
8.325978 147.798084 -50.000000 1.432601 18.716431 -5.540897
8.325709 147.798927 -50.000000 1.432679 18.716422 -5.535921
8.325440 147.799769 -50.000000 1.432757 18.716412 -5.530945
8.325172 147.800612 -50.000000 1.432835 18.716403 -5.525969
8.324904 147.801455 -50.000000 1.432912 18.716394 -5.520993
8.324636 147.802299 -50.000000 1.432990 18.716384 -5.516016
8.324370 147.803142 -50.000000 1.433067 18.716375 -5.511041
8.324104 147.803985 -50.000000 1.433145 18.716366 -5.506064
8.323837 147.804828 -50.000000 1.433221 18.716357 -5.501087
8.323572 147.805671 -50.000000 1.433299 18.716348 -5.496110
8.323308 147.806514 -50.000000 1.433375 18.716338 -5.491134
8.323043 147.807358 -50.000000 1.433453 18.716329 -5.486157
8.322780 147.808201 -50.000000 1.433529 18.716320 -5.481179
8.322516 147.809044 -50.000000 1.433606 18.716311 -5.476203
8.322253 147.809888 -50.000000 1.433682 18.716302 -5.471225
8.321992 147.810731 -50.000000 1.433759 18.716293 -5.466248
8.321730 147.811575 -50.000000 1.433835 18.716284 -5.461270
8.321469 147.812418 -50.000000 1.433912 18.716274 -5.456293
8.321209 147.813262 -50.000000 1.433987 18.716265 -5.451314
8.320949 147.814106 -50.000000 1.434064 18.716256 -5.446336
8.320689 147.814949 -50.000000 1.434139 18.716247 -5.441359
8.320430 147.815793 -50.000000 1.434215 18.716238 -5.436380
8.320172 147.816637 -50.000000 1.434291 18.716229 -5.431402
8.319915 147.817481 -50.000000 1.434366 18.716220 -5.426423
8.319657 147.818325 -50.000000 1.434442 18.716211 -5.421445
8.319400 147.819169 -50.000000 1.434516 18.716202 -5.416466
8.319144 147.820012 -50.000000 1.434592 18.716193 -5.411487
8.318888 147.820856 -50.000000 1.434667 18.716184 -5.406508
8.318633 147.821700 -50.000000 1.434741 18.716175 -5.401529
8.318379 147.822545 -50.000000 1.434817 18.716166 -5.396549
8.318124 147.823389 -50.000000 1.434891 18.716158 -5.391570
8.317871 147.824233 -50.000000 1.434966 18.716149 -5.386591
8.317617 147.825077 -50.000000 1.435040 18.716140 -5.381612
8.317365 147.825921 -50.000000 1.435114 18.716131 -5.376632
8.317113 147.826766 -50.000000 1.435189 18.716122 -5.371652
8.316861 147.827610 -50.000000 1.435263 18.716113 -5.366672
8.316611 147.828454 -50.000000 1.435338 18.716104 -5.361692
8.316360 147.829299 -50.000000 1.435411 18.716096 -5.356712
8.316111 147.830143 -50.000000 1.435485 18.716087 -5.351731
8.315862 147.830988 -50.000000 1.435559 18.716078 -5.346751
8.315612 147.831832 -50.000000 1.435632 18.716069 -5.341771
8.315365 147.832677 -50.000000 1.435705 18.716060 -5.336790
8.315116 147.833522 -50.000000 1.435779 18.716052 -5.331809
8.314870 147.834366 -50.000000 1.435852 18.716043 -5.326828
8.314623 147.835211 -50.000000 1.435925 18.716034 -5.321847
8.314376 147.836056 -50.000000 1.435999 18.716025 -5.316866
8.314130 147.836901 -50.000000 1.436071 18.716017 -5.311885
8.313886 147.837745 -50.000000 1.436144 18.716008 -5.306903
8.313642 147.838590 -50.000000 1.436216 18.715999 -5.301922
8.313397 147.839435 -50.000000 1.436290 18.715991 -5.296940
8.313154 147.840280 -50.000000 1.436362 18.715982 -5.291958
8.312911 147.841125 -50.000000 1.436434 18.715973 -5.286976
8.312668 147.841970 -50.000000 1.436507 18.715965 -5.281995
8.312426 147.842815 -50.000000 1.436579 18.715956 -5.277013
8.312185 147.843661 -50.000000 1.436650 18.715948 -5.272031
8.311944 147.844506 -50.000000 1.436722 18.715939 -5.267048
8.311704 147.845351 -50.000000 1.436794 18.715931 -5.262066
8.311463 147.846196 -50.000000 1.436866 18.715922 -5.257084
8.311225 147.847042 -50.000000 1.436937 18.715913 -5.252101
8.310986 147.847887 -50.000000 1.437008 18.715905 -5.247118
8.310747 147.848732 -50.000000 1.437081 18.715896 -5.242135
8.310510 147.849578 -50.000000 1.437152 18.715888 -5.237152
8.310273 147.850423 -50.000000 1.437222 18.715879 -5.232169
8.310036 147.851269 -50.000000 1.437293 18.715871 -5.227186
8.309800 147.852114 -50.000000 1.437365 18.715862 -5.222203
8.309564 147.852960 -50.000000 1.437435 18.715854 -5.217219
8.309329 147.853806 -50.000000 1.437506 18.715846 -5.212235
8.309094 147.854651 -50.000000 1.437576 18.715837 -5.207252
8.308860 147.855497 -50.000000 1.437647 18.715829 -5.202268
8.308627 147.856343 -50.000000 1.437718 18.715820 -5.197284
8.308393 147.857189 -50.000000 1.437788 18.715812 -5.192300
8.308161 147.858034 -50.000000 1.437858 18.715804 -5.187316
8.307929 147.858880 -50.000000 1.437927 18.715795 -5.182332
8.307698 147.859726 -50.000000 1.437997 18.715787 -5.177348
8.307467 147.860572 -50.000000 1.438067 18.715779 -5.172363
8.307236 147.861418 -50.000000 1.438137 18.715770 -5.167379
8.307006 147.862264 -50.000000 1.438207 18.715762 -5.162394
8.306778 147.863111 -50.000000 1.438276 18.715754 -5.157409
8.306549 147.863957 -50.000000 1.438345 18.715745 -5.152425
8.306321 147.864803 -50.000000 1.438414 18.715737 -5.147440
8.306092 147.865649 -50.000000 1.438483 18.715729 -5.142455
8.305865 147.866495 -50.000000 1.438552 18.715721 -5.137470
8.305639 147.867342 -50.000000 1.438622 18.715712 -5.132484
8.305413 147.868188 -50.000000 1.438691 18.715704 -5.127499
8.305186 147.869034 -50.000000 1.438759 18.715696 -5.122513
8.304962 147.869881 -50.000000 1.438828 18.715688 -5.117528
8.304737 147.870727 -50.000000 1.438896 18.715680 -5.112542
8.304513 147.871574 -50.000000 1.438964 18.715672 -5.107556
8.304289 147.872420 -50.000000 1.439032 18.715663 -5.102571
8.304067 147.873267 -50.000000 1.439100 18.715655 -5.097585
8.303844 147.874113 -50.000000 1.439168 18.715647 -5.092599
8.303622 147.874960 -50.000000 1.439236 18.715639 -5.087613
8.303400 147.875807 -50.000000 1.439305 18.715631 -5.082626
8.303179 147.876653 -50.000000 1.439372 18.715623 -5.077640
8.302959 147.877500 -50.000000 1.439440 18.715615 -5.072654
8.302739 147.878347 -50.000000 1.439507 18.715607 -5.067667
8.302520 147.879194 -50.000000 1.439575 18.715599 -5.062679
8.302301 147.880041 -50.000000 1.439642 18.715591 -5.057693
8.302082 147.880888 -50.000000 1.439709 18.715583 -5.052706
8.301865 147.881735 -50.000000 1.439776 18.715575 -5.047719
8.301647 147.882582 -50.000000 1.439843 18.715567 -5.042732
8.301431 147.883429 -50.000000 1.439910 18.715559 -5.037745
8.301214 147.884276 -50.000000 1.439976 18.715551 -5.032758
8.300999 147.885123 -50.000000 1.440043 18.715543 -5.027770
8.300783 147.885970 -50.000000 1.440109 18.715535 -5.022783
8.300568 147.886817 -50.000000 1.440176 18.715527 -5.017796
8.300354 147.887665 -50.000000 1.440242 18.715519 -5.012807
8.300140 147.888512 -50.000000 1.440308 18.715511 -5.007820
8.299927 147.889359 -50.000000 1.440374 18.715503 -5.002832
8.299715 147.890206 -50.000000 1.440440 18.715495 -4.997844
8.299503 147.891054 -50.000000 1.440506 18.715488 -4.992856
8.299291 147.891901 -50.000000 1.440571 18.715480 -4.987868
8.299081 147.892749 -50.000000 1.440637 18.715472 -4.982880
8.298869 147.893596 -50.000000 1.440703 18.715464 -4.977890
8.298660 147.894444 -50.000000 1.440768 18.715456 -4.972903
8.298450 147.895291 -50.000000 1.440833 18.715449 -4.967914
8.298241 147.896139 -50.000000 1.440898 18.715441 -4.962925
8.298033 147.896987 -50.000000 1.440964 18.715433 -4.957937
8.297824 147.897834 -50.000000 1.441029 18.715425 -4.952948
8.297618 147.898682 -50.000000 1.441093 18.715418 -4.947958
8.297411 147.899530 -50.000000 1.441158 18.715410 -4.942970
8.297204 147.900378 -50.000000 1.441223 18.715402 -4.937981
8.296998 147.901226 -50.000000 1.441287 18.715394 -4.932991
8.296793 147.902074 -50.000000 1.441351 18.715387 -4.928001
8.296588 147.902921 -50.000000 1.441415 18.715379 -4.923013
8.296384 147.903769 -50.000000 1.441479 18.715371 -4.918023
8.296179 147.904617 -50.000000 1.441544 18.715364 -4.913034
8.295976 147.905465 -50.000000 1.441608 18.715356 -4.908044
8.295774 147.906314 -50.000000 1.441672 18.715348 -4.903054
8.295571 147.907162 -50.000000 1.441735 18.715341 -4.898064
8.295370 147.908010 -50.000000 1.441799 18.715333 -4.893074
8.295169 147.908858 -50.000000 1.441863 18.715326 -4.888084
8.294968 147.909706 -50.000000 1.441926 18.715318 -4.883094
8.294768 147.910554 -50.000000 1.441989 18.715310 -4.878104
8.294568 147.911403 -50.000000 1.442052 18.715303 -4.873114
8.294369 147.912251 -50.000000 1.442115 18.715295 -4.868123
8.294170 147.913099 -50.000000 1.442178 18.715288 -4.863132
8.293972 147.913948 -50.000000 1.442241 18.715280 -4.858142
8.293775 147.914796 -50.000000 1.442304 18.715273 -4.853151
8.293578 147.915645 -50.000000 1.442367 18.715265 -4.848161
8.293381 147.916493 -50.000000 1.442429 18.715258 -4.843170
8.293186 147.917342 -50.000000 1.442491 18.715251 -4.838179
8.292989 147.918190 -50.000000 1.442554 18.715243 -4.833188
8.292795 147.919039 -50.000000 1.442616 18.715236 -4.828197
8.292600 147.919888 -50.000000 1.442679 18.715228 -4.823205
8.292406 147.920736 -50.000000 1.442741 18.715221 -4.818214
