-2.500820 149.991719 -43.475170 -20.002225 -20.774323 -0.001005
-2.499763 149.991774 -43.475786 -20.002210 -20.769357 -0.000998
-2.498707 149.991828 -43.476404 -20.002196 -20.764391 -0.000992
-2.497651 149.991883 -43.477021 -20.002181 -20.759425 -0.000985
-2.496596 149.991937 -43.477638 -20.002166 -20.754459 -0.000978
-2.495540 149.991992 -43.478256 -20.002152 -20.749493 -0.000971
-2.494486 149.992046 -43.478873 -20.002137 -20.744527 -0.000965
-2.493431 149.992101 -43.479490 -20.002123 -20.739561 -0.000958
-2.492377 149.992155 -43.480108 -20.002108 -20.734595 -0.000952
-2.491324 149.992210 -43.480725 -20.002094 -20.729629 -0.000945
-2.490270 149.992264 -43.481343 -20.002079 -20.724663 -0.000938
-2.489217 149.992318 -43.481960 -20.002065 -20.719697 -0.000932
-2.488164 149.992373 -43.482578 -20.002050 -20.714731 -0.000925
-2.487112 149.992427 -43.483196 -20.002036 -20.709764 -0.000919
-2.486060 149.992481 -43.483814 -20.002021 -20.704798 -0.000912
-2.485008 149.992536 -43.484432 -20.002007 -20.699832 -0.000905
-2.483956 149.992590 -43.485050 -20.001992 -20.694865 -0.000899
-2.482905 149.992644 -43.485669 -20.001978 -20.689899 -0.000892
-2.481854 149.992699 -43.486286 -20.001963 -20.684933 -0.000885
-2.480804 149.992753 -43.486904 -20.001949 -20.679966 -0.000879
-2.479754 149.992807 -43.487523 -20.001935 -20.675000 -0.000873
-2.478704 149.992861 -43.488141 -20.001920 -20.670034 -0.000866
-2.477654 149.992915 -43.488759 -20.001906 -20.665067 -0.000859
-2.476605 149.992969 -43.489378 -20.001891 -20.660101 -0.000853
-2.475557 149.993024 -43.489997 -20.001877 -20.655134 -0.000846
-2.474508 149.993078 -43.490615 -20.001862 -20.650168 -0.000840
-2.473460 149.993132 -43.491234 -20.001848 -20.645201 -0.000833
-2.472412 149.993186 -43.491853 -20.001833 -20.640234 -0.000826
-2.471365 149.993240 -43.492471 -20.001819 -20.635268 -0.000820
-2.470318 149.993294 -43.493090 -20.001804 -20.630301 -0.000813
-2.469270 149.993348 -43.493709 -20.001790 -20.625334 -0.000807
-2.468224 149.993402 -43.494328 -20.001776 -20.620368 -0.000800
-2.467178 149.993456 -43.494947 -20.001762 -20.615401 -0.000794
-2.466132 149.993510 -43.495567 -20.001747 -20.610434 -0.000787
-2.465087 149.993563 -43.496186 -20.001733 -20.605467 -0.000780
-2.464042 149.993617 -43.496805 -20.001718 -20.600501 -0.000774
-2.462997 149.993671 -43.497425 -20.001703 -20.595534 -0.000767
-2.461952 149.993725 -43.498044 -20.001690 -20.590567 -0.000761
-2.460908 149.993779 -43.498663 -20.001675 -20.585600 -0.000754
-2.459864 149.993833 -43.499284 -20.001661 -20.580633 -0.000748
-2.458821 149.993886 -43.499903 -20.001646 -20.575666 -0.000741
-2.457777 149.993940 -43.500523 -20.001632 -20.570699 -0.000735
-2.456734 149.993994 -43.501142 -20.001618 -20.565732 -0.000728
-2.455691 149.994048 -43.501763 -20.001603 -20.560765 -0.000722
-2.454650 149.994101 -43.502382 -20.001589 -20.555798 -0.000715
-2.453608 149.994155 -43.503002 -20.001574 -20.550831 -0.000709
-2.452566 149.994209 -43.503622 -20.001560 -20.545864 -0.000702
-2.451525 149.994262 -43.504242 -20.001546 -20.540897 -0.000696
-2.450483 149.994316 -43.504862 -20.001531 -20.535929 -0.000689
-2.449443 149.994369 -43.505482 -20.001517 -20.530962 -0.000683
-2.448403 149.994423 -43.506103 -20.001502 -20.525995 -0.000676
-2.447363 149.994476 -43.506723 -20.001489 -20.521028 -0.000670
-2.446323 149.994530 -43.507344 -20.001474 -20.516060 -0.000663
-2.445284 149.994583 -43.507964 -20.001460 -20.511093 -0.000657
-2.444246 149.994637 -43.508585 -20.001446 -20.506126 -0.000650
-2.443207 149.994690 -43.509206 -20.001431 -20.501158 -0.000644
-2.442169 149.994744 -43.509826 -20.001417 -20.496191 -0.000637
-2.441131 149.994797 -43.510447 -20.001403 -20.491224 -0.000631
-2.440093 149.994851 -43.511068 -20.001388 -20.486256 -0.000624
-2.439056 149.994904 -43.511689 -20.001374 -20.481289 -0.000618
-2.438018 149.994957 -43.512310 -20.001359 -20.476321 -0.000611
-2.436982 149.995011 -43.512931 -20.001346 -20.471354 -0.000605
-2.435946 149.995064 -43.513552 -20.001331 -20.466386 -0.000598
-2.434910 149.995117 -43.514173 -20.001317 -20.461419 -0.000592
-2.433874 149.995170 -43.514795 -20.001303 -20.456451 -0.000586
-2.432839 149.995224 -43.515416 -20.001288 -20.451483 -0.000579
-2.431803 149.995277 -43.516038 -20.001274 -20.446516 -0.000573
-2.430769 149.995330 -43.516658 -20.001260 -20.441548 -0.000566
-2.429734 149.995383 -43.517280 -20.001245 -20.436580 -0.000560
-2.428700 149.995436 -43.517902 -20.001231 -20.431613 -0.000553
-2.427667 149.995489 -43.518523 -20.001217 -20.426645 -0.000547
-2.426634 149.995543 -43.519145 -20.001203 -20.421677 -0.000541
-2.425600 149.995596 -43.519767 -20.001189 -20.416709 -0.000534
-2.424567 149.995649 -43.520389 -20.001174 -20.411741 -0.000527
-2.423535 149.995702 -43.521011 -20.001160 -20.406773 -0.000521
-2.422503 149.995755 -43.521633 -20.001146 -20.401806 -0.000515
-2.421471 149.995808 -43.522255 -20.001132 -20.396838 -0.000508
-2.420439 149.995861 -43.522877 -20.001117 -20.391870 -0.000502
-2.419409 149.995914 -43.523499 -20.001103 -20.386902 -0.000496
-2.418378 149.995967 -43.524122 -20.001089 -20.381934 -0.000489
-2.417347 149.996020 -43.524744 -20.001075 -20.376966 -0.000483
-2.416317 149.996073 -43.525367 -20.001061 -20.371998 -0.000476
-2.415288 149.996125 -43.525989 -20.001047 -20.367030 -0.000470
-2.414258 149.996178 -43.526611 -20.001032 -20.362061 -0.000463
-2.413228 149.996231 -43.527234 -20.001018 -20.357093 -0.000457
-2.412200 149.996284 -43.527856 -20.001004 -20.352125 -0.000451
-2.411172 149.996337 -43.528479 -20.000990 -20.347157 -0.000444
-2.410143 149.996389 -43.529102 -20.000975 -20.342189 -0.000438
-2.409115 149.996442 -43.529725 -20.000962 -20.337221 -0.000432
-2.408088 149.996495 -43.530348 -20.000947 -20.332252 -0.000425
-2.407061 149.996548 -43.530971 -20.000933 -20.327284 -0.000419
-2.406033 149.996600 -43.531594 -20.000919 -20.322316 -0.000412
-2.405007 149.996653 -43.532217 -20.000905 -20.317347 -0.000406
-2.403981 149.996706 -43.532841 -20.000890 -20.312379 -0.000399
-2.402955 149.996758 -43.533464 -20.000877 -20.307411 -0.000393
-2.401929 149.996811 -43.534087 -20.000863 -20.302442 -0.000387
-2.400905 149.996863 -43.534710 -20.000848 -20.297474 -0.000380
-2.399879 149.996916 -43.535334 -20.000834 -20.292505 -0.000374
-2.398855 149.996969 -43.535957 -20.000820 -20.287537 -0.000368
-2.397830 149.997021 -43.536581 -20.000806 -20.282568 -0.000361
-2.396807 149.997074 -43.537204 -20.000791 -20.277600 -0.000355
-2.395783 149.997126 -43.537829 -20.000778 -20.272631 -0.000349
-2.394759 149.997178 -43.538453 -20.000764 -20.267662 -0.000342
-2.393736 149.997231 -43.539076 -20.000749 -20.262694 -0.000336
-2.392714 149.997283 -43.539700 -20.000735 -20.257725 -0.000330
-2.391691 149.997336 -43.540324 -20.000722 -20.252757 -0.000323
-2.390669 149.997388 -43.540948 -20.000707 -20.247788 -0.000317
-2.389648 149.997440 -43.541573 -20.000693 -20.242819 -0.000311
-2.388626 149.997493 -43.542197 -20.000679 -20.237850 -0.000304
-2.387605 149.997545 -43.542821 -20.000665 -20.232882 -0.000298
-2.386584 149.997597 -43.543445 -20.000651 -20.227913 -0.000292
-2.385564 149.997650 -43.544070 -20.000637 -20.222944 -0.000285
-2.384544 149.997702 -43.544694 -20.000623 -20.217975 -0.000279
-2.383524 149.997754 -43.545318 -20.000609 -20.213006 -0.000273
-2.382504 149.997806 -43.545944 -20.000595 -20.208037 -0.000266
-2.381485 149.997858 -43.546568 -20.000580 -20.203068 -0.000260
-2.380467 149.997911 -43.547193 -20.000566 -20.198099 -0.000254
-2.379448 149.997963 -43.547818 -20.000553 -20.193130 -0.000247
-2.378430 149.998015 -43.548442 -20.000539 -20.188161 -0.000241
-2.377413 149.998067 -43.549068 -20.000524 -20.183192 -0.000235
-2.376395 149.998119 -43.549693 -20.000510 -20.178223 -0.000228
-2.375378 149.998171 -43.550317 -20.000497 -20.173254 -0.000222
-2.374361 149.998223 -43.550943 -20.000483 -20.168285 -0.000216
-2.373344 149.998275 -43.551568 -20.000468 -20.163316 -0.000210
-2.372328 149.998327 -43.552193 -20.000454 -20.158347 -0.000203
-2.371312 149.998379 -43.552818 -20.000440 -20.153378 -0.000197
-2.370297 149.998431 -43.553444 -20.000427 -20.148408 -0.000191
-2.369282 149.998483 -43.554069 -20.000413 -20.143439 -0.000185
-2.368267 149.998535 -43.554695 -20.000398 -20.138470 -0.000178
-2.367252 149.998587 -43.555320 -20.000384 -20.133501 -0.000172
-2.366237 149.998639 -43.555946 -20.000371 -20.128531 -0.000166
-2.365223 149.998690 -43.556573 -20.000357 -20.123562 -0.000160
-2.364210 149.998742 -43.557198 -20.000343 -20.118593 -0.000153
-2.363197 149.998794 -43.557824 -20.000328 -20.113623 -0.000147
-2.362183 149.998846 -43.558449 -20.000314 -20.108654 -0.000141
-2.361170 149.998898 -43.559076 -20.000301 -20.103684 -0.000134
-2.360159 149.998949 -43.559702 -20.000287 -20.098715 -0.000128
-2.359146 149.999001 -43.560328 -20.000273 -20.093745 -0.000122
-2.358134 149.999053 -43.560954 -20.000259 -20.088776 -0.000116
-2.357123 149.999104 -43.561581 -20.000245 -20.083806 -0.000110
-2.356112 149.999156 -43.562206 -20.000231 -20.078837 -0.000103
-2.355101 149.999208 -43.562833 -20.000217 -20.073867 -0.000097
-2.354091 149.999259 -43.563460 -20.000203 -20.068898 -0.000091
-2.353080 149.999311 -43.564087 -20.000189 -20.063928 -0.000084
-2.352071 149.999362 -43.564713 -20.000175 -20.058958 -0.000078
-2.351062 149.999414 -43.565339 -20.000161 -20.053989 -0.000072
-2.350053 149.999466 -43.565966 -20.000147 -20.049019 -0.000066
-2.349044 149.999517 -43.566593 -20.000134 -20.044049 -0.000060
-2.348035 149.999569 -43.567220 -20.000120 -20.039080 -0.000054
-2.347027 149.999620 -43.567848 -20.000106 -20.034110 -0.000047
-2.346019 149.999671 -43.568474 -20.000092 -20.029140 -0.000041
-2.345011 149.999723 -43.569101 -20.000078 -20.024170 -0.000035
-2.344004 149.999774 -43.569728 -20.000064 -20.019200 -0.000029
-2.342997 149.999826 -43.570356 -20.000051 -20.014230 -0.000023
-2.341991 149.999877 -43.570983 -20.000037 -20.009260 -0.000016
-2.340984 149.999928 -43.571610 -20.000023 -20.004291 -0.000010
-2.339978 149.999980 -43.572238 -20.000009 -19.999321 -0.000004
-2.338973 150.000031 -43.572865 -19.999995 -19.994351 0.000002
-2.337967 150.000082 -43.573493 -19.999981 -19.989381 0.000008
-2.336962 150.000133 -43.574120 -19.999967 -19.984411 0.000015
-2.335957 150.000185 -43.574748 -19.999954 -19.979440 0.000021
-2.334953 150.000236 -43.575376 -19.999940 -19.974470 0.000027
-2.333949 150.000287 -43.576004 -19.999926 -19.969500 0.000033
-2.332946 150.000338 -43.576631 -19.999912 -19.964530 0.000039
-2.331942 150.000389 -43.577259 -19.999898 -19.959560 0.000045
-2.330939 150.000441 -43.577887 -19.999884 -19.954590 0.000052
-2.329937 150.000492 -43.578515 -19.999870 -19.949620 0.000058
-2.328933 150.000543 -43.579143 -19.999856 -19.944649 0.000064
-2.327932 150.000594 -43.579772 -19.999843 -19.939679 0.000070
-2.326930 150.000645 -43.580400 -19.999829 -19.934709 0.000076
-2.325928 150.000696 -43.581029 -19.999815 -19.929739 0.000083
-2.324927 150.000747 -43.581657 -19.999801 -19.924768 0.000089
-2.323926 150.000798 -43.582285 -19.999787 -19.919798 0.000095
-2.322926 150.000849 -43.582913 -19.999773 -19.914828 0.000101
-2.321925 150.000900 -43.583543 -19.999760 -19.909857 0.000107
-2.320926 150.000951 -43.584171 -19.999746 -19.904887 0.000113
-2.319926 150.001002 -43.584800 -19.999732 -19.899916 0.000119
-2.318927 150.001052 -43.585428 -19.999719 -19.894946 0.000125
-2.317927 150.001103 -43.586058 -19.999705 -19.889975 0.000132
-2.316929 150.001154 -43.586687 -19.999691 -19.885005 0.000138
-2.315931 150.001205 -43.587315 -19.999677 -19.880034 0.000144
-2.314933 150.001256 -43.587945 -19.999664 -19.875064 0.000150
-2.313934 150.001307 -43.588574 -19.999650 -19.870093 0.000156
-2.312937 150.001357 -43.589203 -19.999636 -19.865123 0.000162
-2.311940 150.001408 -43.589833 -19.999622 -19.860152 0.000168
-2.310943 150.001459 -43.590462 -19.999608 -19.855181 0.000175
-2.309947 150.001509 -43.591091 -19.999594 -19.850211 0.000181
-2.308951 150.001560 -43.591721 -19.999581 -19.845240 0.000187
-2.307956 150.001611 -43.592350 -19.999567 -19.840269 0.000193
-2.306960 150.001661 -43.592980 -19.999553 -19.835298 0.000199
-2.305964 150.001712 -43.593609 -19.999540 -19.830328 0.000205
-2.304969 150.001763 -43.594239 -19.999526 -19.825357 0.000211
-2.303975 150.001813 -43.594869 -19.999513 -19.820386 0.000217
-2.302981 150.001864 -43.595499 -19.999499 -19.815415 0.000223
-2.301987 150.001914 -43.596129 -19.999485 -19.810444 0.000229
-2.300993 150.001965 -43.596759 -19.999472 -19.805473 0.000235
-2.300000 150.002015 -43.597389 -19.999458 -19.800503 0.000241
-2.299008 150.002066 -43.598019 -19.999444 -19.795532 0.000248
-2.298014 150.002116 -43.598649 -19.999430 -19.790561 0.000254
-2.297022 150.002167 -43.599279 -19.999417 -19.785590 0.000260
-2.296030 150.002217 -43.599910 -19.999403 -19.780619 0.000266
-2.295039 150.002267 -43.600540 -19.999389 -19.775648 0.000272
-2.294047 150.002318 -43.601171 -19.999376 -19.770677 0.000278
-2.293056 150.002368 -43.601801 -19.999362 -19.765705 0.000284
-2.292066 150.002418 -43.602432 -19.999348 -19.760734 0.000290
-2.291075 150.002469 -43.603063 -19.999334 -19.755763 0.000296
-2.290085 150.002519 -43.603693 -19.999321 -19.750792 0.000302
-2.289095 150.002569 -43.604324 -19.999307 -19.745821 0.000308
-2.288106 150.002619 -43.604955 -19.999293 -19.740850 0.000314
-2.287116 150.002670 -43.605586 -19.999280 -19.735878 0.000320
-2.286127 150.002720 -43.606216 -19.999266 -19.730907 0.000326
-2.285139 150.002770 -43.606848 -19.999253 -19.725936 0.000332
-2.284150 150.002820 -43.607479 -19.999239 -19.720965 0.000338
-2.283163 150.002870 -43.608110 -19.999225 -19.715993 0.000344
-2.282175 150.002920 -43.608742 -19.999212 -19.711022 0.000350
-2.281188 150.002970 -43.609372 -19.999198 -19.706051 0.000356
-2.280201 150.003020 -43.610004 -19.999184 -19.701079 0.000363
-2.279215 150.003071 -43.610635 -19.999171 -19.696108 0.000368
-2.278228 150.003121 -43.611267 -19.999157 -19.691136 0.000375
-2.277242 150.003171 -43.611899 -19.999144 -19.686165 0.000380
-2.276256 150.003221 -43.612531 -19.999130 -19.681194 0.000386
-2.275271 150.003270 -43.613162 -19.999117 -19.676222 0.000392
-2.274285 150.003320 -43.613794 -19.999103 -19.671250 0.000398
-2.273301 150.003370 -43.614426 -19.999089 -19.666279 0.000405
-2.272316 150.003420 -43.615057 -19.999076 -19.661307 0.000410
-2.271333 150.003470 -43.615689 -19.999062 -19.656336 0.000417
-2.270348 150.003520 -43.616321 -19.999049 -19.651364 0.000422
-2.269365 150.003570 -43.616953 -19.999035 -19.646393 0.000429
-2.268382 150.003620 -43.617585 -19.999022 -19.641421 0.000434
-2.267399 150.003669 -43.618219 -19.999008 -19.636449 0.000440
-2.266417 150.003719 -43.618851 -19.998995 -19.631478 0.000446
-2.265434 150.003769 -43.619483 -19.998981 -19.626506 0.000452
-2.264452 150.003819 -43.620116 -19.998968 -19.621534 0.000458
-2.263470 150.003868 -43.620748 -19.998954 -19.616562 0.000464
-2.262489 150.003918 -43.621381 -19.998941 -19.611590 0.000470
-2.261508 150.003968 -43.622013 -19.998927 -19.606619 0.000476
-2.260528 150.004017 -43.622646 -19.998914 -19.601647 0.000482
-2.259547 150.004067 -43.623278 -19.998900 -19.596675 0.000488
-2.258567 150.004117 -43.623911 -19.998887 -19.591703 0.000494
-2.257587 150.004166 -43.624545 -19.998874 -19.586731 0.000500
-2.256608 150.004216 -43.625177 -19.998860 -19.581759 0.000506
-2.255629 150.004265 -43.625810 -19.998847 -19.576787 0.000512
-2.254650 150.004315 -43.626443 -19.998833 -19.571815 0.000518
-2.253671 150.004364 -43.627077 -19.998819 -19.566843 0.000524
-2.252693 150.004414 -43.627710 -19.998805 -19.561871 0.000530
-2.251715 150.004463 -43.628343 -19.998792 -19.556899 0.000536
-2.250737 150.004513 -43.628976 -19.998779 -19.551927 0.000542
-2.249761 150.004562 -43.629610 -19.998765 -19.546955 0.000548
-2.248783 150.004612 -43.630243 -19.998752 -19.541983 0.000553
-2.247807 150.004661 -43.630877 -19.998738 -19.537011 0.000560
-2.246830 150.004710 -43.631511 -19.998725 -19.532039 0.000565
-2.245854 150.004760 -43.632144 -19.998712 -19.527066 0.000571
-2.244879 150.004809 -43.632778 -19.998698 -19.522094 0.000577
-2.243903 150.004858 -43.633412 -19.998685 -19.517122 0.000583
-2.242928 150.004908 -43.634046 -19.998672 -19.512150 0.000589
-2.241953 150.004957 -43.634680 -19.998658 -19.507178 0.000595
-2.240979 150.005006 -43.635314 -19.998644 -19.502205 0.000601
-2.240005 150.005055 -43.635947 -19.998631 -19.497233 0.000607
-2.239031 150.005105 -43.636582 -19.998617 -19.492261 0.000613
-2.238057 150.005154 -43.637216 -19.998604 -19.487288 0.000619
-2.237084 150.005203 -43.637851 -19.998591 -19.482316 0.000624
-2.236110 150.005252 -43.638485 -19.998577 -19.477343 0.000631
-2.235139 150.005301 -43.639119 -19.998564 -19.472371 0.000636
-2.234166 150.005350 -43.639753 -19.998551 -19.467399 0.000642
-2.233194 150.005399 -43.640388 -19.998538 -19.462426 0.000648
-2.232222 150.005448 -43.641023 -19.998524 -19.457454 0.000654
-2.231251 150.005497 -43.641658 -19.998510 -19.452481 0.000660
-2.230280 150.005546 -43.642293 -19.998497 -19.447509 0.000666
-2.229310 150.005595 -43.642927 -19.998484 -19.442536 0.000671
-2.228339 150.005644 -43.643562 -19.998470 -19.437564 0.000678
-2.227369 150.005693 -43.644197 -19.998457 -19.432591 0.000683
-2.226399 150.005742 -43.644832 -19.998444 -19.427618 0.000689
-2.225430 150.005791 -43.645467 -19.998431 -19.422646 0.000695
-2.224460 150.005840 -43.646103 -19.998417 -19.417673 0.000701
-2.223491 150.005889 -43.646737 -19.998403 -19.412700 0.000707
-2.222522 150.005938 -43.647373 -19.998390 -19.407728 0.000713
-2.221554 150.005987 -43.648008 -19.998377 -19.402755 0.000718
-2.220587 150.006036 -43.648643 -19.998364 -19.397782 0.000724
-2.219619 150.006084 -43.649279 -19.998350 -19.392809 0.000730
-2.218651 150.006133 -43.649914 -19.998337 -19.387837 0.000736
-2.217684 150.006182 -43.650550 -19.998324 -19.382864 0.000742
-2.216718 150.006231 -43.651186 -19.998310 -19.377891 0.000748
-2.215751 150.006279 -43.651821 -19.998297 -19.372918 0.000753
-2.214785 150.006328 -43.652457 -19.998284 -19.367945 0.000759
-2.213819 150.006377 -43.653093 -19.998271 -19.362972 0.000765
-2.212853 150.006425 -43.653729 -19.998257 -19.357999 0.000771
-2.211889 150.006474 -43.654365 -19.998244 -19.353026 0.000777
-2.210924 150.006522 -43.655001 -19.998230 -19.348053 0.000783
-2.209959 150.006571 -43.655638 -19.998217 -19.343080 0.000788
-2.208995 150.006620 -43.656273 -19.998204 -19.338107 0.000794
-2.208031 150.006668 -43.656909 -19.998191 -19.333134 0.000800
-2.207067 150.006717 -43.657546 -19.998178 -19.328161 0.000806
-2.206104 150.006765 -43.658182 -19.998165 -19.323188 0.000811
-2.205141 150.006814 -43.658818 -19.998151 -19.318215 0.000817
-2.204178 150.006862 -43.659455 -19.998137 -19.313242 0.000823
-2.203216 150.006911 -43.660092 -19.998124 -19.308269 0.000829
-2.202253 150.006959 -43.660728 -19.998111 -19.303296 0.000835
-2.201292 150.007007 -43.661365 -19.998098 -19.298323 0.000841
-2.200331 150.007056 -43.662002 -19.998085 -19.293349 0.000846
-2.199369 150.007104 -43.662638 -19.998071 -19.288376 0.000852
-2.198408 150.007152 -43.663275 -19.998058 -19.283403 0.000858
-2.197448 150.007201 -43.663913 -19.998045 -19.278430 0.000864
-2.196487 150.007249 -43.664550 -19.998032 -19.273456 0.000870
-2.195528 150.007297 -43.665187 -19.998019 -19.268483 0.000875
-2.194568 150.007346 -43.665824 -19.998005 -19.263510 0.000881
-2.193608 150.007394 -43.666461 -19.997992 -19.258536 0.000887
-2.192650 150.007442 -43.667098 -19.997979 -19.253563 0.000893
-2.191691 150.007490 -43.667735 -19.997966 -19.248590 0.000898
-2.190733 150.007538 -43.668374 -19.997953 -19.243616 0.000904
-2.189775 150.007587 -43.669011 -19.997939 -19.238643 0.000910
-2.188816 150.007635 -43.669648 -19.997926 -19.233669 0.000916
-2.187859 150.007683 -43.670286 -19.997913 -19.228696 0.000922
-2.186902 150.007731 -43.670924 -19.997900 -19.223722 0.000927
-2.185945 150.007779 -43.671561 -19.997886 -19.218749 0.000933
-2.184988 150.007827 -43.672199 -19.997873 -19.213775 0.000939
-2.184032 150.007875 -43.672837 -19.997860 -19.208802 0.000945
-2.183076 150.007923 -43.673475 -19.997848 -19.203828 0.000950
-2.182121 150.007971 -43.674113 -19.997834 -19.198855 0.000956
-2.181165 150.008019 -43.674751 -19.997821 -19.193881 0.000962
-2.180210 150.008067 -43.675389 -19.997808 -19.188907 0.000967
-2.179255 150.008115 -43.676027 -19.997795 -19.183934 0.000973
-2.178301 150.008163 -43.676665 -19.997782 -19.178960 0.000979
-2.177346 150.008211 -43.677304 -19.997768 -19.173986 0.000985
-2.176393 150.008259 -43.677942 -19.997755 -19.169013 0.000990
-2.175439 150.008306 -43.678581 -19.997742 -19.164039 0.000996
-2.174486 150.008354 -43.679219 -19.997729 -19.159065 0.001001
-2.173533 150.008402 -43.679858 -19.997716 -19.154091 0.001007
-2.172580 150.008450 -43.680497 -19.997703 -19.149117 0.001013
-2.171628 150.008498 -43.681136 -19.997690 -19.144144 0.001019
-2.170676 150.008545 -43.681774 -19.997677 -19.139170 0.001025
-2.169724 150.008593 -43.682413 -19.997663 -19.134196 0.001030
-2.168774 150.008641 -43.683052 -19.997650 -19.129222 0.001036
-2.167822 150.008688 -43.683691 -19.997638 -19.124248 0.001041
-2.166871 150.008736 -43.684330 -19.997624 -19.119274 0.001047
-2.165920 150.008784 -43.684969 -19.997611 -19.114300 0.001053
-2.164971 150.008831 -43.685608 -19.997598 -19.109326 0.001059
-2.164021 150.008879 -43.686247 -19.997585 -19.104352 0.001065
-2.163071 150.008927 -43.686887 -19.997572 -19.099378 0.001070
-2.162122 150.008974 -43.687526 -19.997559 -19.094404 0.001076
-2.161173 150.009022 -43.688166 -19.997546 -19.089430 0.001081
-2.160224 150.009069 -43.688806 -19.997533 -19.084456 0.001087
-2.159276 150.009117 -43.689444 -19.997520 -19.079482 0.001093
-2.158328 150.009164 -43.690084 -19.997507 -19.074508 0.001098
-2.157381 150.009212 -43.690724 -19.997494 -19.069534 0.001104
-2.156432 150.009259 -43.691363 -19.997480 -19.064560 0.001110
-2.155485 150.009307 -43.692004 -19.997468 -19.059585 0.001115
-2.154538 150.009354 -43.692644 -19.997455 -19.054611 0.001121
-2.153592 150.009401 -43.693284 -19.997442 -19.049637 0.001127
-2.152645 150.009449 -43.693923 -19.997428 -19.044663 0.001133
-2.151700 150.009496 -43.694563 -19.997416 -19.039689 0.001138
-2.150755 150.009543 -43.695204 -19.997403 -19.034714 0.001144
-2.149809 150.009591 -43.695844 -19.997389 -19.029740 0.001149
-2.148864 150.009638 -43.696484 -19.997377 -19.024766 0.001155
-2.147920 150.009685 -43.697124 -19.997364 -19.019791 0.001161
-2.146975 150.009732 -43.697765 -19.997350 -19.014817 0.001166
-2.146031 150.009780 -43.698405 -19.997338 -19.009843 0.001172
-2.145087 150.009827 -43.699046 -19.997325 -19.004868 0.001177
-2.144144 150.009874 -43.699686 -19.997311 -18.999894 0.001183
-2.143200 150.009921 -43.700327 -19.997299 -18.994919 0.001189
-2.142257 150.009968 -43.700968 -19.997286 -18.989945 0.001194
-2.141315 150.010015 -43.701609 -19.997273 -18.984970 0.001200
-2.140373 150.010063 -43.702250 -19.997260 -18.979996 0.001205
-2.139431 150.010110 -43.702891 -19.997247 -18.975021 0.001211
-2.138488 150.010157 -43.703532 -19.997234 -18.970047 0.001217
-2.137547 150.010204 -43.704173 -19.997221 -18.965072 0.001222
-2.136607 150.010251 -43.704814 -19.997208 -18.960098 0.001228
-2.135666 150.010298 -43.705455 -19.997195 -18.955123 0.001234
-2.134725 150.010345 -43.706096 -19.997182 -18.950149 0.001239
-2.133785 150.010392 -43.706737 -19.997170 -18.945174 0.001245
-2.132845 150.010439 -43.707379 -19.997156 -18.940199 0.001250
-2.131906 150.010485 -43.708020 -19.997143 -18.935225 0.001256
-2.130966 150.010532 -43.708661 -19.997131 -18.930250 0.001262
-2.130027 150.010579 -43.709303 -19.997117 -18.925275 0.001267
-2.129088 150.010626 -43.709944 -19.997105 -18.920301 0.001273
-2.128150 150.010673 -43.710587 -19.997092 -18.915326 0.001278
-2.127212 150.010720 -43.711229 -19.997079 -18.910351 0.001284
-2.126274 150.010767 -43.711870 -19.997066 -18.905376 0.001290
-2.125336 150.010813 -43.712512 -19.997053 -18.900401 0.001295
-2.124399 150.010860 -43.713154 -19.997040 -18.895427 0.001301
-2.123462 150.010907 -43.713796 -19.997028 -18.890452 0.001306
-2.122526 150.010954 -43.714438 -19.997014 -18.885477 0.001312
-2.121590 150.011000 -43.715080 -19.997002 -18.880502 0.001317
-2.120654 150.011047 -43.715722 -19.996989 -18.875527 0.001323
-2.119718 150.011094 -43.716365 -19.996976 -18.870552 0.001328
-2.118783 150.011140 -43.717007 -19.996963 -18.865577 0.001334
-2.117847 150.011187 -43.717649 -19.996950 -18.860602 0.001339
-2.116913 150.011233 -43.718292 -19.996937 -18.855627 0.001345
-2.115978 150.011280 -43.718935 -19.996925 -18.850652 0.001351
-2.115044 150.011326 -43.719577 -19.996911 -18.845677 0.001356
-2.114111 150.011373 -43.720220 -19.996899 -18.840702 0.001362
-2.113177 150.011420 -43.720863 -19.996887 -18.835727 0.001367
-2.112244 150.011466 -43.721505 -19.996873 -18.830752 0.001373
-2.111310 150.011512 -43.722148 -19.996861 -18.825777 0.001378
-2.110378 150.011559 -43.722791 -19.996847 -18.820802 0.001384
-2.109446 150.011605 -43.723434 -19.996835 -18.815827 0.001389
-2.108513 150.011652 -43.724077 -19.996822 -18.810852 0.001395
-2.107582 150.011698 -43.724721 -19.996809 -18.805877 0.001400
-2.106650 150.011745 -43.725363 -19.996797 -18.800901 0.001406
-2.105719 150.011791 -43.726007 -19.996783 -18.795926 0.001412
-2.104788 150.011837 -43.726650 -19.996771 -18.790951 0.001417
-2.103858 150.011884 -43.727294 -19.996758 -18.785976 0.001422
-2.102927 150.011930 -43.727937 -19.996745 -18.781000 0.001428
-2.101997 150.011976 -43.728581 -19.996733 -18.776025 0.001433
-2.101067 150.012022 -43.729223 -19.996720 -18.771050 0.001439
-2.100139 150.012069 -43.729867 -19.996707 -18.766075 0.001445
-2.099209 150.012115 -43.730512 -19.996694 -18.761099 0.001450
-2.098280 150.012161 -43.731155 -19.996682 -18.756124 0.001455
-2.097352 150.012207 -43.731799 -19.996669 -18.751148 0.001461
-2.096424 150.012253 -43.732443 -19.996656 -18.746173 0.001466
-2.095496 150.012299 -43.733086 -19.996644 -18.741198 0.001472
-2.094568 150.012346 -43.733731 -19.996630 -18.736222 0.001478
-2.093641 150.012392 -43.734375 -19.996618 -18.731247 0.001483
-2.092714 150.012438 -43.735019 -19.996605 -18.726271 0.001488
-2.091787 150.012484 -43.735663 -19.996593 -18.721296 0.001494
-2.090861 150.012530 -43.736308 -19.996580 -18.716320 0.001499
-2.089935 150.012576 -43.736951 -19.996567 -18.711345 0.001505
-2.089009 150.012622 -43.737596 -19.996555 -18.706369 0.001510
-2.088083 150.012668 -43.738241 -19.996541 -18.701394 0.001516
-2.087158 150.012714 -43.738885 -19.996529 -18.696418 0.001521
-2.086233 150.012760 -43.739530 -19.996516 -18.691442 0.001527
-2.085308 150.012806 -43.740174 -19.996504 -18.686467 0.001532
-2.084385 150.012851 -43.740819 -19.996491 -18.681491 0.001537
-2.083460 150.012897 -43.741464 -19.996478 -18.676516 0.001543
-2.082536 150.012943 -43.742109 -19.996465 -18.671540 0.001548
-2.081613 150.012989 -43.742754 -19.996453 -18.666564 0.001554
-2.080690 150.013035 -43.743399 -19.996440 -18.661588 0.001559
-2.079768 150.013081 -43.744044 -19.996427 -18.656613 0.001565
-2.078844 150.013126 -43.744689 -19.996415 -18.651637 0.001570
-2.077923 150.013172 -43.745334 -19.996402 -18.646661 0.001576
-2.077000 150.013218 -43.745980 -19.996390 -18.641685 0.001581
-2.076079 150.013263 -43.746624 -19.996377 -18.636710 0.001586
-2.075157 150.013309 -43.747269 -19.996364 -18.631734 0.001592
-2.074236 150.013355 -43.747915 -19.996351 -18.626758 0.001597
-2.073316 150.013400 -43.748560 -19.996339 -18.621782 0.001603
-2.072395 150.013446 -43.749206 -19.996326 -18.616806 0.001608
-2.071475 150.013492 -43.749853 -19.996314 -18.611830 0.001614
-2.070555 150.013537 -43.750498 -19.996301 -18.606855 0.001619
-2.069636 150.013583 -43.751144 -19.996289 -18.601879 0.001624
-2.068716 150.013628 -43.751789 -19.996276 -18.596903 0.001630
-2.067797 150.013674 -43.752435 -19.996264 -18.591927 0.001635
-2.066879 150.013719 -43.753081 -19.996250 -18.586951 0.001641
-2.065960 150.013765 -43.753727 -19.996238 -18.581975 0.001646
-2.065042 150.013810 -43.754373 -19.996225 -18.576999 0.001651
-2.064124 150.013856 -43.755019 -19.996213 -18.572023 0.001657
-2.063206 150.013901 -43.755666 -19.996200 -18.567047 0.001662
-2.062289 150.013947 -43.756312 -19.996188 -18.562071 0.001668
-2.061373 150.013992 -43.756958 -19.996175 -18.557094 0.001673
-2.060456 150.014037 -43.757604 -19.996163 -18.552118 0.001678
-2.059539 150.014083 -43.758251 -19.996150 -18.547142 0.001684
-2.058624 150.014128 -43.758898 -19.996137 -18.542166 0.001689
-2.057708 150.014173 -43.759544 -19.996125 -18.537190 0.001694
-2.056793 150.014219 -43.760190 -19.996112 -18.532214 0.001700
-2.055877 150.014264 -43.760837 -19.996100 -18.527238 0.001705
-2.054963 150.014309 -43.761484 -19.996087 -18.522261 0.001710
-2.054048 150.014354 -43.762131 -19.996075 -18.517285 0.001716
-2.053133 150.014400 -43.762777 -19.996062 -18.512309 0.001721
-2.052219 150.014445 -43.763425 -19.996050 -18.507333 0.001727
-2.051305 150.014490 -43.764072 -19.996037 -18.502356 0.001732
-2.050393 150.014535 -43.764719 -19.996025 -18.497380 0.001737
-2.049479 150.014580 -43.765366 -19.996012 -18.492404 0.001743
-2.048567 150.014625 -43.766013 -19.996000 -18.487427 0.001748
-2.047654 150.014671 -43.766661 -19.995987 -18.482451 0.001753
-2.046742 150.014716 -43.767308 -19.995975 -18.477475 0.001759
-2.045830 150.014761 -43.767955 -19.995962 -18.472498 0.001764
-2.044918 150.014806 -43.768603 -19.995949 -18.467522 0.001769
-2.044007 150.014851 -43.769250 -19.995937 -18.462545 0.001775
-2.043095 150.014896 -43.769898 -19.995924 -18.457569 0.001780
-2.042185 150.014941 -43.770545 -19.995912 -18.452593 0.001785
-2.041274 150.014986 -43.771193 -19.995899 -18.447616 0.001791
-2.040364 150.015031 -43.771841 -19.995887 -18.442640 0.001796
-2.039454 150.015075 -43.772489 -19.995875 -18.437663 0.001801
-2.038545 150.015120 -43.773137 -19.995862 -18.432687 0.001807
-2.037635 150.015165 -43.773785 -19.995850 -18.427710 0.001812
-2.036727 150.015210 -43.774433 -19.995837 -18.422733 0.001817
-2.035818 150.015255 -43.775081 -19.995825 -18.417757 0.001823
-2.034909 150.015300 -43.775729 -19.995812 -18.412780 0.001828
-2.034002 150.015344 -43.776378 -19.995800 -18.407804 0.001833
-2.033094 150.015389 -43.777026 -19.995787 -18.402827 0.001839
-2.032186 150.015434 -43.777674 -19.995775 -18.397850 0.001844
-2.031279 150.015479 -43.778322 -19.995763 -18.392874 0.001849
