-49.635558 152.027420 40.074505 159.076265 70.831041 159.127315
-49.637583 152.027269 40.074109 159.081505 70.826527 159.132278
-49.639607 152.027118 40.073712 159.086743 70.822013 159.137238
-49.641631 152.026968 40.073316 159.091979 70.817498 159.142196
-49.643655 152.026817 40.072919 159.097213 70.812983 159.147154
-49.645679 152.026666 40.072522 159.102444 70.808468 159.152107
-49.647702 152.026515 40.072126 159.107673 70.803952 159.157059
-49.649724 152.026365 40.071728 159.112900 70.799437 159.162009
-49.651746 152.026214 40.071332 159.118124 70.794921 159.166955
-49.653768 152.026063 40.070934 159.123346 70.790405 159.171900
-49.655790 152.025913 40.070537 159.128566 70.785889 159.176842
-49.657811 152.025762 40.070140 159.133784 70.781372 159.181783
-49.659831 152.025611 40.069742 159.138999 70.776856 159.186721
-49.661851 152.025461 40.069344 159.144212 70.772339 159.191656
-49.663871 152.025311 40.068947 159.149424 70.767821 159.196590
-49.665890 152.025160 40.068549 159.154632 70.763304 159.201522
-49.667910 152.025010 40.068151 159.159839 70.758786 159.206451
-49.669928 152.024859 40.067753 159.165043 70.754268 159.211377
-49.671946 152.024709 40.067354 159.170245 70.749750 159.216301
-49.673964 152.024558 40.066957 159.175444 70.745232 159.221223
-49.675982 152.024408 40.066558 159.180642 70.740713 159.226143
-49.677998 152.024257 40.066159 159.185837 70.736194 159.231060
-49.680015 152.024106 40.065761 159.191030 70.731675 159.235976
-49.682031 152.023956 40.065362 159.196220 70.727156 159.240888
-49.684048 152.023805 40.064963 159.201409 70.722637 159.245800
-49.686063 152.023655 40.064565 159.206596 70.718116 159.250709
-49.688078 152.023504 40.064165 159.211779 70.713596 159.255614
-49.690092 152.023354 40.063766 159.216960 70.709077 159.260518
-49.692107 152.023203 40.063366 159.222140 70.704556 159.265420
-49.694120 152.023053 40.062967 159.227317 70.700036 159.270320
-49.696134 152.022904 40.062567 159.232492 70.695514 159.275217
-49.698147 152.022753 40.062168 159.237665 70.690993 159.280112
-49.700160 152.022603 40.061769 159.242836 70.686472 159.285005
-49.702172 152.022452 40.061369 159.248003 70.681951 159.289894
-49.704184 152.022302 40.060968 159.253169 70.677429 159.294783
-49.706195 152.022152 40.060568 159.258333 70.672906 159.299670
-49.708207 152.022001 40.060168 159.263495 70.668384 159.304553
-49.710217 152.021851 40.059767 159.268654 70.663862 159.309434
-49.712227 152.021701 40.059367 159.273810 70.659340 159.314313
-49.714238 152.021550 40.058967 159.278966 70.654816 159.319190
-49.716246 152.021400 40.058566 159.284118 70.650294 159.324064
-49.718256 152.021250 40.058165 159.289269 70.645770 159.328938
-49.720265 152.021099 40.057764 159.294417 70.641246 159.333808
-49.722273 152.020949 40.057363 159.299562 70.636723 159.338676
-49.724280 152.020799 40.056962 159.304706 70.632199 159.343541
-49.726288 152.020649 40.056561 159.309847 70.627675 159.348405
-49.728295 152.020498 40.056160 159.314987 70.623150 159.353266
-49.730302 152.020348 40.055758 159.320124 70.618626 159.358125
-49.732309 152.020199 40.055356 159.325258 70.614101 159.362982
-49.734315 152.020049 40.054954 159.330392 70.609575 159.367837
-49.736319 152.019898 40.054553 159.335522 70.605050 159.372690
-49.738324 152.019748 40.054151 159.340649 70.600525 159.377539
-49.740329 152.019598 40.053749 159.345776 70.595999 159.382388
-49.742333 152.019448 40.053347 159.350900 70.591472 159.387234
-49.744337 152.019298 40.052945 159.356021 70.586947 159.392076
-49.746341 152.019148 40.052542 159.361140 70.582420 159.396918
-49.748344 152.018998 40.052140 159.366257 70.577893 159.401757
-49.750347 152.018848 40.051737 159.371372 70.573366 159.406594
-49.752349 152.018697 40.051334 159.376485 70.568839 159.411428
-49.754351 152.018547 40.050931 159.381596 70.564312 159.416261
-49.756352 152.018397 40.050528 159.386704 70.559785 159.421091
-49.758353 152.018247 40.050126 159.391811 70.555256 159.425919
-49.760354 152.018097 40.049722 159.396914 70.550728 159.430745
-49.762354 152.017947 40.049319 159.402015 70.546201 159.435568
-49.764354 152.017797 40.048916 159.407115 70.541672 159.440390
-49.766353 152.017647 40.048512 159.412213 70.537143 159.445209
-49.768352 152.017497 40.048109 159.417307 70.532614 159.450025
-49.770352 152.017347 40.047705 159.422401 70.528085 159.454840
-49.772350 152.017197 40.047301 159.427492 70.523556 159.459653
-49.774347 152.017048 40.046897 159.432580 70.519026 159.464463
-49.776345 152.016898 40.046493 159.437667 70.514496 159.469271
-49.778342 152.016748 40.046089 159.442751 70.509966 159.474077
-49.780339 152.016599 40.045684 159.447832 70.505436 159.478881
-49.782335 152.016449 40.045280 159.452913 70.500905 159.483683
-49.784331 152.016299 40.044875 159.457990 70.496375 159.488482
-49.786326 152.016149 40.044471 159.463066 70.491844 159.493280
-49.788321 152.015999 40.044066 159.468139 70.487313 159.498074
-49.790316 152.015849 40.043661 159.473211 70.482781 159.502867
-49.792310 152.015699 40.043257 159.478279 70.478250 159.507657
-49.794303 152.015550 40.042851 159.483346 70.473718 159.512446
-49.796297 152.015400 40.042446 159.488411 70.469186 159.517232
-49.798290 152.015250 40.042041 159.493473 70.464654 159.522017
-49.800283 152.015100 40.041635 159.498533 70.460122 159.526798
-49.802275 152.014950 40.041230 159.503591 70.455589 159.531578
-49.804266 152.014801 40.040824 159.508648 70.451056 159.536355
-49.806258 152.014651 40.040418 159.513702 70.446523 159.541130
-49.808249 152.014501 40.040012 159.518753 70.441990 159.545903
-49.810240 152.014352 40.039606 159.523803 70.437456 159.550675
-49.812230 152.014202 40.039200 159.528849 70.432923 159.555443
-49.814220 152.014052 40.038793 159.533895 70.428388 159.560210
-49.816209 152.013902 40.038388 159.538938 70.423854 159.564975
-49.818198 152.013753 40.037981 159.543979 70.419319 159.569738
-49.820186 152.013603 40.037575 159.549018 70.414785 159.574497
-49.822175 152.013454 40.037168 159.554055 70.410250 159.579255
-49.824162 152.013305 40.036761 159.559089 70.405715 159.584011
-49.826150 152.013155 40.036354 159.564121 70.401180 159.588765
-49.828136 152.013006 40.035947 159.569151 70.396644 159.593516
-49.830123 152.012856 40.035540 159.574178 70.392109 159.598265
-49.832110 152.012707 40.035133 159.579205 70.387572 159.603013
-49.834095 152.012557 40.034725 159.584228 70.383037 159.607758
-49.836081 152.012407 40.034318 159.589250 70.378500 159.612501
-49.838066 152.012258 40.033910 159.594270 70.373963 159.617241
-49.840050 152.012108 40.033502 159.599286 70.369427 159.621979
-49.842034 152.011959 40.033094 159.604301 70.364890 159.626716
-49.844018 152.011809 40.032687 159.609314 70.360352 159.631450
-49.846001 152.011660 40.032278 159.614325 70.355815 159.636182
-49.847984 152.011510 40.031870 159.619334 70.351277 159.640912
-49.849966 152.011361 40.031462 159.624340 70.346740 159.645640
-49.851949 152.011212 40.031053 159.629345 70.342201 159.650366
-49.853930 152.011062 40.030645 159.634347 70.337663 159.655089
-49.855911 152.010913 40.030236 159.639347 70.333125 159.659810
-49.857892 152.010763 40.029828 159.644345 70.328585 159.664530
-49.859873 152.010614 40.029419 159.649341 70.324047 159.669247
-49.861853 152.010465 40.029009 159.654335 70.319507 159.673961
-49.863833 152.010315 40.028600 159.659326 70.314968 159.678674
-49.865811 152.010166 40.028192 159.664316 70.310428 159.683385
-49.867790 152.010017 40.027782 159.669304 70.305888 159.688094
-49.869768 152.009867 40.027372 159.674289 70.301348 159.692801
-49.871746 152.009718 40.026962 159.679272 70.296808 159.697504
-49.873724 152.009569 40.026553 159.684253 70.292267 159.702206
-49.875701 152.009419 40.026143 159.689231 70.287727 159.706906
-49.877678 152.009270 40.025734 159.694209 70.283185 159.711605
-49.879654 152.009121 40.025323 159.699183 70.278645 159.716300
-49.881630 152.008972 40.024913 159.704155 70.274104 159.720993
-49.883606 152.008822 40.024503 159.709126 70.269562 159.725685
-49.885581 152.008673 40.024092 159.714095 70.265020 159.730375
-49.887556 152.008524 40.023682 159.719060 70.260478 159.735061
-49.889530 152.008375 40.023271 159.724024 70.255936 159.739746
-49.891504 152.008226 40.022860 159.728986 70.251393 159.744429
-49.893477 152.008076 40.022449 159.733946 70.246851 159.749110
-49.895450 152.007927 40.022038 159.738904 70.242308 159.753789
-49.897423 152.007778 40.021628 159.743860 70.237764 159.758466
-49.899396 152.007630 40.021217 159.748814 70.233221 159.763140
-49.901367 152.007481 40.020805 159.753765 70.228678 159.767813
-49.903339 152.007332 40.020394 159.758715 70.224134 159.772483
-49.905310 152.007183 40.019982 159.763662 70.219590 159.777151
-49.907280 152.007034 40.019571 159.768607 70.215046 159.781817
-49.909250 152.006885 40.019159 159.773550 70.210502 159.786481
-49.911221 152.006736 40.018747 159.778491 70.205957 159.791142
-49.913190 152.006587 40.018335 159.783430 70.201412 159.795803
-49.915158 152.006438 40.017923 159.788367 70.196867 159.800461
-49.917127 152.006289 40.017511 159.793302 70.192322 159.805115
-49.919096 152.006140 40.017098 159.798234 70.187776 159.809769
-49.921063 152.005991 40.016686 159.803165 70.183231 159.814420
-49.923030 152.005842 40.016273 159.808093 70.178685 159.819069
-49.924998 152.005693 40.015860 159.813020 70.174139 159.823717
-49.926964 152.005544 40.015448 159.817944 70.169593 159.828362
-49.928930 152.005395 40.015035 159.822866 70.165046 159.833005
-49.930895 152.005246 40.014621 159.827786 70.160500 159.837645
-49.932861 152.005097 40.014209 159.832704 70.155952 159.842285
-49.934825 152.004948 40.013796 159.837621 70.151405 159.846921
-49.936790 152.004799 40.013382 159.842535 70.146858 159.851556
-49.938754 152.004650 40.012968 159.847445 70.142311 159.856187
-49.940717 152.004502 40.012555 159.852355 70.137763 159.860818
-49.942681 152.004353 40.012141 159.857264 70.133214 159.865447
-49.944644 152.004204 40.011728 159.862169 70.128666 159.870073
-49.946606 152.004055 40.011314 159.867073 70.124118 159.874697
-49.948567 152.003906 40.010900 159.871974 70.119570 159.879319
-49.950529 152.003758 40.010485 159.876874 70.115020 159.883939
-49.952490 152.003609 40.010071 159.881770 70.110472 159.888557
-49.954451 152.003460 40.009656 159.886666 70.105922 159.893172
-49.956412 152.003311 40.009242 159.891560 70.101372 159.897787
-49.958371 152.003163 40.008827 159.896450 70.096823 159.902398
-49.960331 152.003014 40.008413 159.901339 70.092273 159.907007
-49.962290 152.002865 40.007997 159.906226 70.087723 159.911615
-49.964249 152.002717 40.007582 159.911111 70.083173 159.916220
-49.966207 152.002568 40.007168 159.915994 70.078622 159.920824
-49.968164 152.002419 40.006752 159.920875 70.074072 159.925424
-49.970122 152.002271 40.006336 159.925754 70.069520 159.930025
-49.972079 152.002122 40.005921 159.930631 70.064969 159.934621
-49.974035 152.001973 40.005505 159.935505 70.060418 159.939216
-49.975992 152.001825 40.005089 159.940378 70.055866 159.943810
-49.977948 152.001676 40.004674 159.945248 70.051315 159.948400
-49.979902 152.001528 40.004258 159.950117 70.046762 159.952989
-49.981858 152.001379 40.003842 159.954984 70.042210 159.957576
-49.983812 152.001231 40.003425 159.959848 70.037657 159.962161
-49.985767 152.001082 40.003010 159.964710 70.033106 159.966743
-49.987720 152.000934 40.002593 159.969570 70.028553 159.971324
-49.989673 152.000785 40.002177 159.974430 70.023999 159.975903
-49.991626 152.000637 40.001760 159.979286 70.019446 159.980480
-49.993579 152.000488 40.001343 159.984140 70.014892 159.985053
-49.995531 152.000340 40.000926 159.988992 70.010339 159.989626
-49.997483 152.000191 40.000509 159.993842 70.005785 159.994197
-49.999433 152.000043 40.000092 159.998690 70.001231 159.998765
-50.001384 151.999894 39.999675 160.003536 69.996676 160.003331
-50.003334 151.999746 39.999258 160.008380 69.992122 160.007895
-50.005284 151.999598 39.998840 160.013222 69.987567 160.012457
-50.007234 151.999449 39.998422 160.018062 69.983012 160.017018
-50.009183 151.999301 39.998005 160.022900 69.978457 160.021576
-50.011132 151.999153 39.997587 160.027736 69.973902 160.026131
-50.013080 151.999004 39.997170 160.032570 69.969346 160.030686
-50.015028 151.998856 39.996751 160.037402 69.964790 160.035237
-50.016975 151.998708 39.996333 160.042231 69.960235 160.039788
-50.018922 151.998559 39.995914 160.047059 69.955679 160.044335
-50.020869 151.998411 39.995496 160.051885 69.951122 160.048882
-50.022815 151.998263 39.995078 160.056709 69.946566 160.053425
-50.024760 151.998115 39.994659 160.061531 69.942008 160.057968
-50.026706 151.997966 39.994241 160.066351 69.937451 160.062507
-50.028651 151.997818 39.993822 160.071168 69.932895 160.067044
-50.030595 151.997670 39.993403 160.075984 69.928337 160.071580
-50.032539 151.997522 39.992984 160.080798 69.923779 160.076114
-50.034483 151.997374 39.992564 160.085609 69.919221 160.080646
-50.036426 151.997225 39.992145 160.090419 69.914663 160.085175
-50.038369 151.997077 39.991726 160.095227 69.910105 160.089702
-50.040311 151.996929 39.991306 160.100032 69.905547 160.094228
-50.042253 151.996781 39.990886 160.104836 69.900987 160.098752
-50.044195 151.996633 39.990466 160.109638 69.896429 160.103273
-50.046136 151.996485 39.990047 160.114437 69.891870 160.107793
-50.048077 151.996337 39.989627 160.119235 69.887311 160.112310
-50.050017 151.996189 39.989207 160.124031 69.882751 160.116827
-50.051957 151.996041 39.988787 160.128824 69.878192 160.121339
-50.053897 151.995893 39.988366 160.133616 69.873631 160.125850
-50.055836 151.995745 39.987946 160.138405 69.869071 160.130360
-50.057774 151.995597 39.987525 160.143193 69.864511 160.134868
-50.059712 151.995449 39.987104 160.147979 69.859950 160.139373
-50.061650 151.995301 39.986683 160.152762 69.855390 160.143877
-50.063587 151.995153 39.986262 160.157544 69.850829 160.148377
-50.065524 151.995005 39.985841 160.162323 69.846268 160.152876
-50.067461 151.994857 39.985420 160.167101 69.841706 160.157375
-50.069397 151.994709 39.984999 160.171876 69.837145 160.161870
-50.071333 151.994561 39.984577 160.176651 69.832583 160.166363
-50.073268 151.994413 39.984156 160.181422 69.828021 160.170853
-50.075202 151.994265 39.983734 160.186192 69.823459 160.175344
-50.077137 151.994117 39.983313 160.190960 69.818896 160.179831
-50.079071 151.993969 39.982890 160.195725 69.814333 160.184316
-50.081005 151.993822 39.982468 160.200488 69.809771 160.188800
-50.082938 151.993674 39.982046 160.205250 69.805208 160.193281
-50.084871 151.993526 39.981623 160.210011 69.800644 160.197761
-50.086803 151.993378 39.981202 160.214768 69.796081 160.202237
-50.088735 151.993230 39.980779 160.219524 69.791518 160.206713
-50.090666 151.993083 39.980356 160.224277 69.786954 160.211186
-50.092597 151.992935 39.979934 160.229030 69.782390 160.215658
-50.094527 151.992787 39.979511 160.233779 69.777826 160.220127
-50.096458 151.992639 39.979088 160.238527 69.773261 160.224595
-50.098388 151.992492 39.978665 160.243273 69.768697 160.229060
-50.100317 151.992344 39.978242 160.248017 69.764132 160.233523
-50.102246 151.992195 39.977819 160.252759 69.759567 160.237984
-50.104175 151.992048 39.977394 160.257499 69.755001 160.242445
-50.106103 151.991900 39.976971 160.262237 69.750436 160.246902
-50.108031 151.991752 39.976547 160.266973 69.745870 160.251357
-50.109957 151.991605 39.976123 160.271707 69.741305 160.255811
-50.111884 151.991457 39.975699 160.276439 69.736739 160.260262
-50.113811 151.991310 39.975276 160.281170 69.732172 160.264713
-50.115737 151.991162 39.974852 160.285898 69.727606 160.269160
-50.117662 151.991014 39.974427 160.290624 69.723039 160.273605
-50.119587 151.990867 39.974003 160.295348 69.718472 160.278049
-50.121512 151.990719 39.973579 160.300071 69.713905 160.282490
-50.123437 151.990572 39.973153 160.304791 69.709338 160.286929
-50.125360 151.990424 39.972729 160.309509 69.704770 160.291368
-50.127283 151.990277 39.972305 160.314226 69.700203 160.295804
-50.129207 151.990129 39.971879 160.318941 69.695635 160.300237
-50.131129 151.989982 39.971454 160.323653 69.691067 160.304669
-50.133052 151.989835 39.971029 160.328364 69.686498 160.309099
-50.134973 151.989687 39.970604 160.333072 69.681930 160.313526
-50.136894 151.989540 39.970178 160.337779 69.677361 160.317954
-50.138815 151.989392 39.969752 160.342484 69.672792 160.322377
-50.140736 151.989245 39.969327 160.347186 69.668223 160.326799
-50.142656 151.989097 39.968902 160.351888 69.663654 160.331219
-50.144575 151.988950 39.968475 160.356586 69.659085 160.335636
-50.146495 151.988803 39.968049 160.361283 69.654515 160.340053
-50.148413 151.988655 39.967623 160.365978 69.649945 160.344467
-50.150332 151.988508 39.967196 160.370672 69.645374 160.348879
-50.152250 151.988361 39.966770 160.375363 69.640804 160.353290
-50.154167 151.988214 39.966344 160.380052 69.636233 160.357699
-50.156084 151.988066 39.965917 160.384739 69.631663 160.362105
-50.158001 151.987919 39.965490 160.389425 69.627092 160.366509
-50.159917 151.987772 39.965064 160.394108 69.622521 160.370911
-50.161833 151.987625 39.964637 160.398789 69.617950 160.375311
-50.163748 151.987477 39.964209 160.403469 69.613378 160.379710
-50.165663 151.987330 39.963782 160.408146 69.608807 160.384107
-50.167577 151.987183 39.963355 160.412822 69.604234 160.388502
-50.169491 151.987036 39.962928 160.417495 69.599663 160.392894
-50.171405 151.986889 39.962500 160.422167 69.595090 160.397285
-50.173318 151.986741 39.962072 160.426838 69.590518 160.401674
-50.175232 151.986594 39.961645 160.431506 69.585945 160.406061
-50.177144 151.986446 39.961216 160.436172 69.581372 160.410446
-50.179056 151.986299 39.960789 160.440836 69.576799 160.414829
-50.180967 151.986152 39.960361 160.445498 69.572226 160.419210
-50.182878 151.986005 39.959933 160.450158 69.567652 160.423588
-50.184788 151.985858 39.959504 160.454816 69.563079 160.427965
-50.186699 151.985711 39.959075 160.459473 69.558504 160.432341
-50.188609 151.985564 39.958647 160.464127 69.553931 160.436714
-50.190518 151.985417 39.958218 160.468780 69.549356 160.441086
-50.192427 151.985270 39.957789 160.473430 69.544782 160.445455
-50.194336 151.985123 39.957361 160.478079 69.540207 160.449823
-50.196244 151.984976 39.956931 160.482727 69.535632 160.454189
-50.198151 151.984829 39.956502 160.487372 69.531057 160.458553
-50.200059 151.984682 39.956073 160.492015 69.526481 160.462915
-50.201966 151.984535 39.955643 160.496656 69.521906 160.467274
-50.203872 151.984388 39.955214 160.501295 69.517330 160.471631
-50.205779 151.984241 39.954784 160.505932 69.512754 160.475987
-50.207684 151.984094 39.954354 160.510567 69.508178 160.480341
-50.209589 151.983947 39.953925 160.515201 69.503602 160.484693
-50.211494 151.983801 39.953495 160.519833 69.499025 160.489044
-50.213398 151.983654 39.953064 160.524462 69.494449 160.493392
-50.215302 151.983507 39.952634 160.529090 69.489872 160.497739
-50.217205 151.983360 39.952203 160.533716 69.485295 160.502083
-50.219108 151.983213 39.951774 160.538340 69.480718 160.506426
-50.221011 151.983067 39.951343 160.542962 69.476140 160.510767
-50.222913 151.982920 39.950912 160.547582 69.471562 160.515105
-50.224815 151.982773 39.950481 160.552201 69.466984 160.519442
-50.226716 151.982626 39.950050 160.556817 69.462406 160.523777
-50.228618 151.982479 39.949619 160.561432 69.457828 160.528110
-50.230518 151.982332 39.949188 160.566044 69.453250 160.532441
-50.232418 151.982185 39.948757 160.570654 69.448672 160.536770
-50.234317 151.982038 39.948325 160.575264 69.444092 160.541098
-50.236217 151.981892 39.947894 160.579870 69.439513 160.545423
-50.238115 151.981745 39.947462 160.584475 69.434935 160.549747
-50.240014 151.981599 39.947031 160.589079 69.430355 160.554068
-50.241912 151.981452 39.946599 160.593680 69.425775 160.558388
-50.243809 151.981305 39.946167 160.598279 69.421196 160.562705
-50.245707 151.981159 39.945735 160.602877 69.416616 160.567022
-50.247604 151.981012 39.945302 160.607472 69.412035 160.571336
-50.249499 151.980866 39.944870 160.612066 69.407455 160.575648
-50.251396 151.980719 39.944438 160.616658 69.402874 160.579959
-50.253290 151.980572 39.944005 160.621248 69.398294 160.584266
-50.255186 151.980426 39.943573 160.625836 69.393713 160.588572
-50.257081 151.980279 39.943140 160.630423 69.389131 160.592878
-50.258975 151.980133 39.942707 160.635007 69.384550 160.597180
-50.260868 151.979986 39.942274 160.639589 69.379969 160.601481
-50.262762 151.979840 39.941840 160.644170 69.375386 160.605779
-50.264655 151.979694 39.941407 160.648748 69.370805 160.610076
-50.266547 151.979547 39.940974 160.653325 69.366223 160.614372
-50.268439 151.979400 39.940541 160.657900 69.361640 160.618665
-50.270331 151.979253 39.940107 160.662474 69.357057 160.622957
-50.272222 151.979107 39.939673 160.667045 69.352474 160.627246
-50.274113 151.978961 39.939240 160.671613 69.347892 160.631533
-50.276003 151.978814 39.938806 160.676182 69.343308 160.635820
-50.277893 151.978668 39.938372 160.680747 69.338725 160.640104
-50.279782 151.978521 39.937938 160.685311 69.334142 160.644385
-50.281671 151.978375 39.937503 160.689873 69.329558 160.648665
-50.283560 151.978229 39.937069 160.694432 69.324975 160.652943
-50.285449 151.978083 39.936634 160.698991 69.320390 160.657220
-50.287336 151.977936 39.936200 160.703547 69.315806 160.661493
-50.289224 151.977790 39.935765 160.708102 69.311222 160.665766
-50.291111 151.977644 39.935331 160.712655 69.306637 160.670038
-50.292998 151.977498 39.934896 160.717205 69.302053 160.674306
-50.294884 151.977351 39.934461 160.721754 69.297467 160.678573
-50.296769 151.977205 39.934026 160.726301 69.292882 160.682838
-50.298654 151.977059 39.933590 160.730846 69.288296 160.687102
-50.300539 151.976913 39.933155 160.735390 69.283711 160.691363
-50.302423 151.976767 39.932719 160.739931 69.279125 160.695622
-50.304307 151.976619 39.932284 160.744470 69.274539 160.699880
-50.306192 151.976473 39.931848 160.749009 69.269953 160.704136
-50.308075 151.976327 39.931412 160.753545 69.265366 160.708389
-50.309958 151.976181 39.930976 160.758078 69.260780 160.712641
-50.311840 151.976035 39.930540 160.762611 69.256193 160.716892
-50.313722 151.975889 39.930104 160.767141 69.251607 160.721139
-50.315603 151.975743 39.929667 160.771670 69.247019 160.725386
-50.317484 151.975597 39.929231 160.776197 69.242432 160.729632
-50.319365 151.975451 39.928795 160.780722 69.237844 160.733874
-50.321245 151.975305 39.928358 160.785245 69.233256 160.738115
-50.323124 151.975159 39.927921 160.789765 69.228669 160.742354
-50.325003 151.975013 39.927485 160.794285 69.224081 160.746590
-50.326883 151.974867 39.927048 160.798803 69.219492 160.750827
-50.328762 151.974721 39.926611 160.803318 69.214904 160.755061
-50.330640 151.974575 39.926173 160.807832 69.210315 160.759291
-50.332517 151.974429 39.925736 160.812344 69.205727 160.763521
-50.334394 151.974283 39.925298 160.816855 69.201137 160.767749
-50.336272 151.974137 39.924861 160.821362 69.196548 160.771975
-50.338148 151.973990 39.924424 160.825869 69.191958 160.776200
-50.340024 151.973844 39.923986 160.830374 69.187369 160.780421
-50.341899 151.973699 39.923548 160.834877 69.182779 160.784643
-50.343775 151.973553 39.923110 160.839378 69.178189 160.788861
-50.345649 151.973407 39.922672 160.843877 69.173599 160.793078
-50.347523 151.973261 39.922234 160.848375 69.169009 160.797294
-50.349397 151.973115 39.921795 160.852870 69.164418 160.801507
-50.351271 151.972969 39.921357 160.857364 69.159827 160.805718
-50.353144 151.972824 39.920919 160.861856 69.155237 160.809927
-50.355016 151.972678 39.920480 160.866346 69.150646 160.814135
-50.356889 151.972532 39.920041 160.870834 69.146054 160.818341
-50.358760 151.972386 39.919603 160.875321 69.141463 160.822545
-50.360631 151.972241 39.919163 160.879805 69.136871 160.826747
-50.362503 151.972095 39.918725 160.884288 69.132279 160.830948
-50.364373 151.971949 39.918286 160.888769 69.127687 160.835147
-50.366244 151.971803 39.917846 160.893248 69.123095 160.839343
-50.368113 151.971657 39.917407 160.897726 69.118502 160.843538
-50.369983 151.971511 39.916967 160.902201 69.113910 160.847731
-50.371851 151.971366 39.916528 160.906675 69.109317 160.851923
-50.373720 151.971220 39.916088 160.911147 69.104724 160.856112
-50.375588 151.971075 39.915648 160.915617 69.100131 160.860300
-50.377455 151.970929 39.915208 160.920085 69.095537 160.864485
-50.379322 151.970783 39.914768 160.924552 69.090944 160.868669
-50.381189 151.970638 39.914328 160.929016 69.086351 160.872851
-50.383055 151.970492 39.913887 160.933480 69.081756 160.877032
-50.384921 151.970347 39.913447 160.937940 69.077162 160.881210
-50.386787 151.970201 39.913006 160.942400 69.072568 160.885387
-50.388652 151.970056 39.912566 160.946857 69.067974 160.889561
-50.390516 151.969910 39.912126 160.951313 69.063379 160.893735
-50.392381 151.969765 39.911684 160.955767 69.058784 160.897906
-50.394244 151.969618 39.911243 160.960219 69.054189 160.902075
-50.396108 151.969473 39.910802 160.964669 69.049594 160.906243
-50.397971 151.969327 39.910361 160.969118 69.044999 160.910409
-50.399833 151.969182 39.909920 160.973564 69.040403 160.914573
-50.401695 151.969037 39.909479 160.978009 69.035807 160.918734
-50.403557 151.968891 39.909037 160.982453 69.031211 160.922896
-50.405418 151.968746 39.908596 160.986894 69.026615 160.927054
-50.407279 151.968601 39.908154 160.991334 69.022019 160.931211
-50.409140 151.968455 39.907712 160.995772 69.017422 160.935366
-50.410999 151.968310 39.907270 161.000207 69.012825 160.939519
-50.412859 151.968165 39.906828 161.004642 69.008228 160.943671
-50.414719 151.968019 39.906386 161.009074 69.003632 160.947819
-50.416577 151.967874 39.905944 161.013505 68.999034 160.951968
-50.418435 151.967728 39.905502 161.017934 68.994436 160.956114
-50.420293 151.967582 39.905059 161.022360 68.989839 160.960258
-50.422151 151.967437 39.904616 161.026785 68.985242 160.964400
-50.424007 151.967292 39.904173 161.031209 68.980644 160.968540
-50.425864 151.967147 39.903731 161.035630 68.976045 160.972679
-50.427721 151.967002 39.903288 161.040051 68.971446 160.976817
-50.429577 151.966856 39.902845 161.044469 68.966848 160.980951
-50.431432 151.966711 39.902402 161.048885 68.962249 160.985085
-50.433286 151.966566 39.901958 161.053300 68.957651 160.989216
-50.435141 151.966421 39.901516 161.057713 68.953051 160.993346
-50.436995 151.966276 39.901072 161.062123 68.948452 160.997474
-50.438849 151.966131 39.900629 161.066533 68.943853 161.001601
-50.440702 151.965986 39.900184 161.070940 68.939254 161.005725
-50.442555 151.965840 39.899741 161.075346 68.934654 161.009848
-50.444408 151.965694 39.899297 161.079750 68.930053 161.013969
-50.446260 151.965549 39.898853 161.084152 68.925453 161.018089
-50.448112 151.965404 39.898409 161.088553 68.920853 161.022206
-50.449962 151.965259 39.897965 161.092952 68.916252 161.026321
-50.451813 151.965114 39.897521 161.097348 68.911651 161.030434
-50.453663 151.964969 39.897076 161.101743 68.907051 161.034547
-50.455513 151.964824 39.896631 161.106136 68.902450 161.038657
-50.457363 151.964679 39.896187 161.110528 68.897849 161.042764
-50.459212 151.964534 39.895742 161.114918 68.893247 161.046872
-50.461060 151.964389 39.895297 161.119306 68.888645 161.050977
-50.462909 151.964245 39.894853 161.123693 68.884043 161.055080
-50.464756 151.964099 39.894407 161.128077 68.879442 161.059180
-50.466604 151.963954 39.893962 161.132460 68.874839 161.063281
-50.468451 151.963809 39.893517 161.136841 68.870237 161.067379
-50.470297 151.963664 39.893071 161.141220 68.865635 161.071474
-50.472143 151.963519 39.892626 161.145597 68.861032 161.075569
-50.473989 151.963374 39.892180 161.149973 68.856429 161.079661
-50.475835 151.963229 39.891735 161.154347 68.851826 161.083752
-50.477680 151.963085 39.891289 161.158719 68.847223 161.087840
-50.479524 151.962940 39.890843 161.163090 68.842619 161.091929
-50.481368 151.962795 39.890397 161.167459 68.838015 161.096014
-50.483212 151.962650 39.889951 161.171826 68.833412 161.100097
-50.485055 151.962506 39.889504 161.176191 68.828808 161.104179
-50.486897 151.962360 39.889059 161.180555 68.824203 161.108259
-50.488740 151.962215 39.888612 161.184916 68.819599 161.112338
-50.490582 151.962070 39.888165 161.189276 68.814995 161.116415
-50.492424 151.961926 39.887719 161.193635 68.810390 161.120490
-50.494265 151.961781 39.887272 161.197991 68.805785 161.124562
-50.496105 151.961636 39.886825 161.202346 68.801180 161.128633
-50.497946 151.961492 39.886378 161.206699 68.796575 161.132704
-50.499786 151.961347 39.885931 161.211050 68.791969 161.136771
-50.501625 151.961202 39.885484 161.215400 68.787364 161.140837
-50.503464 151.961058 39.885036 161.219748 68.782758 161.144901
-50.505302 151.960913 39.884589 161.224094 68.778152 161.148964
-50.507141 151.960768 39.884142 161.228438 68.773546 161.153024
-50.508978 151.960623 39.883694 161.232781 68.768939 161.157085
-50.510815 151.960479 39.883246 161.237121 68.764333 161.161142
-50.512653 151.960334 39.882799 161.241461 68.759726 161.165198
-50.514489 151.960189 39.882350 161.245798 68.755120 161.169251
-50.516325 151.960045 39.881903 161.250134 68.750512 161.173303
-50.518161 151.959900 39.881455 161.254468 68.745906 161.177353
-50.519996 151.959756 39.881006 161.258800 68.741298 161.181402
-50.521831 151.959612 39.880558 161.263131 68.736690 161.185450
-50.523666 151.959467 39.880109 161.267460 68.732082 161.189495
-50.525499 151.959323 39.879661 161.271787 68.727474 161.193538
-50.527333 151.959177 39.879212 161.276112 68.722866 161.197580
-50.529166 151.959033 39.878763 161.280436 68.718258 161.201619
-50.530999 151.958888 39.878314 161.284757 68.713650 161.205657
-50.532831 151.958744 39.877866 161.289077 68.709042 161.209694
-50.534663 151.958600 39.877417 161.293396 68.704433 161.213728
-50.536495 151.958455 39.876967 161.297713 68.699823 161.217761
-50.538326 151.958311 39.876518 161.302027 68.695215 161.221792
-50.540157 151.958167 39.876068 161.306341 68.690605 161.225823
-50.541986 151.958022 39.875619 161.310652 68.685996 161.229850
-50.543817 151.957878 39.875170 161.314962 68.681386 161.233877
-50.545646 151.957733 39.874719 161.319270 68.676777 161.237900
-50.547474 151.957588 39.874270 161.323577 68.672166 161.241923
-50.549303 151.957444 39.873820 161.327881 68.667556 161.245944
-50.551132 151.957300 39.873370 161.332185 68.662946 161.249963
-50.552959 151.957156 39.872920 161.336486 68.658335 161.253981
-50.554787 151.957012 39.872469 161.340785 68.653724 161.257996
-50.556613 151.956867 39.872019 161.345083 68.649114 161.262010
-50.558440 151.956723 39.871569 161.349379 68.644503 161.266022
