60.815635 150.025856 -47.527216 7.639764 13.164687 9.161660
60.815308 150.025869 -47.524633 7.637352 13.160697 9.160974
60.814981 150.025881 -47.522050 7.634942 13.156708 9.160289
60.814652 150.025894 -47.519465 7.632532 13.152717 9.159605
60.814323 150.025906 -47.516879 7.630122 13.148728 9.158920
60.813993 150.025918 -47.514294 7.627715 13.144737 9.158237
60.813661 150.025932 -47.511707 7.625308 13.140747 9.157553
60.813329 150.025944 -47.509120 7.622901 13.136756 9.156870
60.812996 150.025956 -47.506532 7.620496 13.132766 9.156186
60.812662 150.025969 -47.503944 7.618091 13.128776 9.155503
60.812327 150.025981 -47.501355 7.615687 13.124786 9.154821
60.811991 150.025993 -47.498764 7.613284 13.120794 9.154139
60.811654 150.026005 -47.496173 7.610882 13.116803 9.153457
60.811317 150.026019 -47.493582 7.608481 13.112812 9.152776
60.810978 150.026031 -47.490990 7.606081 13.108821 9.152093
60.810638 150.026043 -47.488397 7.603681 13.104830 9.151413
60.810297 150.026055 -47.485804 7.601283 13.100839 9.150732
60.809955 150.026067 -47.483210 7.598885 13.096847 9.150052
60.809613 150.026079 -47.480615 7.596489 13.092856 9.149372
60.809269 150.026091 -47.478020 7.594093 13.088864 9.148692
60.808925 150.026103 -47.475424 7.591698 13.084872 9.148012
60.808580 150.026116 -47.472827 7.589304 13.080881 9.147333
60.808234 150.026128 -47.470230 7.586911 13.076889 9.146654
60.807887 150.026140 -47.467632 7.584518 13.072896 9.145975
60.807540 150.026152 -47.465033 7.582127 13.068905 9.145297
60.807190 150.026163 -47.462433 7.579736 13.064912 9.144619
60.806841 150.026175 -47.459833 7.577346 13.060919 9.143941
60.806489 150.026188 -47.457233 7.574957 13.056927 9.143263
60.806138 150.026200 -47.454631 7.572569 13.052935 9.142586
60.805785 150.026212 -47.452029 7.570182 13.048942 9.141909
60.805432 150.026223 -47.449426 7.567795 13.044949 9.141233
60.805077 150.026235 -47.446823 7.565410 13.040957 9.140556
60.804722 150.026247 -47.444218 7.563025 13.036964 9.139880
60.804365 150.026258 -47.441614 7.560641 13.032971 9.139204
60.804009 150.026271 -47.439008 7.558258 13.028977 9.138529
60.803651 150.026282 -47.436402 7.555876 13.024985 9.137854
60.803292 150.026294 -47.433795 7.553495 13.020992 9.137179
60.802932 150.026305 -47.431187 7.551114 13.016998 9.136504
60.802572 150.026317 -47.428580 7.548735 13.013005 9.135830
60.802210 150.026328 -47.425970 7.546356 13.009011 9.135156
60.801847 150.026340 -47.423361 7.543978 13.005018 9.134482
60.801483 150.026351 -47.420751 7.541602 13.001024 9.133808
60.801119 150.026364 -47.418140 7.539225 12.997030 9.133135
60.800754 150.026375 -47.415528 7.536849 12.993037 9.132463
60.800388 150.026386 -47.412916 7.534475 12.989042 9.131790
60.800021 150.026397 -47.410303 7.532102 12.985049 9.131118
60.799653 150.026409 -47.407689 7.529729 12.981055 9.130445
60.799284 150.026420 -47.405075 7.527356 12.977061 9.129774
60.798914 150.026431 -47.402459 7.524986 12.973067 9.129103
60.798543 150.026443 -47.399844 7.522615 12.969072 9.128432
60.798173 150.026454 -47.397227 7.520245 12.965079 9.127760
60.797800 150.026466 -47.394611 7.517877 12.961084 9.127090
60.797427 150.026477 -47.391993 7.515509 12.957089 9.126419
60.797053 150.026488 -47.389375 7.513142 12.953095 9.125750
60.796677 150.026499 -47.386755 7.510775 12.949100 9.125080
60.796302 150.026510 -47.384136 7.508410 12.945106 9.124410
60.795925 150.026521 -47.381515 7.506045 12.941111 9.123741
60.795547 150.026533 -47.378894 7.503682 12.937116 9.123072
60.795169 150.026544 -47.376273 7.501318 12.933121 9.122403
60.794789 150.026555 -47.373650 7.498957 12.929126 9.121734
60.794409 150.026565 -47.371027 7.496595 12.925132 9.121066
60.794028 150.026576 -47.368403 7.494235 12.921137 9.120399
60.793645 150.026587 -47.365778 7.491875 12.917141 9.119732
60.793263 150.026598 -47.363153 7.489516 12.913146 9.119064
60.792880 150.026609 -47.360528 7.487159 12.909151 9.118397
60.792494 150.026620 -47.357900 7.484801 12.905156 9.117730
60.792109 150.026631 -47.355273 7.482445 12.901160 9.117064
60.791723 150.026642 -47.352646 7.480088 12.897165 9.116397
60.791335 150.026652 -47.350017 7.477734 12.893170 9.115732
60.790947 150.026663 -47.347388 7.475380 12.889174 9.115066
60.790558 150.026673 -47.344757 7.473027 12.885179 9.114400
60.790168 150.026684 -47.342127 7.470675 12.881183 9.113735
60.789777 150.026695 -47.339496 7.468323 12.877187 9.113071
60.789386 150.026706 -47.336864 7.465972 12.873192 9.112406
60.788993 150.026716 -47.334231 7.463622 12.869196 9.111741
60.788600 150.026727 -47.331598 7.461273 12.865200 9.111078
60.788206 150.026737 -47.328964 7.458924 12.861204 9.110414
60.787811 150.026748 -47.326329 7.456577 12.857209 9.109751
60.787416 150.026758 -47.323694 7.454230 12.853213 9.109087
60.787018 150.026768 -47.321058 7.451884 12.849216 9.108425
60.786621 150.026780 -47.318421 7.449539 12.845221 9.107762
60.786223 150.026790 -47.315784 7.447195 12.841224 9.107099
60.785824 150.026800 -47.313146 7.444851 12.837229 9.106437
60.785423 150.026810 -47.310507 7.442508 12.833233 9.105776
60.785023 150.026820 -47.307867 7.440165 12.829237 9.105113
60.784621 150.026831 -47.305228 7.437824 12.825241 9.104452
60.784218 150.026841 -47.302587 7.435484 12.821244 9.103792
60.783815 150.026851 -47.299945 7.433144 12.817248 9.103131
60.783410 150.026861 -47.297303 7.430805 12.813251 9.102470
60.783005 150.026872 -47.294660 7.428468 12.809255 9.101810
60.782599 150.026882 -47.292017 7.426130 12.805259 9.101151
60.782192 150.026892 -47.289372 7.423794 12.801263 9.100490
60.781785 150.026902 -47.286727 7.421457 12.797266 9.099831
60.781376 150.026912 -47.284082 7.419123 12.793269 9.099172
60.780967 150.026922 -47.281436 7.416788 12.789273 9.098513
60.780557 150.026931 -47.278788 7.414455 12.785277 9.097854
60.780145 150.026941 -47.276141 7.412122 12.781280 9.097196
60.779734 150.026951 -47.273493 7.409790 12.777283 9.096537
60.779322 150.026962 -47.270844 7.407459 12.773287 9.095880
60.778908 150.026972 -47.268194 7.405129 12.769290 9.095223
60.778494 150.026981 -47.265544 7.402799 12.765294 9.094565
60.778078 150.026991 -47.262893 7.400470 12.761297 9.093908
60.777663 150.027001 -47.260241 7.398142 12.757300 9.093252
60.777246 150.027010 -47.257588 7.395815 12.753304 9.092594
60.776828 150.027020 -47.254936 7.393488 12.749307 9.091938
60.776410 150.027029 -47.252281 7.391162 12.745310 9.091283
60.775991 150.027039 -47.249627 7.388837 12.741313 9.090626
60.775570 150.027049 -47.246972 7.386513 12.737316 9.089971
60.775149 150.027059 -47.244317 7.384189 12.733320 9.089316
60.774727 150.027068 -47.241660 7.381867 12.729323 9.088661
60.774305 150.027078 -47.239003 7.379545 12.725326 9.088006
60.773882 150.027087 -47.236345 7.377224 12.721330 9.087352
60.773457 150.027096 -47.233687 7.374904 12.717333 9.086698
60.773033 150.027106 -47.231027 7.372584 12.713336 9.086044
60.772606 150.027115 -47.228367 7.370265 12.709339 9.085391
60.772180 150.027124 -47.225706 7.367947 12.705342 9.084737
60.771752 150.027134 -47.223045 7.365630 12.701346 9.084084
60.771323 150.027144 -47.220383 7.363312 12.697348 9.083431
60.770895 150.027153 -47.217720 7.360997 12.693352 9.082778
60.770464 150.027162 -47.215057 7.358682 12.689354 9.082126
60.770034 150.027171 -47.212393 7.356368 12.685357 9.081474
60.769602 150.027180 -47.209728 7.354054 12.681360 9.080822
60.769169 150.027189 -47.207063 7.351741 12.677363 9.080171
60.768737 150.027198 -47.204396 7.349429 12.673367 9.079519
60.768303 150.027207 -47.201729 7.347118 12.669370 9.078868
60.767868 150.027217 -47.199062 7.344807 12.665374 9.078218
60.767432 150.027226 -47.196393 7.342497 12.661376 9.077567
60.766995 150.027235 -47.193725 7.340188 12.657379 9.076917
60.766558 150.027244 -47.191055 7.337880 12.653383 9.076266
60.766120 150.027253 -47.188385 7.335573 12.649386 9.075617
60.765681 150.027261 -47.185714 7.333266 12.645389 9.074968
60.765241 150.027270 -47.183043 7.330959 12.641391 9.074318
60.764801 150.027279 -47.180370 7.328655 12.637395 9.073669
60.764359 150.027288 -47.177696 7.326350 12.633398 9.073020
60.763917 150.027296 -47.175023 7.324046 12.629401 9.072372
60.763475 150.027306 -47.172348 7.321742 12.625404 9.071724
60.763030 150.027315 -47.169674 7.319440 12.621408 9.071075
60.762586 150.027323 -47.166997 7.317139 12.617411 9.070428
60.762140 150.027332 -47.164321 7.314838 12.613413 9.069780
60.761695 150.027340 -47.161643 7.312538 12.609417 9.069133
60.761247 150.027349 -47.158966 7.310239 12.605420 9.068487
60.760799 150.027357 -47.156287 7.307939 12.601424 9.067839
60.760351 150.027366 -47.153608 7.305642 12.597427 9.067193
60.759902 150.027374 -47.150928 7.303345 12.593430 9.066546
60.759452 150.027383 -47.148246 7.301049 12.589433 9.065901
60.759000 150.027392 -47.145565 7.298753 12.585437 9.065255
60.758549 150.027400 -47.142883 7.296458 12.581439 9.064610
60.758096 150.027408 -47.140201 7.294164 12.577443 9.063965
60.757643 150.027417 -47.137517 7.291870 12.573447 9.063319
60.757189 150.027425 -47.134832 7.289577 12.569449 9.062675
60.756734 150.027433 -47.132147 7.287286 12.565453 9.062030
60.756277 150.027441 -47.129462 7.284995 12.561457 9.061387
60.755821 150.027449 -47.126776 7.282704 12.557460 9.060742
60.755364 150.027457 -47.124089 7.280414 12.553463 9.060099
60.754905 150.027467 -47.121401 7.278126 12.549467 9.059456
60.754447 150.027475 -47.118712 7.275837 12.545471 9.058812
60.753986 150.027483 -47.116023 7.273549 12.541474 9.058169
60.753526 150.027491 -47.113333 7.271262 12.537478 9.057526
60.753065 150.027498 -47.110642 7.268976 12.533482 9.056884
60.752603 150.027506 -47.107952 7.266691 12.529485 9.056241
60.752140 150.027514 -47.105260 7.264406 12.525489 9.055600
60.751676 150.027522 -47.102567 7.262122 12.521492 9.054958
60.751211 150.027530 -47.099873 7.259839 12.517496 9.054317
60.750746 150.027538 -47.097180 7.257556 12.513500 9.053675
60.750280 150.027545 -47.094485 7.255275 12.509504 9.053035
60.749813 150.027553 -47.091789 7.252994 12.505508 9.052394
60.749345 150.027562 -47.089093 7.250714 12.501512 9.051754
60.748877 150.027569 -47.086396 7.248434 12.497516 9.051114
60.748408 150.027577 -47.083698 7.246155 12.493519 9.050473
60.747938 150.027585 -47.081000 7.243877 12.489523 9.049834
60.747467 150.027592 -47.078301 7.241599 12.485527 9.049194
60.746995 150.027600 -47.075601 7.239323 12.481532 9.048556
60.746523 150.027607 -47.072901 7.237046 12.477536 9.047916
60.746050 150.027615 -47.070199 7.234772 12.473540 9.047278
60.745576 150.027622 -47.067498 7.232497 12.469545 9.046639
60.745102 150.027630 -47.064796 7.230223 12.465549 9.046001
60.744626 150.027637 -47.062092 7.227950 12.461553 9.045362
60.744149 150.027645 -47.059388 7.225677 12.457557 9.044725
60.743673 150.027653 -47.056683 7.223405 12.453561 9.044087
60.743195 150.027660 -47.053978 7.221134 12.449566 9.043450
60.742716 150.027667 -47.051272 7.218865 12.445571 9.042813
60.742236 150.027674 -47.048565 7.216595 12.441576 9.042177
60.741756 150.027681 -47.045858 7.214327 12.437580 9.041540
60.741276 150.027689 -47.043149 7.212058 12.433584 9.040904
60.740794 150.027696 -47.040441 7.209791 12.429590 9.040268
60.740311 150.027703 -47.037730 7.207524 12.425594 9.039632
60.739828 150.027710 -47.035021 7.205258 12.421599 9.038996
60.739344 150.027717 -47.032309 7.202993 12.417604 9.038362
60.738859 150.027724 -47.029597 7.200728 12.413609 9.037726
60.738374 150.027732 -47.026885 7.198464 12.409614 9.037092
60.737887 150.027739 -47.024171 7.196201 12.405620 9.036457
60.737400 150.027746 -47.021458 7.193938 12.401624 9.035823
60.736913 150.027752 -47.018743 7.191676 12.397629 9.035188
60.736424 150.027759 -47.016027 7.189416 12.393635 9.034554
60.735935 150.027766 -47.013312 7.187155 12.389641 9.033921
60.735444 150.027773 -47.010594 7.184895 12.385646 9.033287
60.734953 150.027779 -47.007877 7.182636 12.381651 9.032655
60.734462 150.027786 -47.005159 7.180379 12.377657 9.032021
60.733969 150.027793 -47.002440 7.178121 12.373663 9.031389
60.733476 150.027799 -46.999720 7.175864 12.369668 9.030756
60.732981 150.027806 -46.997000 7.173607 12.365674 9.030125
60.732487 150.027813 -46.994278 7.171352 12.361680 9.029492
60.731992 150.027820 -46.991557 7.169097 12.357686 9.028861
60.731496 150.027827 -46.988834 7.166843 12.353692 9.028229
60.730998 150.027833 -46.986111 7.164590 12.349698 9.027598
60.730500 150.027839 -46.983386 7.162337 12.345704 9.026967
60.730001 150.027846 -46.980662 7.160085 12.341710 9.026336
60.729502 150.027852 -46.977937 7.157834 12.337717 9.025706
60.729003 150.027859 -46.975210 7.155584 12.333723 9.025076
60.728501 150.027865 -46.972484 7.153334 12.329729 9.024446
60.728000 150.027871 -46.969756 7.151084 12.325736 9.023816
60.727498 150.027877 -46.967028 7.148836 12.321743 9.023186
60.726994 150.027883 -46.964299 7.146588 12.317749 9.022557
60.726491 150.027890 -46.961569 7.144341 12.313755 9.021928
60.725986 150.027896 -46.958838 7.142095 12.309762 9.021300
60.725480 150.027902 -46.956108 7.139848 12.305770 9.020671
60.724975 150.027909 -46.953375 7.137603 12.301776 9.020043
60.724467 150.027915 -46.950642 7.135359 12.297784 9.019414
60.723959 150.027921 -46.947909 7.133116 12.293791 9.018786
60.723451 150.027927 -46.945175 7.130872 12.289798 9.018159
60.722942 150.027933 -46.942440 7.128630 12.285805 9.017531
60.722433 150.027939 -46.939704 7.126388 12.281813 9.016905
60.721922 150.027945 -46.936968 7.124147 12.277821 9.016277
60.721410 150.027950 -46.934232 7.121907 12.273828 9.015650
60.720898 150.027956 -46.931493 7.119667 12.269836 9.015024
60.720385 150.027962 -46.928755 7.117428 12.265843 9.014398
60.719871 150.027968 -46.926016 7.115190 12.261852 9.013772
60.719357 150.027973 -46.923276 7.112952 12.257860 9.013146
60.718842 150.027979 -46.920536 7.110716 12.253868 9.012520
60.718326 150.027985 -46.917794 7.108479 12.249876 9.011896
60.717810 150.027990 -46.915051 7.106243 12.245884 9.011270
60.717292 150.027997 -46.912309 7.104009 12.241893 9.010646
60.716774 150.028002 -46.909565 7.101775 12.237901 9.010021
60.716255 150.028008 -46.906821 7.099542 12.233910 9.009396
60.715735 150.028013 -46.904076 7.097309 12.229918 9.008773
60.715215 150.028019 -46.901330 7.095076 12.225927 9.008148
60.714694 150.028024 -46.898584 7.092845 12.221936 9.007525
60.714172 150.028029 -46.895836 7.090613 12.217945 9.006902
60.713649 150.028035 -46.893088 7.088384 12.213954 9.006278
60.713127 150.028040 -46.890340 7.086155 12.209963 9.005655
60.712603 150.028045 -46.887591 7.083925 12.205972 9.005033
60.712078 150.028050 -46.884840 7.081697 12.201982 9.004410
60.711553 150.028056 -46.882089 7.079469 12.197991 9.003788
60.711027 150.028061 -46.879338 7.077242 12.194001 9.003166
60.710499 150.028066 -46.876585 7.075017 12.190011 9.002544
60.709971 150.028071 -46.873833 7.072791 12.186021 9.001923
60.709443 150.028076 -46.871079 7.070567 12.182030 9.001301
60.708914 150.028081 -46.868325 7.068342 12.178041 9.000679
60.708384 150.028087 -46.865569 7.066118 12.174051 9.000059
60.707853 150.028092 -46.862813 7.063896 12.170062 8.999438
60.707321 150.028097 -46.860057 7.061673 12.166072 8.998817
60.706790 150.028102 -46.857298 7.059452 12.162082 8.998198
60.706257 150.028106 -46.854540 7.057232 12.158093 8.997577
60.705724 150.028111 -46.851782 7.055011 12.154104 8.996957
60.705189 150.028116 -46.849022 7.052792 12.150115 8.996338
60.704654 150.028121 -46.846262 7.050572 12.146126 8.995719
60.704119 150.028125 -46.843501 7.048354 12.142137 8.995099
60.703582 150.028130 -46.840739 7.046137 12.138149 8.994481
60.703045 150.028135 -46.837976 7.043920 12.134159 8.993862
60.702507 150.028139 -46.835213 7.041703 12.130171 8.993243
60.701968 150.028144 -46.832448 7.039488 12.126183 8.992626
60.701429 150.028148 -46.829683 7.037273 12.122195 8.992008
60.700889 150.028153 -46.826917 7.035059 12.118206 8.991390
60.700348 150.028157 -46.824152 7.032845 12.114219 8.990772
60.699807 150.028162 -46.821384 7.030632 12.110231 8.990155
60.699265 150.028166 -46.818617 7.028419 12.106244 8.989538
60.698721 150.028170 -46.815848 7.026208 12.102255 8.988921
60.698178 150.028176 -46.813078 7.023997 12.098268 8.988305
60.697634 150.028180 -46.810309 7.021787 12.094281 8.987688
60.697088 150.028184 -46.807538 7.019576 12.090294 8.987071
60.696543 150.028188 -46.804766 7.017368 12.086307 8.986456
60.695996 150.028193 -46.801995 7.015159 12.082320 8.985840
60.695449 150.028197 -46.799221 7.012952 12.078333 8.985225
60.694901 150.028201 -46.796447 7.010744 12.074347 8.984609
60.694352 150.028205 -46.793673 7.008538 12.070360 8.983995
60.693803 150.028209 -46.790898 7.006332 12.066373 8.983380
60.693253 150.028213 -46.788122 7.004127 12.062387 8.982765
60.692702 150.028217 -46.785345 7.001922 12.058402 8.982150
60.692150 150.028221 -46.782568 6.999718 12.054415 8.981536
60.691598 150.028225 -46.779790 6.997515 12.050430 8.980922
60.691045 150.028228 -46.777011 6.995312 12.046444 8.980308
60.690491 150.028232 -46.774231 6.993110 12.042459 8.979695
60.689937 150.028236 -46.771450 6.990909 12.038474 8.979082
60.689382 150.028240 -46.768670 6.988708 12.034489 8.978469
60.688826 150.028243 -46.765887 6.986508 12.030504 8.977855
60.688269 150.028247 -46.763104 6.984308 12.026518 8.977244
60.687712 150.028251 -46.760322 6.982109 12.022533 8.976631
60.687155 150.028254 -46.757537 6.979911 12.018549 8.976018
60.686595 150.028258 -46.754752 6.977714 12.014564 8.975406
60.686037 150.028262 -46.751966 6.975517 12.010581 8.974795
60.685476 150.028266 -46.749180 6.973320 12.006596 8.974183
60.684916 150.028269 -46.746392 6.971125 12.002612 8.973572
60.684354 150.028273 -46.743605 6.968930 11.998628 8.972961
60.683793 150.028276 -46.740816 6.966735 11.994644 8.972349
60.683229 150.028280 -46.738027 6.964541 11.990661 8.971739
60.682666 150.028283 -46.735237 6.962348 11.986678 8.971129
60.682101 150.028286 -46.732445 6.960155 11.982695 8.970518
60.681537 150.028289 -46.729654 6.957964 11.978712 8.969908
60.680971 150.028293 -46.726861 6.955773 11.974728 8.969299
60.680405 150.028296 -46.724068 6.953581 11.970746 8.968689
60.679838 150.028299 -46.721275 6.951392 11.966763 8.968080
60.679270 150.028302 -46.718480 6.949203 11.962781 8.967470
60.678702 150.028305 -46.715684 6.947013 11.958799 8.966861
60.678132 150.028308 -46.712888 6.944825 11.954817 8.966253
60.677562 150.028311 -46.710091 6.942637 11.950835 8.965644
60.676992 150.028314 -46.707293 6.940451 11.946854 8.965036
60.676421 150.028317 -46.704495 6.938265 11.942871 8.964428
60.675849 150.028320 -46.701696 6.936078 11.938890 8.963819
60.675277 150.028323 -46.698896 6.933894 11.934909 8.963213
60.674704 150.028325 -46.696095 6.931710 11.930929 8.962605
60.674129 150.028328 -46.693294 6.929526 11.926947 8.961998
60.673554 150.028331 -46.690492 6.927343 11.922967 8.961390
60.672980 150.028334 -46.687688 6.925160 11.918986 8.960783
60.672403 150.028336 -46.684885 6.922978 11.915006 8.960178
60.671827 150.028339 -46.682080 6.920797 11.911026 8.959571
60.671250 150.028341 -46.679275 6.918616 11.907045 8.958965
60.670671 150.028344 -46.676469 6.916436 11.903066 8.958359
60.670092 150.028346 -46.673662 6.914256 11.899086 8.957752
60.669513 150.028349 -46.670855 6.912078 11.895107 8.957147
60.668933 150.028352 -46.668046 6.909899 11.891127 8.956542
60.668352 150.028355 -46.665237 6.907721 11.887148 8.955937
60.667770 150.028357 -46.662427 6.905544 11.883169 8.955332
60.667188 150.028359 -46.659617 6.903368 11.879190 8.954727
60.666606 150.028362 -46.656805 6.901192 11.875212 8.954123
60.666022 150.028364 -46.653994 6.899017 11.871234 8.953518
60.665438 150.028366 -46.651181 6.896842 11.867256 8.952914
60.664853 150.028368 -46.648366 6.894668 11.863277 8.952311
60.664267 150.028370 -46.645552 6.892494 11.859300 8.951707
60.663681 150.028373 -46.642738 6.890321 11.855322 8.951103
60.663094 150.028375 -46.639922 6.888150 11.851345 8.950500
60.662507 150.028377 -46.637105 6.885977 11.847368 8.949897
60.661918 150.028379 -46.634287 6.883807 11.843391 8.949294
60.661329 150.028381 -46.631469 6.881636 11.839414 8.948691
60.660740 150.028382 -46.628650 6.879467 11.835437 8.948090
60.660149 150.028384 -46.625831 6.877297 11.831460 8.947487
60.659558 150.028386 -46.623010 6.875129 11.827485 8.946886
60.658967 150.028388 -46.620189 6.872961 11.823508 8.946283
60.658375 150.028390 -46.617367 6.870793 11.819533 8.945682
60.657782 150.028391 -46.614544 6.868627 11.815556 8.945080
60.657188 150.028393 -46.611721 6.866460 11.811582 8.944479
60.656594 150.028395 -46.608896 6.864294 11.807606 8.943878
60.655999 150.028396 -46.606071 6.862129 11.803631 8.943278
60.655403 150.028398 -46.603246 6.859966 11.799656 8.942678
60.654807 150.028400 -46.600418 6.857802 11.795682 8.942077
60.654209 150.028401 -46.597592 6.855638 11.791707 8.941477
60.653612 150.028402 -46.594763 6.853476 11.787733 8.940877
60.653013 150.028404 -46.591934 6.851314 11.783759 8.940277
60.652415 150.028405 -46.589105 6.849153 11.779785 8.939677
60.651814 150.028407 -46.586275 6.846992 11.775812 8.939078
60.651215 150.028408 -46.583442 6.844831 11.771838 8.938479
60.650613 150.028409 -46.580611 6.842671 11.767864 8.937880
60.650012 150.028410 -46.577778 6.840512 11.763891 8.937281
60.649409 150.028412 -46.574944 6.838354 11.759919 8.936683
60.648806 150.028413 -46.572110 6.836195 11.755946 8.936085
60.648203 150.028414 -46.569276 6.834038 11.751974 8.935487
60.647598 150.028415 -46.566440 6.831881 11.748002 8.934889
60.646993 150.028416 -46.563603 6.829725 11.744029 8.934291
60.646387 150.028417 -46.560765 6.827569 11.740058 8.933693
60.645782 150.028418 -46.557928 6.825415 11.736086 8.933096
60.645175 150.028419 -46.555088 6.823260 11.732116 8.932499
60.644567 150.028420 -46.552249 6.821106 11.728144 8.931902
60.643959 150.028421 -46.549408 6.818953 11.724173 8.931305
60.643350 150.028421 -46.546567 6.816801 11.720203 8.930709
60.642740 150.028422 -46.543724 6.814648 11.716232 8.930112
60.642130 150.028423 -46.540882 6.812497 11.712262 8.929516
60.641519 150.028424 -46.538038 6.810346 11.708292 8.928920
60.640908 150.028424 -46.535194 6.808195 11.704322 8.928325
60.640295 150.028425 -46.532349 6.806046 11.700353 8.927729
60.639682 150.028426 -46.529503 6.803897 11.696383 8.927134
60.639069 150.028426 -46.526656 6.801748 11.692415 8.926540
60.638455 150.028427 -46.523809 6.799600 11.688446 8.925945
60.637841 150.028427 -46.520960 6.797452 11.684477 8.925350
60.637225 150.028427 -46.518112 6.795305 11.680509 8.924755
60.636609 150.028428 -46.515262 6.793158 11.676540 8.924161
60.635992 150.028428 -46.512411 6.791013 11.672573 8.923567
60.635374 150.028429 -46.509560 6.788867 11.668605 8.922973
60.634756 150.028429 -46.506708 6.786723 11.664637 8.922379
60.634138 150.028429 -46.503855 6.784579 11.660670 8.921786
60.633519 150.028429 -46.501001 6.782435 11.656704 8.921192
60.632899 150.028429 -46.498147 6.780293 11.652736 8.920599
60.632278 150.028429 -46.495292 6.778150 11.648770 8.920006
60.631657 150.028430 -46.492435 6.776008 11.644804 8.919414
60.631035 150.028430 -46.489578 6.773867 11.640838 8.918821
60.630413 150.028430 -46.486721 6.771727 11.636872 8.918229
60.629790 150.028430 -46.483862 6.769587 11.632907 8.917637
60.629166 150.028429 -46.481003 6.767447 11.628941 8.917045
60.628541 150.028429 -46.478144 6.765308 11.624976 8.916453
60.627916 150.028429 -46.475283 6.763169 11.621011 8.915861
60.627291 150.028429 -46.472422 6.761032 11.617047 8.915270
60.626664 150.028429 -46.469559 6.758894 11.613082 8.914679
60.626037 150.028428 -46.466696 6.756757 11.609119 8.914088
60.625409 150.028428 -46.463832 6.754621 11.605154 8.913497
60.624781 150.028428 -46.460968 6.752486 11.601191 8.912907
60.624152 150.028427 -46.458102 6.750350 11.597227 8.912316
60.623523 150.028427 -46.455236 6.748217 11.593264 8.911726
60.622893 150.028426 -46.452369 6.746082 11.589301 8.911135
60.622262 150.028426 -46.449501 6.743949 11.585339 8.910545
60.621631 150.028425 -46.446633 6.741816 11.581377 8.909956
60.620999 150.028425 -46.443763 6.739683 11.577414 8.909366
60.620366 150.028424 -46.440893 6.737552 11.573452 8.908777
60.619733 150.028424 -46.438022 6.735420 11.569490 8.908188
60.619099 150.028423 -46.435150 6.733290 11.565530 8.907599
60.618464 150.028422 -46.432278 6.731160 11.561568 8.907011
60.617829 150.028421 -46.429405 6.729030 11.557607 8.906422
60.617193 150.028420 -46.426531 6.726901 11.553647 8.905834
60.616557 150.028420 -46.423656 6.724773 11.549686 8.905246
60.615920 150.028419 -46.420781 6.722645 11.545726 8.904658
60.615282 150.028418 -46.417904 6.720518 11.541767 8.904071
60.614644 150.028417 -46.415027 6.718391 11.537807 8.903483
60.614005 150.028416 -46.412149 6.716265 11.533849 8.902896
60.613365 150.028415 -46.409270 6.714139 11.529889 8.902309
60.612725 150.028413 -46.406390 6.712014 11.525931 8.901722
60.612085 150.028412 -46.403510 6.709889 11.521972 8.901134
60.611443 150.028411 -46.400629 6.707765 11.518014 8.900547
60.610800 150.028410 -46.397747 6.705642 11.514056 8.899961
60.610158 150.028409 -46.394864 6.703519 11.510099 8.899375
60.609515 150.028407 -46.391980 6.701396 11.506141 8.898789
60.608871 150.028406 -46.389096 6.699274 11.502184 8.898203
60.608227 150.028405 -46.386211 6.697153 11.498227 8.897618
60.607581 150.028403 -46.383325 6.695032 11.494270 8.897033
60.606936 150.028402 -46.380438 6.692911 11.490314 8.896447
60.606289 150.028400 -46.377550 6.690792 11.486358 8.895862
60.605642 150.028399 -46.374662 6.688673 11.482402 8.895277
60.604994 150.028397 -46.371774 6.686554 11.478447 8.894692
60.604346 150.028395 -46.368883 6.684436 11.474492 8.894107
60.603698 150.028394 -46.365993 6.682318 11.470537 8.893523
60.603048 150.028392 -46.363101 6.680201 11.466582 8.892939
60.602398 150.028390 -46.360209 6.678085 11.462627 8.892355
60.601748 150.028388 -46.357316 6.675969 11.458673 8.891772
60.601096 150.028387 -46.354422 6.673853 11.454720 8.891188
60.600444 150.028385 -46.351527 6.671738 11.450766 8.890605
60.599792 150.028382 -46.348632 6.669624 11.446813 8.890021
60.599139 150.028380 -46.345735 6.667510 11.442861 8.889438
60.598485 150.028378 -46.342839 6.665397 11.438908 8.888855
60.597831 150.028376 -46.339941 6.663283 11.434956 8.888272
60.597176 150.028374 -46.337041 6.661171 11.431003 8.887690
60.596520 150.028372 -46.334142 6.659060 11.427051 8.887108
60.595864 150.028369 -46.331242 6.656948 11.423101 8.886526
60.595208 150.028367 -46.328341 6.654837 11.419149 8.885943
60.594550 150.028365 -46.325439 6.652727 11.415198 8.885361
60.593892 150.028363 -46.322537 6.650618 11.411248 8.884780
60.593234 150.028360 -46.319633 6.648509 11.407297 8.884199
60.592575 150.028358 -46.316728 6.646400 11.403347 8.883618
60.591916 150.028356 -46.313823 6.644292 11.399397 8.883037
60.591255 150.028353 -46.310917 6.642184 11.395447 8.882455
60.590594 150.028351 -46.308011 6.640077 11.391499 8.881874
60.589933 150.028348 -46.305103 6.637971 11.387549 8.881294
60.589270 150.028345 -46.302195 6.635864 11.383602 8.880714
60.588607 150.028343 -46.299286 6.633759 11.379653 8.880134
60.587944 150.028340 -46.296376 6.631654 11.375705 8.879554
60.587281 150.028337 -46.293466 6.629550 11.371757 8.878973
60.586616 150.028335 -46.290554 6.627446 11.367810 8.878394
60.585951 150.028332 -46.287642 6.625342 11.363863 8.877815
60.585285 150.028329 -46.284729 6.623239 11.359916 8.877235
60.584618 150.028326 -46.281814 6.621137 11.355970 8.876657
60.583952 150.028323 -46.278899 6.619035 11.352024 8.876077
60.583284 150.028320 -46.275984 6.616934 11.348078 8.875498
60.582617 150.028317 -46.273068 6.614832 11.344133 8.874920
60.581948 150.028314 -46.270150 6.612732 11.340187 8.874342
60.581279 150.028311 -46.267233 6.610632 11.336243 8.873764
60.580609 150.028307 -46.264314 6.608532 11.332298 8.873185
60.579938 150.028304 -46.261394 6.606434 11.328354 8.872607
60.579267 150.028301 -46.258474 6.604335 11.324410 8.872030
60.578595 150.028298 -46.255553 6.602238 11.320466 8.871453
60.577924 150.028294 -46.252631 6.600141 11.316523 8.870874
60.577251 150.028291 -46.249708 6.598044 11.312580 8.870298
60.576578 150.028288 -46.246784 6.595947 11.308638 8.869721
60.575904 150.028284 -46.243860 6.593851 11.304694 8.869144
60.575230 150.028281 -46.240935 6.591756 11.300753 8.868567
60.574554 150.028277 -46.238009 6.589662 11.296811 8.867991
60.573878 150.028274 -46.235082 6.587567 11.292870 8.867414
60.573202 150.028270 -46.232154 6.585473 11.288928 8.866838
60.572526 150.028266 -46.229226 6.583380 11.284987 8.866263
60.571848 150.028263 -46.226296 6.581287 11.281048 8.865686
60.571170 150.028259 -46.223366 6.579195 11.277107 8.865111
60.570492 150.028255 -46.220435 6.577103 11.273168 8.864536
60.569812 150.028252 -46.217503 6.575012 11.269228 8.863960
60.569133 150.028248 -46.214571 6.572921 11.265289 8.863385
60.568452 150.028244 -46.211638 6.570831 11.261349 8.862810
60.567772 150.028240 -46.208703 6.568740 11.257411 8.862236
