20.491708 150.033831 -44.103230 3.215686 179.998431 3.108142
20.492102 150.033857 -44.107974 3.215921 179.998429 3.108261
20.492495 150.033882 -44.112717 3.216156 179.998427 3.108380
20.492888 150.033907 -44.117461 3.216391 179.998426 3.108499
20.493281 150.033933 -44.122204 3.216626 179.998424 3.108618
20.493674 150.033958 -44.126948 3.216861 179.998422 3.108737
20.494066 150.033984 -44.131692 3.217096 179.998420 3.108856
20.494457 150.034009 -44.136435 3.217331 179.998419 3.108974
20.494849 150.034034 -44.141179 3.217566 179.998417 3.109093
20.495239 150.034060 -44.145923 3.217801 179.998415 3.109212
20.495630 150.034085 -44.150667 3.218036 179.998414 3.109331
20.496020 150.034110 -44.155411 3.218271 179.998412 3.109449
20.496410 150.034135 -44.160155 3.218506 179.998410 3.109568
20.496799 150.034160 -44.164899 3.218740 179.998409 3.109687
20.497188 150.034185 -44.169643 3.218975 179.998407 3.109805
20.497576 150.034210 -44.174387 3.219210 179.998405 3.109924
20.497964 150.034236 -44.179131 3.219445 179.998404 3.110042
20.498352 150.034261 -44.183875 3.219679 179.998402 3.110161
20.498739 150.034286 -44.188619 3.219914 179.998400 3.110280
20.499126 150.034311 -44.193363 3.220149 179.998399 3.110398
20.499513 150.034335 -44.198107 3.220383 179.998397 3.110517
20.499899 150.034360 -44.202851 3.220618 179.998395 3.110635
20.500284 150.034385 -44.207596 3.220853 179.998394 3.110753
20.500670 150.034410 -44.212340 3.221087 179.998392 3.110872
20.501055 150.034435 -44.217084 3.221322 179.998390 3.110990
20.501439 150.034460 -44.221828 3.221556 179.998389 3.111109
20.501823 150.034484 -44.226573 3.221791 179.998387 3.111227
20.502207 150.034509 -44.231317 3.222025 179.998385 3.111345
20.502590 150.034534 -44.236062 3.222259 179.998384 3.111463
20.502973 150.034558 -44.240806 3.222494 179.998382 3.111582
20.503356 150.034583 -44.245551 3.222728 179.998380 3.111700
20.503738 150.034608 -44.250295 3.222963 179.998379 3.111818
20.504119 150.034632 -44.255040 3.223197 179.998377 3.111936
20.504501 150.034657 -44.259784 3.223431 179.998375 3.112054
20.504882 150.034681 -44.264529 3.223665 179.998374 3.112172
20.505262 150.034706 -44.269274 3.223900 179.998372 3.112291
20.505642 150.034730 -44.274019 3.224134 179.998370 3.112409
20.506022 150.034755 -44.278763 3.224368 179.998369 3.112527
20.506401 150.034779 -44.283508 3.224602 179.998367 3.112645
20.506780 150.034803 -44.288253 3.224836 179.998365 3.112763
20.507159 150.034828 -44.292998 3.225070 179.998364 3.112881
20.507537 150.034852 -44.297743 3.225304 179.998362 3.112998
20.507915 150.034876 -44.302488 3.225538 179.998360 3.113116
20.508292 150.034900 -44.307233 3.225772 179.998359 3.113234
20.508669 150.034925 -44.311978 3.226006 179.998357 3.113352
20.509046 150.034949 -44.316723 3.226240 179.998355 3.113470
20.509422 150.034973 -44.321468 3.226474 179.998354 3.113588
20.509797 150.034997 -44.326213 3.226708 179.998352 3.113705
20.510173 150.035021 -44.330958 3.226942 179.998351 3.113823
20.510548 150.035045 -44.335703 3.227176 179.998349 3.113941
20.510922 150.035069 -44.340448 3.227410 179.998347 3.114059
20.511297 150.035093 -44.345193 3.227644 179.998346 3.114176
20.511670 150.035117 -44.349939 3.227877 179.998344 3.114294
20.512044 150.035141 -44.354684 3.228111 179.998342 3.114411
20.512417 150.035165 -44.359429 3.228345 179.998341 3.114529
20.512789 150.035189 -44.364175 3.228579 179.998339 3.114647
20.513161 150.035213 -44.368920 3.228812 179.998337 3.114764
20.513533 150.035236 -44.373665 3.229046 179.998336 3.114882
20.513905 150.035260 -44.378411 3.229279 179.998334 3.114999
20.514276 150.035284 -44.383156 3.229513 179.998332 3.115116
20.514646 150.035308 -44.387902 3.229747 179.998331 3.115234
20.515016 150.035331 -44.392647 3.229980 179.998329 3.115351
20.515386 150.035355 -44.397393 3.230214 179.998327 3.115469
20.515756 150.035378 -44.402139 3.230447 179.998326 3.115586
20.516125 150.035402 -44.406884 3.230681 179.998324 3.115703
20.516493 150.035426 -44.411630 3.230914 179.998322 3.115821
20.516861 150.035449 -44.416376 3.231147 179.998321 3.115938
20.517229 150.035473 -44.421121 3.231381 179.998319 3.116055
20.517597 150.035496 -44.425867 3.231614 179.998318 3.116172
20.517964 150.035520 -44.430613 3.231848 179.998316 3.116289
20.518330 150.035543 -44.435359 3.232081 179.998314 3.116406
20.518696 150.035566 -44.440105 3.232314 179.998313 3.116524
20.519062 150.035590 -44.444851 3.232547 179.998311 3.116641
20.519428 150.035613 -44.449597 3.232781 179.998309 3.116758
20.519793 150.035636 -44.454343 3.233014 179.998308 3.116875
20.520157 150.035659 -44.459089 3.233247 179.998306 3.116992
20.520521 150.035683 -44.463835 3.233480 179.998304 3.117109
20.520885 150.035706 -44.468581 3.233713 179.998303 3.117226
20.521249 150.035729 -44.473327 3.233946 179.998301 3.117342
20.521612 150.035752 -44.478073 3.234179 179.998299 3.117459
20.521974 150.035775 -44.482819 3.234412 179.998298 3.117576
20.522337 150.035798 -44.487565 3.234645 179.998296 3.117693
20.522699 150.035821 -44.492312 3.234878 179.998295 3.117810
20.523060 150.035844 -44.497058 3.235111 179.998293 3.117927
20.523421 150.035867 -44.501804 3.235344 179.998291 3.118043
20.523782 150.035890 -44.506550 3.235577 179.998290 3.118160
20.524142 150.035913 -44.511297 3.235810 179.998288 3.118277
20.524502 150.035936 -44.516043 3.236043 179.998286 3.118393
20.524861 150.035959 -44.520790 3.236276 179.998285 3.118510
20.525220 150.035982 -44.525536 3.236509 179.998283 3.118627
20.525579 150.036004 -44.530283 3.236741 179.998281 3.118743
20.525937 150.036027 -44.535029 3.236974 179.998280 3.118860
20.526295 150.036050 -44.539776 3.237207 179.998278 3.118976
20.526653 150.036073 -44.544522 3.237440 179.998277 3.119093
20.527010 150.036095 -44.549269 3.237672 179.998275 3.119209
20.527366 150.036118 -44.554016 3.237905 179.998273 3.119325
20.527723 150.036141 -44.558762 3.238137 179.998272 3.119442
20.528078 150.036163 -44.563509 3.238370 179.998270 3.119558
20.528434 150.036186 -44.568256 3.238603 179.998268 3.119675
20.528789 150.036208 -44.573002 3.238835 179.998267 3.119791
20.529144 150.036231 -44.577749 3.239068 179.998265 3.119907
20.529498 150.036253 -44.582496 3.239300 179.998263 3.120023
20.529852 150.036276 -44.587243 3.239533 179.998262 3.120140
20.530205 150.036298 -44.591990 3.239765 179.998260 3.120256
20.530558 150.036320 -44.596737 3.239998 179.998259 3.120372
20.530911 150.036343 -44.601484 3.240230 179.998257 3.120488
20.531263 150.036365 -44.606231 3.240462 179.998255 3.120604
20.531615 150.036387 -44.610978 3.240695 179.998254 3.120720
20.531967 150.036409 -44.615725 3.240927 179.998252 3.120836
20.532318 150.036432 -44.620472 3.241159 179.998250 3.120952
20.532669 150.036454 -44.625219 3.241391 179.998249 3.121068
20.533019 150.036476 -44.629966 3.241624 179.998247 3.121184
20.533369 150.036498 -44.634713 3.241856 179.998246 3.121300
20.533718 150.036520 -44.639461 3.242088 179.998244 3.121416
20.534067 150.036542 -44.644208 3.242320 179.998242 3.121532
20.534416 150.036564 -44.648955 3.242552 179.998241 3.121648
20.534764 150.036586 -44.653702 3.242785 179.998239 3.121763
20.535112 150.036608 -44.658450 3.243017 179.998237 3.121879
20.535460 150.036630 -44.663197 3.243249 179.998236 3.121995
20.535807 150.036652 -44.667945 3.243481 179.998234 3.122111
20.536154 150.036674 -44.672692 3.243713 179.998233 3.122226
20.536500 150.036696 -44.677439 3.243945 179.998231 3.122342
20.536846 150.036718 -44.682187 3.244177 179.998229 3.122458
20.537192 150.036739 -44.686934 3.244409 179.998228 3.122573
20.537537 150.036761 -44.691682 3.244640 179.998226 3.122689
20.537881 150.036783 -44.696430 3.244872 179.998224 3.122804
20.538226 150.036805 -44.701177 3.245104 179.998223 3.122920
20.538570 150.036826 -44.705925 3.245336 179.998221 3.123035
20.538913 150.036848 -44.710673 3.245568 179.998220 3.123151
20.539256 150.036869 -44.715420 3.245800 179.998218 3.123266
20.539599 150.036891 -44.720168 3.246031 179.998216 3.123381
20.539941 150.036913 -44.724916 3.246263 179.998215 3.123497
20.540283 150.036934 -44.729664 3.246495 179.998213 3.123612
20.540625 150.036956 -44.734411 3.246726 179.998212 3.123727
20.540966 150.036977 -44.739159 3.246958 179.998210 3.123842
20.541307 150.036998 -44.743907 3.247190 179.998208 3.123958
20.541647 150.037020 -44.748655 3.247421 179.998207 3.124073
20.541987 150.037041 -44.753403 3.247653 179.998205 3.124188
20.542327 150.037062 -44.758151 3.247884 179.998204 3.124303
20.542666 150.037084 -44.762899 3.248116 179.998202 3.124418
20.543005 150.037105 -44.767647 3.248347 179.998200 3.124533
20.543343 150.037126 -44.772395 3.248579 179.998199 3.124648
20.543681 150.037147 -44.777143 3.248810 179.998197 3.124763
20.544019 150.037169 -44.781891 3.249042 179.998195 3.124878
20.544356 150.037190 -44.786640 3.249273 179.998194 3.124993
20.544692 150.037211 -44.791388 3.249505 179.998192 3.125108
20.545029 150.037232 -44.796136 3.249736 179.998191 3.125223
20.545365 150.037253 -44.800884 3.249967 179.998189 3.125338
20.545700 150.037274 -44.805633 3.250198 179.998187 3.125453
20.546036 150.037295 -44.810381 3.250430 179.998186 3.125567
20.546370 150.037316 -44.815129 3.250661 179.998184 3.125682
20.546705 150.037337 -44.819878 3.250892 179.998183 3.125797
20.547039 150.037358 -44.824626 3.251123 179.998181 3.125912
20.547372 150.037379 -44.829374 3.251355 179.998179 3.126026
20.547705 150.037400 -44.834123 3.251586 179.998178 3.126141
20.548038 150.037420 -44.838871 3.251817 179.998176 3.126255
20.548371 150.037441 -44.843620 3.252048 179.998175 3.126370
20.548703 150.037462 -44.848369 3.252279 179.998173 3.126484
20.549034 150.037483 -44.853117 3.252510 179.998171 3.126599
20.549365 150.037503 -44.857866 3.252741 179.998170 3.126713
20.549696 150.037524 -44.862614 3.252972 179.998168 3.126828
20.550027 150.037545 -44.867363 3.253203 179.998167 3.126942
20.550357 150.037565 -44.872112 3.253434 179.998165 3.127057
20.550686 150.037586 -44.876861 3.253665 179.998163 3.127171
20.551015 150.037606 -44.881609 3.253896 179.998162 3.127285
20.551344 150.037627 -44.886358 3.254127 179.998160 3.127399
20.551673 150.037647 -44.891107 3.254357 179.998159 3.127514
20.552001 150.037668 -44.895856 3.254588 179.998157 3.127628
20.552328 150.037688 -44.900605 3.254819 179.998155 3.127742
20.552655 150.037709 -44.905354 3.255050 179.998154 3.127856
20.552982 150.037729 -44.910102 3.255281 179.998152 3.127970
20.553309 150.037749 -44.914851 3.255511 179.998151 3.128084
20.553635 150.037769 -44.919600 3.255742 179.998149 3.128198
20.553960 150.037790 -44.924349 3.255973 179.998147 3.128312
20.554285 150.037810 -44.929099 3.256203 179.998146 3.128426
20.554610 150.037830 -44.933848 3.256434 179.998144 3.128540
20.554935 150.037850 -44.938597 3.256664 179.998143 3.128654
20.555259 150.037871 -44.943346 3.256895 179.998141 3.128768
20.555582 150.037891 -44.948095 3.257126 179.998140 3.128882
20.555905 150.037911 -44.952844 3.257356 179.998138 3.128996
20.556228 150.037931 -44.957594 3.257587 179.998136 3.129109
20.556551 150.037951 -44.962343 3.257817 179.998135 3.129223
20.556873 150.037971 -44.967092 3.258047 179.998133 3.129337
20.557194 150.037991 -44.971841 3.258278 179.998132 3.129451
20.557516 150.038011 -44.976591 3.258508 179.998130 3.129564
20.557836 150.038031 -44.981340 3.258739 179.998128 3.129678
20.558157 150.038050 -44.986090 3.258969 179.998127 3.129791
20.558477 150.038070 -44.990839 3.259199 179.998125 3.129905
20.558797 150.038090 -44.995588 3.259430 179.998124 3.130018
20.559116 150.038110 -45.000338 3.259660 179.998122 3.130132
20.559435 150.038130 -45.005087 3.259890 179.998121 3.130245
20.559753 150.038149 -45.009837 3.260120 179.998119 3.130359
20.560071 150.038169 -45.014587 3.260351 179.998117 3.130472
20.560389 150.038189 -45.019336 3.260581 179.998116 3.130585
20.560706 150.038208 -45.024086 3.260811 179.998114 3.130699
20.561023 150.038228 -45.028835 3.261041 179.998113 3.130812
20.561339 150.038247 -45.033585 3.261271 179.998111 3.130925
20.561655 150.038267 -45.038335 3.261501 179.998109 3.131039
20.561971 150.038287 -45.043085 3.261731 179.998108 3.131152
20.562286 150.038306 -45.047834 3.261961 179.998106 3.131265
20.562601 150.038325 -45.052584 3.262191 179.998105 3.131378
20.562915 150.038345 -45.057334 3.262421 179.998103 3.131491
20.563229 150.038364 -45.062084 3.262651 179.998102 3.131604
20.563543 150.038384 -45.066834 3.262881 179.998100 3.131717
20.563856 150.038403 -45.071584 3.263111 179.998098 3.131830
20.564169 150.038422 -45.076334 3.263341 179.998097 3.131943
20.564482 150.038442 -45.081084 3.263571 179.998095 3.132056
20.564794 150.038461 -45.085834 3.263801 179.998094 3.132169
20.565105 150.038480 -45.090584 3.264030 179.998092 3.132282
20.565417 150.038499 -45.095334 3.264260 179.998091 3.132394
20.565728 150.038518 -45.100084 3.264490 179.998089 3.132507
20.566038 150.038537 -45.104834 3.264720 179.998087 3.132620
20.566348 150.038556 -45.109584 3.264949 179.998086 3.132732
20.566658 150.038576 -45.114334 3.265179 179.998084 3.132845
20.566967 150.038595 -45.119084 3.265409 179.998083 3.132958
20.567276 150.038614 -45.123835 3.265638 179.998081 3.133070
20.567584 150.038633 -45.128585 3.265868 179.998080 3.133183
20.567892 150.038651 -45.133335 3.266097 179.998078 3.133295
20.568200 150.038670 -45.138086 3.266327 179.998076 3.133408
20.568507 150.038689 -45.142836 3.266557 179.998075 3.133520
20.568814 150.038708 -45.147586 3.266786 179.998073 3.133633
20.569121 150.038727 -45.152337 3.267015 179.998072 3.133745
20.569427 150.038746 -45.157087 3.267245 179.998070 3.133858
20.569732 150.038764 -45.161838 3.267474 179.998069 3.133970
20.570038 150.038783 -45.166588 3.267704 179.998067 3.134082
20.570342 150.038802 -45.171339 3.267933 179.998066 3.134194
20.570647 150.038821 -45.176089 3.268163 179.998064 3.134307
20.570951 150.038839 -45.180840 3.268392 179.998062 3.134419
20.571255 150.038858 -45.185590 3.268621 179.998061 3.134531
20.571558 150.038876 -45.190341 3.268850 179.998059 3.134643
20.571861 150.038895 -45.195091 3.269080 179.998058 3.134755
20.572163 150.038913 -45.199842 3.269309 179.998056 3.134867
20.572465 150.038932 -45.204593 3.269538 179.998055 3.134979
20.572767 150.038950 -45.209344 3.269767 179.998053 3.135091
20.573068 150.038969 -45.214094 3.269997 179.998051 3.135203
20.573369 150.038987 -45.218845 3.270226 179.998050 3.135315
20.573670 150.039006 -45.223596 3.270455 179.998048 3.135427
20.573970 150.039024 -45.228347 3.270684 179.998047 3.135538
20.574269 150.039042 -45.233098 3.270913 179.998045 3.135650
20.574569 150.039060 -45.237848 3.271142 179.998044 3.135762
20.574868 150.039079 -45.242599 3.271371 179.998042 3.135874
20.575166 150.039097 -45.247350 3.271600 179.998041 3.135985
20.575464 150.039115 -45.252101 3.271829 179.998039 3.136097
20.575762 150.039133 -45.256852 3.272058 179.998037 3.136209
20.576059 150.039151 -45.261603 3.272287 179.998036 3.136320
20.576356 150.039169 -45.266354 3.272516 179.998034 3.136432
20.576653 150.039188 -45.271105 3.272745 179.998033 3.136543
20.576949 150.039206 -45.275857 3.272974 179.998031 3.136655
20.577244 150.039224 -45.280608 3.273202 179.998030 3.136766
20.577540 150.039242 -45.285359 3.273431 179.998028 3.136877
20.577834 150.039259 -45.290110 3.273660 179.998027 3.136989
20.578129 150.039277 -45.294861 3.273889 179.998025 3.137100
20.578423 150.039295 -45.299612 3.274118 179.998024 3.137211
20.578717 150.039313 -45.304364 3.274346 179.998022 3.137323
20.579010 150.039331 -45.309115 3.274575 179.998020 3.137434
20.579303 150.039349 -45.313866 3.274804 179.998019 3.137545
20.579595 150.039367 -45.318618 3.275032 179.998017 3.137656
20.579888 150.039384 -45.323369 3.275261 179.998016 3.137767
20.580179 150.039402 -45.328120 3.275489 179.998014 3.137878
20.580471 150.039420 -45.332872 3.275718 179.998013 3.137989
20.580761 150.039437 -45.337623 3.275947 179.998011 3.138100
20.581052 150.039455 -45.342375 3.276175 179.998010 3.138211
20.581342 150.039472 -45.347126 3.276404 179.998008 3.138322
20.581632 150.039490 -45.351878 3.276632 179.998007 3.138433
20.581921 150.039508 -45.356629 3.276860 179.998005 3.138544
20.582210 150.039525 -45.361381 3.277089 179.998004 3.138655
20.582498 150.039542 -45.366133 3.277317 179.998002 3.138765
20.582787 150.039560 -45.370884 3.277546 179.998000 3.138876
20.583074 150.039577 -45.375636 3.277774 179.997999 3.138987
20.583362 150.039595 -45.380388 3.278002 179.997997 3.139098
20.583648 150.039612 -45.385139 3.278231 179.997996 3.139208
20.583935 150.039629 -45.389891 3.278459 179.997994 3.139319
20.584221 150.039647 -45.394643 3.278687 179.997993 3.139429
20.584507 150.039664 -45.399395 3.278915 179.997991 3.139540
20.584792 150.039681 -45.404146 3.279144 179.997990 3.139650
20.585077 150.039698 -45.408898 3.279372 179.997988 3.139761
20.585361 150.039715 -45.413650 3.279600 179.997987 3.139871
20.585646 150.039733 -45.418402 3.279828 179.997985 3.139981
20.585929 150.039750 -45.423154 3.280056 179.997984 3.140092
20.586213 150.039767 -45.427906 3.280284 179.997982 3.140202
20.586495 150.039784 -45.432658 3.280512 179.997981 3.140312
20.586778 150.039801 -45.437410 3.280741 179.997979 3.140422
20.587060 150.039818 -45.442162 3.280969 179.997977 3.140533
20.587342 150.039835 -45.446914 3.281197 179.997976 3.140643
20.587623 150.039852 -45.451666 3.281425 179.997974 3.140753
20.587904 150.039869 -45.456418 3.281652 179.997973 3.140863
20.588184 150.039885 -45.461170 3.281880 179.997971 3.140973
20.588465 150.039902 -45.465922 3.282108 179.997970 3.141083
20.588744 150.039919 -45.470675 3.282336 179.997968 3.141193
20.589024 150.039936 -45.475427 3.282564 179.997967 3.141303
20.589302 150.039953 -45.480179 3.282792 179.997965 3.141413
20.589581 150.039969 -45.484931 3.283020 179.997964 3.141522
20.589859 150.039986 -45.489684 3.283247 179.997962 3.141632
20.590137 150.040003 -45.494436 3.283475 179.997961 3.141742
20.590414 150.040019 -45.499188 3.283703 179.997959 3.141852
20.590691 150.040036 -45.503941 3.283931 179.997958 3.141961
20.590968 150.040052 -45.508693 3.284158 179.997956 3.142071
20.591244 150.040069 -45.513445 3.284386 179.997955 3.142181
20.591519 150.040085 -45.518198 3.284614 179.997953 3.142290
20.591795 150.040102 -45.522950 3.284841 179.997952 3.142400
20.592070 150.040118 -45.527703 3.285069 179.997950 3.142509
20.592344 150.040135 -45.532455 3.285297 179.997949 3.142619
20.592618 150.040151 -45.537208 3.285524 179.997947 3.142728
20.592892 150.040168 -45.541960 3.285752 179.997946 3.142837
20.593165 150.040184 -45.546713 3.285979 179.997944 3.142947
20.593438 150.040200 -45.551466 3.286207 179.997943 3.143056
20.593711 150.040216 -45.556218 3.286434 179.997941 3.143165
20.593983 150.040233 -45.560971 3.286662 179.997939 3.143274
20.594254 150.040249 -45.565724 3.286889 179.997938 3.143384
20.594526 150.040265 -45.570476 3.287116 179.997936 3.143493
20.594797 150.040281 -45.575229 3.287344 179.997935 3.143602
20.595067 150.040297 -45.579982 3.287571 179.997933 3.143711
20.595337 150.040313 -45.584735 3.287798 179.997932 3.143820
20.595607 150.040329 -45.589487 3.288026 179.997930 3.143929
20.595876 150.040345 -45.594240 3.288253 179.997929 3.144038
20.596145 150.040361 -45.598993 3.288480 179.997927 3.144147
20.596414 150.040377 -45.603746 3.288707 179.997926 3.144256
20.596682 150.040393 -45.608499 3.288935 179.997924 3.144364
20.596950 150.040409 -45.613252 3.289162 179.997923 3.144473
20.597217 150.040425 -45.618005 3.289389 179.997921 3.144582
20.597484 150.040441 -45.622758 3.289616 179.997920 3.144691
20.597750 150.040457 -45.627511 3.289843 179.997918 3.144799
20.598016 150.040473 -45.632264 3.290070 179.997917 3.144908
20.598282 150.040488 -45.637017 3.290297 179.997915 3.145016
20.598547 150.040504 -45.641770 3.290524 179.997914 3.145125
20.598812 150.040520 -45.646523 3.290751 179.997912 3.145233
20.599077 150.040535 -45.651276 3.290978 179.997911 3.145342
20.599341 150.040551 -45.656029 3.291205 179.997909 3.145450
20.599605 150.040567 -45.660782 3.291432 179.997908 3.145559
20.599868 150.040582 -45.665536 3.291659 179.997906 3.145667
20.600131 150.040598 -45.670289 3.291886 179.997905 3.145775
20.600393 150.040613 -45.675042 3.292113 179.997903 3.145884
20.600656 150.040629 -45.679795 3.292340 179.997902 3.145992
20.600917 150.040644 -45.684549 3.292567 179.997900 3.146100
20.601179 150.040660 -45.689302 3.292794 179.997899 3.146208
20.601439 150.040675 -45.694055 3.293020 179.997897 3.146316
20.601700 150.040690 -45.698809 3.293247 179.997896 3.146424
20.601960 150.040706 -45.703562 3.293474 179.997894 3.146532
20.602220 150.040721 -45.708315 3.293701 179.997893 3.146640
20.602479 150.040736 -45.713069 3.293927 179.997891 3.146748
20.602738 150.040752 -45.717822 3.294154 179.997890 3.146856
20.602996 150.040767 -45.722576 3.294381 179.997888 3.146964
20.603255 150.040782 -45.727329 3.294607 179.997887 3.147072
20.603512 150.040797 -45.732083 3.294834 179.997886 3.147180
20.603770 150.040812 -45.736836 3.295061 179.997884 3.147287
20.604027 150.040827 -45.741590 3.295287 179.997883 3.147395
20.604283 150.040843 -45.746344 3.295514 179.997881 3.147503
20.604539 150.040858 -45.751097 3.295740 179.997880 3.147610
20.604795 150.040873 -45.755851 3.295967 179.997878 3.147718
20.605050 150.040888 -45.760605 3.296193 179.997877 3.147826
20.605305 150.040903 -45.765358 3.296420 179.997875 3.147933
20.605560 150.040917 -45.770112 3.296646 179.997874 3.148041
20.605814 150.040932 -45.774866 3.296872 179.997872 3.148148
20.606067 150.040947 -45.779620 3.297099 179.997871 3.148255
20.606321 150.040962 -45.784373 3.297325 179.997869 3.148363
20.606574 150.040977 -45.789127 3.297552 179.997868 3.148470
20.606826 150.040992 -45.793881 3.297778 179.997866 3.148577
20.607078 150.041006 -45.798635 3.298004 179.997865 3.148684
20.607330 150.041021 -45.803389 3.298230 179.997863 3.148792
20.607581 150.041036 -45.808143 3.298457 179.997862 3.148899
20.607832 150.041050 -45.812897 3.298683 179.997860 3.149006
20.608083 150.041065 -45.817651 3.298909 179.997859 3.149113
20.608333 150.041080 -45.822405 3.299135 179.997857 3.149220
20.608582 150.041094 -45.827159 3.299361 179.997856 3.149327
20.608832 150.041109 -45.831913 3.299588 179.997854 3.149434
20.609081 150.041123 -45.836667 3.299814 179.997853 3.149541
20.609329 150.041138 -45.841421 3.300040 179.997851 3.149647
20.609577 150.041152 -45.846175 3.300266 179.997850 3.149754
20.609825 150.041167 -45.850929 3.300492 179.997849 3.149861
20.610072 150.041181 -45.855683 3.300718 179.997847 3.149968
20.610319 150.041195 -45.860437 3.300944 179.997846 3.150074
20.610566 150.041210 -45.865191 3.301170 179.997844 3.150181
20.610812 150.041224 -45.869946 3.301396 179.997843 3.150288
20.611057 150.041238 -45.874700 3.301622 179.997841 3.150394
20.611303 150.041253 -45.879454 3.301848 179.997840 3.150501
20.611548 150.041267 -45.884208 3.302074 179.997838 3.150607
20.611792 150.041281 -45.888963 3.302300 179.997837 3.150714
20.612036 150.041295 -45.893717 3.302525 179.997835 3.150820
20.612280 150.041309 -45.898471 3.302751 179.997834 3.150926
20.612523 150.041323 -45.903226 3.302977 179.997832 3.151033
20.612766 150.041337 -45.907980 3.303203 179.997831 3.151139
20.613009 150.041351 -45.912735 3.303429 179.997829 3.151245
20.613251 150.041365 -45.917489 3.303654 179.997828 3.151351
20.613493 150.041379 -45.922243 3.303880 179.997827 3.151457
20.613734 150.041393 -45.926998 3.304106 179.997825 3.151563
20.613975 150.041407 -45.931752 3.304331 179.997824 3.151669
20.614215 150.041421 -45.936507 3.304557 179.997822 3.151775
20.614455 150.041435 -45.941261 3.304783 179.997821 3.151881
20.614695 150.041449 -45.946016 3.305008 179.997819 3.151987
20.614934 150.041463 -45.950771 3.305234 179.997818 3.152093
20.615173 150.041476 -45.955525 3.305459 179.997816 3.152199
20.615412 150.041490 -45.960280 3.305685 179.997815 3.152305
20.615650 150.041504 -45.965035 3.305910 179.997813 3.152411
20.615888 150.041517 -45.969789 3.306136 179.997812 3.152516
20.616125 150.041531 -45.974544 3.306361 179.997811 3.152622
20.616362 150.041545 -45.979299 3.306587 179.997809 3.152727
20.616599 150.041558 -45.984053 3.306812 179.997808 3.152833
20.616835 150.041572 -45.988808 3.307038 179.997806 3.152939
20.617070 150.041585 -45.993563 3.307263 179.997805 3.153044
20.617306 150.041599 -45.998318 3.307488 179.997803 3.153149
20.617541 150.041612 -46.003073 3.307714 179.997802 3.153255
20.617775 150.041626 -46.007827 3.307939 179.997800 3.153360
20.618009 150.041639 -46.012582 3.308164 179.997799 3.153465
20.618243 150.041653 -46.017337 3.308390 179.997797 3.153571
20.618476 150.041666 -46.022092 3.308615 179.997796 3.153676
20.618709 150.041679 -46.026847 3.308840 179.997795 3.153781
20.618942 150.041693 -46.031602 3.309065 179.997793 3.153886
20.619174 150.041706 -46.036357 3.309291 179.997792 3.153991
20.619406 150.041719 -46.041112 3.309516 179.997790 3.154096
20.619637 150.041732 -46.045867 3.309741 179.997789 3.154201
20.619868 150.041746 -46.050622 3.309966 179.997787 3.154306
20.620099 150.041759 -46.055377 3.310191 179.997786 3.154411
20.620329 150.041772 -46.060132 3.310416 179.997784 3.154516
20.620559 150.041785 -46.064887 3.310641 179.997783 3.154621
20.620788 150.041798 -46.069643 3.310866 179.997782 3.154726
20.621017 150.041811 -46.074398 3.311091 179.997780 3.154830
20.621246 150.041824 -46.079153 3.311316 179.997779 3.154935
20.621474 150.041837 -46.083908 3.311541 179.997777 3.155040
20.621702 150.041850 -46.088663 3.311766 179.997776 3.155144
20.621929 150.041863 -46.093419 3.311991 179.997774 3.155249
20.622156 150.041876 -46.098174 3.312216 179.997773 3.155353
20.622383 150.041889 -46.102929 3.312441 179.997772 3.155458
20.622609 150.041901 -46.107684 3.312666 179.997770 3.155562
20.622834 150.041914 -46.112440 3.312891 179.997769 3.155667
20.623060 150.041927 -46.117195 3.313116 179.997767 3.155771
20.623285 150.041940 -46.121950 3.313340 179.997766 3.155875
20.623509 150.041952 -46.126706 3.313565 179.997764 3.155979
20.623734 150.041965 -46.131461 3.313790 179.997763 3.156084
20.623958 150.041978 -46.136217 3.314015 179.997762 3.156188
20.624181 150.041990 -46.140972 3.314240 179.997760 3.156292
20.624404 150.042003 -46.145728 3.314464 179.997759 3.156396
20.624627 150.042015 -46.150483 3.314689 179.997757 3.156500
20.624849 150.042028 -46.155239 3.314914 179.997756 3.156604
20.625071 150.042041 -46.159994 3.315138 179.997754 3.156708
20.625292 150.042053 -46.164750 3.315363 179.997753 3.156812
20.625513 150.042065 -46.169505 3.315587 179.997752 3.156916
20.625734 150.042078 -46.174261 3.315812 179.997750 3.157019
20.625954 150.042090 -46.179016 3.316037 179.997749 3.157123
20.626174 150.042103 -46.183772 3.316261 179.997747 3.157227
20.626393 150.042115 -46.188528 3.316486 179.997746 3.157330
20.626612 150.042127 -46.193283 3.316710 179.997744 3.157434
20.626831 150.042140 -46.198039 3.316935 179.997743 3.157538
20.627049 150.042152 -46.202795 3.317159 179.997742 3.157641
20.627267 150.042164 -46.207551 3.317383 179.997740 3.157744
20.627484 150.042176 -46.212306 3.317608 179.997739 3.157848
20.627702 150.042188 -46.217062 3.317832 179.997737 3.157951
20.627918 150.042200 -46.221818 3.318057 179.997736 3.158055
20.628134 150.042213 -46.226574 3.318281 179.997734 3.158158
20.628350 150.042225 -46.231330 3.318505 179.997733 3.158261
20.628566 150.042237 -46.236085 3.318730 179.997732 3.158364
20.628781 150.042249 -46.240841 3.318954 179.997730 3.158467
20.628996 150.042261 -46.245597 3.319178 179.997729 3.158571
20.629210 150.042273 -46.250353 3.319402 179.997727 3.158674
20.629424 150.042284 -46.255109 3.319627 179.997726 3.158777
20.629637 150.042296 -46.259865 3.319851 179.997725 3.158879
20.629850 150.042308 -46.264621 3.320075 179.997723 3.158982
20.630063 150.042320 -46.269377 3.320299 179.997722 3.159085
20.630275 150.042332 -46.274133 3.320523 179.997720 3.159188
20.630487 150.042344 -46.278889 3.320748 179.997719 3.159291
20.630699 150.042355 -46.283645 3.320972 179.997718 3.159394
20.630910 150.042367 -46.288401 3.321196 179.997716 3.159496
20.631121 150.042379 -46.293157 3.321420 179.997715 3.159599
20.631331 150.042390 -46.297913 3.321644 179.997713 3.159701
20.631541 150.042402 -46.302670 3.321868 179.997712 3.159804
20.631751 150.042414 -46.307426 3.322092 179.997711 3.159906
20.631960 150.042425 -46.312182 3.322316 179.997709 3.160009
20.632169 150.042437 -46.316938 3.322540 179.997708 3.160111
20.632377 150.042448 -46.321694 3.322764 179.997706 3.160214
20.632585 150.042460 -46.326451 3.322988 179.997705 3.160316
20.632792 150.042471 -46.331207 3.323212 179.997704 3.160418
20.633000 150.042483 -46.335963 3.323435 179.997702 3.160520
20.633206 150.042494 -46.340719 3.323659 179.997701 3.160622
20.633413 150.042505 -46.345476 3.323883 179.997699 3.160725
20.633619 150.042517 -46.350232 3.324107 179.997698 3.160827
20.633824 150.042528 -46.354988 3.324331 179.997697 3.160929
20.634030 150.042539 -46.359745 3.324555 179.997695 3.161031
20.634234 150.042551 -46.364501 3.324778 179.997694 3.161132
20.634439 150.042562 -46.369258 3.325002 179.997692 3.161234
20.634643 150.042573 -46.374014 3.325226 179.997691 3.161336
20.634846 150.042584 -46.378770 3.325449 179.997690 3.161438
