-19.707096 151.665659 -41.670508 6.956039 183.800450 -0.601628
-19.706983 151.665475 -41.666558 6.955459 183.797862 -0.601418
-19.706869 151.665292 -41.662609 6.954879 183.795273 -0.601208
-19.706756 151.665108 -41.658659 6.954299 183.792686 -0.600998
-19.706642 151.664924 -41.654709 6.953719 183.790098 -0.600788
-19.706529 151.664740 -41.650758 6.953139 183.787511 -0.600578
-19.706416 151.664556 -41.646808 6.952558 183.784924 -0.600368
-19.706302 151.664372 -41.642857 6.951978 183.782338 -0.600158
-19.706189 151.664188 -41.638906 6.951397 183.779752 -0.599947
-19.706076 151.664003 -41.634955 6.950817 183.777166 -0.599737
-19.705963 151.663819 -41.631003 6.950236 183.774581 -0.599527
-19.705850 151.663635 -41.627051 6.949655 183.771996 -0.599317
-19.705737 151.663451 -41.623100 6.949074 183.769411 -0.599106
-19.705624 151.663267 -41.619147 6.948493 183.766827 -0.598896
-19.705511 151.663082 -41.615195 6.947912 183.764243 -0.598686
-19.705399 151.662898 -41.611243 6.947331 183.761659 -0.598475
-19.705286 151.662714 -41.607290 6.946750 183.759076 -0.598265
-19.705173 151.662529 -41.603337 6.946168 183.756493 -0.598054
-19.705061 151.662345 -41.599384 6.945587 183.753910 -0.597844
-19.704948 151.662160 -41.595430 6.945005 183.751328 -0.597633
-19.704835 151.661976 -41.591477 6.944424 183.748746 -0.597423
-19.704723 151.661791 -41.587523 6.943842 183.746165 -0.597212
-19.704611 151.661607 -41.583569 6.943260 183.743583 -0.597002
-19.704498 151.661422 -41.579615 6.942678 183.741003 -0.596791
-19.704386 151.661237 -41.575660 6.942096 183.738422 -0.596581
-19.704274 151.661053 -41.571706 6.941513 183.735842 -0.596370
-19.704161 151.660868 -41.567751 6.940931 183.733262 -0.596160
-19.704049 151.660683 -41.563796 6.940349 183.730683 -0.595949
-19.703937 151.660499 -41.559841 6.939766 183.728104 -0.595738
-19.703825 151.660314 -41.555885 6.939184 183.725525 -0.595528
-19.703713 151.660129 -41.551929 6.938601 183.722947 -0.595317
-19.703601 151.659944 -41.547973 6.938018 183.720369 -0.595106
-19.703489 151.659759 -41.544017 6.937435 183.717791 -0.594895
-19.703378 151.659574 -41.540061 6.936852 183.715214 -0.594685
-19.703266 151.659389 -41.536104 6.936269 183.712637 -0.594474
-19.703154 151.659204 -41.532147 6.935686 183.710060 -0.594263
-19.703042 151.659019 -41.528190 6.935103 183.707484 -0.594052
-19.702931 151.658834 -41.524233 6.934519 183.704908 -0.593841
-19.702819 151.658649 -41.520276 6.933936 183.702333 -0.593630
-19.702708 151.658464 -41.516318 6.933352 183.699758 -0.593419
-19.702596 151.658279 -41.512360 6.932768 183.697183 -0.593208
-19.702485 151.658093 -41.508402 6.932184 183.694608 -0.592998
-19.702374 151.657908 -41.504444 6.931600 183.692034 -0.592787
-19.702263 151.657723 -41.500485 6.931016 183.689461 -0.592576
-19.702151 151.657537 -41.496527 6.930432 183.686887 -0.592364
-19.702040 151.657352 -41.492568 6.929848 183.684314 -0.592153
-19.701929 151.657167 -41.488609 6.929264 183.681742 -0.591942
-19.701818 151.656981 -41.484649 6.928679 183.679169 -0.591731
-19.701707 151.656796 -41.480690 6.928095 183.676597 -0.591520
-19.701596 151.656610 -41.476730 6.927510 183.674026 -0.591309
-19.701485 151.656425 -41.472770 6.926925 183.671454 -0.591098
-19.701374 151.656239 -41.468809 6.926341 183.668884 -0.590887
-19.701264 151.656054 -41.464849 6.925756 183.666313 -0.590675
-19.701153 151.655868 -41.460888 6.925171 183.663743 -0.590464
-19.701042 151.655682 -41.456927 6.924585 183.661173 -0.590253
-19.700932 151.655497 -41.452966 6.924000 183.658604 -0.590042
-19.700821 151.655311 -41.449005 6.923415 183.656035 -0.589830
-19.700711 151.655125 -41.445043 6.922829 183.653466 -0.589619
-19.700600 151.654939 -41.441082 6.922244 183.650898 -0.589408
-19.700490 151.654753 -41.437120 6.921658 183.648330 -0.589196
-19.700380 151.654567 -41.433157 6.921072 183.645762 -0.588985
-19.700269 151.654382 -41.429195 6.920487 183.643195 -0.588773
-19.700159 151.654196 -41.425232 6.919901 183.640628 -0.588562
-19.700049 151.654010 -41.421269 6.919315 183.638061 -0.588350
-19.699939 151.653824 -41.417306 6.918728 183.635495 -0.588139
-19.699829 151.653638 -41.413343 6.918142 183.632929 -0.587927
-19.699719 151.653451 -41.409380 6.917556 183.630364 -0.587716
-19.699609 151.653265 -41.405416 6.916969 183.627799 -0.587504
-19.699499 151.653079 -41.401452 6.916383 183.625234 -0.587293
-19.699390 151.652893 -41.397488 6.915796 183.622670 -0.587081
-19.699280 151.652707 -41.393523 6.915209 183.620106 -0.586870
-19.699170 151.652520 -41.389559 6.914622 183.617542 -0.586658
-19.699061 151.652334 -41.385594 6.914035 183.614979 -0.586446
-19.698951 151.652148 -41.381629 6.913448 183.612416 -0.586235
-19.698842 151.651961 -41.377663 6.912861 183.609853 -0.586023
-19.698732 151.651775 -41.373698 6.912274 183.607291 -0.585811
-19.698623 151.651589 -41.369732 6.911687 183.604729 -0.585599
-19.698513 151.651402 -41.365766 6.911099 183.602168 -0.585388
-19.698404 151.651216 -41.361800 6.910512 183.599607 -0.585176
-19.698295 151.651029 -41.357834 6.909924 183.597046 -0.584964
-19.698186 151.650843 -41.353867 6.909336 183.594486 -0.584752
-19.698077 151.650656 -41.349900 6.908748 183.591926 -0.584540
-19.697968 151.650469 -41.345933 6.908160 183.589366 -0.584328
-19.697859 151.650283 -41.341966 6.907572 183.586807 -0.584116
-19.697750 151.650096 -41.337999 6.906984 183.584248 -0.583904
-19.697641 151.649909 -41.334031 6.906396 183.581689 -0.583692
-19.697532 151.649722 -41.330063 6.905807 183.579131 -0.583480
-19.697423 151.649536 -41.326095 6.905219 183.576573 -0.583268
-19.697315 151.649349 -41.322126 6.904630 183.574016 -0.583056
-19.697206 151.649162 -41.318158 6.904041 183.571459 -0.582844
-19.697097 151.648975 -41.314189 6.903453 183.568902 -0.582632
-19.696989 151.648788 -41.310220 6.902864 183.566346 -0.582420
-19.696880 151.648601 -41.306251 6.902275 183.563790 -0.582208
-19.696772 151.648414 -41.302281 6.901686 183.561234 -0.581996
-19.696664 151.648227 -41.298312 6.901096 183.558679 -0.581784
-19.696555 151.648040 -41.294342 6.900507 183.556124 -0.581571
-19.696447 151.647853 -41.290372 6.899918 183.553570 -0.581359
-19.696339 151.647665 -41.286401 6.899328 183.551016 -0.581147
-19.696231 151.647478 -41.282431 6.898739 183.548462 -0.580935
-19.696123 151.647291 -41.278460 6.898149 183.545909 -0.580722
-19.696015 151.647104 -41.274489 6.897559 183.543356 -0.580510
-19.695907 151.646916 -41.270518 6.896969 183.540803 -0.580298
-19.695799 151.646729 -41.266546 6.896379 183.538251 -0.580085
-19.695691 151.646542 -41.262574 6.895789 183.535699 -0.579873
-19.695584 151.646354 -41.258602 6.895199 183.533147 -0.579661
-19.695476 151.646167 -41.254630 6.894608 183.530596 -0.579448
-19.695368 151.645979 -41.250658 6.894018 183.528045 -0.579236
-19.695261 151.645792 -41.246685 6.893427 183.525495 -0.579023
-19.695153 151.645604 -41.242713 6.892837 183.522945 -0.578811
-19.695046 151.645417 -41.238739 6.892246 183.520395 -0.578598
-19.694938 151.645229 -41.234766 6.891655 183.517846 -0.578386
-19.694831 151.645041 -41.230793 6.891064 183.515297 -0.578173
-19.694724 151.644854 -41.226819 6.890473 183.512749 -0.577961
-19.694617 151.644666 -41.222845 6.889882 183.510200 -0.577748
-19.694510 151.644478 -41.218871 6.889291 183.507653 -0.577535
-19.694402 151.644290 -41.214897 6.888700 183.505105 -0.577323
-19.694295 151.644102 -41.210922 6.888108 183.502558 -0.577110
-19.694188 151.643915 -41.206947 6.887517 183.500011 -0.576897
-19.694082 151.643727 -41.202972 6.886925 183.497465 -0.576685
-19.693975 151.643539 -41.198997 6.886333 183.494919 -0.576472
-19.693868 151.643351 -41.195021 6.885741 183.492374 -0.576259
-19.693761 151.643163 -41.191045 6.885149 183.489829 -0.576046
-19.693655 151.642975 -41.187070 6.884557 183.487284 -0.575834
-19.693548 151.642787 -41.183093 6.883965 183.484739 -0.575621
-19.693441 151.642598 -41.179117 6.883373 183.482195 -0.575408
-19.693335 151.642410 -41.175140 6.882780 183.479652 -0.575195
-19.693228 151.642222 -41.171163 6.882188 183.477108 -0.574982
-19.693122 151.642034 -41.167186 6.881595 183.474565 -0.574769
-19.693016 151.641846 -41.163209 6.881003 183.472023 -0.574556
-19.692910 151.641657 -41.159231 6.880410 183.469481 -0.574343
-19.692803 151.641469 -41.155254 6.879817 183.466939 -0.574130
-19.692697 151.641281 -41.151276 6.879224 183.464398 -0.573917
-19.692591 151.641092 -41.147297 6.878631 183.461857 -0.573704
-19.692485 151.640904 -41.143319 6.878038 183.459316 -0.573491
-19.692379 151.640715 -41.139340 6.877444 183.456776 -0.573278
-19.692273 151.640527 -41.135361 6.876851 183.454236 -0.573065
-19.692168 151.640338 -41.131382 6.876258 183.451696 -0.572852
-19.692062 151.640150 -41.127403 6.875664 183.449157 -0.572639
-19.691956 151.639961 -41.123423 6.875070 183.446618 -0.572425
-19.691851 151.639772 -41.119444 6.874476 183.444080 -0.572212
-19.691745 151.639584 -41.115464 6.873883 183.441542 -0.571999
-19.691640 151.639395 -41.111483 6.873289 183.439004 -0.571786
-19.691534 151.639206 -41.107503 6.872694 183.436467 -0.571573
-19.691429 151.639017 -41.103522 6.872100 183.433930 -0.571359
-19.691323 151.638829 -41.099541 6.871506 183.431394 -0.571146
-19.691218 151.638640 -41.095560 6.870911 183.428858 -0.570933
-19.691113 151.638451 -41.091579 6.870317 183.426322 -0.570719
-19.691008 151.638262 -41.087597 6.869722 183.423787 -0.570506
-19.690903 151.638073 -41.083615 6.869128 183.421252 -0.570293
-19.690798 151.637884 -41.079633 6.868533 183.418717 -0.570079
-19.690693 151.637695 -41.075651 6.867938 183.416183 -0.569866
-19.690588 151.637506 -41.071668 6.867343 183.413649 -0.569652
-19.690483 151.637317 -41.067685 6.866748 183.411116 -0.569439
-19.690378 151.637128 -41.063702 6.866152 183.408583 -0.569225
-19.690274 151.636938 -41.059719 6.865557 183.406050 -0.569012
-19.690169 151.636749 -41.055736 6.864962 183.403518 -0.568798
-19.690064 151.636560 -41.051752 6.864366 183.400986 -0.568585
-19.689960 151.636371 -41.047768 6.863770 183.398455 -0.568371
-19.689855 151.636181 -41.043784 6.863175 183.395924 -0.568157
-19.689751 151.635992 -41.039799 6.862579 183.393393 -0.567944
-19.689647 151.635803 -41.035815 6.861983 183.390862 -0.567730
-19.689543 151.635613 -41.031830 6.861387 183.388333 -0.567516
-19.689438 151.635424 -41.027845 6.860791 183.385803 -0.567303
-19.689334 151.635234 -41.023860 6.860194 183.383274 -0.567089
-19.689230 151.635045 -41.019874 6.859598 183.380745 -0.566875
-19.689126 151.634855 -41.015888 6.859001 183.378217 -0.566661
-19.689022 151.634665 -41.011902 6.858405 183.375689 -0.566448
-19.688918 151.634476 -41.007916 6.857808 183.373161 -0.566234
-19.688815 151.634286 -41.003930 6.857211 183.370634 -0.566020
-19.688711 151.634096 -40.999943 6.856615 183.368107 -0.565806
-19.688607 151.633907 -40.995956 6.856018 183.365580 -0.565592
-19.688503 151.633717 -40.991969 6.855420 183.363054 -0.565378
-19.688400 151.633527 -40.987982 6.854823 183.360529 -0.565164
-19.688296 151.633337 -40.983994 6.854226 183.358003 -0.564950
-19.688193 151.633147 -40.980006 6.853629 183.355478 -0.564736
-19.688090 151.632957 -40.976018 6.853031 183.352954 -0.564522
-19.687986 151.632767 -40.972030 6.852433 183.350430 -0.564308
-19.687883 151.632577 -40.968041 6.851836 183.347906 -0.564094
-19.687780 151.632387 -40.964052 6.851238 183.345382 -0.563880
-19.687677 151.632197 -40.960063 6.850640 183.342860 -0.563666
-19.687574 151.632007 -40.956074 6.850042 183.340337 -0.563452
-19.687471 151.631817 -40.952085 6.849444 183.337815 -0.563238
-19.687368 151.631627 -40.948095 6.848846 183.335293 -0.563024
-19.687265 151.631436 -40.944105 6.848247 183.332771 -0.562810
-19.687162 151.631246 -40.940115 6.847649 183.330250 -0.562595
-19.687059 151.631056 -40.936125 6.847050 183.327730 -0.562381
-19.686957 151.630866 -40.932134 6.846452 183.325210 -0.562167
-19.686854 151.630675 -40.928143 6.845853 183.322690 -0.561953
-19.686752 151.630485 -40.924152 6.845254 183.320170 -0.561738
-19.686649 151.630294 -40.920161 6.844655 183.317651 -0.561524
-19.686547 151.630104 -40.916169 6.844056 183.315132 -0.561310
-19.686444 151.629913 -40.912177 6.843457 183.312614 -0.561095
-19.686342 151.629723 -40.908185 6.842858 183.310096 -0.560881
-19.686240 151.629532 -40.904193 6.842258 183.307579 -0.560666
-19.686138 151.629342 -40.900200 6.841659 183.305062 -0.560452
-19.686036 151.629151 -40.896208 6.841059 183.302545 -0.560238
-19.685934 151.628960 -40.892215 6.840460 183.300029 -0.560023
-19.685832 151.628770 -40.888222 6.839860 183.297513 -0.559809
-19.685730 151.628579 -40.884228 6.839260 183.294997 -0.559594
-19.685628 151.628388 -40.880234 6.838660 183.292482 -0.559380
-19.685526 151.628197 -40.876241 6.838060 183.289967 -0.559165
-19.685425 151.628006 -40.872246 6.837460 183.287453 -0.558950
-19.685323 151.627815 -40.868252 6.836859 183.284939 -0.558736
-19.685221 151.627624 -40.864257 6.836259 183.282425 -0.558521
-19.685120 151.627433 -40.860263 6.835659 183.279912 -0.558307
-19.685018 151.627242 -40.856268 6.835058 183.277399 -0.558092
-19.684917 151.627051 -40.852272 6.834457 183.274887 -0.557877
-19.684816 151.626860 -40.848277 6.833856 183.272375 -0.557662
-19.684715 151.626669 -40.844281 6.833255 183.269864 -0.557448
-19.684613 151.626478 -40.840285 6.832654 183.267352 -0.557233
-19.684512 151.626287 -40.836289 6.832053 183.264842 -0.557018
-19.684411 151.626096 -40.832292 6.831452 183.262331 -0.556803
-19.684310 151.625904 -40.828295 6.830851 183.259821 -0.556588
-19.684209 151.625713 -40.824298 6.830249 183.257312 -0.556374
-19.684109 151.625522 -40.820301 6.829648 183.254803 -0.556159
-19.684008 151.625330 -40.816304 6.829046 183.252294 -0.555944
-19.683907 151.625139 -40.812306 6.828444 183.249785 -0.555729
-19.683806 151.624947 -40.808308 6.827843 183.247277 -0.555514
-19.683706 151.624756 -40.804310 6.827241 183.244770 -0.555299
-19.683605 151.624564 -40.800312 6.826639 183.242263 -0.555084
-19.683505 151.624373 -40.796313 6.826036 183.239756 -0.554869
-19.683405 151.624181 -40.792314 6.825434 183.237250 -0.554654
-19.683304 151.623990 -40.788315 6.824832 183.234744 -0.554439
-19.683204 151.623798 -40.784316 6.824229 183.232238 -0.554224
-19.683104 151.623606 -40.780316 6.823627 183.229733 -0.554009
-19.683004 151.623414 -40.776316 6.823024 183.227228 -0.553794
-19.682904 151.623223 -40.772316 6.822421 183.224724 -0.553579
-19.682804 151.623031 -40.768316 6.821818 183.222220 -0.553363
-19.682704 151.622839 -40.764315 6.821215 183.219716 -0.553148
-19.682604 151.622647 -40.760315 6.820612 183.217213 -0.552933
-19.682504 151.622455 -40.756314 6.820009 183.214711 -0.552718
-19.682405 151.622263 -40.752312 6.819406 183.212208 -0.552503
-19.682305 151.622071 -40.748311 6.818802 183.209706 -0.552287
-19.682206 151.621879 -40.744309 6.818199 183.207205 -0.552072
-19.682106 151.621687 -40.740307 6.817595 183.204704 -0.551857
-19.682007 151.621495 -40.736305 6.816992 183.202203 -0.551641
-19.681907 151.621303 -40.732303 6.816388 183.199703 -0.551426
-19.681808 151.621111 -40.728300 6.815784 183.197203 -0.551211
-19.681709 151.620918 -40.724297 6.815180 183.194703 -0.550995
-19.681610 151.620726 -40.720294 6.814576 183.192204 -0.550780
-19.681511 151.620534 -40.716290 6.813971 183.189706 -0.550564
-19.681412 151.620342 -40.712287 6.813367 183.187208 -0.550349
-19.681313 151.620149 -40.708283 6.812763 183.184710 -0.550133
-19.681214 151.619957 -40.704279 6.812158 183.182212 -0.549918
-19.681115 151.619764 -40.700274 6.811553 183.179715 -0.549702
-19.681016 151.619572 -40.696270 6.810949 183.177219 -0.549487
-19.680918 151.619379 -40.692265 6.810344 183.174723 -0.549271
-19.680819 151.619187 -40.688260 6.809739 183.172227 -0.549055
-19.680721 151.618994 -40.684254 6.809134 183.169732 -0.548840
-19.680622 151.618802 -40.680249 6.808529 183.167237 -0.548624
-19.680524 151.618609 -40.676243 6.807923 183.164742 -0.548409
-19.680425 151.618416 -40.672237 6.807318 183.162248 -0.548193
-19.680327 151.618223 -40.668231 6.806712 183.159754 -0.547977
-19.680229 151.618031 -40.664224 6.806107 183.157261 -0.547761
-19.680131 151.617838 -40.660217 6.805501 183.154768 -0.547546
-19.680033 151.617645 -40.656210 6.804895 183.152276 -0.547330
-19.679935 151.617452 -40.652203 6.804289 183.149784 -0.547114
-19.679837 151.617259 -40.648195 6.803683 183.147292 -0.546898
-19.679739 151.617066 -40.644188 6.803077 183.144801 -0.546682
-19.679641 151.616873 -40.640180 6.802471 183.142310 -0.546467
-19.679544 151.616680 -40.636171 6.801865 183.139820 -0.546251
-19.679446 151.616487 -40.632163 6.801258 183.137330 -0.546035
-19.679349 151.616294 -40.628154 6.800652 183.134840 -0.545819
-19.679251 151.616101 -40.624145 6.800045 183.132351 -0.545603
-19.679154 151.615908 -40.620136 6.799438 183.129863 -0.545387
-19.679057 151.615715 -40.616127 6.798831 183.127374 -0.545171
-19.678959 151.615521 -40.612117 6.798225 183.124887 -0.544955
-19.678862 151.615328 -40.608107 6.797617 183.122399 -0.544739
-19.678765 151.615135 -40.604097 6.797010 183.119912 -0.544523
-19.678668 151.614941 -40.600086 6.796403 183.117426 -0.544307
-19.678571 151.614748 -40.596076 6.795796 183.114939 -0.544091
-19.678474 151.614554 -40.592065 6.795188 183.112454 -0.543874
-19.678377 151.614361 -40.588053 6.794581 183.109968 -0.543658
-19.678281 151.614167 -40.584042 6.793973 183.107483 -0.543442
-19.678184 151.613974 -40.580030 6.793365 183.104999 -0.543226
-19.678087 151.613780 -40.576018 6.792757 183.102515 -0.543010
-19.677991 151.613587 -40.572006 6.792149 183.100031 -0.542793
-19.677894 151.613393 -40.567994 6.791541 183.097548 -0.542577
-19.677798 151.613199 -40.563981 6.790933 183.095065 -0.542361
-19.677702 151.613006 -40.559968 6.790325 183.092583 -0.542145
-19.677605 151.612812 -40.555955 6.789716 183.090101 -0.541928
-19.677509 151.612618 -40.551942 6.789108 183.087620 -0.541712
-19.677413 151.612424 -40.547928 6.788499 183.085139 -0.541495
-19.677317 151.612230 -40.543914 6.787890 183.082658 -0.541279
-19.677221 151.612036 -40.539900 6.787281 183.080178 -0.541063
-19.677125 151.611842 -40.535886 6.786672 183.077698 -0.540846
-19.677029 151.611648 -40.531871 6.786063 183.075218 -0.540630
-19.676934 151.611454 -40.527856 6.785454 183.072740 -0.540413
-19.676838 151.611260 -40.523841 6.784845 183.070261 -0.540197
-19.676742 151.611066 -40.519826 6.784236 183.067783 -0.539980
-19.676647 151.610872 -40.515810 6.783626 183.065305 -0.539764
-19.676551 151.610678 -40.511794 6.783016 183.062828 -0.539547
-19.676456 151.610484 -40.507778 6.782407 183.060351 -0.539331
-19.676361 151.610289 -40.503762 6.781797 183.057875 -0.539114
-19.676266 151.610095 -40.499745 6.781187 183.055399 -0.538897
-19.676170 151.609901 -40.495728 6.780577 183.052923 -0.538681
-19.676075 151.609706 -40.491711 6.779967 183.050448 -0.538464
-19.675980 151.609512 -40.487694 6.779357 183.047974 -0.538247
-19.675885 151.609317 -40.483676 6.778746 183.045500 -0.538031
-19.675791 151.609123 -40.479658 6.778136 183.043026 -0.537814
-19.675696 151.608928 -40.475640 6.777525 183.040552 -0.537597
-19.675601 151.608734 -40.471622 6.776915 183.038080 -0.537380
-19.675506 151.608539 -40.467603 6.776304 183.035607 -0.537163
-19.675412 151.608345 -40.463584 6.775693 183.033135 -0.536947
-19.675317 151.608150 -40.459565 6.775082 183.030663 -0.536730
-19.675223 151.607955 -40.455546 6.774471 183.028192 -0.536513
-19.675129 151.607761 -40.451526 6.773860 183.025721 -0.536296
-19.675034 151.607566 -40.447507 6.773249 183.023251 -0.536079
-19.674940 151.607371 -40.443486 6.772637 183.020781 -0.535862
-19.674846 151.607176 -40.439466 6.772026 183.018312 -0.535645
-19.674752 151.606981 -40.435445 6.771414 183.015843 -0.535428
-19.674658 151.606786 -40.431425 6.770803 183.013374 -0.535211
-19.674564 151.606591 -40.427404 6.770191 183.010906 -0.534994
-19.674470 151.606396 -40.423382 6.769579 183.008438 -0.534777
-19.674377 151.606201 -40.419361 6.768967 183.005971 -0.534560
-19.674283 151.606006 -40.415339 6.768355 183.003504 -0.534343
-19.674189 151.605811 -40.411317 6.767743 183.001038 -0.534126
-19.674096 151.605616 -40.407294 6.767130 182.998572 -0.533909
-19.674002 151.605421 -40.403272 6.766518 182.996107 -0.533692
-19.673909 151.605225 -40.399249 6.765905 182.993642 -0.533474
-19.673816 151.605030 -40.395226 6.765293 182.991177 -0.533257
-19.673723 151.604835 -40.391202 6.764680 182.988713 -0.533040
-19.673630 151.604639 -40.387179 6.764067 182.986249 -0.532823
-19.673536 151.604444 -40.383155 6.763454 182.983786 -0.532605
-19.673444 151.604249 -40.379131 6.762841 182.981323 -0.532388
-19.673351 151.604053 -40.375106 6.762228 182.978860 -0.532171
-19.673258 151.603858 -40.371082 6.761614 182.976398 -0.531954
-19.673165 151.603662 -40.367057 6.761001 182.973937 -0.531736
-19.673072 151.603466 -40.363032 6.760388 182.971476 -0.531519
-19.672980 151.603271 -40.359006 6.759774 182.969015 -0.531301
-19.672887 151.603075 -40.354981 6.759160 182.966555 -0.531084
-19.672795 151.602879 -40.350955 6.758546 182.964095 -0.530867
-19.672702 151.602684 -40.346929 6.757933 182.961636 -0.530649
-19.672610 151.602488 -40.342902 6.757319 182.959177 -0.530432
-19.672518 151.602292 -40.338875 6.756704 182.956719 -0.530214
-19.672426 151.602096 -40.334849 6.756090 182.954261 -0.529997
-19.672334 151.601900 -40.330821 6.755476 182.951803 -0.529779
-19.672242 151.601704 -40.326794 6.754861 182.949346 -0.529561
-19.672150 151.601508 -40.322766 6.754247 182.946889 -0.529344
-19.672058 151.601312 -40.318738 6.753632 182.944433 -0.529126
-19.671966 151.601116 -40.314710 6.753017 182.941978 -0.528909
-19.671875 151.600920 -40.310682 6.752402 182.939522 -0.528691
-19.671783 151.600724 -40.306653 6.751787 182.937067 -0.528473
-19.671692 151.600528 -40.302624 6.751172 182.934613 -0.528256
-19.671600 151.600332 -40.298595 6.750557 182.932159 -0.528038
-19.671509 151.600136 -40.294565 6.749942 182.929706 -0.527820
-19.671418 151.599939 -40.290536 6.749326 182.927252 -0.527602
-19.671326 151.599743 -40.286506 6.748711 182.924800 -0.527385
-19.671235 151.599547 -40.282476 6.748095 182.922348 -0.527167
-19.671144 151.599350 -40.278445 6.747480 182.919896 -0.526949
-19.671053 151.599154 -40.274414 6.746864 182.917445 -0.526731
-19.670962 151.598957 -40.270383 6.746248 182.914994 -0.526513
-19.670872 151.598761 -40.266352 6.745632 182.912544 -0.526295
-19.670781 151.598564 -40.262321 6.745016 182.910094 -0.526077
-19.670690 151.598368 -40.258289 6.744399 182.907644 -0.525860
-19.670600 151.598171 -40.254257 6.743783 182.905195 -0.525642
-19.670509 151.597975 -40.250224 6.743167 182.902747 -0.525424
-19.670419 151.597778 -40.246192 6.742550 182.900299 -0.525206
-19.670328 151.597581 -40.242159 6.741933 182.897851 -0.524988
-19.670238 151.597384 -40.238126 6.741316 182.895404 -0.524770
-19.670148 151.597188 -40.234093 6.740700 182.892957 -0.524551
-19.670058 151.596991 -40.230059 6.740083 182.890511 -0.524333
-19.669968 151.596794 -40.226025 6.739465 182.888065 -0.524115
-19.669878 151.596597 -40.221991 6.738848 182.885620 -0.523897
-19.669788 151.596400 -40.217957 6.738231 182.883175 -0.523679
-19.669698 151.596203 -40.213922 6.737613 182.880730 -0.523461
-19.669609 151.596006 -40.209887 6.736996 182.878286 -0.523243
-19.669519 151.595809 -40.205852 6.736378 182.875843 -0.523024
-19.669429 151.595612 -40.201817 6.735760 182.873400 -0.522806
-19.669340 151.595414 -40.197781 6.735143 182.870957 -0.522588
-19.669251 151.595217 -40.193745 6.734525 182.868515 -0.522370
-19.669161 151.595020 -40.189709 6.733907 182.866073 -0.522151
-19.669072 151.594823 -40.185673 6.733288 182.863632 -0.521933
-19.668983 151.594625 -40.181636 6.732670 182.861191 -0.521715
-19.668894 151.594428 -40.177599 6.732052 182.858751 -0.521496
-19.668805 151.594231 -40.173562 6.731433 182.856311 -0.521278
-19.668716 151.594033 -40.169524 6.730815 182.853872 -0.521060
-19.668627 151.593836 -40.165487 6.730196 182.851433 -0.520841
-19.668538 151.593638 -40.161449 6.729577 182.848994 -0.520623
-19.668450 151.593441 -40.157411 6.728958 182.846556 -0.520404
-19.668361 151.593243 -40.153372 6.728339 182.844119 -0.520186
-19.668273 151.593046 -40.149333 6.727720 182.841682 -0.519967
-19.668184 151.592848 -40.145294 6.727101 182.839245 -0.519749
-19.668096 151.592650 -40.141255 6.726481 182.836809 -0.519530
-19.668008 151.592452 -40.137215 6.725862 182.834373 -0.519312
-19.667920 151.592255 -40.133176 6.725242 182.831938 -0.519093
-19.667832 151.592057 -40.129136 6.724622 182.829503 -0.518874
-19.667744 151.591859 -40.125095 6.724003 182.827069 -0.518656
-19.667656 151.591661 -40.121055 6.723383 182.824635 -0.518437
-19.667568 151.591463 -40.117014 6.722763 182.822202 -0.518218
-19.667480 151.591265 -40.112973 6.722143 182.819769 -0.518000
-19.667392 151.591067 -40.108931 6.721522 182.817336 -0.517781
-19.667305 151.590869 -40.104890 6.720902 182.814904 -0.517562
-19.667217 151.590671 -40.100848 6.720282 182.812473 -0.517343
-19.667130 151.590473 -40.096806 6.719661 182.810042 -0.517125
-19.667042 151.590275 -40.092763 6.719040 182.807611 -0.516906
-19.666955 151.590077 -40.088720 6.718420 182.805181 -0.516687
-19.666868 151.589878 -40.084678 6.717799 182.802752 -0.516468
-19.666781 151.589680 -40.080634 6.717178 182.800322 -0.516249
-19.666694 151.589482 -40.076591 6.716557 182.797894 -0.516030
-19.666607 151.589283 -40.072547 6.715936 182.795465 -0.515811
-19.666520 151.589085 -40.068503 6.715314 182.793038 -0.515593
-19.666433 151.588887 -40.064459 6.714693 182.790610 -0.515374
-19.666347 151.588688 -40.060414 6.714071 182.788184 -0.515155
-19.666260 151.588490 -40.056369 6.713450 182.785757 -0.514936
-19.666174 151.588291 -40.052324 6.712828 182.783331 -0.514717
-19.666087 151.588092 -40.048279 6.712206 182.780906 -0.514498
-19.666001 151.587894 -40.044233 6.711584 182.778481 -0.514278
-19.665915 151.587695 -40.040188 6.710962 182.776057 -0.514059
-19.665828 151.587496 -40.036141 6.710340 182.773633 -0.513840
-19.665742 151.587298 -40.032095 6.709718 182.771209 -0.513621
-19.665656 151.587099 -40.028048 6.709095 182.768786 -0.513402
-19.665570 151.586900 -40.024002 6.708473 182.766363 -0.513183
-19.665484 151.586701 -40.019954 6.707850 182.763941 -0.512964
-19.665399 151.586502 -40.015907 6.707228 182.761520 -0.512744
-19.665313 151.586303 -40.011859 6.706605 182.759099 -0.512525
-19.665227 151.586104 -40.007811 6.705982 182.756678 -0.512306
-19.665142 151.585905 -40.003763 6.705359 182.754258 -0.512087
-19.665057 151.585706 -39.999714 6.704736 182.751838 -0.511867
-19.664971 151.585507 -39.995666 6.704112 182.749419 -0.511648
-19.664886 151.585308 -39.991617 6.703489 182.747000 -0.511429
-19.664801 151.585109 -39.987567 6.702866 182.744582 -0.511209
-19.664716 151.584909 -39.983518 6.702242 182.742164 -0.510990
-19.664631 151.584710 -39.979468 6.701618 182.739747 -0.510771
-19.664546 151.584511 -39.975418 6.700995 182.737330 -0.510551
-19.664461 151.584312 -39.971367 6.700371 182.734913 -0.510332
-19.664376 151.584112 -39.967317 6.699747 182.732498 -0.510112
-19.664292 151.583913 -39.963266 6.699123 182.730082 -0.509893
-19.664207 151.583713 -39.959215 6.698498 182.727667 -0.509673
-19.664122 151.583514 -39.955163 6.697874 182.725253 -0.509454
-19.664038 151.583314 -39.951111 6.697250 182.722839 -0.509234
-19.663954 151.583115 -39.947059 6.696625 182.720425 -0.509015
-19.663869 151.582915 -39.943007 6.696001 182.718012 -0.508795
-19.663785 151.582715 -39.938955 6.695376 182.715600 -0.508575
-19.663701 151.582516 -39.934902 6.694751 182.713188 -0.508356
-19.663617 151.582316 -39.930849 6.694126 182.710776 -0.508136
-19.663533 151.582116 -39.926796 6.693501 182.708365 -0.507916
-19.663450 151.581916 -39.922742 6.692876 182.705954 -0.507697
-19.663366 151.581716 -39.918688 6.692250 182.703544 -0.507477
-19.663282 151.581517 -39.914634 6.691625 182.701135 -0.507257
-19.663199 151.581317 -39.910579 6.690999 182.698726 -0.507038
-19.663115 151.581117 -39.906525 6.690374 182.696317 -0.506818
-19.663032 151.580917 -39.902470 6.689748 182.693909 -0.506598
-19.662949 151.580717 -39.898415 6.689122 182.691501 -0.506378
-19.662865 151.580516 -39.894359 6.688496 182.689094 -0.506158
-19.662782 151.580316 -39.890303 6.687870 182.686687 -0.505938
-19.662699 151.580116 -39.886247 6.687244 182.684281 -0.505719
-19.662616 151.579916 -39.882191 6.686618 182.681875 -0.505499
-19.662533 151.579716 -39.878135 6.685991 182.679470 -0.505279
-19.662451 151.579515 -39.874078 6.685365 182.677065 -0.505059
-19.662368 151.579315 -39.870021 6.684738 182.674661 -0.504839
-19.662285 151.579115 -39.865963 6.684112 182.672257 -0.504619
-19.662203 151.578914 -39.861906 6.683485 182.669854 -0.504399
-19.662120 151.578714 -39.857848 6.682858 182.667451 -0.504179
-19.662038 151.578513 -39.853789 6.682231 182.665049 -0.503959
-19.661956 151.578313 -39.849731 6.681604 182.662647 -0.503739
-19.661874 151.578112 -39.845672 6.680976 182.660246 -0.503519
-19.661792 151.577912 -39.841613 6.680349 182.657845 -0.503298
-19.661710 151.577711 -39.837554 6.679722 182.655444 -0.503078
-19.661628 151.577510 -39.833494 6.679094 182.653044 -0.502858
-19.661546 151.577309 -39.829435 6.678466 182.650645 -0.502638
-19.661464 151.577109 -39.825375 6.677839 182.648246 -0.502418
-19.661383 151.576908 -39.821314 6.677211 182.645848 -0.502198
-19.661301 151.576707 -39.817254 6.676583 182.643450 -0.501977
-19.661220 151.576506 -39.813193 6.675955 182.641053 -0.501757
-19.661138 151.576305 -39.809131 6.675326 182.638656 -0.501537
-19.661057 151.576104 -39.805070 6.674698 182.636259 -0.501316
-19.660976 151.575903 -39.801008 6.674069 182.633863 -0.501096
-19.660895 151.575702 -39.796946 6.673441 182.631468 -0.500876
-19.660814 151.575501 -39.792884 6.672812 182.629073 -0.500655
-19.660733 151.575300 -39.788821 6.672183 182.626678 -0.500435
-19.660652 151.575099 -39.784759 6.671555 182.624285 -0.500215
-19.660571 151.574897 -39.780695 6.670926 182.621891 -0.499994
-19.660491 151.574696 -39.776632 6.670297 182.619498 -0.499774
-19.660410 151.574495 -39.772568 6.669667 182.617106 -0.499553
-19.660330 151.574294 -39.768505 6.669038 182.614714 -0.499333
-19.660249 151.574092 -39.764440 6.668409 182.612322 -0.499112
-19.660169 151.573891 -39.760376 6.667779 182.609931 -0.498892
-19.660089 151.573689 -39.756311 6.667149 182.607541 -0.498671
-19.660009 151.573488 -39.752246 6.666520 182.605151 -0.498451
