-81.789151 150.000000 20.000000 20.000000 -0.000000 8.090823
-81.789214 150.000000 20.000000 20.000000 -0.000000 8.095591
-81.789276 150.000000 20.000000 20.000000 -0.000000 8.100359
-81.789337 150.000000 20.000000 20.000000 -0.000000 8.105127
-81.789397 150.000000 20.000000 20.000000 -0.000000 8.109895
-81.789457 150.000000 20.000000 20.000000 -0.000000 8.114663
-81.789516 150.000000 20.000000 20.000000 -0.000000 8.119431
-81.789575 150.000000 20.000000 20.000000 -0.000000 8.124199
-81.789632 150.000000 20.000000 20.000000 -0.000000 8.128967
-81.789689 150.000000 20.000000 20.000000 -0.000000 8.133735
-81.789746 150.000000 20.000000 20.000000 -0.000000 8.138503
-81.789801 150.000000 20.000000 20.000000 -0.000000 8.143271
-81.789856 150.000000 20.000000 20.000000 -0.000000 8.148039
-81.789911 150.000000 20.000000 20.000000 -0.000000 8.152807
-81.789964 150.000000 20.000000 20.000000 -0.000000 8.157575
-81.790017 150.000000 20.000000 20.000000 -0.000000 8.162343
-81.790070 150.000000 20.000000 20.000000 -0.000000 8.167111
-81.790121 150.000000 20.000000 20.000000 -0.000000 8.171880
-81.790172 150.000000 20.000000 20.000000 -0.000000 8.176648
-81.790222 150.000000 20.000000 20.000000 -0.000000 8.181416
-81.790272 150.000000 20.000000 20.000000 -0.000000 8.186184
-81.790321 150.000000 20.000000 20.000000 -0.000000 8.190952
-81.790369 150.000000 20.000000 20.000000 -0.000000 8.195720
-81.790416 150.000000 20.000000 20.000000 -0.000000 8.200488
-81.790463 150.000000 20.000000 20.000000 -0.000000 8.205256
-81.790509 150.000000 20.000000 20.000000 -0.000000 8.210024
-81.790555 150.000000 20.000000 20.000000 -0.000000 8.214792
-81.790600 150.000000 20.000000 20.000000 -0.000000 8.219560
-81.790644 150.000000 20.000000 20.000000 -0.000000 8.224328
-81.790687 150.000000 20.000000 20.000000 -0.000000 8.229096
-81.790730 150.000000 20.000000 20.000000 -0.000000 8.233864
-81.790772 150.000000 20.000000 20.000000 -0.000000 8.238633
-81.790814 150.000000 20.000000 20.000000 -0.000000 8.243401
-81.790854 150.000000 20.000000 20.000000 -0.000000 8.248169
-81.790894 150.000000 20.000000 20.000000 -0.000000 8.252937
-81.790934 150.000000 20.000000 20.000000 -0.000000 8.257705
-81.790973 150.000000 20.000000 20.000000 -0.000000 8.262473
-81.791011 150.000000 20.000000 20.000000 -0.000000 8.267241
-81.791048 150.000000 20.000000 20.000000 -0.000000 8.272009
-81.791085 150.000000 20.000000 20.000000 -0.000000 8.276777
-81.791121 150.000000 20.000000 20.000000 -0.000000 8.281545
-81.791156 150.000000 20.000000 20.000000 -0.000000 8.286314
-81.791191 150.000000 20.000000 20.000000 -0.000000 8.291082
-81.791225 150.000000 20.000000 20.000000 -0.000000 8.295850
-81.791258 150.000000 20.000000 20.000000 -0.000000 8.300618
-81.791291 150.000000 20.000000 20.000000 -0.000000 8.305386
-81.791323 150.000000 20.000000 20.000000 -0.000000 8.310154
-81.791354 150.000000 20.000000 20.000000 -0.000000 8.314922
-81.791385 150.000000 20.000000 20.000000 -0.000000 8.319690
-81.791415 150.000000 20.000000 20.000000 -0.000000 8.324458
-81.791444 150.000000 20.000000 20.000000 -0.000000 8.329227
-81.791473 150.000000 20.000000 20.000000 -0.000000 8.333995
-81.791501 150.000000 20.000000 20.000000 -0.000000 8.338763
-81.791528 150.000000 20.000000 20.000000 -0.000000 8.343531
-81.791555 150.000000 20.000000 20.000000 -0.000000 8.348299
-81.791581 150.000000 20.000000 20.000000 -0.000000 8.353067
-81.791606 150.000000 20.000000 20.000000 -0.000000 8.357835
-81.791631 150.000000 20.000000 20.000000 -0.000000 8.362603
-81.791655 150.000000 20.000000 20.000000 -0.000000 8.367371
-81.791678 150.000000 20.000000 20.000000 -0.000000 8.372139
-81.791701 150.000000 20.000000 20.000000 -0.000000 8.376908
-81.791723 150.000000 20.000000 20.000000 -0.000000 8.381676
-81.791744 150.000000 20.000000 20.000000 -0.000000 8.386444
-81.791765 150.000000 20.000000 20.000000 -0.000000 8.391212
-81.791785 150.000000 20.000000 20.000000 -0.000000 8.395980
-81.791804 150.000000 20.000000 20.000000 -0.000000 8.400748
-81.791823 150.000000 20.000000 20.000000 -0.000000 8.405516
-81.791841 150.000000 20.000000 20.000000 -0.000000 8.410284
-81.791858 150.000000 20.000000 20.000000 -0.000000 8.415052
-81.791875 150.000000 20.000000 20.000000 -0.000000 8.419820
-81.791891 150.000000 20.000000 20.000000 -0.000000 8.424588
-81.791907 150.000000 20.000000 20.000000 -0.000000 8.429356
-81.791921 150.000000 20.000000 20.000000 -0.000000 8.434125
-81.791935 150.000000 20.000000 20.000000 -0.000000 8.438893
-81.791949 150.000000 20.000000 20.000000 -0.000000 8.443661
-81.791962 150.000000 20.000000 20.000000 -0.000000 8.448429
-81.791974 150.000000 20.000000 20.000000 -0.000000 8.453197
-81.791985 150.000000 20.000000 20.000000 -0.000000 8.457965
-81.791996 150.000000 20.000000 20.000000 -0.000000 8.462733
-81.792006 150.000000 20.000000 20.000000 -0.000000 8.467501
-81.792015 150.000000 20.000000 20.000000 -0.000000 8.472269
-81.792024 150.000000 20.000000 20.000000 -0.000000 8.477037
-81.792032 150.000000 20.000000 20.000000 -0.000000 8.481805
-81.792040 150.000000 20.000000 20.000000 -0.000000 8.486573
-81.792047 150.000000 20.000000 20.000000 -0.000000 8.491341
-81.792053 150.000000 20.000000 20.000000 -0.000000 8.496109
-81.792058 150.000000 20.000000 20.000000 -0.000000 8.500877
-81.792063 150.000000 20.000000 20.000000 -0.000000 8.505645
-81.792068 150.000000 20.000000 20.000000 -0.000000 8.510413
-81.792071 150.000000 20.000000 20.000000 -0.000000 8.515181
-81.792074 150.000000 20.000000 20.000000 -0.000000 8.519949
-81.792076 150.000000 20.000000 20.000000 -0.000000 8.524717
-81.792078 150.000000 20.000000 20.000000 -0.000000 8.529485
-81.792079 150.000000 20.000000 20.000000 -0.000000 8.534253
-81.792079 150.000000 20.000000 20.000000 -0.000000 8.539021
-81.792079 150.000000 20.000000 20.000000 -0.000000 8.543789
-81.792078 150.000000 20.000000 20.000000 -0.000000 8.548557
-81.792076 150.000000 20.000000 20.000000 -0.000000 8.553325
-81.792074 150.000000 20.000000 20.000000 -0.000000 8.558093
-81.792071 150.000000 20.000000 20.000000 -0.000000 8.562861
-81.792068 150.000000 20.000000 20.000000 -0.000000 8.567629
-81.792063 150.000000 20.000000 20.000000 -0.000000 8.572396
-81.792059 150.000000 20.000000 20.000000 -0.000000 8.577164
-81.792053 150.000000 20.000000 20.000000 -0.000000 8.581932
-81.792047 150.000000 20.000000 20.000000 -0.000000 8.586700
-81.792040 150.000000 20.000000 20.000000 -0.000000 8.591468
-81.792033 150.000000 20.000000 20.000000 -0.000000 8.596236
-81.792024 150.000000 20.000000 20.000000 -0.000000 8.601004
-81.792016 150.000000 20.000000 20.000000 -0.000000 8.605772
-81.792006 150.000000 20.000000 20.000000 -0.000000 8.610540
-81.791996 150.000000 20.000000 20.000000 -0.000000 8.615307
-81.791986 150.000000 20.000000 20.000000 -0.000000 8.620075
-81.791974 150.000000 20.000000 20.000000 -0.000000 8.624843
-81.791962 150.000000 20.000000 20.000000 -0.000000 8.629611
-81.791950 150.000000 20.000000 20.000000 -0.000000 8.634379
-81.791936 150.000000 20.000000 20.000000 -0.000000 8.639147
-81.791922 150.000000 20.000000 20.000000 -0.000000 8.643914
-81.791908 150.000000 20.000000 20.000000 -0.000000 8.648682
-81.791893 150.000000 20.000000 20.000000 -0.000000 8.653450
-81.791877 150.000000 20.000000 20.000000 -0.000000 8.658218
-81.791860 150.000000 20.000000 20.000000 -0.000000 8.662986
-81.791843 150.000000 20.000000 20.000000 -0.000000 8.667753
-81.791826 150.000000 20.000000 20.000000 -0.000000 8.672521
-81.791807 150.000000 20.000000 20.000000 -0.000000 8.677289
-81.791788 150.000000 20.000000 20.000000 -0.000000 8.682057
-81.791769 150.000000 20.000000 20.000000 -0.000000 8.686824
-81.791748 150.000000 20.000000 20.000000 -0.000000 8.691592
-81.791727 150.000000 20.000000 20.000000 -0.000000 8.696360
-81.791706 150.000000 20.000000 20.000000 -0.000000 8.701127
-81.791683 150.000000 20.000000 20.000000 -0.000000 8.705895
-81.791661 150.000000 20.000000 20.000000 -0.000000 8.710663
-81.791637 150.000000 20.000000 20.000000 -0.000000 8.715430
-81.791613 150.000000 20.000000 20.000000 -0.000000 8.720198
-81.791588 150.000000 20.000000 20.000000 -0.000000 8.724966
-81.791563 150.000000 20.000000 20.000000 -0.000000 8.729733
-81.791537 150.000000 20.000000 20.000000 -0.000000 8.734501
-81.791510 150.000000 20.000000 20.000000 -0.000000 8.739269
-81.791483 150.000000 20.000000 20.000000 -0.000000 8.744036
-81.791455 150.000000 20.000000 20.000000 -0.000000 8.748804
-81.791426 150.000000 20.000000 20.000000 -0.000000 8.753571
-81.791397 150.000000 20.000000 20.000000 -0.000000 8.758339
-81.791367 150.000000 20.000000 20.000000 -0.000000 8.763106
-81.791337 150.000000 20.000000 20.000000 -0.000000 8.767874
-81.791306 150.000000 20.000000 20.000000 -0.000000 8.772641
-81.791274 150.000000 20.000000 20.000000 -0.000000 8.777409
-81.791242 150.000000 20.000000 20.000000 -0.000000 8.782176
-81.791209 150.000000 20.000000 20.000000 -0.000000 8.786944
-81.791175 150.000000 20.000000 20.000000 -0.000000 8.791711
-81.791141 150.000000 20.000000 20.000000 -0.000000 8.796479
-81.791106 150.000000 20.000000 20.000000 -0.000000 8.801246
-81.791070 150.000000 20.000000 20.000000 -0.000000 8.806014
-81.791034 150.000000 20.000000 20.000000 -0.000000 8.810781
-81.790998 150.000000 20.000000 20.000000 -0.000000 8.815549
-81.790960 150.000000 20.000000 20.000000 -0.000000 8.820316
-81.790922 150.000000 20.000000 20.000000 -0.000000 8.825083
-81.790883 150.000000 20.000000 20.000000 -0.000000 8.829851
-81.790844 150.000000 20.000000 20.000000 -0.000000 8.834618
-81.790804 150.000000 20.000000 20.000000 -0.000000 8.839385
-81.790764 150.000000 20.000000 20.000000 -0.000000 8.844153
-81.790723 150.000000 20.000000 20.000000 -0.000000 8.848920
-81.790681 150.000000 20.000000 20.000000 -0.000000 8.853687
-81.790638 150.000000 20.000000 20.000000 -0.000000 8.858455
-81.790595 150.000000 20.000000 20.000000 -0.000000 8.863222
-81.790552 150.000000 20.000000 20.000000 -0.000000 8.867989
-81.790507 150.000000 20.000000 20.000000 -0.000000 8.872757
-81.790463 150.000000 20.000000 20.000000 -0.000000 8.877524
-81.790417 150.000000 20.000000 20.000000 -0.000000 8.882291
-81.790371 150.000000 20.000000 20.000000 -0.000000 8.887058
-81.790324 150.000000 20.000000 20.000000 -0.000000 8.891825
-81.790277 150.000000 20.000000 20.000000 -0.000000 8.896593
-81.790229 150.000000 20.000000 20.000000 -0.000000 8.901360
-81.790180 150.000000 20.000000 20.000000 -0.000000 8.906127
-81.790131 150.000000 20.000000 20.000000 -0.000000 8.910894
-81.790081 150.000000 20.000000 20.000000 -0.000000 8.915661
-81.790030 150.000000 20.000000 20.000000 -0.000000 8.920428
-81.789979 150.000000 20.000000 20.000000 -0.000000 8.925195
-81.789928 150.000000 20.000000 20.000000 -0.000000 8.929962
-81.789875 150.000000 20.000000 20.000000 -0.000000 8.934729
-81.789822 150.000000 20.000000 20.000000 -0.000000 8.939496
-81.789769 150.000000 20.000000 20.000000 -0.000000 8.944263
-81.789714 150.000000 20.000000 20.000000 -0.000000 8.949030
-81.789660 150.000000 20.000000 20.000000 -0.000000 8.953797
-81.789604 150.000000 20.000000 20.000000 -0.000000 8.958564
-81.789548 150.000000 20.000000 20.000000 -0.000000 8.963331
-81.789491 150.000000 20.000000 20.000000 -0.000000 8.968098
-81.789434 150.000000 20.000000 20.000000 -0.000000 8.972865
-81.789376 150.000000 20.000000 20.000000 -0.000000 8.977632
-81.789318 150.000000 20.000000 20.000000 -0.000000 8.982399
-81.789259 150.000000 20.000000 20.000000 -0.000000 8.987166
-81.789199 150.000000 20.000000 20.000000 -0.000000 8.991933
-81.789139 150.000000 20.000000 20.000000 -0.000000 8.996699
-81.789078 150.000000 20.000000 20.000000 -0.000000 9.001466
-81.789016 150.000000 20.000000 20.000000 -0.000000 9.006233
-81.788954 150.000000 20.000000 20.000000 -0.000000 9.011000
-81.788891 150.000000 20.000000 20.000000 -0.000000 9.015767
-81.788828 150.000000 20.000000 20.000000 -0.000000 9.020533
-81.788764 150.000000 20.000000 20.000000 -0.000000 9.025300
-81.788699 150.000000 20.000000 20.000000 -0.000000 9.030067
-81.788634 150.000000 20.000000 20.000000 -0.000000 9.034833
-81.788568 150.000000 20.000000 20.000000 -0.000000 9.039600
-81.788501 150.000000 20.000000 20.000000 -0.000000 9.044367
-81.788434 150.000000 20.000000 20.000000 -0.000000 9.049133
-81.788367 150.000000 20.000000 20.000000 -0.000000 9.053900
-81.788298 150.000000 20.000000 20.000000 -0.000000 9.058667
-81.788229 150.000000 20.000000 20.000000 -0.000000 9.063433
-81.788160 150.000000 20.000000 20.000000 -0.000000 9.068200
-81.788090 150.000000 20.000000 20.000000 -0.000000 9.072966
-81.788019 150.000000 20.000000 20.000000 -0.000000 9.077733
-81.787948 150.000000 20.000000 20.000000 -0.000000 9.082499
-81.787876 150.000000 20.000000 20.000000 -0.000000 9.087266
-81.787803 150.000000 20.000000 20.000000 -0.000000 9.092032
-81.787730 150.000000 20.000000 20.000000 -0.000000 9.096798
-81.787656 150.000000 20.000000 20.000000 -0.000000 9.101565
-81.787582 150.000000 20.000000 20.000000 -0.000000 9.106331
-81.787507 150.000000 20.000000 20.000000 -0.000000 9.111098
-81.787431 150.000000 20.000000 20.000000 -0.000000 9.115864
-81.787355 150.000000 20.000000 20.000000 -0.000000 9.120630
-81.787278 150.000000 20.000000 20.000000 -0.000000 9.125397
-81.787201 150.000000 20.000000 20.000000 -0.000000 9.130163
-81.787123 150.000000 20.000000 20.000000 -0.000000 9.134929
-81.787045 150.000000 20.000000 20.000000 -0.000000 9.139695
-81.786965 150.000000 20.000000 20.000000 -0.000000 9.144462
-81.786886 150.000000 20.000000 20.000000 -0.000000 9.149228
-81.786805 150.000000 20.000000 20.000000 -0.000000 9.153994
-81.786724 150.000000 20.000000 20.000000 -0.000000 9.158760
-81.786643 150.000000 20.000000 20.000000 -0.000000 9.163526
-81.786560 150.000000 20.000000 20.000000 -0.000000 9.168292
-81.786478 150.000000 20.000000 20.000000 -0.000000 9.173058
-81.786394 150.000000 20.000000 20.000000 -0.000000 9.177824
-81.786310 150.000000 20.000000 20.000000 -0.000000 9.182591
-81.786226 150.000000 20.000000 20.000000 -0.000000 9.187357
-81.786141 150.000000 20.000000 20.000000 -0.000000 9.192123
-81.786055 150.000000 20.000000 20.000000 -0.000000 9.196888
-81.785968 150.000000 20.000000 20.000000 -0.000000 9.201654
-81.785881 150.000000 20.000000 20.000000 -0.000000 9.206420
-81.785794 150.000000 20.000000 20.000000 -0.000000 9.211186
-81.785706 150.000000 20.000000 20.000000 0.000000 9.215952
-81.785617 150.000000 20.000000 20.000000 0.000000 9.220718
-81.785528 150.000000 20.000000 20.000000 0.000000 9.225484
-81.785438 150.000000 20.000000 20.000000 0.000000 9.230250
-81.785347 150.000000 20.000000 20.000000 0.000000 9.235015
-81.785256 150.000000 20.000000 20.000000 0.000000 9.239781
-81.785164 150.000000 20.000000 20.000000 0.000000 9.244547
-81.785072 150.000000 20.000000 20.000000 0.000000 9.249313
-81.784979 150.000000 20.000000 20.000000 0.000000 9.254078
-81.784886 150.000000 20.000000 20.000000 0.000000 9.258844
-81.784791 150.000000 20.000000 20.000000 0.000000 9.263610
-81.784697 150.000000 20.000000 20.000000 0.000000 9.268375
-81.784601 150.000000 20.000000 20.000000 0.000000 9.273141
-81.784506 150.000000 20.000000 20.000000 0.000000 9.277906
-81.784409 150.000000 20.000000 20.000000 0.000000 9.282672
-81.784312 150.000000 20.000000 20.000000 0.000000 9.287437
-81.784214 150.000000 20.000000 20.000000 0.000000 9.292203
-81.784116 150.000000 20.000000 20.000000 0.000000 9.296968
-81.784017 150.000000 20.000000 20.000000 0.000000 9.301734
-81.783918 150.000000 20.000000 20.000000 0.000000 9.306499
-81.783818 150.000000 20.000000 20.000000 0.000000 9.311265
-81.783717 150.000000 20.000000 20.000000 0.000000 9.316030
-81.783616 150.000000 20.000000 20.000000 0.000000 9.320795
-81.783514 150.000000 20.000000 20.000000 0.000000 9.325561
-81.783412 150.000000 20.000000 20.000000 0.000000 9.330326
-81.783309 150.000000 20.000000 20.000000 0.000000 9.335091
-81.783205 150.000000 20.000000 20.000000 0.000000 9.339857
-81.783101 150.000000 20.000000 20.000000 0.000000 9.344622
-81.782996 150.000000 20.000000 20.000000 0.000000 9.349387
-81.782891 150.000000 20.000000 20.000000 0.000000 9.354152
-81.782785 150.000000 20.000000 20.000000 0.000000 9.358918
-81.782678 150.000000 20.000000 20.000000 0.000000 9.363683
-81.782571 150.000000 20.000000 20.000000 0.000000 9.368448
-81.782463 150.000000 20.000000 20.000000 0.000000 9.373213
-81.782355 150.000000 20.000000 20.000000 0.000000 9.377978
-81.782246 150.000000 20.000000 20.000000 0.000000 9.382743
-81.782136 150.000000 20.000000 20.000000 0.000000 9.387508
-81.782026 150.000000 20.000000 20.000000 0.000000 9.392273
-81.781915 150.000000 20.000000 20.000000 0.000000 9.397038
-81.781804 150.000000 20.000000 20.000000 0.000000 9.401803
-81.781692 150.000000 20.000000 20.000000 0.000000 9.406568
-81.781580 150.000000 20.000000 20.000000 0.000000 9.411333
-81.781467 150.000000 20.000000 20.000000 0.000000 9.416098
-81.781353 150.000000 20.000000 20.000000 0.000000 9.420863
-81.781239 150.000000 20.000000 20.000000 0.000000 9.425628
-81.781124 150.000000 20.000000 20.000000 0.000000 9.430392
-81.781008 150.000000 20.000000 20.000000 0.000000 9.435157
-81.780892 150.000000 20.000000 20.000000 0.000000 9.439922
-81.780776 150.000000 20.000000 20.000000 0.000000 9.444687
-81.780658 150.000000 20.000000 20.000000 0.000000 9.449452
-81.780541 150.000000 20.000000 20.000000 0.000000 9.454216
-81.780422 150.000000 20.000000 20.000000 0.000000 9.458981
-81.780303 150.000000 20.000000 20.000000 0.000000 9.463746
-81.780184 150.000000 20.000000 20.000000 0.000000 9.468510
-81.780064 150.000000 20.000000 20.000000 0.000000 9.473275
-81.779943 150.000000 20.000000 20.000000 0.000000 9.478040
-81.779821 150.000000 20.000000 20.000000 0.000000 9.482804
-81.779699 150.000000 20.000000 20.000000 0.000000 9.487569
-81.779577 150.000000 20.000000 20.000000 0.000000 9.492333
-81.779454 150.000000 20.000000 20.000000 0.000000 9.497098
-81.779330 150.000000 20.000000 20.000000 0.000000 9.501862
-81.779206 150.000000 20.000000 20.000000 0.000000 9.506627
-81.779081 150.000000 20.000000 20.000000 0.000000 9.511391
-81.778955 150.000000 20.000000 20.000000 0.000000 9.516156
-81.778829 150.000000 20.000000 20.000000 0.000000 9.520920
-81.778703 150.000000 20.000000 20.000000 0.000000 9.525684
-81.778575 150.000000 20.000000 20.000000 0.000000 9.530449
-81.778448 150.000000 20.000000 20.000000 0.000000 9.535213
-81.778319 150.000000 20.000000 20.000000 0.000000 9.539977
-81.778190 150.000000 20.000000 20.000000 0.000000 9.544742
-81.778060 150.000000 20.000000 20.000000 0.000000 9.549506
-81.777930 150.000000 20.000000 20.000000 0.000000 9.554270
-81.777799 150.000000 20.000000 20.000000 0.000000 9.559034
-81.777668 150.000000 20.000000 20.000000 0.000000 9.563799
-81.777536 150.000000 20.000000 20.000000 0.000000 9.568563
-81.777404 150.000000 20.000000 20.000000 0.000000 9.573327
-81.777270 150.000000 20.000000 20.000000 0.000000 9.578091
-81.777137 150.000000 20.000000 20.000000 0.000000 9.582855
-81.777002 150.000000 20.000000 20.000000 0.000000 9.587619
-81.776867 150.000000 20.000000 20.000000 0.000000 9.592383
-81.776732 150.000000 20.000000 20.000000 0.000000 9.597147
-81.776596 150.000000 20.000000 20.000000 0.000000 9.601911
-81.776459 150.000000 20.000000 20.000000 0.000000 9.606675
-81.776322 150.000000 20.000000 20.000000 0.000000 9.611439
-81.776184 150.000000 20.000000 20.000000 0.000000 9.616203
-81.776046 150.000000 20.000000 20.000000 0.000000 9.620967
-81.775907 150.000000 20.000000 20.000000 0.000000 9.625731
-81.775767 150.000000 20.000000 20.000000 0.000000 9.630495
-81.775627 150.000000 20.000000 20.000000 0.000000 9.635259
-81.775486 150.000000 20.000000 20.000000 0.000000 9.640023
-81.775345 150.000000 20.000000 20.000000 0.000000 9.644787
-81.775203 150.000000 20.000000 20.000000 0.000000 9.649550
-81.775060 150.000000 20.000000 20.000000 0.000000 9.654314
-81.774917 150.000000 20.000000 20.000000 0.000000 9.659078
-81.774773 150.000000 20.000000 20.000000 0.000000 9.663842
-81.774629 150.000000 20.000000 20.000000 0.000000 9.668605
-81.774484 150.000000 20.000000 20.000000 0.000000 9.673369
-81.774339 150.000000 20.000000 20.000000 0.000000 9.678133
-81.774193 150.000000 20.000000 20.000000 0.000000 9.682896
-81.774046 150.000000 20.000000 20.000000 0.000000 9.687660
-81.773899 150.000000 20.000000 20.000000 0.000000 9.692424
-81.773751 150.000000 20.000000 20.000000 0.000000 9.697187
-81.773602 150.000000 20.000000 20.000000 0.000000 9.701951
-81.773453 150.000000 20.000000 20.000000 0.000000 9.706714
-81.773304 150.000000 20.000000 20.000000 0.000000 9.711478
-81.773154 150.000000 20.000000 20.000000 0.000000 9.716241
-81.773003 150.000000 20.000000 20.000000 0.000000 9.721005
-81.772852 150.000000 20.000000 20.000000 0.000000 9.725768
-81.772700 150.000000 20.000000 20.000000 0.000000 9.730532
-81.772547 150.000000 20.000000 20.000000 0.000000 9.735295
-81.772394 150.000000 20.000000 20.000000 0.000000 9.740059
-81.772240 150.000000 20.000000 20.000000 0.000000 9.744822
-81.772086 150.000000 20.000000 20.000000 0.000000 9.749585
-81.771931 150.000000 20.000000 20.000000 0.000000 9.754349
-81.771776 150.000000 20.000000 20.000000 0.000000 9.759112
-81.771620 150.000000 20.000000 20.000000 0.000000 9.763875
-81.771463 150.000000 20.000000 20.000000 0.000000 9.768638
-81.771306 150.000000 20.000000 20.000000 0.000000 9.773402
-81.771148 150.000000 20.000000 20.000000 0.000000 9.778165
-81.770990 150.000000 20.000000 20.000000 0.000000 9.782928
-81.770831 150.000000 20.000000 20.000000 0.000000 9.787691
-81.770671 150.000000 20.000000 20.000000 0.000000 9.792454
-81.770511 150.000000 20.000000 20.000000 0.000000 9.797217
-81.770351 150.000000 20.000000 20.000000 0.000000 9.801981
-81.770189 150.000000 20.000000 20.000000 0.000000 9.806744
-81.770028 150.000000 20.000000 20.000000 0.000000 9.811507
-81.769865 150.000000 20.000000 20.000000 0.000000 9.816270
-81.769702 150.000000 20.000000 20.000000 0.000000 9.821033
-81.769538 150.000000 20.000000 20.000000 0.000000 9.825796
-81.769374 150.000000 20.000000 20.000000 0.000000 9.830559
-81.769209 150.000000 20.000000 20.000000 0.000000 9.835322
-81.769044 150.000000 20.000000 20.000000 0.000000 9.840085
-81.768878 150.000000 20.000000 20.000000 0.000000 9.844848
-81.768712 150.000000 20.000000 20.000000 0.000000 9.849610
-81.768544 150.000000 20.000000 20.000000 0.000000 9.854373
-81.768377 150.000000 20.000000 20.000000 0.000000 9.859136
-81.768208 150.000000 20.000000 20.000000 0.000000 9.863899
-81.768040 150.000000 20.000000 20.000000 0.000000 9.868662
-81.767870 150.000000 20.000000 20.000000 0.000000 9.873425
-81.767700 150.000000 20.000000 20.000000 0.000000 9.878187
-81.767530 150.000000 20.000000 20.000000 0.000000 9.882950
-81.767358 150.000000 20.000000 20.000000 0.000000 9.887713
-81.767187 150.000000 20.000000 20.000000 0.000000 9.892475
-81.767014 150.000000 20.000000 20.000000 0.000000 9.897238
-81.766841 150.000000 20.000000 20.000000 0.000000 9.902001
-81.766668 150.000000 20.000000 20.000000 0.000000 9.906763
-81.766494 150.000000 20.000000 20.000000 0.000000 9.911526
-81.766319 150.000000 20.000000 20.000000 0.000000 9.916289
-81.766144 150.000000 20.000000 20.000000 0.000000 9.921051
-81.765968 150.000000 20.000000 20.000000 0.000000 9.925814
-81.765791 150.000000 20.000000 20.000000 0.000000 9.930576
-81.765614 150.000000 20.000000 20.000000 0.000000 9.935339
-81.765437 150.000000 20.000000 20.000000 0.000000 9.940101
-81.765259 150.000000 20.000000 20.000000 0.000000 9.944864
-81.765080 150.000000 20.000000 20.000000 0.000000 9.949626
-81.764900 150.000000 20.000000 20.000000 0.000000 9.954389
-81.764721 150.000000 20.000000 20.000000 0.000000 9.959151
-81.764540 150.000000 20.000000 20.000000 0.000000 9.963913
-81.764359 150.000000 20.000000 20.000000 0.000000 9.968676
-81.764177 150.000000 20.000000 20.000000 0.000000 9.973438
-81.763995 150.000000 20.000000 20.000000 0.000000 9.978200
-81.763812 150.000000 20.000000 20.000000 0.000000 9.982963
-81.763629 150.000000 20.000000 20.000000 0.000000 9.987725
-81.763445 150.000000 20.000000 20.000000 0.000000 9.992487
-81.763260 150.000000 20.000000 20.000000 0.000000 9.997249
-81.763075 150.000000 20.000000 20.000000 0.000000 10.002012
-81.762889 150.000000 20.000000 20.000000 0.000000 10.006774
-81.762703 150.000000 20.000000 20.000000 0.000000 10.011536
-81.762516 150.000000 20.000000 20.000000 0.000000 10.016298
-81.762329 150.000000 20.000000 20.000000 0.000000 10.021060
-81.762141 150.000000 20.000000 20.000000 0.000000 10.025822
-81.761952 150.000000 20.000000 20.000000 0.000000 10.030584
-81.761763 150.000000 20.000000 20.000000 0.000000 10.035347
-81.761573 150.000000 20.000000 20.000000 0.000000 10.040109
-81.761383 150.000000 20.000000 20.000000 0.000000 10.044871
-81.761192 150.000000 20.000000 20.000000 0.000000 10.049633
-81.761000 150.000000 20.000000 20.000000 0.000000 10.054395
-81.760808 150.000000 20.000000 20.000000 0.000000 10.059157
-81.760616 150.000000 20.000000 20.000000 0.000000 10.063918
-81.760422 150.000000 20.000000 20.000000 0.000000 10.068680
-81.760228 150.000000 20.000000 20.000000 0.000000 10.073442
-81.760034 150.000000 20.000000 20.000000 0.000000 10.078204
-81.759839 150.000000 20.000000 20.000000 0.000000 10.082966
-81.759643 150.000000 20.000000 20.000000 0.000000 10.087728
-81.759447 150.000000 20.000000 20.000000 0.000000 10.092490
-81.759251 150.000000 20.000000 20.000000 0.000000 10.097251
-81.759053 150.000000 20.000000 20.000000 0.000000 10.102013
-81.758855 150.000000 20.000000 20.000000 0.000000 10.106775
-81.758657 150.000000 20.000000 20.000000 0.000000 10.111537
-81.758458 150.000000 20.000000 20.000000 0.000000 10.116298
-81.758258 150.000000 20.000000 20.000000 0.000000 10.121060
-81.758058 150.000000 20.000000 20.000000 0.000000 10.125822
-81.757857 150.000000 20.000000 20.000000 0.000000 10.130583
-81.757656 150.000000 20.000000 20.000000 0.000000 10.135345
-81.757454 150.000000 20.000000 20.000000 0.000000 10.140107
-81.757251 150.000000 20.000000 20.000000 0.000000 10.144868
-81.757048 150.000000 20.000000 20.000000 0.000000 10.149630
-81.756845 150.000000 20.000000 20.000000 0.000000 10.154391
-81.756640 150.000000 20.000000 20.000000 0.000000 10.159153
-81.756436 150.000000 20.000000 20.000000 0.000000 10.163914
-81.756230 150.000000 20.000000 20.000000 0.000000 10.168676
-81.756024 150.000000 20.000000 20.000000 0.000000 10.173437
-81.755818 150.000000 20.000000 20.000000 0.000000 10.178199
-81.755611 150.000000 20.000000 20.000000 0.000000 10.182960
-81.755403 150.000000 20.000000 20.000000 0.000000 10.187722
-81.755195 150.000000 20.000000 20.000000 0.000000 10.192483
-81.754986 150.000000 20.000000 20.000000 0.000000 10.197244
-81.754776 150.000000 20.000000 20.000000 0.000000 10.202006
-81.754566 150.000000 20.000000 20.000000 0.000000 10.206767
-81.754356 150.000000 20.000000 20.000000 0.000000 10.211528
-81.754145 150.000000 20.000000 20.000000 0.000000 10.216290
-81.753933 150.000000 20.000000 20.000000 0.000000 10.221051
-81.753720 150.000000 20.000000 20.000000 0.000000 10.225812
-81.753508 150.000000 20.000000 20.000000 0.000000 10.230573
-81.753294 150.000000 20.000000 20.000000 0.000000 10.235335
-81.753080 150.000000 20.000000 20.000000 0.000000 10.240096
-81.752865 150.000000 20.000000 20.000000 0.000000 10.244857
-81.752650 150.000000 20.000000 20.000000 0.000000 10.249618
-81.752435 150.000000 20.000000 20.000000 0.000000 10.254379
-81.752218 150.000000 20.000000 20.000000 0.000000 10.259140
-81.752001 150.000000 20.000000 20.000000 0.000000 10.263901
-81.751784 150.000000 20.000000 20.000000 0.000000 10.268662
-81.751566 150.000000 20.000000 20.000000 0.000000 10.273423
-81.751347 150.000000 20.000000 20.000000 0.000000 10.278184
-81.751128 150.000000 20.000000 20.000000 0.000000 10.282945
-81.750908 150.000000 20.000000 20.000000 0.000000 10.287706
-81.750688 150.000000 20.000000 20.000000 0.000000 10.292467
-81.750467 150.000000 20.000000 20.000000 0.000000 10.297228
-81.750245 150.000000 20.000000 20.000000 0.000000 10.301989
-81.750023 150.000000 20.000000 20.000000 0.000000 10.306750
-81.749800 150.000000 20.000000 20.000000 0.000000 10.311511
-81.749577 150.000000 20.000000 20.000000 0.000000 10.316272
-81.749353 150.000000 20.000000 20.000000 0.000000 10.321033
-81.749129 150.000000 20.000000 20.000000 0.000000 10.325794
-81.748904 150.000000 20.000000 20.000000 0.000000 10.330554
-81.748679 150.000000 20.000000 20.000000 0.000000 10.335315
-81.748452 150.000000 20.000000 20.000000 0.000000 10.340076
-81.748226 150.000000 20.000000 20.000000 0.000000 10.344837
-81.747999 150.000000 20.000000 20.000000 0.000000 10.349597
-81.747771 150.000000 20.000000 20.000000 0.000000 10.354358
-81.747542 150.000000 20.000000 20.000000 0.000000 10.359119
-81.747313 150.000000 20.000000 20.000000 0.000000 10.363879
-81.747084 150.000000 20.000000 20.000000 0.000000 10.368640
-81.746854 150.000000 20.000000 20.000000 0.000000 10.373401
