-11.900548 149.950925 -101.030769 9.045016 179.556503 -0.265855
-11.905269 149.950912 -101.031254 9.045396 179.556388 -0.266063
-11.909990 149.950900 -101.031739 9.045776 179.556273 -0.266272
-11.914711 149.950887 -101.032224 9.046156 179.556159 -0.266481
-11.919433 149.950874 -101.032708 9.046537 179.556044 -0.266690
-11.924154 149.950861 -101.033192 9.046917 179.555930 -0.266899
-11.928875 149.950849 -101.033676 9.047297 179.555816 -0.267108
-11.933597 149.950836 -101.034159 9.047678 179.555702 -0.267317
-11.938318 149.950823 -101.034642 9.048058 179.555588 -0.267527
-11.943039 149.950810 -101.035125 9.048439 179.555474 -0.267736
-11.947761 149.950798 -101.035607 9.048819 179.555361 -0.267946
-11.952482 149.950785 -101.036090 9.049200 179.555248 -0.268156
-11.957204 149.950773 -101.036571 9.049580 179.555134 -0.268366
-11.961926 149.950760 -101.037053 9.049961 179.555021 -0.268576
-11.966647 149.950747 -101.037534 9.050341 179.554908 -0.268786
-11.971369 149.950735 -101.038015 9.050722 179.554796 -0.268996
-11.976090 149.950722 -101.038495 9.051103 179.554683 -0.269207
-11.980812 149.950710 -101.038976 9.051484 179.554571 -0.269417
-11.985534 149.950697 -101.039455 9.051865 179.554458 -0.269628
-11.990256 149.950685 -101.039935 9.052245 179.554346 -0.269839
-11.994977 149.950672 -101.040414 9.052626 179.554234 -0.270050
-11.999699 149.950660 -101.040893 9.053007 179.554122 -0.270261
-12.004421 149.950647 -101.041372 9.053388 179.554011 -0.270472
-12.009143 149.950635 -101.041850 9.053770 179.553899 -0.270683
-12.013865 149.950622 -101.042328 9.054151 179.553788 -0.270895
-12.018587 149.950610 -101.042805 9.054532 179.553677 -0.271106
-12.023309 149.950597 -101.043282 9.054913 179.553566 -0.271318
-12.028031 149.950585 -101.043759 9.055294 179.553455 -0.271530
-12.032753 149.950573 -101.044236 9.055676 179.553344 -0.271742
-12.037475 149.950560 -101.044712 9.056057 179.553234 -0.271954
-12.042197 149.950548 -101.045188 9.056438 179.553123 -0.272166
-12.046919 149.950536 -101.045663 9.056820 179.553013 -0.272379
-12.051641 149.950523 -101.046139 9.057201 179.552903 -0.272591
-12.056363 149.950511 -101.046614 9.057583 179.552793 -0.272804
-12.061085 149.950499 -101.047088 9.057964 179.552683 -0.273016
-12.065808 149.950487 -101.047562 9.058346 179.552574 -0.273229
-12.070530 149.950474 -101.048036 9.058728 179.552464 -0.273442
-12.075252 149.950462 -101.048510 9.059109 179.552355 -0.273655
-12.079974 149.950450 -101.048983 9.059491 179.552246 -0.273869
-12.084697 149.950438 -101.049456 9.059873 179.552137 -0.274082
-12.089419 149.950426 -101.049928 9.060255 179.552028 -0.274296
-12.094141 149.950414 -101.050400 9.060637 179.551919 -0.274509
-12.098864 149.950401 -101.050872 9.061019 179.551811 -0.274723
-12.103586 149.950389 -101.051343 9.061401 179.551703 -0.274937
-12.108309 149.950377 -101.051814 9.061783 179.551594 -0.275151
-12.113031 149.950365 -101.052285 9.062165 179.551486 -0.275365
-12.117754 149.950353 -101.052755 9.062547 179.551379 -0.275579
-12.122476 149.950341 -101.053225 9.062929 179.551271 -0.275794
-12.127199 149.950329 -101.053695 9.063312 179.551163 -0.276008
-12.131922 149.950317 -101.054164 9.063694 179.551056 -0.276223
-12.136644 149.950305 -101.054633 9.064076 179.550949 -0.276438
-12.141367 149.950293 -101.055102 9.064459 179.550842 -0.276653
-12.146090 149.950281 -101.055570 9.064841 179.550735 -0.276868
-12.150813 149.950269 -101.056038 9.065224 179.550628 -0.277083
-12.155535 149.950257 -101.056506 9.065606 179.550522 -0.277298
-12.160258 149.950246 -101.056973 9.065989 179.550416 -0.277514
-12.164981 149.950234 -101.057440 9.066372 179.550309 -0.277729
-12.169704 149.950222 -101.057906 9.066754 179.550203 -0.277945
-12.174427 149.950210 -101.058372 9.067137 179.550097 -0.278161
-12.179150 149.950198 -101.058838 9.067520 179.549992 -0.278377
-12.183873 149.950186 -101.059303 9.067903 179.549886 -0.278593
-12.188596 149.950175 -101.059768 9.068286 179.549781 -0.278809
-12.193319 149.950163 -101.060233 9.068669 179.549676 -0.279026
-12.198042 149.950151 -101.060697 9.069052 179.549571 -0.279242
-12.202765 149.950139 -101.061161 9.069435 179.549466 -0.279459
-12.207488 149.950128 -101.061625 9.069818 179.549361 -0.279676
-12.212211 149.950116 -101.062088 9.070201 179.549257 -0.279893
-12.216934 149.950104 -101.062551 9.070585 179.549152 -0.280110
-12.221658 149.950093 -101.063013 9.070968 179.549048 -0.280327
-12.226381 149.950081 -101.063475 9.071351 179.548944 -0.280544
-12.231104 149.950070 -101.063937 9.071735 179.548840 -0.280762
-12.235827 149.950058 -101.064398 9.072118 179.548737 -0.280979
-12.240551 149.950046 -101.064859 9.072502 179.548633 -0.281197
-12.245274 149.950035 -101.065320 9.072885 179.548530 -0.281415
-12.249997 149.950023 -101.065780 9.073269 179.548427 -0.281633
-12.254721 149.950012 -101.066240 9.073652 179.548324 -0.281851
-12.259444 149.950000 -101.066699 9.074036 179.548221 -0.282069
-12.264168 149.949989 -101.067158 9.074420 179.548118 -0.282287
-12.268891 149.949977 -101.067617 9.074804 179.548016 -0.282506
-12.273615 149.949966 -101.068075 9.075188 179.547913 -0.282724
-12.278338 149.949955 -101.068533 9.075572 179.547811 -0.282943
-12.283062 149.949943 -101.068991 9.075956 179.547709 -0.283162
-12.287786 149.949932 -101.069448 9.076340 179.547608 -0.283381
-12.292509 149.949920 -101.069905 9.076724 179.547506 -0.283600
-12.297233 149.949909 -101.070361 9.077108 179.547405 -0.283820
-12.301957 149.949898 -101.070817 9.077492 179.547303 -0.284039
-12.306680 149.949886 -101.071273 9.077876 179.547202 -0.284259
-12.311404 149.949875 -101.071728 9.078261 179.547101 -0.284478
-12.316128 149.949864 -101.072183 9.078645 179.547001 -0.284698
-12.320852 149.949853 -101.072638 9.079029 179.546900 -0.284918
-12.325576 149.949841 -101.073092 9.079414 179.546800 -0.285138
-12.330300 149.949830 -101.073545 9.079798 179.546699 -0.285359
-12.335024 149.949819 -101.073999 9.080183 179.546599 -0.285579
-12.339748 149.949808 -101.074452 9.080568 179.546499 -0.285800
-12.344472 149.949797 -101.074904 9.080952 179.546400 -0.286020
-12.349196 149.949786 -101.075356 9.081337 179.546300 -0.286241
-12.353920 149.949775 -101.075808 9.081722 179.546201 -0.286462
-12.358644 149.949763 -101.076259 9.082107 179.546102 -0.286683
-12.363368 149.949752 -101.076710 9.082492 179.546003 -0.286904
-12.368092 149.949741 -101.077161 9.082877 179.545904 -0.287126
-12.372816 149.949730 -101.077611 9.083262 179.545805 -0.287347
-12.377540 149.949719 -101.078061 9.083647 179.545707 -0.287569
-12.382265 149.949708 -101.078510 9.084032 179.545608 -0.287790
-12.386989 149.949697 -101.078959 9.084418 179.545510 -0.288012
-12.391713 149.949686 -101.079407 9.084803 179.545412 -0.288234
-12.396438 149.949675 -101.079856 9.085188 179.545315 -0.288456
-12.401162 149.949665 -101.080303 9.085574 179.545217 -0.288679
-12.405886 149.949654 -101.080751 9.085959 179.545120 -0.288901
-12.410611 149.949643 -101.081198 9.086345 179.545022 -0.289124
-12.415335 149.949632 -101.081644 9.086730 179.544925 -0.289346
-12.420060 149.949621 -101.082090 9.087116 179.544829 -0.289569
-12.424784 149.949610 -101.082536 9.087501 179.544732 -0.289792
-12.429509 149.949599 -101.082981 9.087887 179.544635 -0.290015
-12.434233 149.949589 -101.083426 9.088273 179.544539 -0.290239
-12.438958 149.949578 -101.083871 9.088659 179.544443 -0.290462
-12.443683 149.949567 -101.084315 9.089045 179.544347 -0.290686
-12.448407 149.949557 -101.084758 9.089431 179.544251 -0.290909
-12.453132 149.949546 -101.085202 9.089817 179.544156 -0.291133
-12.457857 149.949535 -101.085644 9.090203 179.544060 -0.291357
-12.462581 149.949525 -101.086087 9.090589 179.543965 -0.291581
-12.467306 149.949514 -101.086529 9.090976 179.543870 -0.291805
-12.472031 149.949503 -101.086970 9.091362 179.543775 -0.292030
-12.476756 149.949493 -101.087412 9.091748 179.543680 -0.292254
-12.481481 149.949482 -101.087852 9.092135 179.543586 -0.292479
-12.486206 149.949472 -101.088293 9.092521 179.543492 -0.292704
-12.490931 149.949461 -101.088733 9.092908 179.543397 -0.292929
-12.495656 149.949451 -101.089172 9.093294 179.543303 -0.293154
-12.500381 149.949440 -101.089611 9.093681 179.543210 -0.293379
-12.505106 149.949430 -101.090050 9.094068 179.543116 -0.293604
-12.509831 149.949419 -101.090488 9.094454 179.543023 -0.293830
-12.514556 149.949409 -101.090926 9.094841 179.542930 -0.294055
-12.519281 149.949398 -101.091363 9.095228 179.542836 -0.294281
-12.524006 149.949388 -101.091800 9.095615 179.542744 -0.294507
-12.528731 149.949378 -101.092237 9.096002 179.542651 -0.294733
-12.533456 149.949367 -101.092673 9.096389 179.542559 -0.294959
-12.538182 149.949357 -101.093108 9.096777 179.542466 -0.295185
-12.542907 149.949347 -101.093544 9.097164 179.542374 -0.295412
-12.547632 149.949336 -101.093978 9.097551 179.542282 -0.295639
-12.552358 149.949326 -101.094413 9.097938 179.542190 -0.295865
-12.557083 149.949316 -101.094847 9.098326 179.542099 -0.296092
-12.561808 149.949306 -101.095280 9.098713 179.542008 -0.296319
-12.566534 149.949295 -101.095713 9.099101 179.541916 -0.296546
-12.571259 149.949285 -101.096146 9.099489 179.541825 -0.296774
-12.575985 149.949275 -101.096578 9.099876 179.541735 -0.297001
-12.580710 149.949265 -101.097010 9.100264 179.541644 -0.297229
-12.585436 149.949255 -101.097441 9.100652 179.541554 -0.297456
-12.590161 149.949245 -101.097872 9.101040 179.541463 -0.297684
-12.594887 149.949235 -101.098303 9.101428 179.541373 -0.297912
-12.599613 149.949225 -101.098733 9.101816 179.541284 -0.298141
-12.604338 149.949214 -101.099162 9.102204 179.541194 -0.298369
-12.609064 149.949204 -101.099591 9.102592 179.541104 -0.298597
-12.613790 149.949194 -101.100020 9.102980 179.541015 -0.298826
-12.618516 149.949185 -101.100448 9.103368 179.540926 -0.299055
-12.623241 149.949175 -101.100876 9.103757 179.540837 -0.299284
-12.627967 149.949165 -101.101303 9.104145 179.540748 -0.299513
-12.632693 149.949155 -101.101730 9.104533 179.540660 -0.299742
-12.637419 149.949145 -101.102157 9.104922 179.540572 -0.299971
-12.642145 149.949135 -101.102583 9.105311 179.540484 -0.300200
-12.646871 149.949125 -101.103008 9.105699 179.540396 -0.300430
-12.651597 149.949115 -101.103434 9.106088 179.540308 -0.300660
-12.656323 149.949106 -101.103858 9.106477 179.540220 -0.300890
-12.661049 149.949096 -101.104282 9.106866 179.540133 -0.301120
-12.665775 149.949086 -101.104706 9.107255 179.540046 -0.301350
-12.670501 149.949076 -101.105129 9.107644 179.539959 -0.301580
-12.675227 149.949067 -101.105552 9.108033 179.539872 -0.301811
-12.679953 149.949057 -101.105975 9.108422 179.539785 -0.302041
-12.684680 149.949047 -101.106397 9.108811 179.539699 -0.302272
-12.689406 149.949038 -101.106818 9.109200 179.539613 -0.302503
-12.694132 149.949028 -101.107239 9.109590 179.539527 -0.302734
-12.698858 149.949018 -101.107660 9.109979 179.539441 -0.302965
-12.703585 149.949009 -101.108080 9.110369 179.539355 -0.303196
-12.708311 149.948999 -101.108499 9.110758 179.539270 -0.303428
-12.713037 149.948990 -101.108919 9.111148 179.539185 -0.303659
-12.717764 149.948980 -101.109337 9.111537 179.539100 -0.303891
-12.722490 149.948971 -101.109756 9.111927 179.539015 -0.304123
-12.727217 149.948961 -101.110173 9.112317 179.538930 -0.304355
-12.731943 149.948952 -101.110591 9.112707 179.538846 -0.304587
-12.736670 149.948942 -101.111008 9.113097 179.538762 -0.304820
-12.741396 149.948933 -101.111424 9.113487 179.538678 -0.305052
-12.746123 149.948923 -101.111840 9.113877 179.538594 -0.305285
-12.750850 149.948914 -101.112255 9.114267 179.538510 -0.305517
-12.755576 149.948905 -101.112670 9.114657 179.538427 -0.305750
-12.760303 149.948895 -101.113085 9.115048 179.538343 -0.305983
-12.765030 149.948886 -101.113499 9.115438 179.538260 -0.306217
-12.769757 149.948877 -101.113913 9.115828 179.538178 -0.306450
-12.774483 149.948867 -101.114326 9.116219 179.538095 -0.306684
-12.779210 149.948858 -101.114738 9.116610 179.538012 -0.306917
-12.783937 149.948849 -101.115151 9.117000 179.537930 -0.307151
-12.788664 149.948840 -101.115562 9.117391 179.537848 -0.307385
-12.793391 149.948831 -101.115973 9.117782 179.537766 -0.307619
-12.798118 149.948822 -101.116384 9.118173 179.537685 -0.307853
-12.802845 149.948812 -101.116794 9.118564 179.537603 -0.308088
-12.807572 149.948803 -101.117204 9.118955 179.537522 -0.308322
-12.812299 149.948794 -101.117614 9.119346 179.537441 -0.308557
-12.817026 149.948785 -101.118022 9.119737 179.537360 -0.308792
-12.821753 149.948776 -101.118431 9.120128 179.537279 -0.309027
-12.826480 149.948767 -101.118839 9.120519 179.537199 -0.309262
-12.831207 149.948758 -101.119246 9.120911 179.537119 -0.309497
-12.835935 149.948749 -101.119653 9.121302 179.537039 -0.309733
-12.840662 149.948740 -101.120059 9.121694 179.536959 -0.309968
-12.845389 149.948731 -101.120465 9.122085 179.536879 -0.310204
-12.850116 149.948722 -101.120871 9.122477 179.536800 -0.310440
-12.854844 149.948713 -101.121276 9.122869 179.536720 -0.310676
-12.859571 149.948705 -101.121680 9.123261 179.536641 -0.310912
-12.864298 149.948696 -101.122084 9.123652 179.536563 -0.311148
-12.869026 149.948687 -101.122487 9.124044 179.536484 -0.311385
-12.873753 149.948678 -101.122890 9.124436 179.536406 -0.311621
-12.878481 149.948669 -101.123293 9.124829 179.536327 -0.311858
-12.883208 149.948661 -101.123695 9.125221 179.536249 -0.312095
-12.887936 149.948652 -101.124096 9.125613 179.536172 -0.312332
-12.892663 149.948643 -101.124497 9.126005 179.536094 -0.312569
-12.897391 149.948635 -101.124898 9.126398 179.536017 -0.312807
-12.902119 149.948626 -101.125298 9.126790 179.535939 -0.313044
-12.906846 149.948617 -101.125698 9.127183 179.535862 -0.313282
-12.911574 149.948609 -101.126097 9.127575 179.535786 -0.313519
-12.916302 149.948600 -101.126495 9.127968 179.535709 -0.313757
-12.921029 149.948592 -101.126893 9.128361 179.535633 -0.313996
-12.925757 149.948583 -101.127291 9.128754 179.535557 -0.314234
-12.930485 149.948574 -101.127688 9.129147 179.535481 -0.314472
-12.935213 149.948566 -101.128084 9.129540 179.535405 -0.314711
-12.939941 149.948558 -101.128480 9.129933 179.535329 -0.314949
-12.944669 149.948549 -101.128876 9.130326 179.535254 -0.315188
-12.949397 149.948541 -101.129271 9.130719 179.535179 -0.315427
-12.954125 149.948532 -101.129665 9.131113 179.535104 -0.315667
-12.958853 149.948524 -101.130059 9.131506 179.535029 -0.315906
-12.963581 149.948516 -101.130453 9.131899 179.534955 -0.316145
-12.968309 149.948507 -101.130846 9.132293 179.534881 -0.316385
-12.973037 149.948499 -101.131238 9.132687 179.534807 -0.316625
-12.977765 149.948491 -101.131630 9.133080 179.534733 -0.316865
-12.982493 149.948482 -101.132022 9.133474 179.534659 -0.317105
-12.987221 149.948474 -101.132413 9.133868 179.534586 -0.317345
-12.991950 149.948466 -101.132803 9.134262 179.534512 -0.317585
-12.996678 149.948458 -101.133193 9.134656 179.534439 -0.317826
-13.001406 149.948450 -101.133582 9.135050 179.534367 -0.318066
-13.006135 149.948441 -101.133971 9.135444 179.534294 -0.318307
-13.010863 149.948433 -101.134360 9.135838 179.534222 -0.318548
-13.015591 149.948425 -101.134747 9.136233 179.534149 -0.318789
-13.020320 149.948417 -101.135135 9.136627 179.534078 -0.319031
-13.025048 149.948409 -101.135522 9.137022 179.534006 -0.319272
-13.029777 149.948401 -101.135908 9.137416 179.533934 -0.319514
-13.034505 149.948393 -101.136294 9.137811 179.533863 -0.319756
-13.039234 149.948385 -101.136679 9.138206 179.533792 -0.319997
-13.043962 149.948377 -101.137064 9.138600 179.533721 -0.320239
-13.048691 149.948369 -101.137448 9.138995 179.533650 -0.320482
-13.053420 149.948361 -101.137831 9.139390 179.533580 -0.320724
-13.058148 149.948353 -101.138215 9.139785 179.533510 -0.320967
-13.062877 149.948345 -101.138597 9.140180 179.533440 -0.321209
-13.067606 149.948338 -101.138979 9.140576 179.533370 -0.321452
-13.072335 149.948330 -101.139361 9.140971 179.533300 -0.321695
-13.077063 149.948322 -101.139742 9.141366 179.533231 -0.321938
-13.081792 149.948314 -101.140122 9.141762 179.533162 -0.322181
-13.086521 149.948307 -101.140502 9.142157 179.533093 -0.322425
-13.091250 149.948299 -101.140882 9.142553 179.533024 -0.322669
-13.095979 149.948291 -101.141261 9.142949 179.532955 -0.322912
-13.100708 149.948283 -101.141639 9.143344 179.532887 -0.323156
-13.105437 149.948276 -101.142017 9.143740 179.532819 -0.323400
-13.110166 149.948268 -101.142394 9.144136 179.532751 -0.323644
-13.114895 149.948261 -101.142771 9.144532 179.532684 -0.323889
-13.119624 149.948253 -101.143147 9.144928 179.532616 -0.324133
-13.124353 149.948245 -101.143523 9.145324 179.532549 -0.324378
-13.129082 149.948238 -101.143898 9.145721 179.532482 -0.324623
-13.133812 149.948230 -101.144273 9.146117 179.532415 -0.324868
-13.138541 149.948223 -101.144647 9.146513 179.532349 -0.325113
-13.143270 149.948216 -101.145021 9.146910 179.532282 -0.325358
-13.147999 149.948208 -101.145394 9.147307 179.532216 -0.325604
-13.152729 149.948201 -101.145766 9.147703 179.532150 -0.325849
-13.157458 149.948193 -101.146138 9.148100 179.532085 -0.326095
-13.162187 149.948186 -101.146509 9.148497 179.532019 -0.326341
-13.166917 149.948179 -101.146880 9.148894 179.531954 -0.326587
-13.171646 149.948171 -101.147250 9.149291 179.531889 -0.326833
-13.176376 149.948164 -101.147620 9.149688 179.531824 -0.327080
-13.181105 149.948157 -101.147989 9.150085 179.531760 -0.327326
-13.185835 149.948150 -101.148358 9.150482 179.531695 -0.327573
-13.190564 149.948142 -101.148726 9.150880 179.531631 -0.327820
-13.195294 149.948135 -101.149094 9.151277 179.531567 -0.328067
-13.200023 149.948128 -101.149461 9.151675 179.531503 -0.328314
-13.204753 149.948121 -101.149827 9.152072 179.531440 -0.328562
-13.209483 149.948114 -101.150193 9.152470 179.531377 -0.328809
-13.214213 149.948107 -101.150558 9.152868 179.531314 -0.329057
-13.218942 149.948100 -101.150923 9.153265 179.531251 -0.329305
-13.223672 149.948093 -101.151287 9.153663 179.531188 -0.329553
-13.228402 149.948086 -101.151651 9.154061 179.531126 -0.329801
-13.233132 149.948079 -101.152014 9.154460 179.531064 -0.330049
-13.237862 149.948072 -101.152377 9.154858 179.531002 -0.330297
-13.242592 149.948065 -101.152738 9.155256 179.530940 -0.330546
-13.247322 149.948058 -101.153100 9.155654 179.530879 -0.330795
-13.252052 149.948051 -101.153461 9.156053 179.530818 -0.331044
-13.256782 149.948044 -101.153821 9.156451 179.530757 -0.331293
-13.261512 149.948037 -101.154181 9.156850 179.530696 -0.331542
-13.266242 149.948030 -101.154540 9.157249 179.530635 -0.331791
-13.270972 149.948024 -101.154899 9.157648 179.530575 -0.332041
-13.275702 149.948017 -101.155257 9.158046 179.530515 -0.332291
-13.280432 149.948010 -101.155614 9.158445 179.530455 -0.332541
-13.285162 149.948003 -101.155971 9.158844 179.530396 -0.332791
-13.289893 149.947997 -101.156327 9.159244 179.530336 -0.333041
-13.294623 149.947990 -101.156683 9.159643 179.530277 -0.333291
-13.299353 149.947983 -101.157038 9.160042 179.530218 -0.333542
-13.304084 149.947977 -101.157393 9.160442 179.530159 -0.333792
-13.308814 149.947970 -101.157747 9.160841 179.530101 -0.334043
-13.313544 149.947964 -101.158100 9.161241 179.530043 -0.334294
-13.318275 149.947957 -101.158453 9.161640 179.529985 -0.334545
-13.323005 149.947951 -101.158806 9.162040 179.529927 -0.334797
-13.327736 149.947944 -101.159158 9.162440 179.529869 -0.335048
-13.332466 149.947938 -101.159509 9.162840 179.529812 -0.335300
-13.337197 149.947931 -101.159859 9.163240 179.529755 -0.335552
-13.341927 149.947925 -101.160209 9.163640 179.529698 -0.335804
-13.346658 149.947918 -101.160559 9.164040 179.529641 -0.336056
-13.351389 149.947912 -101.160908 9.164441 179.529585 -0.336308
-13.356119 149.947906 -101.161256 9.164841 179.529528 -0.336560
-13.360850 149.947899 -101.161604 9.165241 179.529473 -0.336813
-13.365581 149.947893 -101.161951 9.165642 179.529417 -0.337066
-13.370312 149.947887 -101.162297 9.166043 179.529361 -0.337319
-13.375042 149.947881 -101.162643 9.166443 179.529306 -0.337572
-13.379773 149.947874 -101.162989 9.166844 179.529251 -0.337825
-13.384504 149.947868 -101.163333 9.167245 179.529196 -0.338079
-13.389235 149.947862 -101.163678 9.167646 179.529142 -0.338332
-13.393966 149.947856 -101.164021 9.168047 179.529087 -0.338586
-13.398697 149.947850 -101.164364 9.168449 179.529033 -0.338840
-13.403428 149.947844 -101.164707 9.168850 179.528979 -0.339094
-13.408159 149.947838 -101.165049 9.169251 179.528926 -0.339348
-13.412890 149.947832 -101.165390 9.169653 179.528872 -0.339602
-13.417621 149.947826 -101.165731 9.170054 179.528819 -0.339857
-13.422352 149.947820 -101.166071 9.170456 179.528766 -0.340112
-13.427084 149.947814 -101.166410 9.170858 179.528713 -0.340367
-13.431815 149.947808 -101.166749 9.171260 179.528661 -0.340622
-13.436546 149.947802 -101.167087 9.171662 179.528609 -0.340877
-13.441277 149.947796 -101.167425 9.172064 179.528557 -0.341132
-13.446009 149.947790 -101.167762 9.172466 179.528505 -0.341388
-13.450740 149.947785 -101.168099 9.172868 179.528453 -0.341643
-13.455471 149.947779 -101.168434 9.173270 179.528402 -0.341899
-13.460203 149.947773 -101.168770 9.173673 179.528351 -0.342155
-13.464934 149.947767 -101.169104 9.174075 179.528300 -0.342412
-13.469666 149.947762 -101.169438 9.174478 179.528250 -0.342668
-13.474397 149.947756 -101.169772 9.174880 179.528199 -0.342924
-13.479129 149.947750 -101.170105 9.175283 179.528149 -0.343181
-13.483860 149.947745 -101.170437 9.175686 179.528099 -0.343438
-13.488592 149.947739 -101.170769 9.176089 179.528050 -0.343695
-13.493323 149.947733 -101.171100 9.176492 179.528000 -0.343952
-13.498055 149.947728 -101.171430 9.176895 179.527951 -0.344210
-13.502787 149.947722 -101.171760 9.177298 179.527902 -0.344467
-13.507519 149.947717 -101.172089 9.177702 179.527854 -0.344725
-13.512250 149.947711 -101.172418 9.178105 179.527805 -0.344983
-13.516982 149.947706 -101.172746 9.178509 179.527757 -0.345241
-13.521714 149.947701 -101.173074 9.178912 179.527709 -0.345499
-13.526446 149.947695 -101.173400 9.179316 179.527661 -0.345757
-13.531178 149.947690 -101.173727 9.179720 179.527614 -0.346016
-13.535910 149.947684 -101.174052 9.180124 179.527567 -0.346274
-13.540642 149.947679 -101.174377 9.180528 179.527520 -0.346533
-13.545374 149.947674 -101.174701 9.180932 179.527473 -0.346792
-13.550106 149.947669 -101.175025 9.181336 179.527426 -0.347051
-13.554838 149.947663 -101.175348 9.181740 179.527380 -0.347311
-13.559570 149.947658 -101.175671 9.182145 179.527334 -0.347570
-13.564302 149.947653 -101.175993 9.182549 179.527288 -0.347830
-13.569034 149.947648 -101.176314 9.182954 179.527243 -0.348090
-13.573766 149.947643 -101.176635 9.183359 179.527198 -0.348350
-13.578498 149.947638 -101.176955 9.183763 179.527153 -0.348610
-13.583231 149.947633 -101.177274 9.184168 179.527108 -0.348870
-13.587963 149.947627 -101.177593 9.184573 179.527063 -0.349131
-13.592695 149.947622 -101.177911 9.184978 179.527019 -0.349391
-13.597428 149.947617 -101.178228 9.185383 179.526975 -0.349652
-13.602160 149.947613 -101.178545 9.185789 179.526931 -0.349913
-13.606892 149.947608 -101.178862 9.186194 179.526887 -0.350174
-13.611625 149.947603 -101.179177 9.186600 179.526844 -0.350436
-13.616357 149.947598 -101.179492 9.187005 179.526801 -0.350697
-13.621090 149.947593 -101.179807 9.187411 179.526758 -0.350959
-13.625822 149.947588 -101.180120 9.187817 179.526715 -0.351221
-13.630555 149.947583 -101.180433 9.188222 179.526673 -0.351483
-13.635288 149.947579 -101.180746 9.188628 179.526631 -0.351745
-13.640020 149.947574 -101.181058 9.189034 179.526589 -0.352007
-13.644753 149.947569 -101.181369 9.189441 179.526548 -0.352270
-13.649486 149.947564 -101.181680 9.189847 179.526506 -0.352532
-13.654218 149.947560 -101.181990 9.190253 179.526465 -0.352795
-13.658951 149.947555 -101.182299 9.190660 179.526424 -0.353058
-13.663684 149.947551 -101.182607 9.191066 179.526384 -0.353321
-13.668417 149.947546 -101.182916 9.191473 179.526343 -0.353585
-13.673150 149.947541 -101.183223 9.191880 179.526303 -0.353848
-13.677883 149.947537 -101.183530 9.192286 179.526263 -0.354112
-13.682615 149.947532 -101.183836 9.192693 179.526223 -0.354376
-13.687348 149.947528 -101.184141 9.193100 179.526184 -0.354640
-13.692081 149.947523 -101.184446 9.193508 179.526145 -0.354904
-13.696814 149.947519 -101.184750 9.193915 179.526106 -0.355168
-13.701548 149.947515 -101.185054 9.194322 179.526067 -0.355433
-13.706281 149.947510 -101.185357 9.194730 179.526029 -0.355698
-13.711014 149.947506 -101.185659 9.195137 179.525991 -0.355963
-13.715747 149.947502 -101.185961 9.195545 179.525953 -0.356228
-13.720480 149.947497 -101.186261 9.195953 179.525915 -0.356493
-13.725213 149.947493 -101.186562 9.196360 179.525878 -0.356758
-13.729947 149.947489 -101.186861 9.196768 179.525841 -0.357024
-13.734680 149.947485 -101.187160 9.197177 179.525804 -0.357290
-13.739413 149.947481 -101.187459 9.197585 179.525767 -0.357556
-13.744147 149.947476 -101.187756 9.197993 179.525731 -0.357822
-13.748880 149.947472 -101.188053 9.198401 179.525695 -0.358088
-13.753613 149.947468 -101.188350 9.198810 179.525659 -0.358354
-13.758347 149.947464 -101.188646 9.199218 179.525623 -0.358621
-13.763080 149.947460 -101.188941 9.199627 179.525588 -0.358888
-13.767814 149.947456 -101.189235 9.200036 179.525553 -0.359155
-13.772548 149.947452 -101.189529 9.200445 179.525518 -0.359422
-13.777281 149.947448 -101.189822 9.200854 179.525483 -0.359689
-13.782015 149.947444 -101.190114 9.201263 179.525449 -0.359957
-13.786748 149.947441 -101.190406 9.201672 179.525415 -0.360224
-13.791482 149.947437 -101.190697 9.202081 179.525381 -0.360492
-13.796216 149.947433 -101.190988 9.202491 179.525348 -0.360760
-13.800950 149.947429 -101.191278 9.202900 179.525314 -0.361028
-13.805683 149.947425 -101.191567 9.203310 179.525281 -0.361296
-13.810417 149.947422 -101.191855 9.203720 179.525248 -0.361565
-13.815151 149.947418 -101.192143 9.204129 179.525216 -0.361834
-13.819885 149.947414 -101.192430 9.204539 179.525184 -0.362102
-13.824619 149.947410 -101.192717 9.204949 179.525151 -0.362371
-13.829353 149.947407 -101.193002 9.205360 179.525120 -0.362641
-13.834087 149.947403 -101.193287 9.205770 179.525088 -0.362910
-13.838821 149.947400 -101.193572 9.206180 179.525057 -0.363180
-13.843555 149.947396 -101.193856 9.206591 179.525026 -0.363449
-13.848289 149.947393 -101.194139 9.207001 179.524995 -0.363719
-13.853023 149.947389 -101.194421 9.207412 179.524965 -0.363989
-13.857757 149.947386 -101.194703 9.207823 179.524934 -0.364259
-13.862492 149.947382 -101.194984 9.208233 179.524904 -0.364530
-13.867226 149.947379 -101.195265 9.208644 179.524875 -0.364800
-13.871960 149.947375 -101.195544 9.209056 179.524845 -0.365071
-13.876694 149.947372 -101.195823 9.209467 179.524816 -0.365342
-13.881429 149.947369 -101.196102 9.209878 179.524787 -0.365613
-13.886163 149.947366 -101.196379 9.210289 179.524758 -0.365884
-13.890897 149.947362 -101.196656 9.210701 179.524730 -0.366156
-13.895632 149.947359 -101.196933 9.211113 179.524702 -0.366428
-13.900366 149.947356 -101.197209 9.211524 179.524674 -0.366699
-13.905101 149.947353 -101.197483 9.211936 179.524646 -0.366971
-13.909835 149.947350 -101.197758 9.212348 179.524619 -0.367243
-13.914570 149.947346 -101.198031 9.212760 179.524592 -0.367516
-13.919304 149.947343 -101.198304 9.213172 179.524565 -0.367788
-13.924039 149.947340 -101.198577 9.213585 179.524538 -0.368061
-13.928774 149.947337 -101.198848 9.213997 179.524512 -0.368334
-13.933508 149.947334 -101.199119 9.214409 179.524486 -0.368607
-13.938243 149.947331 -101.199389 9.214822 179.524460 -0.368880
-13.942978 149.947328 -101.199659 9.215235 179.524434 -0.369153
-13.947713 149.947326 -101.199927 9.215648 179.524409 -0.369427
-13.952447 149.947323 -101.200196 9.216061 179.524384 -0.369701
-13.957182 149.947320 -101.200463 9.216474 179.524359 -0.369975
-13.961917 149.947317 -101.200730 9.216887 179.524335 -0.370249
-13.966652 149.947314 -101.200996 9.217300 179.524311 -0.370523
-13.971387 149.947311 -101.201261 9.217713 179.524287 -0.370797
-13.976122 149.947309 -101.201526 9.218127 179.524263 -0.371072
-13.980857 149.947306 -101.201790 9.218540 179.524240 -0.371347
-13.985592 149.947303 -101.202053 9.218954 179.524216 -0.371622
-13.990327 149.947301 -101.202315 9.219368 179.524194 -0.371897
-13.995062 149.947298 -101.202577 9.219782 179.524171 -0.372172
-13.999797 149.947295 -101.202838 9.220196 179.524149 -0.372448
-14.004533 149.947293 -101.203099 9.220610 179.524126 -0.372724
-14.009268 149.947290 -101.203358 9.221024 179.524105 -0.372999
-14.014003 149.947288 -101.203617 9.221439 179.524083 -0.373276
-14.018738 149.947285 -101.203876 9.221853 179.524062 -0.373552
-14.023474 149.947283 -101.204133 9.222268 179.524041 -0.373828
-14.028209 149.947281 -101.204390 9.222682 179.524020 -0.374105
-14.032944 149.947278 -101.204646 9.223097 179.524000 -0.374382
-14.037680 149.947276 -101.204902 9.223512 179.523979 -0.374658
-14.042415 149.947274 -101.205156 9.223927 179.523959 -0.374936
-14.047151 149.947271 -101.205410 9.224342 179.523940 -0.375213
-14.051886 149.947269 -101.205663 9.224758 179.523920 -0.375490
-14.056622 149.947267 -101.205916 9.225173 179.523901 -0.375768
-14.061357 149.947265 -101.206168 9.225589 179.523883 -0.376046
-14.066093 149.947263 -101.206419 9.226004 179.523864 -0.376324
-14.070828 149.947260 -101.206669 9.226420 179.523846 -0.376602
-14.075564 149.947258 -101.206919 9.226836 179.523828 -0.376881
-14.080299 149.947256 -101.207167 9.227252 179.523810 -0.377159
-14.085035 149.947254 -101.207415 9.227668 179.523793 -0.377438
-14.089771 149.947252 -101.207663 9.228084 179.523775 -0.377717
-14.094507 149.947250 -101.207909 9.228500 179.523759 -0.377996
-14.099242 149.947248 -101.208155 9.228917 179.523742 -0.378275
-14.103978 149.947246 -101.208400 9.229333 179.523726 -0.378555
-14.108714 149.947244 -101.208645 9.229750 179.523710 -0.378835
-14.113450 149.947243 -101.208888 9.230167 179.523694 -0.379114
-14.118185 149.947241 -101.209131 9.230584 179.523678 -0.379394
-14.122921 149.947239 -101.209373 9.231001 179.523663 -0.379675
-14.127657 149.947237 -101.209615 9.231418 179.523648 -0.379955
-14.132393 149.947236 -101.209855 9.231835 179.523634 -0.380236
-14.137129 149.947234 -101.210095 9.232253 179.523619 -0.380516
-14.141865 149.947232 -101.210334 9.232670 179.523605 -0.380797
-14.146601 149.947231 -101.210573 9.233088 179.523591 -0.381079
-14.151337 149.947229 -101.210810 9.233505 179.523578 -0.381360
-14.156073 149.947227 -101.211047 9.233923 179.523565 -0.381641
-14.160809 149.947226 -101.211283 9.234341 179.523552 -0.381923
-14.165545 149.947224 -101.211518 9.234759 179.523539 -0.382205
