-80.307118 149.999996 19.999822 20.000254 0.000010 -11.638574
-80.306891 149.999996 19.999824 20.000251 0.000010 -11.633951
-80.306664 149.999996 19.999826 20.000247 0.000010 -11.629330
-80.306435 149.999996 19.999829 20.000244 0.000010 -11.624710
-80.306206 149.999996 19.999831 20.000240 0.000010 -11.620090
-80.305975 149.999996 19.999834 20.000237 0.000010 -11.615471
-80.305744 149.999996 19.999836 20.000233 0.000010 -11.610853
-80.305512 149.999996 19.999839 20.000230 0.000009 -11.606236
-80.305280 149.999996 19.999842 20.000226 0.000009 -11.601620
-80.305046 149.999996 19.999844 20.000222 0.000009 -11.597004
-80.304812 149.999996 19.999847 20.000219 0.000009 -11.592389
-80.304576 149.999996 19.999849 20.000215 0.000009 -11.587775
-80.304340 149.999996 19.999852 20.000211 0.000009 -11.583162
-80.304103 149.999996 19.999854 20.000208 0.000008 -11.578550
-80.303865 149.999997 19.999857 20.000204 0.000008 -11.573939
-80.303627 149.999997 19.999860 20.000200 0.000008 -11.569328
-80.303387 149.999997 19.999862 20.000196 0.000008 -11.564719
-80.303147 149.999997 19.999865 20.000192 0.000008 -11.560110
-80.302905 149.999997 19.999868 20.000189 0.000008 -11.555502
-80.302663 149.999997 19.999870 20.000185 0.000008 -11.550894
-80.302420 149.999997 19.999873 20.000181 0.000007 -11.546288
-80.302176 149.999997 19.999876 20.000177 0.000007 -11.541682
-80.301932 149.999997 19.999879 20.000173 0.000007 -11.537078
-80.301686 149.999997 19.999881 20.000169 0.000007 -11.532474
-80.301439 149.999997 19.999884 20.000165 0.000007 -11.527871
-80.301192 149.999997 19.999887 20.000161 0.000007 -11.523269
-80.300944 149.999997 19.999890 20.000157 0.000006 -11.518668
-80.300695 149.999997 19.999892 20.000153 0.000006 -11.514067
-80.300445 149.999997 19.999895 20.000149 0.000006 -11.509468
-80.300194 149.999998 19.999898 20.000145 0.000006 -11.504869
-80.299942 149.999998 19.999901 20.000141 0.000006 -11.500271
-80.299690 149.999998 19.999904 20.000137 0.000006 -11.495674
-80.299436 149.999998 19.999907 20.000133 0.000005 -11.491078
-80.299182 149.999998 19.999909 20.000129 0.000005 -11.486483
-80.298927 149.999998 19.999912 20.000125 0.000005 -11.481888
-80.298671 149.999998 19.999915 20.000121 0.000005 -11.477295
-80.298414 149.999998 19.999918 20.000117 0.000005 -11.472702
-80.298156 149.999998 19.999921 20.000113 0.000005 -11.468110
-80.297897 149.999998 19.999924 20.000108 0.000004 -11.463519
-80.297637 149.999998 19.999927 20.000104 0.000004 -11.458929
-80.297377 149.999998 19.999930 20.000100 0.000004 -11.454340
-80.297115 149.999998 19.999933 20.000096 0.000004 -11.449752
-80.296853 149.999998 19.999936 20.000091 0.000004 -11.445164
-80.296590 149.999999 19.999939 20.000087 0.000004 -11.440578
-80.296325 149.999999 19.999942 20.000083 0.000003 -11.435992
-80.296060 149.999999 19.999945 20.000078 0.000003 -11.431407
-80.295794 149.999999 19.999948 20.000074 0.000003 -11.426823
-80.295527 149.999999 19.999951 20.000070 0.000003 -11.422240
-80.295260 149.999999 19.999954 20.000065 0.000003 -11.417658
-80.294991 149.999999 19.999957 20.000061 0.000002 -11.413077
-80.294721 149.999999 19.999960 20.000057 0.000002 -11.408496
-80.294451 149.999999 19.999963 20.000052 0.000002 -11.403917
-80.294179 149.999999 19.999967 20.000048 0.000002 -11.399338
-80.293907 149.999999 19.999970 20.000043 0.000002 -11.394761
-80.293634 149.999999 19.999973 20.000039 0.000002 -11.390184
-80.293360 149.999999 19.999976 20.000034 0.000001 -11.385608
-80.293085 149.999999 19.999979 20.000030 0.000001 -11.381033
-80.292809 150.000000 19.999982 20.000025 0.000001 -11.376459
-80.292532 150.000000 19.999986 20.000020 0.000001 -11.371886
-80.292254 150.000000 19.999989 20.000016 0.000001 -11.367313
-80.291975 150.000000 19.999992 20.000011 0.000000 -11.362742
-80.291695 150.000000 19.999995 20.000006 0.000000 -11.358171
-80.291415 150.000000 19.999999 20.000002 0.000000 -11.353602
-80.291133 150.000000 20.000002 19.999997 -0.000000 -11.349033
-80.290851 150.000000 20.000005 19.999992 -0.000000 -11.344465
-80.290567 150.000000 20.000009 19.999988 -0.000001 -11.339898
-80.290283 150.000000 20.000012 19.999983 -0.000001 -11.335332
-80.289997 150.000000 20.000015 19.999978 -0.000001 -11.330767
-80.289711 150.000000 20.000019 19.999973 -0.000001 -11.326203
-80.289424 150.000001 20.000022 19.999969 -0.000001 -11.321640
-80.289136 150.000001 20.000025 19.999964 -0.000001 -11.317078
-80.288847 150.000001 20.000029 19.999959 -0.000002 -11.312516
-80.288557 150.000001 20.000032 19.999954 -0.000002 -11.307955
-80.288267 150.000001 20.000036 19.999949 -0.000002 -11.303396
-80.287975 150.000001 20.000039 19.999944 -0.000002 -11.298837
-80.287683 150.000001 20.000043 19.999939 -0.000002 -11.294279
-80.287389 150.000001 20.000046 19.999934 -0.000003 -11.289722
-80.287095 150.000001 20.000050 19.999929 -0.000003 -11.285165
-80.286800 150.000001 20.000053 19.999924 -0.000003 -11.280610
-80.286504 150.000001 20.000057 19.999919 -0.000003 -11.276055
-80.286207 150.000001 20.000060 19.999914 -0.000003 -11.271502
-80.285909 150.000002 20.000064 19.999909 -0.000004 -11.266949
-80.285611 150.000002 20.000067 19.999904 -0.000004 -11.262397
-80.285311 150.000002 20.000071 19.999899 -0.000004 -11.257845
-80.285011 150.000002 20.000074 19.999894 -0.000004 -11.253295
-80.284710 150.000002 20.000078 19.999889 -0.000005 -11.248745
-80.284408 150.000002 20.000081 19.999884 -0.000005 -11.244197
-80.284105 150.000002 20.000085 19.999879 -0.000005 -11.239649
-80.283801 150.000002 20.000089 19.999874 -0.000005 -11.235102
-80.283496 150.000002 20.000092 19.999868 -0.000005 -11.230556
-80.283191 150.000002 20.000096 19.999863 -0.000006 -11.226010
-80.282885 150.000002 20.000100 19.999858 -0.000006 -11.221466
-80.282578 150.000002 20.000103 19.999853 -0.000006 -11.216922
-80.282270 150.000003 20.000107 19.999847 -0.000006 -11.212379
-80.281961 150.000003 20.000111 19.999842 -0.000006 -11.207837
-80.281652 150.000003 20.000114 19.999837 -0.000007 -11.203295
-80.281341 150.000003 20.000118 19.999832 -0.000007 -11.198754
-80.281030 150.000003 20.000122 19.999826 -0.000007 -11.194215
-80.280718 150.000003 20.000126 19.999821 -0.000007 -11.189676
-80.280405 150.000003 20.000129 19.999816 -0.000008 -11.185137
-80.280092 150.000003 20.000133 19.999810 -0.000008 -11.180600
-80.279777 150.000003 20.000137 19.999805 -0.000008 -11.176063
-80.279462 150.000003 20.000141 19.999799 -0.000008 -11.171527
-80.279146 150.000003 20.000145 19.999794 -0.000008 -11.166992
-80.278829 150.000004 20.000148 19.999788 -0.000009 -11.162458
-80.278512 150.000004 20.000152 19.999783 -0.000009 -11.157924
-80.278193 150.000004 20.000156 19.999777 -0.000009 -11.153391
-80.277874 150.000004 20.000160 19.999772 -0.000009 -11.148859
-80.277554 150.000004 20.000164 19.999766 -0.000010 -11.144327
-80.277234 150.000004 20.000168 19.999761 -0.000010 -11.139797
-80.276912 150.000004 20.000172 19.999755 -0.000010 -11.135267
-80.276590 150.000004 20.000175 19.999750 -0.000010 -11.130738
-80.276267 150.000004 20.000179 19.999744 -0.000010 -11.126209
-80.275944 150.000004 20.000183 19.999739 -0.000011 -11.121682
-80.275619 150.000005 20.000187 19.999733 -0.000011 -11.117155
-80.275294 150.000005 20.000191 19.999727 -0.000011 -11.112628
-80.274968 150.000005 20.000195 19.999722 -0.000011 -11.108103
-80.274641 150.000005 20.000199 19.999716 -0.000012 -11.103578
-80.274314 150.000005 20.000203 19.999710 -0.000012 -11.099054
-80.273986 150.000005 20.000207 19.999705 -0.000012 -11.094530
-80.273657 150.000005 20.000211 19.999699 -0.000012 -11.090008
-80.273327 150.000005 20.000215 19.999693 -0.000013 -11.085486
-80.272997 150.000005 20.000219 19.999688 -0.000013 -11.080965
-80.272666 150.000005 20.000223 19.999682 -0.000013 -11.076444
-80.272334 150.000005 20.000227 19.999676 -0.000013 -11.071924
-80.272002 150.000006 20.000231 19.999670 -0.000013 -11.067405
-80.271669 150.000006 20.000235 19.999664 -0.000014 -11.062886
-80.271335 150.000006 20.000239 19.999659 -0.000014 -11.058368
-80.271000 150.000006 20.000244 19.999653 -0.000014 -11.053851
-80.270665 150.000006 20.000248 19.999647 -0.000014 -11.049335
-80.270329 150.000006 20.000252 19.999641 -0.000015 -11.044819
-80.269992 150.000006 20.000256 19.999635 -0.000015 -11.040304
-80.269655 150.000006 20.000260 19.999629 -0.000015 -11.035789
-80.269317 150.000006 20.000264 19.999623 -0.000015 -11.031275
-80.268978 150.000006 20.000268 19.999618 -0.000016 -11.026762
-80.268639 150.000007 20.000272 19.999612 -0.000016 -11.022250
-80.268299 150.000007 20.000277 19.999606 -0.000016 -11.017738
-80.267958 150.000007 20.000281 19.999600 -0.000016 -11.013226
-80.267616 150.000007 20.000285 19.999594 -0.000017 -11.008716
-80.267274 150.000007 20.000289 19.999588 -0.000017 -11.004206
-80.266932 150.000007 20.000293 19.999582 -0.000017 -10.999697
-80.266588 150.000007 20.000298 19.999576 -0.000017 -10.995188
-80.266244 150.000007 20.000302 19.999570 -0.000018 -10.990680
-80.265899 150.000007 20.000306 19.999564 -0.000018 -10.986172
-80.265554 150.000008 20.000310 19.999558 -0.000018 -10.981665
-80.265208 150.000008 20.000315 19.999552 -0.000018 -10.977159
-80.264861 150.000008 20.000319 19.999545 -0.000019 -10.972654
-80.264514 150.000008 20.000323 19.999539 -0.000019 -10.968149
-80.264166 150.000008 20.000327 19.999533 -0.000019 -10.963644
-80.263818 150.000008 20.000332 19.999527 -0.000019 -10.959140
-80.263469 150.000008 20.000336 19.999521 -0.000020 -10.954637
-80.263119 150.000008 20.000340 19.999515 -0.000020 -10.950135
-80.262768 150.000008 20.000345 19.999509 -0.000020 -10.945633
-80.262417 150.000008 20.000349 19.999502 -0.000020 -10.941131
-80.262066 150.000009 20.000353 19.999496 -0.000021 -10.936630
-80.261714 150.000009 20.000358 19.999490 -0.000021 -10.932130
-80.261361 150.000009 20.000362 19.999484 -0.000021 -10.927630
-80.261007 150.000009 20.000366 19.999478 -0.000021 -10.923131
-80.260653 150.000009 20.000371 19.999471 -0.000022 -10.918633
-80.260299 150.000009 20.000375 19.999465 -0.000022 -10.914135
-80.259943 150.000009 20.000380 19.999459 -0.000022 -10.909637
-80.259588 150.000009 20.000384 19.999453 -0.000022 -10.905140
-80.259231 150.000009 20.000388 19.999446 -0.000023 -10.900644
-80.258874 150.000009 20.000393 19.999440 -0.000023 -10.896148
-80.258517 150.000010 20.000397 19.999434 -0.000023 -10.891653
-80.258159 150.000010 20.000402 19.999427 -0.000023 -10.887158
-80.257800 150.000010 20.000406 19.999421 -0.000024 -10.882664
-80.257441 150.000010 20.000411 19.999415 -0.000024 -10.878171
-80.257081 150.000010 20.000415 19.999408 -0.000024 -10.873677
-80.256721 150.000010 20.000419 19.999402 -0.000024 -10.869185
-80.256360 150.000010 20.000424 19.999396 -0.000025 -10.864693
-80.255998 150.000010 20.000428 19.999389 -0.000025 -10.860201
-80.255636 150.000010 20.000433 19.999383 -0.000025 -10.855710
-80.255274 150.000011 20.000437 19.999376 -0.000025 -10.851220
-80.254911 150.000011 20.000442 19.999370 -0.000026 -10.846730
-80.254547 150.000011 20.000446 19.999364 -0.000026 -10.842240
-80.254183 150.000011 20.000451 19.999357 -0.000026 -10.837752
-80.253818 150.000011 20.000455 19.999351 -0.000027 -10.833263
-80.253453 150.000011 20.000460 19.999344 -0.000027 -10.828775
-80.253087 150.000011 20.000465 19.999338 -0.000027 -10.824288
-80.252721 150.000011 20.000469 19.999331 -0.000027 -10.819801
-80.252354 150.000011 20.000474 19.999325 -0.000028 -10.815314
-80.251987 150.000012 20.000478 19.999318 -0.000028 -10.810828
-80.251619 150.000012 20.000483 19.999312 -0.000028 -10.806343
-80.251251 150.000012 20.000487 19.999305 -0.000028 -10.801858
-80.250882 150.000012 20.000492 19.999299 -0.000029 -10.797373
-80.250513 150.000012 20.000497 19.999292 -0.000029 -10.792889
-80.250143 150.000012 20.000501 19.999285 -0.000029 -10.788405
-80.249773 150.000012 20.000506 19.999279 -0.000029 -10.783922
-80.249402 150.000012 20.000510 19.999272 -0.000030 -10.779439
-80.249031 150.000012 20.000515 19.999266 -0.000030 -10.774957
-80.248659 150.000013 20.000520 19.999259 -0.000030 -10.770475
-80.248287 150.000013 20.000524 19.999253 -0.000031 -10.765994
-80.247914 150.000013 20.000529 19.999246 -0.000031 -10.761513
-80.247541 150.000013 20.000534 19.999239 -0.000031 -10.757032
-80.247168 150.000013 20.000538 19.999233 -0.000031 -10.752552
-80.246794 150.000013 20.000543 19.999226 -0.000032 -10.748073
-80.246419 150.000013 20.000548 19.999219 -0.000032 -10.743593
-80.246044 150.000013 20.000552 19.999213 -0.000032 -10.739115
-80.245669 150.000013 20.000557 19.999206 -0.000032 -10.734636
-80.245293 150.000014 20.000562 19.999199 -0.000033 -10.730158
-80.244917 150.000014 20.000566 19.999193 -0.000033 -10.725681
-80.244540 150.000014 20.000571 19.999186 -0.000033 -10.721204
-80.244163 150.000014 20.000576 19.999179 -0.000034 -10.716727
-80.243785 150.000014 20.000580 19.999172 -0.000034 -10.712251
-80.243407 150.000014 20.000585 19.999166 -0.000034 -10.707775
-80.243028 150.000014 20.000590 19.999159 -0.000034 -10.703299
-80.242650 150.000014 20.000595 19.999152 -0.000035 -10.698824
-80.242270 150.000014 20.000599 19.999145 -0.000035 -10.694349
-80.241890 150.000015 20.000604 19.999139 -0.000035 -10.689875
-80.241510 150.000015 20.000609 19.999132 -0.000035 -10.685401
-80.241130 150.000015 20.000614 19.999125 -0.000036 -10.680927
-80.240749 150.000015 20.000618 19.999118 -0.000036 -10.676454
-80.240367 150.000015 20.000623 19.999112 -0.000036 -10.671981
-80.239986 150.000015 20.000628 19.999105 -0.000037 -10.667509
-80.239604 150.000015 20.000633 19.999098 -0.000037 -10.663036
-80.239221 150.000015 20.000638 19.999091 -0.000037 -10.658565
-80.238838 150.000016 20.000642 19.999084 -0.000037 -10.654093
-80.238455 150.000016 20.000647 19.999077 -0.000038 -10.649622
-80.238071 150.000016 20.000652 19.999071 -0.000038 -10.645151
-80.237687 150.000016 20.000657 19.999064 -0.000038 -10.640681
-80.237302 150.000016 20.000662 19.999057 -0.000038 -10.636211
-80.236918 150.000016 20.000666 19.999050 -0.000039 -10.631741
-80.236532 150.000016 20.000671 19.999043 -0.000039 -10.627272
-80.236147 150.000016 20.000676 19.999036 -0.000039 -10.622803
-80.235761 150.000016 20.000681 19.999029 -0.000040 -10.618334
-80.235375 150.000017 20.000686 19.999023 -0.000040 -10.613866
-80.234988 150.000017 20.000690 19.999016 -0.000040 -10.609398
-80.234601 150.000017 20.000695 19.999009 -0.000040 -10.604930
-80.234214 150.000017 20.000700 19.999002 -0.000041 -10.600462
-80.233826 150.000017 20.000705 19.998995 -0.000041 -10.595995
-80.233438 150.000017 20.000710 19.998988 -0.000041 -10.591528
-80.233050 150.000017 20.000715 19.998981 -0.000042 -10.587062
-80.232661 150.000017 20.000720 19.998974 -0.000042 -10.582596
-80.232272 150.000018 20.000724 19.998967 -0.000042 -10.578130
-80.231883 150.000018 20.000729 19.998960 -0.000042 -10.573664
-80.231493 150.000018 20.000734 19.998953 -0.000043 -10.569199
-80.231103 150.000018 20.000739 19.998946 -0.000043 -10.564734
-80.230713 150.000018 20.000744 19.998939 -0.000043 -10.560269
-80.230323 150.000018 20.000749 19.998932 -0.000044 -10.555804
-80.229932 150.000018 20.000754 19.998925 -0.000044 -10.551340
-80.229540 150.000018 20.000759 19.998918 -0.000044 -10.546876
-80.229149 150.000018 20.000764 19.998911 -0.000044 -10.542412
-80.228757 150.000019 20.000768 19.998904 -0.000045 -10.537949
-80.228365 150.000019 20.000773 19.998897 -0.000045 -10.533486
-80.227973 150.000019 20.000778 19.998890 -0.000045 -10.529023
-80.227580 150.000019 20.000783 19.998883 -0.000046 -10.524560
-80.227187 150.000019 20.000788 19.998876 -0.000046 -10.520097
-80.226794 150.000019 20.000793 19.998869 -0.000046 -10.515635
-80.226401 150.000019 20.000798 19.998862 -0.000046 -10.511173
-80.226007 150.000019 20.000803 19.998855 -0.000047 -10.506712
-80.225613 150.000020 20.000808 19.998848 -0.000047 -10.502250
-80.225219 150.000020 20.000813 19.998841 -0.000047 -10.497789
-80.224824 150.000020 20.000818 19.998834 -0.000048 -10.493328
-80.224429 150.000020 20.000823 19.998827 -0.000048 -10.488867
-80.224034 150.000020 20.000828 19.998820 -0.000048 -10.484406
-80.223639 150.000020 20.000833 19.998813 -0.000048 -10.479946
-80.223243 150.000020 20.000838 19.998806 -0.000049 -10.475486
-80.222848 150.000020 20.000843 19.998799 -0.000049 -10.471026
-80.222452 150.000020 20.000847 19.998792 -0.000049 -10.466566
-80.222055 150.000021 20.000852 19.998785 -0.000050 -10.462106
-80.221659 150.000021 20.000857 19.998778 -0.000050 -10.457647
-80.221262 150.000021 20.000862 19.998771 -0.000050 -10.453188
-80.220865 150.000021 20.000867 19.998763 -0.000050 -10.448729
-80.220468 150.000021 20.000872 19.998756 -0.000051 -10.444270
-80.220071 150.000021 20.000877 19.998749 -0.000051 -10.439811
-80.219673 150.000021 20.000882 19.998742 -0.000051 -10.435353
-80.219275 150.000021 20.000887 19.998735 -0.000052 -10.430894
-80.218877 150.000022 20.000892 19.998728 -0.000052 -10.426436
-80.218479 150.000022 20.000897 19.998721 -0.000052 -10.421978
-80.218081 150.000022 20.000902 19.998714 -0.000053 -10.417521
-80.217682 150.000022 20.000907 19.998707 -0.000053 -10.413063
-80.217283 150.000022 20.000912 19.998699 -0.000053 -10.408606
-80.216884 150.000022 20.000917 19.998692 -0.000053 -10.404148
-80.216485 150.000022 20.000922 19.998685 -0.000054 -10.399691
-80.216086 150.000022 20.000927 19.998678 -0.000054 -10.395234
-80.215686 150.000023 20.000932 19.998671 -0.000054 -10.390777
-80.215286 150.000023 20.000937 19.998664 -0.000055 -10.386320
-80.214887 150.000023 20.000942 19.998657 -0.000055 -10.381864
-80.214486 150.000023 20.000947 19.998650 -0.000055 -10.377407
-80.214086 150.000023 20.000952 19.998642 -0.000055 -10.372951
-80.213686 150.000023 20.000957 19.998635 -0.000056 -10.368495
-80.213285 150.000023 20.000962 19.998628 -0.000056 -10.364039
-80.212885 150.000023 20.000967 19.998621 -0.000056 -10.359583
-80.212484 150.000024 20.000972 19.998614 -0.000057 -10.355127
-80.212083 150.000024 20.000977 19.998607 -0.000057 -10.350671
-80.211682 150.000024 20.000982 19.998600 -0.000057 -10.346215
-80.211280 150.000024 20.000987 19.998592 -0.000057 -10.341760
-80.210879 150.000024 20.000992 19.998585 -0.000058 -10.337304
-80.210478 150.000024 20.000997 19.998578 -0.000058 -10.332849
-80.210076 150.000024 20.001002 19.998571 -0.000058 -10.328394
-80.209674 150.000024 20.001007 19.998564 -0.000059 -10.323938
-80.209272 150.000024 20.001012 19.998557 -0.000059 -10.319483
-80.208870 150.000025 20.001018 19.998549 -0.000059 -10.315028
-80.208468 150.000025 20.001023 19.998542 -0.000060 -10.310573
-80.208066 150.000025 20.001028 19.998535 -0.000060 -10.306119
-80.207663 150.000025 20.001033 19.998528 -0.000060 -10.301664
-80.207261 150.000025 20.001038 19.998521 -0.000060 -10.297209
-80.206858 150.000025 20.001043 19.998514 -0.000061 -10.292754
-80.206456 150.000025 20.001048 19.998506 -0.000061 -10.288300
-80.206053 150.000025 20.001053 19.998499 -0.000061 -10.283845
-80.205650 150.000026 20.001058 19.998492 -0.000062 -10.279391
-80.205247 150.000026 20.001063 19.998485 -0.000062 -10.274936
-80.204844 150.000026 20.001068 19.998478 -0.000062 -10.270482
-80.204441 150.000026 20.001073 19.998471 -0.000062 -10.266027
-80.204038 150.000026 20.001078 19.998463 -0.000063 -10.261573
-80.203634 150.000026 20.001083 19.998456 -0.000063 -10.257119
-80.203231 150.000026 20.001088 19.998449 -0.000063 -10.252664
-80.202828 150.000026 20.001093 19.998442 -0.000064 -10.248210
-80.202424 150.000027 20.001098 19.998435 -0.000064 -10.243756
-80.202021 150.000027 20.001103 19.998427 -0.000064 -10.239302
-80.201617 150.000027 20.001108 19.998420 -0.000064 -10.234848
-80.201214 150.000027 20.001113 19.998413 -0.000065 -10.230393
-80.200810 150.000027 20.001118 19.998406 -0.000065 -10.225939
-80.200406 150.000027 20.001123 19.998399 -0.000065 -10.221485
-80.200002 150.000027 20.001128 19.998392 -0.000066 -10.217031
-80.199599 150.000027 20.001133 19.998384 -0.000066 -10.212577
-80.199195 150.000028 20.001138 19.998377 -0.000066 -10.208123
-80.198791 150.000028 20.001143 19.998370 -0.000067 -10.203668
-80.198387 150.000028 20.001148 19.998363 -0.000067 -10.199214
-80.197983 150.000028 20.001153 19.998356 -0.000067 -10.194760
-80.197579 150.000028 20.001158 19.998349 -0.000067 -10.190306
-80.197175 150.000028 20.001163 19.998341 -0.000068 -10.185851
-80.196771 150.000028 20.001168 19.998334 -0.000068 -10.181397
-80.196368 150.000028 20.001174 19.998327 -0.000068 -10.176943
-80.195964 150.000029 20.001179 19.998320 -0.000069 -10.172488
-80.195560 150.000029 20.001184 19.998313 -0.000069 -10.168034
-80.195156 150.000029 20.001189 19.998306 -0.000069 -10.163580
-80.194752 150.000029 20.001194 19.998298 -0.000069 -10.159125
-80.194348 150.000029 20.001199 19.998291 -0.000070 -10.154671
-80.193944 150.000029 20.001204 19.998284 -0.000070 -10.150216
-80.193540 150.000029 20.001209 19.998277 -0.000070 -10.145761
-80.193136 150.000029 20.001214 19.998270 -0.000071 -10.141307
-80.192732 150.000029 20.001219 19.998263 -0.000071 -10.136852
-80.192328 150.000030 20.001224 19.998255 -0.000071 -10.132397
-80.191924 150.000030 20.001229 19.998248 -0.000072 -10.127942
-80.191521 150.000030 20.001234 19.998241 -0.000072 -10.123487
-80.191117 150.000030 20.001239 19.998234 -0.000072 -10.119032
-80.190713 150.000030 20.001244 19.998227 -0.000072 -10.114577
-80.190310 150.000030 20.001249 19.998220 -0.000073 -10.110122
-80.189906 150.000030 20.001254 19.998213 -0.000073 -10.105666
-80.189502 150.000030 20.001259 19.998205 -0.000073 -10.101211
-80.189099 150.000031 20.001264 19.998198 -0.000074 -10.096755
-80.188695 150.000031 20.001269 19.998191 -0.000074 -10.092300
-80.188292 150.000031 20.001274 19.998184 -0.000074 -10.087844
-80.187889 150.000031 20.001279 19.998177 -0.000074 -10.083388
-80.187485 150.000031 20.001284 19.998170 -0.000075 -10.078932
-80.187082 150.000031 20.001289 19.998163 -0.000075 -10.074476
-80.186679 150.000031 20.001294 19.998156 -0.000075 -10.070020
-80.186276 150.000031 20.001299 19.998148 -0.000076 -10.065564
-80.185873 150.000032 20.001304 19.998141 -0.000076 -10.061107
-80.185470 150.000032 20.001309 19.998134 -0.000076 -10.056651
-80.185068 150.000032 20.001314 19.998127 -0.000076 -10.052194
-80.184665 150.000032 20.001319 19.998120 -0.000077 -10.047737
-80.184262 150.000032 20.001324 19.998113 -0.000077 -10.043281
-80.183860 150.000032 20.001329 19.998106 -0.000077 -10.038823
-80.183457 150.000032 20.001334 19.998099 -0.000078 -10.034366
-80.183055 150.000032 20.001339 19.998092 -0.000078 -10.029909
-80.182653 150.000032 20.001344 19.998085 -0.000078 -10.025451
-80.182251 150.000033 20.001349 19.998077 -0.000078 -10.020994
-80.181849 150.000033 20.001354 19.998070 -0.000079 -10.016536
-80.181447 150.000033 20.001358 19.998063 -0.000079 -10.012078
-80.181046 150.000033 20.001363 19.998056 -0.000079 -10.007619
-80.180644 150.000033 20.001368 19.998049 -0.000080 -10.003161
-80.180243 150.000033 20.001373 19.998042 -0.000080 -9.998703
-80.179841 150.000033 20.001378 19.998035 -0.000080 -9.994244
-80.179440 150.000033 20.001383 19.998028 -0.000080 -9.989785
-80.179039 150.000034 20.001388 19.998021 -0.000081 -9.985326
-80.178638 150.000034 20.001393 19.998014 -0.000081 -9.980866
-80.178238 150.000034 20.001398 19.998007 -0.000081 -9.976407
-80.177837 150.000034 20.001403 19.998000 -0.000082 -9.971947
-80.177437 150.000034 20.001408 19.997993 -0.000082 -9.967487
-80.177037 150.000034 20.001413 19.997986 -0.000082 -9.963027
-80.176636 150.000034 20.001418 19.997979 -0.000083 -9.958567
-80.176237 150.000034 20.001423 19.997972 -0.000083 -9.954107
-80.175837 150.000035 20.001428 19.997965 -0.000083 -9.949646
-80.175437 150.000035 20.001432 19.997958 -0.000083 -9.945185
-80.175038 150.000035 20.001437 19.997951 -0.000084 -9.940724
-80.174639 150.000035 20.001442 19.997944 -0.000084 -9.936262
-80.174240 150.000035 20.001447 19.997937 -0.000084 -9.931801
-80.173841 150.000035 20.001452 19.997930 -0.000085 -9.927339
-80.173442 150.000035 20.001457 19.997923 -0.000085 -9.922877
-80.173044 150.000035 20.001462 19.997916 -0.000085 -9.918414
-80.172646 150.000035 20.001467 19.997909 -0.000085 -9.913952
-80.172248 150.000036 20.001472 19.997902 -0.000086 -9.909489
-80.171850 150.000036 20.001476 19.997895 -0.000086 -9.905026
-80.171452 150.000036 20.001481 19.997888 -0.000086 -9.900563
-80.171055 150.000036 20.001486 19.997881 -0.000086 -9.896099
-80.170658 150.000036 20.001491 19.997874 -0.000087 -9.891635
-80.170261 150.000036 20.001496 19.997867 -0.000087 -9.887171
-80.169864 150.000036 20.001501 19.997860 -0.000087 -9.882707
-80.169468 150.000036 20.001506 19.997854 -0.000088 -9.878242
-80.169071 150.000037 20.001510 19.997847 -0.000088 -9.873777
-80.168675 150.000037 20.001515 19.997840 -0.000088 -9.869312
-80.168280 150.000037 20.001520 19.997833 -0.000088 -9.864846
-80.167884 150.000037 20.001525 19.997826 -0.000089 -9.860380
-80.167489 150.000037 20.001530 19.997819 -0.000089 -9.855914
-80.167094 150.000037 20.001535 19.997812 -0.000089 -9.851448
-80.166699 150.000037 20.001539 19.997805 -0.000090 -9.846981
-80.166304 150.000037 20.001544 19.997799 -0.000090 -9.842514
-80.165910 150.000037 20.001549 19.997792 -0.000090 -9.838047
-80.165516 150.000038 20.001554 19.997785 -0.000090 -9.833579
-80.165122 150.000038 20.001559 19.997778 -0.000091 -9.829111
-80.164729 150.000038 20.001563 19.997771 -0.000091 -9.824643
-80.164336 150.000038 20.001568 19.997764 -0.000091 -9.820175
-80.163943 150.000038 20.001573 19.997758 -0.000092 -9.815706
-80.163550 150.000038 20.001578 19.997751 -0.000092 -9.811236
-80.163158 150.000038 20.001582 19.997744 -0.000092 -9.806767
-80.162766 150.000038 20.001587 19.997737 -0.000092 -9.802297
-80.162374 150.000039 20.001592 19.997730 -0.000093 -9.797827
-80.161982 150.000039 20.001597 19.997724 -0.000093 -9.793356
-80.161591 150.000039 20.001601 19.997717 -0.000093 -9.788885
-80.161200 150.000039 20.001606 19.997710 -0.000093 -9.784414
-80.160810 150.000039 20.001611 19.997703 -0.000094 -9.779942
-80.160420 150.000039 20.001616 19.997697 -0.000094 -9.775471
-80.160030 150.000039 20.001620 19.997690 -0.000094 -9.770998
-80.159640 150.000039 20.001625 19.997683 -0.000095 -9.766525
-80.159251 150.000039 20.001630 19.997677 -0.000095 -9.762052
-80.158862 150.000040 20.001634 19.997670 -0.000095 -9.757579
-80.158473 150.000040 20.001639 19.997663 -0.000095 -9.753105
-80.158085 150.000040 20.001644 19.997657 -0.000096 -9.748631
-80.157697 150.000040 20.001648 19.997650 -0.000096 -9.744156
-80.157309 150.000040 20.001653 19.997643 -0.000096 -9.739682
-80.156922 150.000040 20.001658 19.997637 -0.000096 -9.735206
-80.156535 150.000040 20.001662 19.997630 -0.000097 -9.730730
-80.156148 150.000040 20.001667 19.997623 -0.000097 -9.726254
-80.155762 150.000040 20.001672 19.997617 -0.000097 -9.721778
-80.155376 150.000041 20.001676 19.997610 -0.000098 -9.717301
-80.154990 150.000041 20.001681 19.997603 -0.000098 -9.712824
-80.154605 150.000041 20.001686 19.997597 -0.000098 -9.708346
-80.154220 150.000041 20.001690 19.997590 -0.000098 -9.703868
-80.153836 150.000041 20.001695 19.997584 -0.000099 -9.699389
-80.153452 150.000041 20.001699 19.997577 -0.000099 -9.694910
-80.153068 150.000041 20.001704 19.997571 -0.000099 -9.690431
-80.152685 150.000041 20.001709 19.997564 -0.000099 -9.685951
-80.152302 150.000041 20.001713 19.997558 -0.000100 -9.681470
-80.151919 150.000042 20.001718 19.997551 -0.000100 -9.676990
-80.151537 150.000042 20.001722 19.997544 -0.000100 -9.672509
-80.151155 150.000042 20.001727 19.997538 -0.000101 -9.668027
-80.150774 150.000042 20.001732 19.997532 -0.000101 -9.663545
-80.150393 150.000042 20.001736 19.997525 -0.000101 -9.659062
-80.150012 150.000042 20.001741 19.997519 -0.000101 -9.654579
-80.149632 150.000042 20.001745 19.997512 -0.000102 -9.650096
-80.149252 150.000042 20.001750 19.997506 -0.000102 -9.645612
-80.148873 150.000042 20.001754 19.997499 -0.000102 -9.641128
-80.148494 150.000043 20.001759 19.997493 -0.000102 -9.636643
-80.148116 150.000043 20.001763 19.997486 -0.000103 -9.632158
-80.147738 150.000043 20.001768 19.997480 -0.000103 -9.627672
-80.147360 150.000043 20.001772 19.997474 -0.000103 -9.623186
-80.146983 150.000043 20.001777 19.997467 -0.000103 -9.618699
-80.146606 150.000043 20.001781 19.997461 -0.000104 -9.614212
-80.146230 150.000043 20.001786 19.997454 -0.000104 -9.609724
-80.145854 150.000043 20.001790 19.997448 -0.000104 -9.605236
-80.145478 150.000043 20.001794 19.997442 -0.000104 -9.600747
-80.145103 150.000044 20.001799 19.997435 -0.000105 -9.596258
-80.144729 150.000044 20.001803 19.997429 -0.000105 -9.591768
-80.144355 150.000044 20.001808 19.997423 -0.000105 -9.587278
-80.143981 150.000044 20.001812 19.997417 -0.000105 -9.582787
-80.143608 150.000044 20.001817 19.997410 -0.000106 -9.578296
-80.143235 150.000044 20.001821 19.997404 -0.000106 -9.573804
-80.142863 150.000044 20.001825 19.997398 -0.000106 -9.569312
-80.142492 150.000044 20.001830 19.997392 -0.000106 -9.564819
-80.142120 150.000044 20.001834 19.997385 -0.000107 -9.560326
-80.141750 150.000044 20.001838 19.997379 -0.000107 -9.555832
-80.141379 150.000045 20.001843 19.997373 -0.000107 -9.551337
-80.141009 150.000045 20.001847 19.997367 -0.000107 -9.546842
-80.140640 150.000045 20.001851 19.997361 -0.000108 -9.542347
-80.140271 150.000045 20.001856 19.997354 -0.000108 -9.537851
-80.139903 150.000045 20.001860 19.997348 -0.000108 -9.533354
-80.139535 150.000045 20.001864 19.997342 -0.000108 -9.528857
-80.139168 150.000045 20.001869 19.997336 -0.000109 -9.524359
-80.138801 150.000045 20.001873 19.997330 -0.000109 -9.519861
-80.138435 150.000045 20.001877 19.997324 -0.000109 -9.515362
-80.138069 150.000046 20.001882 19.997318 -0.000109 -9.510863
-80.137704 150.000046 20.001886 19.997312 -0.000110 -9.506363
-80.137339 150.000046 20.001890 19.997306 -0.000110 -9.501862
-80.136975 150.000046 20.001894 19.997299 -0.000110 -9.497361
-80.136612 150.000046 20.001898 19.997293 -0.000110 -9.492859
-80.136248 150.000046 20.001903 19.997287 -0.000111 -9.488357
-80.135886 150.000046 20.001907 19.997281 -0.000111 -9.483854
