-41.343510 150.002645 20.109377 19.844156 -0.006365 -0.000000
-41.338779 150.002637 20.109039 19.844638 -0.006346 -0.000000
-41.334048 150.002629 20.108701 19.845121 -0.006326 -0.000000
-41.329317 150.002621 20.108362 19.845604 -0.006306 -0.000000
-41.324587 150.002613 20.108024 19.846087 -0.006286 -0.000000
-41.319856 150.002605 20.107685 19.846571 -0.006267 -0.000000
-41.315125 150.002596 20.107345 19.847055 -0.006247 -0.000000
-41.310395 150.002588 20.107006 19.847540 -0.006227 -0.000000
-41.305665 150.002580 20.106666 19.848025 -0.006207 -0.000000
-41.300934 150.002572 20.106326 19.848511 -0.006188 -0.000000
-41.296204 150.002563 20.105985 19.848997 -0.006168 -0.000000
-41.291474 150.002555 20.105644 19.849483 -0.006148 -0.000000
-41.286744 150.002547 20.105303 19.849970 -0.006128 -0.000000
-41.282014 150.002539 20.104961 19.850458 -0.006108 -0.000000
-41.277284 150.002530 20.104619 19.850946 -0.006088 -0.000000
-41.272554 150.002522 20.104277 19.851434 -0.006068 -0.000000
-41.267824 150.002514 20.103935 19.851923 -0.006049 -0.000000
-41.263094 150.002506 20.103592 19.852412 -0.006029 -0.000000
-41.258364 150.002497 20.103249 19.852902 -0.006009 -0.000000
-41.253635 150.002489 20.102905 19.853392 -0.005989 -0.000000
-41.248905 150.002481 20.102561 19.853883 -0.005969 -0.000000
-41.244176 150.002472 20.102217 19.854374 -0.005949 -0.000000
-41.239446 150.002464 20.101873 19.854865 -0.005929 -0.000000
-41.234717 150.002456 20.101528 19.855357 -0.005908 -0.000000
-41.229988 150.002447 20.101183 19.855850 -0.005888 -0.000000
-41.225259 150.002439 20.100837 19.856342 -0.005868 -0.000000
-41.220530 150.002431 20.100492 19.856836 -0.005848 -0.000000
-41.215800 150.002422 20.100146 19.857330 -0.005828 -0.000000
-41.211072 150.002414 20.099799 19.857824 -0.005808 -0.000000
-41.206343 150.002405 20.099452 19.858319 -0.005788 -0.000000
-41.201614 150.002397 20.099105 19.858814 -0.005767 -0.000000
-41.196885 150.002389 20.098758 19.859309 -0.005747 -0.000000
-41.192156 150.002380 20.098410 19.859806 -0.005727 -0.000000
-41.187428 150.002372 20.098062 19.860302 -0.005707 -0.000000
-41.182699 150.002363 20.097714 19.860799 -0.005687 -0.000000
-41.177971 150.002355 20.097365 19.861297 -0.005666 -0.000000
-41.173242 150.002347 20.097016 19.861794 -0.005646 -0.000000
-41.168514 150.002338 20.096667 19.862293 -0.005626 -0.000000
-41.163786 150.002330 20.096317 19.862792 -0.005605 -0.000000
-41.159058 150.002321 20.095967 19.863291 -0.005585 -0.000000
-41.154329 150.002313 20.095617 19.863791 -0.005564 -0.000000
-41.149601 150.002304 20.095267 19.864291 -0.005544 -0.000000
-41.144874 150.002296 20.094916 19.864792 -0.005524 -0.000000
-41.140146 150.002287 20.094564 19.865293 -0.005503 -0.000000
-41.135418 150.002279 20.094213 19.865794 -0.005483 -0.000000
-41.130690 150.002270 20.093861 19.866296 -0.005462 -0.000000
-41.125962 150.002262 20.093509 19.866799 -0.005442 -0.000000
-41.121235 150.002253 20.093156 19.867302 -0.005421 -0.000000
-41.116507 150.002245 20.092803 19.867805 -0.005401 -0.000000
-41.111780 150.002236 20.092450 19.868309 -0.005380 -0.000000
-41.107053 150.002228 20.092097 19.868813 -0.005360 -0.000000
-41.102325 150.002219 20.091743 19.869318 -0.005339 -0.000000
-41.097598 150.002210 20.091389 19.869823 -0.005318 -0.000000
-41.092871 150.002202 20.091034 19.870329 -0.005298 -0.000000
-41.088144 150.002193 20.090679 19.870835 -0.005277 -0.000000
-41.083417 150.002185 20.090324 19.871342 -0.005256 -0.000000
-41.078690 150.002176 20.089969 19.871849 -0.005236 -0.000000
-41.073963 150.002167 20.089613 19.872356 -0.005215 -0.000000
-41.069236 150.002159 20.089257 19.872864 -0.005194 -0.000000
-41.064510 150.002150 20.088900 19.873373 -0.005174 -0.000000
-41.059783 150.002142 20.088544 19.873881 -0.005153 -0.000000
-41.055056 150.002133 20.088187 19.874391 -0.005132 -0.000000
-41.050330 150.002124 20.087829 19.874901 -0.005111 -0.000000
-41.045604 150.002116 20.087471 19.875411 -0.005090 -0.000000
-41.040877 150.002107 20.087113 19.875922 -0.005070 -0.000000
-41.036151 150.002098 20.086755 19.876433 -0.005049 -0.000000
-41.031425 150.002090 20.086396 19.876944 -0.005028 -0.000000
-41.026699 150.002081 20.086037 19.877457 -0.005007 -0.000000
-41.021973 150.002072 20.085678 19.877969 -0.004986 -0.000000
-41.017247 150.002064 20.085318 19.878482 -0.004965 -0.000000
-41.012521 150.002055 20.084958 19.878996 -0.004944 -0.000000
-41.007795 150.002046 20.084598 19.879510 -0.004923 -0.000000
-41.003070 150.002037 20.084237 19.880024 -0.004902 -0.000000
-40.998344 150.002029 20.083876 19.880539 -0.004881 -0.000000
-40.993618 150.002020 20.083515 19.881054 -0.004860 -0.000000
-40.988893 150.002011 20.083153 19.881570 -0.004839 -0.000000
-40.984167 150.002002 20.082791 19.882086 -0.004818 -0.000000
-40.979442 150.001994 20.082429 19.882603 -0.004797 -0.000000
-40.974717 150.001985 20.082066 19.883120 -0.004776 -0.000000
-40.969992 150.001976 20.081703 19.883638 -0.004755 -0.000000
-40.965267 150.001967 20.081340 19.884156 -0.004734 -0.000000
-40.960542 150.001959 20.080976 19.884674 -0.004712 -0.000000
-40.955817 150.001950 20.080612 19.885193 -0.004691 -0.000000
-40.951092 150.001941 20.080248 19.885713 -0.004670 -0.000000
-40.946367 150.001932 20.079883 19.886233 -0.004649 -0.000000
-40.941642 150.001923 20.079518 19.886753 -0.004628 -0.000000
-40.936918 150.001914 20.079153 19.887274 -0.004606 -0.000000
-40.932193 150.001906 20.078787 19.887795 -0.004585 -0.000000
-40.927469 150.001897 20.078421 19.888317 -0.004564 -0.000000
-40.922744 150.001888 20.078055 19.888839 -0.004542 -0.000000
-40.918020 150.001879 20.077689 19.889362 -0.004521 -0.000000
-40.913296 150.001870 20.077322 19.889885 -0.004500 -0.000000
-40.908572 150.001861 20.076954 19.890409 -0.004478 -0.000000
-40.903847 150.001852 20.076587 19.890933 -0.004457 -0.000000
-40.899123 150.001844 20.076219 19.891457 -0.004436 -0.000000
-40.894400 150.001835 20.075851 19.891982 -0.004414 -0.000000
-40.889676 150.001826 20.075482 19.892508 -0.004393 -0.000000
-40.884952 150.001817 20.075113 19.893034 -0.004371 -0.000000
-40.880228 150.001808 20.074744 19.893560 -0.004350 -0.000000
-40.875505 150.001799 20.074375 19.894087 -0.004328 -0.000000
-40.870781 150.001790 20.074005 19.894614 -0.004307 -0.000000
-40.866058 150.001781 20.073634 19.895142 -0.004285 -0.000000
-40.861334 150.001772 20.073264 19.895670 -0.004264 -0.000000
-40.856611 150.001763 20.072893 19.896199 -0.004242 -0.000000
-40.851888 150.001754 20.072522 19.896728 -0.004220 -0.000000
-40.847165 150.001745 20.072150 19.897258 -0.004199 -0.000000
-40.842442 150.001736 20.071778 19.897788 -0.004177 -0.000000
-40.837719 150.001727 20.071406 19.898318 -0.004156 -0.000000
-40.832996 150.001718 20.071034 19.898849 -0.004134 -0.000000
-40.828273 150.001709 20.070661 19.899381 -0.004112 -0.000000
-40.823550 150.001700 20.070288 19.899913 -0.004090 -0.000000
-40.818828 150.001691 20.069914 19.900445 -0.004069 -0.000000
-40.814105 150.001682 20.069540 19.900978 -0.004047 -0.000000
-40.809382 150.001673 20.069166 19.901511 -0.004025 -0.000000
-40.804660 150.001664 20.068791 19.902045 -0.004003 -0.000000
-40.799938 150.001655 20.068417 19.902579 -0.003982 -0.000000
-40.795215 150.001646 20.068041 19.903114 -0.003960 -0.000000
-40.790493 150.001637 20.067666 19.903649 -0.003938 -0.000000
-40.785771 150.001628 20.067290 19.904185 -0.003916 -0.000000
-40.781049 150.001618 20.066914 19.904721 -0.003894 -0.000000
-40.776327 150.001609 20.066537 19.905258 -0.003872 -0.000000
-40.771605 150.001600 20.066161 19.905795 -0.003850 -0.000000
-40.766884 150.001591 20.065783 19.906332 -0.003828 -0.000000
-40.762162 150.001582 20.065406 19.906870 -0.003806 -0.000000
-40.757440 150.001573 20.065028 19.907409 -0.003784 -0.000000
-40.752719 150.001564 20.064650 19.907948 -0.003762 -0.000000
-40.747997 150.001555 20.064271 19.908487 -0.003740 -0.000000
-40.743276 150.001545 20.063893 19.909027 -0.003718 -0.000000
-40.738555 150.001536 20.063513 19.909567 -0.003696 -0.000000
-40.733834 150.001527 20.063134 19.910108 -0.003674 -0.000000
-40.729112 150.001518 20.062754 19.910649 -0.003652 -0.000000
-40.724391 150.001509 20.062374 19.911191 -0.003630 -0.000000
-40.719670 150.001499 20.061993 19.911733 -0.003608 -0.000000
-40.714950 150.001490 20.061612 19.912276 -0.003586 -0.000000
-40.710229 150.001481 20.061231 19.912819 -0.003563 -0.000000
-40.705508 150.001472 20.060850 19.913362 -0.003541 -0.000000
-40.700787 150.001463 20.060468 19.913906 -0.003519 -0.000000
-40.696067 150.001453 20.060086 19.914451 -0.003497 -0.000000
-40.691346 150.001444 20.059703 19.914996 -0.003474 -0.000000
-40.686626 150.001435 20.059320 19.915541 -0.003452 -0.000000
-40.681906 150.001426 20.058937 19.916087 -0.003430 -0.000000
-40.677186 150.001416 20.058554 19.916633 -0.003408 -0.000000
-40.672465 150.001407 20.058170 19.917180 -0.003385 -0.000000
-40.667745 150.001398 20.057786 19.917727 -0.003363 -0.000000
-40.663025 150.001388 20.057401 19.918275 -0.003340 -0.000000
-40.658306 150.001379 20.057016 19.918823 -0.003318 -0.000000
-40.653586 150.001370 20.056631 19.919372 -0.003296 -0.000000
-40.648866 150.001360 20.056246 19.919921 -0.003273 -0.000000
-40.644146 150.001351 20.055860 19.920471 -0.003251 -0.000000
-40.639427 150.001342 20.055474 19.921021 -0.003228 -0.000000
-40.634707 150.001332 20.055087 19.921572 -0.003206 -0.000000
-40.629988 150.001323 20.054700 19.922123 -0.003183 -0.000000
-40.625269 150.001314 20.054313 19.922674 -0.003161 -0.000000
-40.620550 150.001304 20.053926 19.923226 -0.003138 -0.000000
-40.615830 150.001295 20.053538 19.923779 -0.003116 -0.000000
-40.611111 150.001286 20.053149 19.924331 -0.003093 -0.000000
-40.606392 150.001276 20.052761 19.924885 -0.003070 -0.000000
-40.601674 150.001267 20.052372 19.925439 -0.003048 -0.000000
-40.596955 150.001257 20.051983 19.925993 -0.003025 -0.000000
-40.592236 150.001248 20.051593 19.926548 -0.003002 -0.000000
-40.587518 150.001238 20.051203 19.927103 -0.002980 -0.000000
-40.582799 150.001229 20.050813 19.927659 -0.002957 -0.000000
-40.578081 150.001220 20.050423 19.928215 -0.002934 -0.000000
-40.573362 150.001210 20.050032 19.928772 -0.002912 -0.000000
-40.568644 150.001201 20.049640 19.929329 -0.002889 -0.000000
-40.563926 150.001191 20.049249 19.929886 -0.002866 -0.000000
-40.559208 150.001182 20.048857 19.930444 -0.002843 -0.000000
-40.554490 150.001172 20.048465 19.931003 -0.002820 -0.000000
-40.549772 150.001163 20.048072 19.931562 -0.002798 -0.000000
-40.545054 150.001153 20.047679 19.932121 -0.002775 -0.000000
-40.540336 150.001144 20.047286 19.932681 -0.002752 -0.000000
-40.535618 150.001134 20.046892 19.933242 -0.002729 -0.000000
-40.530901 150.001125 20.046498 19.933803 -0.002706 -0.000000
-40.526183 150.001115 20.046104 19.934364 -0.002683 -0.000000
-40.521466 150.001106 20.045710 19.934926 -0.002660 -0.000000
-40.516748 150.001096 20.045315 19.935488 -0.002637 -0.000000
-40.512031 150.001086 20.044919 19.936051 -0.002614 -0.000000
-40.507314 150.001077 20.044524 19.936614 -0.002591 -0.000000
-40.502597 150.001067 20.044128 19.937178 -0.002568 -0.000000
-40.497880 150.001058 20.043731 19.937742 -0.002545 -0.000000
-40.493163 150.001048 20.043335 19.938307 -0.002522 -0.000000
-40.488446 150.001039 20.042938 19.938872 -0.002499 -0.000000
-40.483730 150.001029 20.042541 19.939437 -0.002476 -0.000000
-40.479013 150.001019 20.042143 19.940003 -0.002453 -0.000000
-40.474296 150.001010 20.041745 19.940570 -0.002429 -0.000000
-40.469580 150.001000 20.041347 19.941137 -0.002406 -0.000000
-40.464864 150.000990 20.040948 19.941704 -0.002383 -0.000000
-40.460147 150.000981 20.040549 19.942272 -0.002360 -0.000000
-40.455431 150.000971 20.040150 19.942841 -0.002337 -0.000000
-40.450715 150.000961 20.039750 19.943410 -0.002313 -0.000000
-40.445999 150.000952 20.039350 19.943979 -0.002290 -0.000000
-40.441283 150.000942 20.038949 19.944549 -0.002267 -0.000000
-40.436567 150.000932 20.038549 19.945119 -0.002243 -0.000000
-40.431851 150.000923 20.038148 19.945690 -0.002220 -0.000000
-40.427136 150.000913 20.037746 19.946261 -0.002197 -0.000000
-40.422420 150.000903 20.037345 19.946833 -0.002173 -0.000000
-40.417705 150.000894 20.036943 19.947405 -0.002150 -0.000000
-40.412989 150.000884 20.036540 19.947978 -0.002126 -0.000000
-40.408274 150.000874 20.036137 19.948551 -0.002103 -0.000000
-40.403559 150.000864 20.035734 19.949124 -0.002080 -0.000000
-40.398843 150.000855 20.035331 19.949698 -0.002056 -0.000000
-40.394128 150.000845 20.034927 19.950273 -0.002033 -0.000000
-40.389413 150.000835 20.034523 19.950848 -0.002009 -0.000000
-40.384699 150.000825 20.034119 19.951423 -0.001986 -0.000000
-40.379984 150.000815 20.033714 19.951999 -0.001962 -0.000000
-40.375269 150.000806 20.033309 19.952576 -0.001938 -0.000000
-40.370554 150.000796 20.032903 19.953153 -0.001915 -0.000000
-40.365840 150.000786 20.032497 19.953730 -0.001891 -0.000000
-40.361125 150.000776 20.032091 19.954308 -0.001868 -0.000000
-40.356411 150.000766 20.031685 19.954886 -0.001844 -0.000000
-40.351697 150.000757 20.031278 19.955465 -0.001820 -0.000000
-40.346983 150.000747 20.030871 19.956044 -0.001797 -0.000000
-40.342269 150.000737 20.030463 19.956624 -0.001773 -0.000000
-40.337555 150.000727 20.030055 19.957204 -0.001749 -0.000000
-40.332841 150.000717 20.029647 19.957785 -0.001725 -0.000000
-40.328127 150.000707 20.029238 19.958366 -0.001702 -0.000000
-40.323413 150.000697 20.028830 19.958948 -0.001678 -0.000000
-40.318700 150.000687 20.028420 19.959530 -0.001654 -0.000000
-40.313986 150.000677 20.028011 19.960113 -0.001630 -0.000000
-40.309273 150.000668 20.027601 19.960696 -0.001606 -0.000000
-40.304559 150.000658 20.027191 19.961279 -0.001582 -0.000000
-40.299846 150.000648 20.026780 19.961863 -0.001558 -0.000000
-40.295133 150.000638 20.026369 19.962448 -0.001535 -0.000000
-40.290420 150.000628 20.025958 19.963033 -0.001511 -0.000000
-40.285707 150.000618 20.025546 19.963618 -0.001487 -0.000000
-40.280994 150.000608 20.025134 19.964204 -0.001463 -0.000000
-40.276281 150.000598 20.024722 19.964791 -0.001439 -0.000000
-40.271568 150.000588 20.024309 19.965377 -0.001415 -0.000000
-40.266856 150.000578 20.023896 19.965965 -0.001391 -0.000000
-40.262143 150.000568 20.023483 19.966553 -0.001367 -0.000000
-40.257431 150.000558 20.023069 19.967141 -0.001343 -0.000000
-40.252718 150.000548 20.022655 19.967730 -0.001318 -0.000000
-40.248006 150.000538 20.022241 19.968319 -0.001294 -0.000000
-40.243294 150.000528 20.021826 19.968909 -0.001270 -0.000000
-40.238582 150.000518 20.021411 19.969499 -0.001246 -0.000000
-40.233870 150.000508 20.020995 19.970090 -0.001222 -0.000000
-40.229158 150.000498 20.020580 19.970681 -0.001198 -0.000000
-40.224446 150.000488 20.020164 19.971272 -0.001173 -0.000000
-40.219734 150.000478 20.019747 19.971864 -0.001149 -0.000000
-40.215023 150.000468 20.019330 19.972457 -0.001125 -0.000000
-40.210311 150.000457 20.018913 19.973050 -0.001101 -0.000000
-40.205600 150.000447 20.018496 19.973644 -0.001076 -0.000000
-40.200888 150.000437 20.018078 19.974238 -0.001052 -0.000000
-40.196177 150.000427 20.017660 19.974832 -0.001028 -0.000000
-40.191466 150.000417 20.017241 19.975427 -0.001003 -0.000000
-40.186755 150.000407 20.016822 19.976023 -0.000979 -0.000000
-40.182044 150.000397 20.016403 19.976618 -0.000955 -0.000000
-40.177333 150.000387 20.015983 19.977215 -0.000930 -0.000000
-40.172622 150.000376 20.015564 19.977812 -0.000906 0.000000
-40.167911 150.000366 20.015143 19.978409 -0.000881 0.000000
-40.163201 150.000356 20.014723 19.979007 -0.000857 0.000000
-40.158490 150.000346 20.014302 19.979605 -0.000832 0.000000
-40.153780 150.000336 20.013880 19.980204 -0.000808 0.000000
-40.149070 150.000326 20.013459 19.980803 -0.000783 0.000000
-40.144359 150.000315 20.013037 19.981403 -0.000759 0.000000
-40.139649 150.000305 20.012615 19.982003 -0.000734 0.000000
-40.134939 150.000295 20.012192 19.982604 -0.000710 0.000000
-40.130229 150.000285 20.011769 19.983205 -0.000685 0.000000
-40.125519 150.000274 20.011346 19.983807 -0.000660 0.000000
-40.120810 150.000264 20.010922 19.984409 -0.000636 0.000000
-40.116100 150.000254 20.010498 19.985012 -0.000611 0.000000
-40.111390 150.000244 20.010074 19.985615 -0.000586 0.000000
-40.106681 150.000233 20.009649 19.986218 -0.000562 0.000000
-40.101971 150.000223 20.009224 19.986822 -0.000537 0.000000
-40.097262 150.000213 20.008799 19.987427 -0.000512 0.000000
-40.092553 150.000203 20.008373 19.988032 -0.000487 0.000000
-40.087844 150.000192 20.007947 19.988637 -0.000462 0.000000
-40.083135 150.000182 20.007521 19.989243 -0.000438 0.000000
-40.078426 150.000172 20.007094 19.989849 -0.000413 0.000000
-40.073717 150.000161 20.006667 19.990456 -0.000388 0.000000
-40.069008 150.000151 20.006240 19.991064 -0.000363 0.000000
-40.064300 150.000141 20.005812 19.991671 -0.000338 0.000000
-40.059591 150.000130 20.005384 19.992280 -0.000313 0.000000
-40.054883 150.000120 20.004956 19.992888 -0.000288 0.000000
-40.050174 150.000110 20.004527 19.993498 -0.000263 0.000000
-40.045466 150.000099 20.004098 19.994107 -0.000238 0.000000
-40.040758 150.000089 20.003669 19.994717 -0.000214 0.000000
-40.036049 150.000078 20.003239 19.995328 -0.000189 0.000000
-40.031341 150.000068 20.002810 19.995939 -0.000163 0.000000
-40.026634 150.000058 20.002379 19.996551 -0.000138 0.000000
-40.021926 150.000047 20.001949 19.997163 -0.000113 0.000000
-40.017218 150.000037 20.001518 19.997775 -0.000088 0.000000
-40.012510 150.000026 20.001087 19.998388 -0.000063 0.000000
-40.007803 150.000016 20.000655 19.999002 -0.000038 0.000000
-40.003095 150.000005 20.000223 19.999615 -0.000013 0.000000
-39.998388 149.999995 19.999791 20.000230 0.000012 0.000000
-39.993680 149.999984 19.999359 20.000845 0.000037 0.000000
-39.988973 149.999974 19.998926 20.001460 0.000063 0.000000
-39.984266 149.999964 19.998493 20.002076 0.000088 0.000000
-39.979559 149.999953 19.998060 20.002692 0.000113 0.000000
-39.974852 149.999943 19.997626 20.003309 0.000138 0.000000
-39.970145 149.999932 19.997192 20.003926 0.000163 0.000000
-39.965439 149.999922 19.996758 20.004543 0.000189 0.000000
-39.960732 149.999911 19.996323 20.005162 0.000214 0.000000
-39.956025 149.999901 19.995888 20.005780 0.000239 0.000000
-39.951319 149.999890 19.995453 20.006399 0.000265 0.000000
-39.946612 149.999879 19.995018 20.007019 0.000290 0.000000
-39.941906 149.999869 19.994582 20.007639 0.000315 0.000000
-39.937200 149.999858 19.994146 20.008259 0.000341 0.000000
-39.932494 149.999848 19.993709 20.008880 0.000366 0.000000
-39.927788 149.999837 19.993272 20.009501 0.000392 0.000000
-39.923082 149.999827 19.992835 20.010123 0.000417 0.000000
-39.918376 149.999816 19.992398 20.010745 0.000442 0.000000
-39.913670 149.999806 19.991960 20.011368 0.000468 0.000000
-39.908964 149.999795 19.991523 20.011991 0.000493 0.000000
-39.904259 149.999784 19.991084 20.012615 0.000519 0.000000
-39.899553 149.999774 19.990646 20.013239 0.000544 0.000000
-39.894848 149.999763 19.990207 20.013864 0.000570 0.000000
-39.890142 149.999753 19.989768 20.014489 0.000595 0.000000
-39.885437 149.999742 19.989328 20.015114 0.000621 0.000000
-39.880732 149.999731 19.988889 20.015740 0.000647 0.000000
-39.876027 149.999721 19.988449 20.016367 0.000672 0.000000
-39.871322 149.999710 19.988009 20.016994 0.000698 0.000000
-39.866617 149.999699 19.987568 20.017621 0.000724 0.000000
-39.861912 149.999689 19.987127 20.018249 0.000749 0.000000
-39.857208 149.999678 19.986686 20.018877 0.000775 0.000000
-39.852503 149.999667 19.986245 20.019506 0.000801 0.000000
-39.847798 149.999657 19.985803 20.020135 0.000826 0.000000
-39.843094 149.999646 19.985361 20.020765 0.000852 0.000000
-39.838390 149.999635 19.984919 20.021395 0.000878 0.000000
-39.833685 149.999625 19.984476 20.022025 0.000903 0.000000
-39.828981 149.999614 19.984033 20.022656 0.000929 0.000000
-39.824277 149.999603 19.983590 20.023288 0.000955 0.000000
-39.819573 149.999592 19.983147 20.023920 0.000981 0.000000
-39.814869 149.999582 19.982703 20.024552 0.001007 0.000000
-39.810165 149.999571 19.982259 20.025185 0.001032 0.000000
-39.805461 149.999560 19.981815 20.025818 0.001058 0.000000
-39.800758 149.999549 19.981370 20.026452 0.001084 0.000000
-39.796054 149.999539 19.980925 20.027086 0.001110 0.000000
-39.791351 149.999528 19.980480 20.027721 0.001136 0.000000
-39.786647 149.999517 19.980035 20.028356 0.001162 0.000000
-39.781944 149.999506 19.979589 20.028992 0.001188 0.000000
-39.777241 149.999496 19.979143 20.029628 0.001214 0.000000
-39.772538 149.999485 19.978697 20.030264 0.001240 0.000000
-39.767834 149.999474 19.978251 20.030901 0.001266 0.000000
-39.763132 149.999463 19.977804 20.031539 0.001292 0.000000
-39.758429 149.999452 19.977357 20.032177 0.001318 0.000000
-39.753726 149.999442 19.976910 20.032815 0.001344 0.000000
-39.749023 149.999431 19.976462 20.033454 0.001370 0.000000
-39.744320 149.999420 19.976014 20.034093 0.001396 0.000000
-39.739618 149.999409 19.975566 20.034733 0.001422 0.000000
-39.734915 149.999398 19.975118 20.035373 0.001448 0.000000
-39.730213 149.999387 19.974669 20.036013 0.001474 0.000000
-39.725511 149.999376 19.974220 20.036654 0.001500 0.000000
-39.720809 149.999366 19.973771 20.037296 0.001526 0.000000
-39.716106 149.999355 19.973322 20.037938 0.001553 0.000000
-39.711404 149.999344 19.972872 20.038580 0.001579 0.000000
-39.706703 149.999333 19.972422 20.039223 0.001605 0.000000
-39.702001 149.999322 19.971972 20.039866 0.001631 0.000000
-39.697299 149.999311 19.971522 20.040510 0.001657 0.000000
-39.692597 149.999300 19.971071 20.041154 0.001684 0.000000
-39.687896 149.999289 19.970620 20.041799 0.001710 0.000000
-39.683194 149.999278 19.970169 20.042444 0.001736 0.000000
-39.678493 149.999268 19.969718 20.043089 0.001762 0.000000
-39.673791 149.999257 19.969266 20.043735 0.001789 0.000000
-39.669090 149.999246 19.968814 20.044382 0.001815 0.000000
-39.664389 149.999235 19.968362 20.045029 0.001841 0.000000
-39.659688 149.999224 19.967909 20.045676 0.001868 0.000000
-39.654987 149.999213 19.967456 20.046324 0.001894 0.000000
-39.650286 149.999202 19.967003 20.046972 0.001920 0.000000
-39.645585 149.999191 19.966550 20.047621 0.001947 0.000000
-39.640884 149.999180 19.966097 20.048270 0.001973 0.000000
-39.636184 149.999169 19.965643 20.048919 0.001999 0.000000
-39.631483 149.999158 19.965189 20.049569 0.002026 0.000000
-39.626782 149.999147 19.964735 20.050220 0.002052 0.000000
-39.622082 149.999136 19.964280 20.050871 0.002079 0.000000
-39.617382 149.999125 19.963826 20.051522 0.002105 0.000000
-39.612681 149.999114 19.963371 20.052174 0.002132 0.000000
-39.607981 149.999103 19.962916 20.052826 0.002158 0.000000
-39.603281 149.999092 19.962460 20.053479 0.002185 0.000000
-39.598581 149.999081 19.962005 20.054132 0.002211 0.000000
-39.593881 149.999070 19.961549 20.054786 0.002238 0.000000
-39.589182 149.999059 19.961093 20.055440 0.002264 0.000000
-39.584482 149.999048 19.960636 20.056094 0.002291 0.000000
-39.579782 149.999037 19.960180 20.056749 0.002317 0.000000
-39.575083 149.999026 19.959723 20.057404 0.002344 0.000000
-39.570383 149.999015 19.959266 20.058060 0.002371 0.000000
-39.565684 149.999004 19.958808 20.058716 0.002397 0.000000
-39.560984 149.998993 19.958351 20.059373 0.002424 0.000000
-39.556285 149.998982 19.957893 20.060030 0.002450 0.000000
-39.551586 149.998970 19.957435 20.060688 0.002477 0.000000
-39.546887 149.998959 19.956977 20.061346 0.002504 0.000000
-39.542188 149.998948 19.956518 20.062004 0.002530 0.000000
-39.537489 149.998937 19.956060 20.062663 0.002557 0.000000
-39.532790 149.998926 19.955601 20.063323 0.002584 0.000000
-39.528091 149.998915 19.955141 20.063982 0.002611 0.000000
-39.523393 149.998904 19.954682 20.064643 0.002637 0.000000
-39.518694 149.998893 19.954222 20.065303 0.002664 0.000000
-39.513996 149.998882 19.953763 20.065964 0.002691 0.000000
-39.509297 149.998871 19.953303 20.066626 0.002718 0.000000
-39.504599 149.998859 19.952842 20.067288 0.002744 0.000000
-39.499901 149.998848 19.952382 20.067950 0.002771 0.000000
-39.495202 149.998837 19.951921 20.068613 0.002798 0.000000
-39.490504 149.998826 19.951460 20.069276 0.002825 0.000000
-39.485806 149.998815 19.950999 20.069940 0.002852 0.000000
-39.481108 149.998804 19.950537 20.070604 0.002879 0.000000
-39.476410 149.998792 19.950076 20.071269 0.002905 0.000000
-39.471713 149.998781 19.949614 20.071934 0.002932 0.000000
-39.467015 149.998770 19.949152 20.072599 0.002959 0.000000
-39.462317 149.998759 19.948690 20.073265 0.002986 0.000000
-39.457620 149.998748 19.948227 20.073932 0.003013 0.000000
-39.452922 149.998737 19.947765 20.074598 0.003040 0.000000
-39.448225 149.998725 19.947302 20.075266 0.003067 0.000000
-39.443528 149.998714 19.946839 20.075933 0.003094 0.000000
-39.438831 149.998703 19.946375 20.076601 0.003121 0.000000
-39.434134 149.998692 19.945912 20.077270 0.003148 0.000000
-39.429436 149.998681 19.945448 20.077939 0.003175 0.000000
-39.424740 149.998669 19.944984 20.078608 0.003202 0.000000
-39.420043 149.998658 19.944520 20.079278 0.003229 0.000000
-39.415346 149.998647 19.944056 20.079948 0.003256 0.000000
-39.410649 149.998636 19.943591 20.080619 0.003283 0.000000
-39.405953 149.998624 19.943126 20.081290 0.003310 0.000000
-39.401256 149.998613 19.942661 20.081962 0.003337 0.000000
-39.396560 149.998602 19.942196 20.082634 0.003364 0.000000
-39.391863 149.998591 19.941731 20.083306 0.003391 0.000000
-39.387167 149.998579 19.941265 20.083979 0.003418 0.000000
-39.382471 149.998568 19.940799 20.084652 0.003445 0.000000
-39.377774 149.998557 19.940333 20.085326 0.003472 0.000000
-39.373078 149.998546 19.939867 20.086000 0.003499 0.000000
-39.368382 149.998534 19.939401 20.086675 0.003527 0.000000
-39.363686 149.998523 19.938934 20.087350 0.003554 0.000000
-39.358991 149.998512 19.938467 20.088025 0.003581 0.000000
-39.354295 149.998500 19.938000 20.088701 0.003608 0.000000
-39.349599 149.998489 19.937533 20.089378 0.003635 0.000000
-39.344904 149.998478 19.937066 20.090054 0.003663 0.000000
-39.340208 149.998467 19.936598 20.090732 0.003690 0.000000
-39.335513 149.998455 19.936131 20.091409 0.003717 0.000000
-39.330817 149.998444 19.935663 20.092087 0.003744 0.000000
-39.326122 149.998433 19.935195 20.092766 0.003771 0.000000
-39.321427 149.998421 19.934726 20.093445 0.003799 0.000000
-39.316732 149.998410 19.934258 20.094124 0.003826 0.000000
-39.312037 149.998399 19.933789 20.094804 0.003853 0.000000
-39.307342 149.998387 19.933320 20.095484 0.003880 0.000000
-39.302647 149.998376 19.932851 20.096164 0.003908 0.000000
-39.297952 149.998365 19.932382 20.096845 0.003935 0.000000
-39.293257 149.998353 19.931913 20.097527 0.003962 0.000000
-39.288563 149.998342 19.931443 20.098209 0.003990 0.000000
-39.283868 149.998330 19.930973 20.098891 0.004017 0.000000
-39.279174 149.998319 19.930503 20.099574 0.004044 0.000000
-39.274479 149.998308 19.930033 20.100257 0.004072 0.000000
-39.269785 149.998296 19.929563 20.100941 0.004099 0.000000
-39.265091 149.998285 19.929092 20.101625 0.004127 0.000000
-39.260397 149.998274 19.928621 20.102309 0.004154 0.000000
-39.255703 149.998262 19.928151 20.102994 0.004181 0.000000
-39.251009 149.998251 19.927680 20.103679 0.004209 0.000000
-39.246315 149.998239 19.927208 20.104365 0.004236 0.000000
-39.241621 149.998228 19.926737 20.105051 0.004264 0.000000
-39.236927 149.998217 19.926265 20.105738 0.004291 0.000000
-39.232233 149.998205 19.925794 20.106425 0.004319 0.000000
-39.227540 149.998194 19.925322 20.107112 0.004346 0.000000
-39.222846 149.998182 19.924850 20.107800 0.004373 0.000000
-39.218153 149.998171 19.924377 20.108488 0.004401 0.000000
-39.213459 149.998160 19.923905 20.109177 0.004428 0.000000
-39.208766 149.998148 19.923432 20.109866 0.004456 0.000000
-39.204073 149.998137 19.922960 20.110555 0.004483 0.000000
-39.199380 149.998125 19.922487 20.111245 0.004511 0.000000
-39.194686 149.998114 19.922014 20.111936 0.004538 0.000000
-39.189993 149.998102 19.921540 20.112627 0.004566 0.000000
-39.185301 149.998091 19.921067 20.113318 0.004594 0.000000
-39.180608 149.998079 19.920593 20.114009 0.004621 0.000000
-39.175915 149.998068 19.920120 20.114701 0.004649 0.000000
-39.171222 149.998056 19.919646 20.115394 0.004676 0.000000
-39.166530 149.998045 19.919172 20.116087 0.004704 0.000000
-39.161837 149.998034 19.918697 20.116780 0.004731 0.000000
-39.157145 149.998022 19.918223 20.117474 0.004759 0.000000
-39.152452 149.998011 19.917749 20.118168 0.004787 0.000000
-39.147760 149.997999 19.917274 20.118863 0.004814 0.000000
-39.143068 149.997988 19.916799 20.119558 0.004842 0.000000
-39.138375 149.997976 19.916324 20.120253 0.004870 0.000000
-39.133683 149.997965 19.915849 20.120949 0.004897 0.000000
-39.128991 149.997953 19.915374 20.121645 0.004925 0.000000
-39.124299 149.997942 19.914898 20.122342 0.004953 0.000000
-39.119608 149.997930 19.914422 20.123039 0.004980 0.000000
-39.114916 149.997919 19.913947 20.123736 0.005008 0.000000
-39.110224 149.997907 19.913471 20.124434 0.005036 0.000000
-39.105532 149.997896 19.912995 20.125132 0.005063 0.000000
-39.100841 149.997884 19.912518 20.125831 0.005091 0.000000
-39.096149 149.997873 19.912042 20.126530 0.005119 0.000000
-39.091458 149.997861 19.911566 20.127230 0.005147 0.000000
-39.086767 149.997850 19.911089 20.127930 0.005174 0.000000
