83.254927 150.412271 -13.409774 -0.168358 166.875436 -0.064316
83.256424 150.411955 -13.411810 -0.168428 166.879453 -0.064343
83.257922 150.411640 -13.413845 -0.168497 166.883470 -0.064370
83.259420 150.411324 -13.415880 -0.168567 166.887487 -0.064397
83.260917 150.411009 -13.417915 -0.168637 166.891504 -0.064425
83.262414 150.410694 -13.419950 -0.168706 166.895522 -0.064452
83.263911 150.410379 -13.421984 -0.168776 166.899540 -0.064479
83.265408 150.410064 -13.424019 -0.168846 166.903558 -0.064506
83.266905 150.409749 -13.426053 -0.168915 166.907576 -0.064533
83.268402 150.409434 -13.428087 -0.168985 166.911595 -0.064560
83.269898 150.409120 -13.430121 -0.169055 166.915614 -0.064587
83.271395 150.408805 -13.432155 -0.169124 166.919633 -0.064614
83.272891 150.408491 -13.434189 -0.169194 166.923652 -0.064641
83.274387 150.408177 -13.436222 -0.169263 166.927672 -0.064668
83.275883 150.407863 -13.438255 -0.169333 166.931692 -0.064695
83.277379 150.407549 -13.440288 -0.169402 166.935712 -0.064722
83.278874 150.407235 -13.442321 -0.169472 166.939733 -0.064749
83.280370 150.406921 -13.444354 -0.169541 166.943753 -0.064777
83.281865 150.406607 -13.446387 -0.169611 166.947774 -0.064804
83.283360 150.406294 -13.448419 -0.169680 166.951795 -0.064831
83.284855 150.405980 -13.450452 -0.169750 166.955817 -0.064857
83.286350 150.405667 -13.452484 -0.169819 166.959838 -0.064884
83.287845 150.405354 -13.454516 -0.169889 166.963860 -0.064911
83.289339 150.405041 -13.456548 -0.169958 166.967883 -0.064938
83.290834 150.404728 -13.458579 -0.170027 166.971905 -0.064965
83.292328 150.404415 -13.460611 -0.170097 166.975928 -0.064992
83.293822 150.404102 -13.462642 -0.170166 166.979951 -0.065019
83.295316 150.403789 -13.464673 -0.170235 166.983974 -0.065046
83.296810 150.403477 -13.466704 -0.170305 166.987997 -0.065073
83.298303 150.403164 -13.468735 -0.170374 166.992021 -0.065100
83.299797 150.402852 -13.470766 -0.170443 166.996045 -0.065127
83.301290 150.402540 -13.472796 -0.170513 167.000069 -0.065154
83.302783 150.402228 -13.474827 -0.170582 167.004093 -0.065181
83.304276 150.401916 -13.476857 -0.170651 167.008118 -0.065207
83.305769 150.401604 -13.478887 -0.170720 167.012143 -0.065234
83.307261 150.401292 -13.480917 -0.170789 167.016168 -0.065261
83.308754 150.400980 -13.482947 -0.170859 167.020193 -0.065288
83.310246 150.400669 -13.484977 -0.170928 167.024219 -0.065315
83.311738 150.400357 -13.487006 -0.170997 167.028245 -0.065342
83.313230 150.400046 -13.489036 -0.171066 167.032271 -0.065368
83.314722 150.399735 -13.491065 -0.171135 167.036297 -0.065395
83.316213 150.399424 -13.493094 -0.171204 167.040324 -0.065422
83.317705 150.399113 -13.495123 -0.171273 167.044351 -0.065449
83.319196 150.398802 -13.497151 -0.171343 167.048378 -0.065475
83.320687 150.398491 -13.499180 -0.171412 167.052405 -0.065502
83.322177 150.398180 -13.501209 -0.171481 167.056433 -0.065529
83.323668 150.397870 -13.503237 -0.171550 167.060461 -0.065556
83.325159 150.397559 -13.505265 -0.171619 167.064489 -0.065582
83.326649 150.397249 -13.507293 -0.171688 167.068517 -0.065609
83.328139 150.396939 -13.509321 -0.171757 167.072546 -0.065636
83.329629 150.396628 -13.511349 -0.171826 167.076575 -0.065662
83.331118 150.396318 -13.513376 -0.171895 167.080604 -0.065689
83.332608 150.396008 -13.515404 -0.171963 167.084633 -0.065716
83.334097 150.395699 -13.517431 -0.172032 167.088663 -0.065742
83.335586 150.395389 -13.519458 -0.172101 167.092693 -0.065769
83.337075 150.395079 -13.521485 -0.172170 167.096723 -0.065796
83.338564 150.394770 -13.523512 -0.172239 167.100753 -0.065822
83.340052 150.394460 -13.525539 -0.172308 167.104783 -0.065849
83.341541 150.394151 -13.527566 -0.172377 167.108814 -0.065876
83.343029 150.393842 -13.529592 -0.172445 167.112845 -0.065902
83.344517 150.393533 -13.531619 -0.172514 167.116876 -0.065929
83.346004 150.393224 -13.533645 -0.172583 167.120908 -0.065955
83.347492 150.392915 -13.535671 -0.172652 167.124940 -0.065982
83.348979 150.392606 -13.537697 -0.172720 167.128972 -0.066008
83.350466 150.392298 -13.539723 -0.172789 167.133004 -0.066035
83.351953 150.391989 -13.541748 -0.172858 167.137036 -0.066061
83.353440 150.391681 -13.543774 -0.172926 167.141069 -0.066088
83.354926 150.391372 -13.545799 -0.172995 167.145102 -0.066114
83.356412 150.391064 -13.547825 -0.173064 167.149135 -0.066141
83.357898 150.390756 -13.549850 -0.173132 167.153169 -0.066167
83.359384 150.390448 -13.551875 -0.173201 167.157202 -0.066194
83.360870 150.390140 -13.553900 -0.173269 167.161236 -0.066220
83.362355 150.389832 -13.555924 -0.173338 167.165270 -0.066247
83.363840 150.389525 -13.557949 -0.173406 167.169305 -0.066273
83.365325 150.389217 -13.559974 -0.173475 167.173339 -0.066300
83.366810 150.388910 -13.561998 -0.173543 167.177374 -0.066326
83.368294 150.388602 -13.564022 -0.173612 167.181409 -0.066352
83.369779 150.388295 -13.566046 -0.173680 167.185445 -0.066379
83.371263 150.387988 -13.568070 -0.173749 167.189480 -0.066405
83.372747 150.387681 -13.570094 -0.173817 167.193516 -0.066432
83.374230 150.387374 -13.572118 -0.173886 167.197552 -0.066458
83.375714 150.387067 -13.574142 -0.173954 167.201589 -0.066484
83.377197 150.386760 -13.576165 -0.174022 167.205625 -0.066511
83.378680 150.386453 -13.578188 -0.174091 167.209662 -0.066537
83.380162 150.386147 -13.580212 -0.174159 167.213699 -0.066563
83.381645 150.385840 -13.582235 -0.174227 167.217736 -0.066590
83.383127 150.385534 -13.584258 -0.174296 167.221774 -0.066616
83.384609 150.385228 -13.586281 -0.174364 167.225811 -0.066642
83.386091 150.384922 -13.588304 -0.174432 167.229849 -0.066669
83.387572 150.384616 -13.590326 -0.174500 167.233887 -0.066695
83.389054 150.384310 -13.592349 -0.174568 167.237926 -0.066721
83.390535 150.384004 -13.594371 -0.174637 167.241965 -0.066747
83.392016 150.383698 -13.596393 -0.174705 167.246003 -0.066774
83.393496 150.383393 -13.598416 -0.174773 167.250043 -0.066800
83.394976 150.383087 -13.600438 -0.174841 167.254082 -0.066826
83.396457 150.382782 -13.602460 -0.174909 167.258122 -0.066852
83.397936 150.382476 -13.604482 -0.174977 167.262161 -0.066878
83.399416 150.382171 -13.606503 -0.175045 167.266201 -0.066905
83.400895 150.381866 -13.608525 -0.175113 167.270242 -0.066931
83.402374 150.381561 -13.610546 -0.175181 167.274282 -0.066957
83.403853 150.381256 -13.612568 -0.175249 167.278323 -0.066983
83.405332 150.380951 -13.614589 -0.175317 167.282364 -0.067009
83.406810 150.380647 -13.616610 -0.175385 167.286405 -0.067035
83.408288 150.380342 -13.618631 -0.175453 167.290447 -0.067061
83.409766 150.380037 -13.620652 -0.175521 167.294489 -0.067087
83.411244 150.379733 -13.622673 -0.175589 167.298530 -0.067114
83.412721 150.379429 -13.624694 -0.175657 167.302573 -0.067140
83.414198 150.379124 -13.626714 -0.175725 167.306615 -0.067166
83.415675 150.378820 -13.628735 -0.175792 167.310658 -0.067192
83.417152 150.378516 -13.630755 -0.175860 167.314701 -0.067218
83.418628 150.378212 -13.632776 -0.175928 167.318744 -0.067244
83.420104 150.377909 -13.634796 -0.175996 167.322787 -0.067270
83.421580 150.377605 -13.636816 -0.176064 167.326831 -0.067296
83.423055 150.377301 -13.638836 -0.176131 167.330874 -0.067322
83.424531 150.376998 -13.640856 -0.176199 167.334918 -0.067348
83.426005 150.376694 -13.642876 -0.176267 167.338963 -0.067374
83.427480 150.376391 -13.644895 -0.176334 167.343007 -0.067400
83.428955 150.376088 -13.646915 -0.176402 167.347052 -0.067426
83.430429 150.375785 -13.648934 -0.176470 167.351097 -0.067452
83.431903 150.375482 -13.650954 -0.176537 167.355142 -0.067478
83.433376 150.375179 -13.652973 -0.176605 167.359187 -0.067503
83.434850 150.374876 -13.654992 -0.176672 167.363233 -0.067529
83.436323 150.374573 -13.657011 -0.176740 167.367279 -0.067555
83.437796 150.374271 -13.659030 -0.176807 167.371325 -0.067581
83.439268 150.373968 -13.661049 -0.176875 167.375371 -0.067607
83.440740 150.373666 -13.663068 -0.176942 167.379418 -0.067633
83.442212 150.373363 -13.665087 -0.177010 167.383465 -0.067659
83.443684 150.373061 -13.667105 -0.177077 167.387512 -0.067685
83.445155 150.372759 -13.669124 -0.177144 167.391559 -0.067710
83.446627 150.372457 -13.671142 -0.177212 167.395606 -0.067736
83.448097 150.372155 -13.673160 -0.177279 167.399654 -0.067762
83.449568 150.371853 -13.675179 -0.177346 167.403702 -0.067788
83.451038 150.371551 -13.677197 -0.177414 167.407750 -0.067814
83.452508 150.371250 -13.679215 -0.177481 167.411799 -0.067839
83.453978 150.370948 -13.681233 -0.177548 167.415847 -0.067865
83.455447 150.370647 -13.683251 -0.177615 167.419896 -0.067891
83.456916 150.370345 -13.685268 -0.177683 167.423945 -0.067917
83.458385 150.370044 -13.687286 -0.177750 167.427994 -0.067942
83.459854 150.369743 -13.689304 -0.177817 167.432044 -0.067968
83.461322 150.369442 -13.691321 -0.177884 167.436094 -0.067994
83.462790 150.369141 -13.693338 -0.177951 167.440144 -0.068019
83.464257 150.368840 -13.695356 -0.178018 167.444194 -0.068045
83.465725 150.368539 -13.697373 -0.178085 167.448244 -0.068071
83.467192 150.368238 -13.699390 -0.178152 167.452295 -0.068096
83.468659 150.367938 -13.701407 -0.178219 167.456346 -0.068122
83.470125 150.367637 -13.703424 -0.178286 167.460397 -0.068148
83.471591 150.367337 -13.705441 -0.178353 167.464448 -0.068173
83.473057 150.367036 -13.707458 -0.178420 167.468500 -0.068199
83.474522 150.366736 -13.709475 -0.178487 167.472551 -0.068224
83.475988 150.366436 -13.711491 -0.178554 167.476603 -0.068250
83.477453 150.366136 -13.713508 -0.178621 167.480656 -0.068276
83.478917 150.365836 -13.715524 -0.178688 167.484708 -0.068301
83.480381 150.365536 -13.717541 -0.178754 167.488761 -0.068327
83.481845 150.365236 -13.719557 -0.178821 167.492814 -0.068352
83.483309 150.364937 -13.721573 -0.178888 167.496867 -0.068378
83.484772 150.364637 -13.723589 -0.178955 167.500920 -0.068403
83.486235 150.364338 -13.725605 -0.179021 167.504973 -0.068429
83.487698 150.364038 -13.727621 -0.179088 167.509027 -0.068454
83.489161 150.363739 -13.729637 -0.179155 167.513081 -0.068480
83.490623 150.363440 -13.731653 -0.179221 167.517135 -0.068505
83.492084 150.363140 -13.733669 -0.179288 167.521190 -0.068531
83.493546 150.362841 -13.735685 -0.179355 167.525245 -0.068556
83.495007 150.362543 -13.737700 -0.179421 167.529299 -0.068581
83.496468 150.362244 -13.739716 -0.179488 167.533355 -0.068607
83.497928 150.361945 -13.741731 -0.179554 167.537410 -0.068632
83.499388 150.361646 -13.743747 -0.179621 167.541465 -0.068658
83.500848 150.361348 -13.745762 -0.179687 167.545521 -0.068683
83.502308 150.361049 -13.747777 -0.179754 167.549577 -0.068708
83.503767 150.360751 -13.749793 -0.179820 167.553633 -0.068734
83.505226 150.360453 -13.751808 -0.179887 167.557690 -0.068759
83.506684 150.360154 -13.753823 -0.179953 167.561746 -0.068784
83.508142 150.359856 -13.755838 -0.180019 167.565803 -0.068810
83.509600 150.359558 -13.757853 -0.180086 167.569860 -0.068835
83.511057 150.359260 -13.759868 -0.180152 167.573918 -0.068860
83.512515 150.358962 -13.761882 -0.180218 167.577975 -0.068885
83.513971 150.358665 -13.763897 -0.180284 167.582033 -0.068911
83.515428 150.358367 -13.765912 -0.180351 167.586091 -0.068936
83.516884 150.358069 -13.767926 -0.180417 167.590149 -0.068961
83.518340 150.357772 -13.769941 -0.180483 167.594207 -0.068986
83.519795 150.357475 -13.771955 -0.180549 167.598266 -0.069012
83.521250 150.357177 -13.773970 -0.180615 167.602325 -0.069037
83.522705 150.356880 -13.775984 -0.180681 167.606384 -0.069062
83.524160 150.356583 -13.777998 -0.180747 167.610443 -0.069087
83.525614 150.356286 -13.780012 -0.180813 167.614503 -0.069112
83.527067 150.355989 -13.782027 -0.180879 167.618562 -0.069138
83.528521 150.355692 -13.784041 -0.180945 167.622622 -0.069163
83.529974 150.355395 -13.786055 -0.181011 167.626682 -0.069188
83.531426 150.355099 -13.788069 -0.181077 167.630743 -0.069213
83.532879 150.354802 -13.790083 -0.181143 167.634803 -0.069238
83.534331 150.354506 -13.792096 -0.181209 167.638864 -0.069263
83.535782 150.354209 -13.794110 -0.181275 167.642925 -0.069288
83.537233 150.353913 -13.796124 -0.181341 167.646986 -0.069313
83.538684 150.353617 -13.798138 -0.181406 167.651048 -0.069338
83.540135 150.353320 -13.800151 -0.181472 167.655109 -0.069363
83.541585 150.353024 -13.802165 -0.181538 167.659171 -0.069388
83.543035 150.352728 -13.804178 -0.181604 167.663233 -0.069413
83.544484 150.352432 -13.806192 -0.181669 167.667295 -0.069438
83.545933 150.352137 -13.808205 -0.181735 167.671358 -0.069463
83.547382 150.351841 -13.810219 -0.181801 167.675420 -0.069488
83.548830 150.351545 -13.812232 -0.181866 167.679483 -0.069513
83.550278 150.351250 -13.814245 -0.181932 167.683547 -0.069538
83.551726 150.350954 -13.816258 -0.181997 167.687610 -0.069563
83.553173 150.350659 -13.818272 -0.182063 167.691673 -0.069588
83.554620 150.350364 -13.820285 -0.182128 167.695737 -0.069613
83.556067 150.350069 -13.822298 -0.182194 167.699801 -0.069638
83.557513 150.349773 -13.824311 -0.182259 167.703865 -0.069663
83.558958 150.349478 -13.826324 -0.182325 167.707930 -0.069688
83.560404 150.349183 -13.828337 -0.182390 167.711994 -0.069712
83.561849 150.348889 -13.830349 -0.182455 167.716059 -0.069737
83.563293 150.348594 -13.832362 -0.182521 167.720124 -0.069762
83.564738 150.348299 -13.834375 -0.182586 167.724190 -0.069787
83.566182 150.348005 -13.836388 -0.182651 167.728255 -0.069812
83.567625 150.347710 -13.838401 -0.182716 167.732321 -0.069837
83.569068 150.347416 -13.840413 -0.182782 167.736387 -0.069861
83.570511 150.347121 -13.842426 -0.182847 167.740453 -0.069886
83.571953 150.346827 -13.844438 -0.182912 167.744519 -0.069911
83.573395 150.346533 -13.846451 -0.182977 167.748585 -0.069936
83.574837 150.346239 -13.848463 -0.183042 167.752652 -0.069960
83.576278 150.345945 -13.850476 -0.183107 167.756719 -0.069985
83.577719 150.345651 -13.852488 -0.183172 167.760786 -0.070010
83.579159 150.345357 -13.854501 -0.183237 167.764854 -0.070034
83.580599 150.345063 -13.856513 -0.183302 167.768921 -0.070059
83.582039 150.344770 -13.858525 -0.183367 167.772989 -0.070084
83.583478 150.344476 -13.860537 -0.183432 167.777057 -0.070108
83.584917 150.344182 -13.862550 -0.183497 167.781125 -0.070133
83.586355 150.343889 -13.864562 -0.183562 167.785193 -0.070158
83.587793 150.343596 -13.866574 -0.183627 167.789262 -0.070182
83.589231 150.343302 -13.868586 -0.183692 167.793331 -0.070207
83.590668 150.343009 -13.870598 -0.183756 167.797400 -0.070232
83.592105 150.342716 -13.872610 -0.183821 167.801469 -0.070256
83.593541 150.342423 -13.874622 -0.183886 167.805539 -0.070281
83.594977 150.342130 -13.876634 -0.183951 167.809608 -0.070305
83.596413 150.341837 -13.878646 -0.184015 167.813678 -0.070330
83.597848 150.341545 -13.880658 -0.184080 167.817748 -0.070354
83.599283 150.341252 -13.882670 -0.184144 167.821818 -0.070379
83.600717 150.340959 -13.884682 -0.184209 167.825889 -0.070403
83.602151 150.340667 -13.886694 -0.184274 167.829960 -0.070428
83.603584 150.340374 -13.888705 -0.184338 167.834030 -0.070452
83.605018 150.340082 -13.890717 -0.184403 167.838101 -0.070477
83.606450 150.339790 -13.892729 -0.184467 167.842173 -0.070501
83.607883 150.339498 -13.894741 -0.184531 167.846244 -0.070525
83.609314 150.339205 -13.896752 -0.184596 167.850316 -0.070550
83.610746 150.338913 -13.898764 -0.184660 167.854388 -0.070574
83.612177 150.338621 -13.900776 -0.184724 167.858460 -0.070599
83.613608 150.338330 -13.902787 -0.184789 167.862532 -0.070623
83.615038 150.338038 -13.904799 -0.184853 167.866605 -0.070647
83.616468 150.337746 -13.906810 -0.184917 167.870678 -0.070672
83.617897 150.337454 -13.908822 -0.184981 167.874750 -0.070696
83.619326 150.337163 -13.910833 -0.185046 167.878824 -0.070720
83.620754 150.336871 -13.912845 -0.185110 167.882897 -0.070745
83.622183 150.336580 -13.914856 -0.185174 167.886970 -0.070769
83.623610 150.336289 -13.916868 -0.185238 167.891044 -0.070793
83.625037 150.335998 -13.918879 -0.185302 167.895118 -0.070818
83.626464 150.335706 -13.920891 -0.185366 167.899192 -0.070842
83.627891 150.335415 -13.922902 -0.185430 167.903267 -0.070866
83.629317 150.335124 -13.924914 -0.185494 167.907341 -0.070890
83.630742 150.334833 -13.926925 -0.185558 167.911416 -0.070914
83.632167 150.334543 -13.928936 -0.185622 167.915491 -0.070939
83.633592 150.334252 -13.930948 -0.185686 167.919566 -0.070963
83.635016 150.333961 -13.932959 -0.185750 167.923641 -0.070987
83.636440 150.333671 -13.934970 -0.185813 167.927717 -0.071011
83.637863 150.333380 -13.936982 -0.185877 167.931793 -0.071035
83.639286 150.333090 -13.938993 -0.185941 167.935869 -0.071059
83.640708 150.332799 -13.941004 -0.186005 167.939945 -0.071084
83.642130 150.332509 -13.943015 -0.186068 167.944021 -0.071108
83.643552 150.332219 -13.945027 -0.186132 167.948098 -0.071132
83.644973 150.331929 -13.947038 -0.186196 167.952174 -0.071156
83.646394 150.331638 -13.949049 -0.186259 167.956251 -0.071180
83.647814 150.331348 -13.951060 -0.186323 167.960329 -0.071204
83.649234 150.331059 -13.953072 -0.186386 167.964406 -0.071228
83.650653 150.330769 -13.955083 -0.186450 167.968483 -0.071252
83.652072 150.330479 -13.957094 -0.186513 167.972561 -0.071276
83.653490 150.330189 -13.959105 -0.186577 167.976639 -0.071300
83.654908 150.329900 -13.961116 -0.186640 167.980717 -0.071324
83.656326 150.329610 -13.963128 -0.186703 167.984796 -0.071348
83.657743 150.329321 -13.965139 -0.186767 167.988874 -0.071372
83.659159 150.329031 -13.967150 -0.186830 167.992953 -0.071396
83.660576 150.328742 -13.969161 -0.186893 167.997032 -0.071420
83.661991 150.328453 -13.971172 -0.186956 168.001111 -0.071444
83.663406 150.328164 -13.973183 -0.187020 168.005190 -0.071468
83.664821 150.327875 -13.975195 -0.187083 168.009270 -0.071491
83.666235 150.327586 -13.977206 -0.187146 168.013350 -0.071515
83.667649 150.327297 -13.979217 -0.187209 168.017430 -0.071539
83.669063 150.327008 -13.981228 -0.187272 168.021510 -0.071563
83.670475 150.326719 -13.983239 -0.187335 168.025590 -0.071587
83.671888 150.326430 -13.985250 -0.187398 168.029671 -0.071611
83.673300 150.326142 -13.987261 -0.187461 168.033751 -0.071634
83.674711 150.325853 -13.989273 -0.187524 168.037832 -0.071658
83.676122 150.325565 -13.991284 -0.187587 168.041913 -0.071682
83.677533 150.325276 -13.993295 -0.187650 168.045995 -0.071706
83.678943 150.324988 -13.995306 -0.187713 168.050076 -0.071729
83.680352 150.324700 -13.997317 -0.187775 168.054158 -0.071753
83.681762 150.324412 -13.999328 -0.187838 168.058240 -0.071777
83.683170 150.324123 -14.001340 -0.187901 168.062322 -0.071801
83.684578 150.323835 -14.003351 -0.187964 168.066404 -0.071824
83.685986 150.323547 -14.005362 -0.188026 168.070486 -0.071848
83.687393 150.323260 -14.007373 -0.188089 168.074569 -0.071872
83.688800 150.322972 -14.009384 -0.188151 168.078652 -0.071895
83.690206 150.322684 -14.011396 -0.188214 168.082735 -0.071919
83.691612 150.322396 -14.013407 -0.188277 168.086818 -0.071942
83.693017 150.322109 -14.015418 -0.188339 168.090902 -0.071966
83.694422 150.321821 -14.017429 -0.188401 168.094985 -0.071990
83.695826 150.321534 -14.019441 -0.188464 168.099069 -0.072013
83.697230 150.321246 -14.021452 -0.188526 168.103153 -0.072037
83.698633 150.320959 -14.023463 -0.188589 168.107237 -0.072060
83.700036 150.320672 -14.025474 -0.188651 168.111322 -0.072084
83.701438 150.320385 -14.027486 -0.188713 168.115406 -0.072107
83.702840 150.320098 -14.029497 -0.188775 168.119491 -0.072131
83.704241 150.319811 -14.031508 -0.188838 168.123576 -0.072154
83.705642 150.319524 -14.033520 -0.188900 168.127661 -0.072178
83.707043 150.319237 -14.035531 -0.188962 168.131747 -0.072201
83.708442 150.318950 -14.037543 -0.189024 168.135832 -0.072225
83.709842 150.318663 -14.039554 -0.189086 168.139918 -0.072248
83.711241 150.318376 -14.041565 -0.189148 168.144004 -0.072271
83.712639 150.318090 -14.043577 -0.189210 168.148090 -0.072295
83.714037 150.317803 -14.045588 -0.189272 168.152176 -0.072318
83.715434 150.317517 -14.047600 -0.189334 168.156263 -0.072342
83.716831 150.317230 -14.049611 -0.189396 168.160349 -0.072365
83.718227 150.316944 -14.051623 -0.189458 168.164436 -0.072388
83.719623 150.316658 -14.053634 -0.189520 168.168523 -0.072412
83.721018 150.316372 -14.055646 -0.189582 168.172610 -0.072435
83.722413 150.316086 -14.057658 -0.189643 168.176698 -0.072458
83.723807 150.315800 -14.059669 -0.189705 168.180786 -0.072481
83.725201 150.315514 -14.061681 -0.189767 168.184873 -0.072505
83.726594 150.315228 -14.063693 -0.189828 168.188961 -0.072528
83.727987 150.314942 -14.065704 -0.189890 168.193049 -0.072551
83.729379 150.314656 -14.067716 -0.189952 168.197138 -0.072574
83.730771 150.314370 -14.069728 -0.190013 168.201226 -0.072598
83.732162 150.314085 -14.071739 -0.190075 168.205315 -0.072621
83.733553 150.313799 -14.073751 -0.190136 168.209404 -0.072644
83.734943 150.313514 -14.075763 -0.190198 168.213493 -0.072667
83.736332 150.313228 -14.077775 -0.190259 168.217583 -0.072690
83.737721 150.312943 -14.079787 -0.190320 168.221672 -0.072713
83.739110 150.312658 -14.081799 -0.190382 168.225762 -0.072737
83.740498 150.312372 -14.083811 -0.190443 168.229852 -0.072760
83.741886 150.312087 -14.085823 -0.190504 168.233942 -0.072783
83.743272 150.311802 -14.087835 -0.190566 168.238032 -0.072806
83.744659 150.311517 -14.089847 -0.190627 168.242122 -0.072829
83.746045 150.311232 -14.091859 -0.190688 168.246213 -0.072852
83.747430 150.310947 -14.093871 -0.190749 168.250304 -0.072875
83.748815 150.310662 -14.095883 -0.190810 168.254395 -0.072898
83.750199 150.310378 -14.097895 -0.190871 168.258486 -0.072921
83.751583 150.310093 -14.099907 -0.190932 168.262577 -0.072944
83.752966 150.309808 -14.101920 -0.190993 168.266669 -0.072967
83.754349 150.309524 -14.103932 -0.191054 168.270760 -0.072990
83.755731 150.309239 -14.105944 -0.191115 168.274852 -0.073013
83.757113 150.308955 -14.107957 -0.191176 168.278944 -0.073036
83.758494 150.308671 -14.109969 -0.191237 168.283037 -0.073059
83.759874 150.308386 -14.111982 -0.191297 168.287129 -0.073082
83.761254 150.308102 -14.113994 -0.191358 168.291222 -0.073104
83.762634 150.307818 -14.116007 -0.191419 168.295315 -0.073127
83.764013 150.307534 -14.118019 -0.191479 168.299408 -0.073150
83.765391 150.307250 -14.120032 -0.191540 168.303501 -0.073173
83.766769 150.306966 -14.122044 -0.191601 168.307594 -0.073196
83.768146 150.306682 -14.124057 -0.191661 168.311688 -0.073219
83.769523 150.306398 -14.126070 -0.191722 168.315781 -0.073241
83.770899 150.306114 -14.128083 -0.191782 168.319875 -0.073264
83.772275 150.305830 -14.130095 -0.191843 168.323969 -0.073287
83.773650 150.305547 -14.132108 -0.191903 168.328064 -0.073310
83.775024 150.305263 -14.134121 -0.191963 168.332158 -0.073332
83.776398 150.304980 -14.136134 -0.192024 168.336253 -0.073355
83.777771 150.304696 -14.138147 -0.192084 168.340348 -0.073378
83.779144 150.304413 -14.140160 -0.192144 168.344442 -0.073400
83.780516 150.304130 -14.142173 -0.192205 168.348538 -0.073423
83.781888 150.303846 -14.144187 -0.192265 168.352633 -0.073446
83.783259 150.303563 -14.146200 -0.192325 168.356729 -0.073468
83.784630 150.303280 -14.148213 -0.192385 168.360824 -0.073491
83.786000 150.302997 -14.150226 -0.192445 168.364920 -0.073514
83.787369 150.302714 -14.152240 -0.192505 168.369016 -0.073536
83.788738 150.302431 -14.154253 -0.192565 168.373112 -0.073559
83.790106 150.302148 -14.156267 -0.192625 168.377209 -0.073581
83.791474 150.301865 -14.158280 -0.192685 168.381305 -0.073604
83.792841 150.301582 -14.160294 -0.192745 168.385402 -0.073626
83.794208 150.301300 -14.162307 -0.192805 168.389499 -0.073649
83.795574 150.301017 -14.164321 -0.192864 168.393596 -0.073671
83.796939 150.300734 -14.166335 -0.192924 168.397694 -0.073694
83.798304 150.300452 -14.168349 -0.192984 168.401791 -0.073716
83.799668 150.300169 -14.170362 -0.193043 168.405889 -0.073739
83.801032 150.299887 -14.172376 -0.193103 168.409987 -0.073761
83.802395 150.299605 -14.174390 -0.193163 168.414085 -0.073784
83.803758 150.299322 -14.176404 -0.193222 168.418183 -0.073806
83.805120 150.299040 -14.178418 -0.193282 168.422281 -0.073828
83.806481 150.298758 -14.180433 -0.193341 168.426380 -0.073851
83.807842 150.298476 -14.182447 -0.193401 168.430479 -0.073873
83.809202 150.298194 -14.184461 -0.193460 168.434577 -0.073895
83.810562 150.297912 -14.186475 -0.193519 168.438676 -0.073918
83.811921 150.297630 -14.188490 -0.193579 168.442776 -0.073940
83.813279 150.297348 -14.190504 -0.193638 168.446875 -0.073962
83.814637 150.297066 -14.192519 -0.193697 168.450975 -0.073985
83.815994 150.296785 -14.194533 -0.193756 168.455075 -0.074007
83.817351 150.296503 -14.196548 -0.193816 168.459174 -0.074029
83.818707 150.296221 -14.198563 -0.193875 168.463275 -0.074051
83.820063 150.295940 -14.200578 -0.193934 168.467375 -0.074074
83.821417 150.295658 -14.202592 -0.193993 168.471475 -0.074096
83.822772 150.295377 -14.204607 -0.194052 168.475576 -0.074118
83.824125 150.295096 -14.206622 -0.194111 168.479677 -0.074140
83.825478 150.294814 -14.208637 -0.194170 168.483778 -0.074162
83.826831 150.294533 -14.210652 -0.194229 168.487879 -0.074184
83.828183 150.294252 -14.212668 -0.194287 168.491980 -0.074207
83.829534 150.293971 -14.214683 -0.194346 168.496082 -0.074229
83.830885 150.293689 -14.216698 -0.194405 168.500184 -0.074251
83.832235 150.293408 -14.218714 -0.194464 168.504285 -0.074273
83.833584 150.293127 -14.220729 -0.194522 168.508387 -0.074295
83.834933 150.292847 -14.222745 -0.194581 168.512490 -0.074317
83.836281 150.292566 -14.224760 -0.194640 168.516592 -0.074339
83.837629 150.292285 -14.226776 -0.194698 168.520695 -0.074361
83.838976 150.292004 -14.228792 -0.194757 168.524797 -0.074383
83.840322 150.291723 -14.230808 -0.194815 168.528900 -0.074405
83.841668 150.291443 -14.232824 -0.194874 168.533003 -0.074427
83.843013 150.291162 -14.234840 -0.194932 168.537106 -0.074449
83.844358 150.290882 -14.236856 -0.194990 168.541210 -0.074471
83.845702 150.290601 -14.238872 -0.195049 168.545313 -0.074493
83.847045 150.290321 -14.240888 -0.195107 168.549417 -0.074515
83.848388 150.290041 -14.242904 -0.195165 168.553521 -0.074537
83.849730 150.289760 -14.244921 -0.195223 168.557625 -0.074558
83.851072 150.289480 -14.246937 -0.195281 168.561729 -0.074580
83.852412 150.289200 -14.248954 -0.195339 168.565834 -0.074602
83.853753 150.288920 -14.250971 -0.195397 168.569938 -0.074624
83.855092 150.288640 -14.252987 -0.195455 168.574043 -0.074646
83.856431 150.288360 -14.255004 -0.195513 168.578148 -0.074667
83.857770 150.288080 -14.257021 -0.195571 168.582253 -0.074689
83.859107 150.287800 -14.259038 -0.195629 168.586358 -0.074711
83.860444 150.287520 -14.261055 -0.195687 168.590464 -0.074733
83.861781 150.287240 -14.263072 -0.195745 168.594569 -0.074754
83.863117 150.286960 -14.265089 -0.195803 168.598675 -0.074776
83.864452 150.286681 -14.267107 -0.195860 168.602781 -0.074798
83.865786 150.286401 -14.269124 -0.195918 168.606887 -0.074820
83.867120 150.286121 -14.271142 -0.195976 168.610993 -0.074841
83.868453 150.285842 -14.273159 -0.196033 168.615100 -0.074863
83.869786 150.285562 -14.275177 -0.196091 168.619206 -0.074884
83.871118 150.285283 -14.277195 -0.196148 168.623313 -0.074906
83.872449 150.285004 -14.279213 -0.196206 168.627420 -0.074928
83.873780 150.284724 -14.281230 -0.196263 168.631527 -0.074949
83.875110 150.284445 -14.283249 -0.196321 168.635634 -0.074971
83.876440 150.284166 -14.285267 -0.196378 168.639742 -0.074992
83.877768 150.283887 -14.287285 -0.196435 168.643850 -0.075014
83.879097 150.283608 -14.289303 -0.196492 168.647957 -0.075035
83.880424 150.283329 -14.291322 -0.196550 168.652065 -0.075057
83.881751 150.283050 -14.293340 -0.196607 168.656173 -0.075078
83.883077 150.282771 -14.295359 -0.196664 168.660282 -0.075100
83.884403 150.282492 -14.297377 -0.196721 168.664390 -0.075121
83.885727 150.282213 -14.299396 -0.196778 168.668498 -0.075143
83.887052 150.281934 -14.301415 -0.196835 168.672607 -0.075164
83.888375 150.281655 -14.303434 -0.196892 168.676716 -0.075185
83.889698 150.281377 -14.305453 -0.196949 168.680825 -0.075207
83.891020 150.281098 -14.307472 -0.197006 168.684934 -0.075228
83.892342 150.280820 -14.309492 -0.197062 168.689044 -0.075250
83.893663 150.280541 -14.311511 -0.197119 168.693153 -0.075271
83.894983 150.280263 -14.313530 -0.197176 168.697263 -0.075292
83.896303 150.279984 -14.315550 -0.197233 168.701373 -0.075313
83.897622 150.279706 -14.317570 -0.197289 168.705483 -0.075335
83.898940 150.279427 -14.319590 -0.197346 168.709593 -0.075356
83.900258 150.279149 -14.321609 -0.197402 168.713704 -0.075377
83.901575 150.278871 -14.323629 -0.197459 168.717814 -0.075398
83.902891 150.278593 -14.325650 -0.197515 168.721925 -0.075420
83.904206 150.278315 -14.327670 -0.197572 168.726036 -0.075441
83.905521 150.278037 -14.329690 -0.197628 168.730147 -0.075462
83.906836 150.277759 -14.331710 -0.197685 168.734258 -0.075483
83.908149 150.277481 -14.333731 -0.197741 168.738369 -0.075504
83.909462 150.277203 -14.335752 -0.197797 168.742481 -0.075525
83.910774 150.276925 -14.337772 -0.197853 168.746592 -0.075547
83.912086 150.276647 -14.339793 -0.197909 168.750704 -0.075568
83.913397 150.276369 -14.341814 -0.197965 168.754816 -0.075589
83.914707 150.276092 -14.343835 -0.198022 168.758928 -0.075610
83.916017 150.275814 -14.345856 -0.198078 168.763041 -0.075631
83.917325 150.275536 -14.347878 -0.198133 168.767153 -0.075652
83.918634 150.275259 -14.349899 -0.198189 168.771266 -0.075673
83.919941 150.274981 -14.351921 -0.198245 168.775378 -0.075694
83.921248 150.274704 -14.353942 -0.198301 168.779491 -0.075715
83.922554 150.274426 -14.355964 -0.198357 168.783604 -0.075736
83.923859 150.274149 -14.357986 -0.198413 168.787718 -0.075757
83.925164 150.273871 -14.360008 -0.198468 168.791831 -0.075778
83.926468 150.273594 -14.362030 -0.198524 168.795945 -0.075799
83.927772 150.273317 -14.364052 -0.198580 168.800058 -0.075820
83.929074 150.273040 -14.366074 -0.198635 168.804172 -0.075840
83.930376 150.272763 -14.368097 -0.198691 168.808286 -0.075861
83.931677 150.272485 -14.370119 -0.198746 168.812400 -0.075882
83.932978 150.272208 -14.372142 -0.198802 168.816515 -0.075903
83.934278 150.271931 -14.374165 -0.198857 168.820629 -0.075924
83.935577 150.271654 -14.376188 -0.198912 168.824744 -0.075945
